captured_ms|sequence|label|role|admission_snapshot_words_csv|ps_runtime_words_csv|pl_perf_snapshot_words_csv
1786348594614|1011|fault_abort_r2f|fixed|22,1378943233,16777216,0,0,0,0,0,0,0,0,0,0,0,0,0,0,0,0,0,0,0,0,0,0,0,0,0,0,0,0,0,0,0,0,0,0,4096,256,131072,4,15|8,260,262144,262144,1,0,0,0,0,8,0,0,0,1,0,0,1,8,0|64,2283878406,0,12844,0,0,0,0,0,0,0,0,0,32557044,0,32557044,0,2048,32558406,0,291981010,0,1,2,0,0
1786348594614|1011|fault_abort_r2f|rotating|22,1378943233,33558272,154008,154001,0,0,0,0,0,0,0,0,0,0,138,138,0,0,0,0,0,0,0,0,0,0,0,0,0,0,0,0,0,0,0,0,4096,256,131072,4,15|4,0,262144,262144,1,0,0,0,0,8,0,0,0,1,0,0,1,8,0|64,1599884220,0,12844,0,0,0,0,0,6591,0,0,0,325925888,0,325925888,0,2048,640026,0,1764958,0,0,0,0,0
1786348599618|1011|fault_abort_r2f|fixed|24,1378943233,16777216,0,0,0,0,0,0,0,0,0,0,0,0,0,0,0,0,0,0,0,0,0,0,0,0,0,0,0,0,0,0,0,0,0,0,4096,256,131072,4,15|8,260,262144,262144,1,0,0,0,0,8,0,0,0,1,0,0,1,8,0|66,2604459654,0,12844,0,0,0,0,0,0,0,0,0,32557044,0,32557044,0,2048,32558406,0,612562258,0,1,2,0,0
1786348599618|1011|fault_abort_r2f|rotating|24,1378943233,33558272,154008,154001,0,0,0,0,0,0,0,0,0,0,138,138,0,0,0,0,0,0,0,0,0,0,0,0,0,0,0,0,0,0,0,0,4096,256,131072,4,15|4,0,262144,262144,1,0,0,0,0,8,0,0,0,1,0,0,1,8,0|66,1920043222,0,12844,0,0,0,0,0,6591,0,0,0,646084890,0,646084890,0,2048,640026,0,1764958,0,0,0,0,0
1786348604621|1011|fault_abort_r2f|fixed|26,1378943233,16777216,0,0,0,0,0,0,0,0,0,0,0,0,0,0,0,0,0,0,0,0,0,0,0,0,0,0,0,0,0,0,0,0,0,0,4096,256,131072,4,15|8,260,262144,262144,1,0,0,0,0,8,0,0,0,1,0,0,1,8,0|68,2924372911,0,12844,0,0,0,0,0,0,0,0,0,32557044,0,32557044,0,2048,32558406,0,932475515,0,1,2,0,0
1786348604621|1011|fault_abort_r2f|rotating|26,1378943233,33558272,154008,154001,0,0,0,0,0,0,0,0,0,0,138,138,0,0,0,0,0,0,0,0,0,0,0,0,0,0,0,0,0,0,0,0,4096,256,131072,4,15|4,0,262144,262144,1,0,0,0,0,8,0,0,0,1,0,0,1,8,0|68,2240485965,0,12844,0,0,0,0,0,6591,0,0,0,966527633,0,966527633,0,2048,640026,0,1764958,0,0,0,0,0
1786348609623|1011|fault_abort_r2f|fixed|28,1378943233,16777216,0,0,0,0,0,0,0,0,0,0,0,0,0,0,0,0,0,0,0,0,0,0,0,0,0,0,0,0,0,0,0,0,0,0,4096,256,131072,4,15|8,260,262144,262144,1,0,0,0,0,8,0,0,0,1,0,0,1,8,0|70,3243581289,0,12844,0,0,0,0,0,0,0,0,0,32557044,0,32557044,0,2048,32558406,0,1251683893,0,1,2,0,0
1786348609623|1011|fault_abort_r2f|rotating|28,1378943233,33558272,154008,154001,0,0,0,0,0,0,0,0,0,0,138,138,0,0,0,0,0,0,0,0,0,0,0,0,0,0,0,0,0,0,0,0,4096,256,131072,4,15|4,0,262144,262144,1,0,0,0,0,8,0,0,0,1,0,0,1,8,0|70,2559414196,0,12844,0,0,0,0,0,6591,0,0,0,1285455864,0,1285455864,0,2048,640026,0,1764958,0,0,0,0,0
1786348614628|1011|fault_abort_r2f|fixed|30,1378943233,16777216,0,0,0,0,0,0,0,0,0,0,0,0,0,0,0,0,0,0,0,0,0,0,0,0,0,0,0,0,0,0,0,0,0,0,4096,256,131072,4,15|8,260,262144,262144,1,0,0,0,0,8,0,0,0,1,0,0,1,8,0|72,3564775224,0,12844,0,0,0,0,0,0,0,0,0,32557044,0,32557044,0,2048,32558406,0,1572877828,0,1,2,0,0
1786348614628|1011|fault_abort_r2f|rotating|30,1378943233,33558272,154008,154001,0,0,0,0,0,0,0,0,0,0,138,138,0,0,0,0,0,0,0,0,0,0,0,0,0,0,0,0,0,0,0,0,4096,256,131072,4,15|4,0,262144,262144,1,0,0,0,0,8,0,0,0,1,0,0,1,8,0|72,2880945323,0,12844,0,0,0,0,0,6591,0,0,0,1606986991,0,1606986991,0,2048,640026,0,1764958,0,0,0,0,0
1786348619643|1011|fault_abort_r2f|fixed|32,1378943233,16777216,0,0,0,0,0,0,0,0,0,0,0,0,0,0,0,0,0,0,0,0,0,0,0,0,0,0,0,0,0,0,0,0,0,0,4096,256,131072,4,15|8,260,262144,262144,1,0,0,0,0,8,0,0,0,1,0,0,1,8,0|74,3886457067,0,12844,0,0,0,0,0,0,0,0,0,32557044,0,32557044,0,2048,32558406,0,1894559671,0,1,2,0,0
1786348619643|1011|fault_abort_r2f|rotating|32,1378943233,33558272,154008,154001,0,0,0,0,0,0,0,0,0,0,138,138,0,0,0,0,0,0,0,0,0,0,0,0,0,0,0,0,0,0,0,0,4096,256,131072,4,15|4,0,262144,262144,1,0,0,0,0,8,0,0,0,1,0,0,1,8,0|74,3203045939,0,12844,0,0,0,0,0,6591,0,0,0,1929087607,0,1929087607,0,2048,640026,0,1764958,0,0,0,0,0
1786348624643|1011|fault_abort_r2f|fixed|34,1378943233,16777216,0,0,0,0,0,0,0,0,0,0,0,0,0,0,0,0,0,0,0,0,0,0,0,0,0,0,0,0,0,0,0,0,0,0,4096,256,131072,4,15|8,260,262144,262144,1,0,0,0,0,8,0,0,0,1,0,0,1,8,0|76,4205752363,0,12844,0,0,0,0,0,0,0,0,0,32557044,0,32557044,0,2048,32558406,0,2213854967,0,1,2,0,0
1786348624643|1011|fault_abort_r2f|rotating|34,1378943233,33558272,154008,154001,0,0,0,0,0,0,0,0,0,0,138,138,0,0,0,0,0,0,0,0,0,0,0,0,0,0,0,0,0,0,0,0,4096,256,131072,4,15|4,0,262144,262144,1,0,0,0,0,8,0,0,0,1,0,0,1,8,0|76,3521926971,0,12844,0,0,0,0,0,6591,0,0,0,2247968639,0,2247968639,0,2048,640026,0,1764958,0,0,0,0,0
1786348629653|1011|fault_abort_r2f|fixed|36,1378943233,16777216,0,0,0,0,0,0,0,0,0,0,0,0,0,0,0,0,0,0,0,0,0,0,0,0,0,0,0,0,0,0,0,0,0,0,4096,256,131072,4,15|8,260,262144,262144,1,0,0,0,0,8,0,0,0,1,0,0,1,8,0|78,230646379,1,12844,0,0,0,0,0,0,0,0,0,32557044,0,32557044,0,2048,32558406,0,2533716279,0,1,2,0,0
1786348629653|1011|fault_abort_r2f|rotating|36,1378943233,33558272,154008,154001,0,0,0,0,0,0,0,0,0,0,138,138,0,0,0,0,0,0,0,0,0,0,0,0,0,0,0,0,0,0,0,0,4096,256,131072,4,15|4,0,262144,262144,1,0,0,0,0,8,0,0,0,1,0,0,1,8,0|78,3841376553,0,12844,0,0,0,0,0,6591,0,0,0,2567418221,0,2567418221,0,2048,640026,0,1764958,0,0,0,0,0
1786348634667|1011|fault_abort_r2f|fixed|38,1378943233,16777216,0,0,0,0,0,0,0,0,0,0,0,0,0,0,0,0,0,0,0,0,0,0,0,0,0,0,0,0,0,0,0,0,0,0,4096,256,131072,4,15|8,260,262144,262144,1,0,0,0,0,8,0,0,0,1,0,0,1,8,0|80,552585840,1,12844,0,0,0,0,0,0,0,0,0,32557044,0,32557044,0,2048,32558406,0,2855655740,0,1,2,0,0
1786348634667|1011|fault_abort_r2f|rotating|38,1378943233,33558272,154008,154001,0,0,0,0,0,0,0,0,0,0,138,138,0,0,0,0,0,0,0,0,0,0,0,0,0,0,0,0,0,0,0,0,4096,256,131072,4,15|4,0,262144,262144,1,0,0,0,0,8,0,0,0,1,0,0,1,8,0|80,4163272075,0,12844,0,0,0,0,0,6591,0,0,0,2889313743,0,2889313743,0,2048,640026,0,1764958,0,0,0,0,0
1786348639669|1011|fault_abort_r2f|fixed|40,1378943233,16777216,0,0,0,0,0,0,0,0,0,0,0,0,0,0,0,0,0,0,0,0,0,0,0,0,0,0,0,0,0,0,0,0,0,0,4096,256,131072,4,15|8,260,262144,262144,1,0,0,0,0,8,0,0,0,1,0,0,1,8,0|82,872570392,1,12844,0,0,0,0,0,0,0,0,0,32557044,0,32557044,0,2048,32558406,0,3175640292,0,1,2,0,0
1786348639669|1011|fault_abort_r2f|rotating|40,1378943233,33558272,154008,154001,0,0,0,0,0,0,0,0,0,0,138,138,0,0,0,0,0,0,0,0,0,0,0,0,0,0,0,0,0,0,0,0,4096,256,131072,4,15|4,0,262144,262144,1,0,0,0,0,8,0,0,0,1,0,0,1,8,0|82,188673830,1,12844,0,0,0,0,0,6591,0,0,0,3209682794,0,3209682794,0,2048,640026,0,1764958,0,0,0,0,0
1786348644684|1011|fault_abort_r2f|fixed|42,1378943233,16777216,0,0,0,0,0,0,0,0,0,0,0,0,0,0,0,0,0,0,0,0,0,0,0,0,0,0,0,0,0,0,0,0,0,0,4096,256,131072,4,15|8,260,262144,262144,1,0,0,0,0,8,0,0,0,1,0,0,1,8,0|84,1193545678,1,12844,0,0,0,0,0,0,0,0,0,32557044,0,32557044,0,2048,32558406,0,3496615578,0,1,2,0,0
1786348644684|1011|fault_abort_r2f|rotating|42,1378943233,33558272,154008,154001,0,0,0,0,0,0,0,0,0,0,138,138,0,0,0,0,0,0,0,0,0,0,0,0,0,0,0,0,0,0,0,0,4096,256,131072,4,15|4,0,262144,262144,1,0,0,0,0,8,0,0,0,1,0,0,1,8,0|84,509722189,1,12844,0,0,0,0,0,6591,0,0,0,3530731153,0,3530731153,0,2048,640026,0,1764958,0,0,0,0,0
1786348649695|1011|fault_abort_r2f|fixed|44,1378943233,16777216,0,0,0,0,0,0,0,0,0,0,0,0,0,0,0,0,0,0,0,0,0,0,0,0,0,0,0,0,0,0,0,0,0,0,4096,256,131072,4,15|8,260,262144,262144,1,0,0,0,0,8,0,0,0,1,0,0,1,8,0|86,1514547303,1,12844,0,0,0,0,0,0,0,0,0,32557044,0,32557044,0,2048,32558406,0,3817617203,0,1,2,0,0
1786348649695|1011|fault_abort_r2f|rotating|44,1378943233,33558272,154008,154001,0,0,0,0,0,0,0,0,0,0,138,138,0,0,0,0,0,0,0,0,0,0,0,0,0,0,0,0,0,0,0,0,4096,256,131072,4,15|4,0,262144,262144,1,0,0,0,0,8,0,0,0,1,0,0,1,8,0|86,830885153,1,12844,0,0,0,0,0,6591,0,0,0,3851894117,0,3851894117,0,2048,640026,0,1764958,0,0,0,0,0
1786348654714|1011|fault_abort_r2f|fixed|46,1378943233,16777216,0,0,0,0,0,0,0,0,0,0,0,0,0,0,0,0,0,0,0,0,0,0,0,0,0,0,0,0,0,0,0,0,0,0,4096,256,131072,4,15|8,260,262144,262144,1,0,0,0,0,8,0,0,0,1,0,0,1,8,0|88,1835757012,1,12844,0,0,0,0,0,0,0,0,0,32557044,0,32557044,0,2048,32558406,0,4138826912,0,1,2,0,0
1786348654714|1011|fault_abort_r2f|rotating|46,1378943233,33558272,154008,154001,0,0,0,0,0,0,0,0,0,0,138,138,0,0,0,0,0,0,0,0,0,0,0,0,0,0,0,0,0,0,0,0,4096,256,131072,4,15|4,0,262144,262144,1,0,0,0,0,8,0,0,0,1,0,0,1,8,0|88,1151653471,1,12844,0,0,0,0,0,6591,0,0,0,4172662435,0,4172662435,0,2048,640026,0,1764958,0,0,0,0,0
1786348659723|1011|fault_abort_r2f|fixed|48,1378943233,16777216,0,0,0,0,0,0,0,0,0,0,0,0,0,0,0,0,0,0,0,0,0,0,0,0,0,0,0,0,0,0,0,0,0,0,4096,256,131072,4,15|8,260,262144,262144,1,0,0,0,0,8,0,0,0,1,0,0,1,8,0|90,2156041556,1,12844,0,0,0,0,0,0,0,0,0,32557044,0,32557044,0,2048,32558406,0,164144160,1,1,2,0,0
1786348659723|1011|fault_abort_r2f|rotating|48,1378943233,33558272,154008,154001,0,0,0,0,0,0,0,0,0,0,138,138,0,0,0,0,0,0,0,0,0,0,0,0,0,0,0,0,0,0,0,0,4096,256,131072,4,15|4,0,262144,262144,1,0,0,0,0,8,0,0,0,1,0,0,1,8,0|90,1472950090,1,12844,0,0,0,0,0,6591,0,0,0,198991758,1,198991758,1,2048,640026,0,1764958,0,0,0,0,0
1786348664733|1011|fault_abort_r2f|fixed|50,1378943233,16777216,0,0,0,0,0,0,0,0,0,0,0,0,0,0,0,0,0,0,0,0,0,0,0,0,0,0,0,0,0,0,0,0,0,0,4096,256,131072,4,15|8,260,262144,262144,1,0,0,0,0,8,0,0,0,1,0,0,1,8,0|92,2476774973,1,12844,0,0,0,0,0,0,0,0,0,32557044,0,32557044,0,2048,32558406,0,484877577,1,1,2,0,0
1786348664733|1011|fault_abort_r2f|rotating|50,1378943233,33558272,154008,154001,0,0,0,0,0,0,0,0,0,0,138,138,0,0,0,0,0,0,0,0,0,0,0,0,0,0,0,0,0,0,0,0,4096,256,131072,4,15|4,0,262144,262144,1,0,0,0,0,8,0,0,0,1,0,0,1,8,0|92,1792867919,1,12844,0,0,0,0,0,6591,0,0,0,518909587,1,518909587,1,2048,640026,0,1764958,0,0,0,0,0
1786348669740|1011|fault_abort_r2f|fixed|52,1378943233,16777216,0,0,0,0,0,0,0,0,0,0,0,0,0,0,0,0,0,0,0,0,0,0,0,0,0,0,0,0,0,0,0,0,0,0,4096,256,131072,4,15|8,260,262144,262144,1,0,0,0,0,8,0,0,0,1,0,0,1,8,0|94,2797404105,1,12844,0,0,0,0,0,0,0,0,0,32557044,0,32557044,0,2048,32558406,0,805506709,1,1,2,0,0
1786348669740|1011|fault_abort_r2f|rotating|52,1378943233,33558272,154008,154001,0,0,0,0,0,0,0,0,0,0,138,138,0,0,0,0,0,0,0,0,0,0,0,0,0,0,0,0,0,0,0,0,4096,256,131072,4,15|4,0,262144,262144,1,0,0,0,0,8,0,0,0,1,0,0,1,8,0|94,2113145099,1,12844,0,0,0,0,0,6591,0,0,0,839186767,1,839186767,1,2048,640026,0,1764958,0,0,0,0,0
1786348674747|1011|fault_abort_r2f|fixed|54,1378943233,16777216,0,0,0,0,0,0,0,0,0,0,0,0,0,0,0,0,0,0,0,0,0,0,0,0,0,0,0,0,0,0,0,0,0,0,4096,256,131072,4,15|8,260,262144,262144,1,0,0,0,0,8,0,0,0,1,0,0,1,8,0|96,3117594150,1,12844,0,0,0,0,0,0,0,0,0,32557044,0,32557044,0,2048,32558406,0,1125696754,1,1,2,0,0
1786348674747|1011|fault_abort_r2f|rotating|54,1378943233,33558272,154008,154001,0,0,0,0,0,0,0,0,0,0,138,138,0,0,0,0,0,0,0,0,0,0,0,0,0,0,0,0,0,0,0,0,4096,256,131072,4,15|4,0,262144,262144,1,0,0,0,0,8,0,0,0,1,0,0,1,8,0|96,2433843816,1,12844,0,0,0,0,0,6591,0,0,0,1159885484,1,1159885484,1,2048,640026,0,1764958,0,0,0,0,0
1786348679760|1011|fault_abort_r2f|fixed|56,1378943233,16777216,0,0,0,0,0,0,0,0,0,0,0,0,0,0,0,0,0,0,0,0,0,0,0,0,0,0,0,0,0,0,0,0,0,0,4096,256,131072,4,15|8,260,262144,262144,1,0,0,0,0,8,0,0,0,1,0,0,1,8,0|98,3438435671,1,12844,0,0,0,0,0,0,0,0,0,32557044,0,32557044,0,2048,32558406,0,1446538275,1,1,2,0,0
1786348679760|1011|fault_abort_r2f|rotating|56,1378943233,33558272,154008,154001,0,0,0,0,0,0,0,0,0,0,138,138,0,0,0,0,0,0,0,0,0,0,0,0,0,0,0,0,0,0,0,0,4096,256,131072,4,15|4,0,262144,262144,1,0,0,0,0,8,0,0,0,1,0,0,1,8,0|98,2756078980,1,12844,0,0,0,0,0,6591,0,0,0,1482120648,1,1482120648,1,2048,640026,0,1764958,0,0,0,0,0
1786348684771|1011|fault_abort_r2f|fixed|58,1378943233,16777216,0,0,0,0,0,0,0,0,0,0,0,0,0,0,0,0,0,0,0,0,0,0,0,0,0,0,0,0,0,0,0,0,0,0,4096,256,131072,4,15|8,260,262144,262144,1,0,0,0,0,8,0,0,0,1,0,0,1,8,0|100,3758995581,1,12844,0,0,0,0,0,0,0,0,0,32557044,0,32557044,0,2048,32558406,0,1767098185,1,1,2,0,0
1786348684771|1011|fault_abort_r2f|rotating|58,1378943233,33558272,154008,154001,0,0,0,0,0,0,0,0,0,0,138,138,0,0,0,0,0,0,0,0,0,0,0,0,0,0,0,0,0,0,0,0,4096,256,131072,4,15|4,0,262144,262144,1,0,0,0,0,8,0,0,0,1,0,0,1,8,0|100,3076464520,1,12844,0,0,0,0,0,6591,0,0,0,1802506188,1,1802506188,1,2048,640026,0,1764958,0,0,0,0,0
1786348689786|1011|fault_abort_r2f|fixed|60,1378943233,16777216,0,0,0,0,0,0,0,0,0,0,0,0,0,0,0,0,0,0,0,0,0,0,0,0,0,0,0,0,0,0,0,0,0,0,4096,256,131072,4,15|8,260,262144,262144,1,0,0,0,0,8,0,0,0,1,0,0,1,8,0|102,4080170534,1,12844,0,0,0,0,0,0,0,0,0,32557044,0,32557044,0,2048,32558406,0,2088273138,1,1,2,0,0
1786348689786|1011|fault_abort_r2f|rotating|60,1378943233,33558272,154008,154001,0,0,0,0,0,0,0,0,0,0,138,138,0,0,0,0,0,0,0,0,0,0,0,0,0,0,0,0,0,0,0,0,4096,256,131072,4,15|4,0,262144,262144,1,0,0,0,0,8,0,0,0,1,0,0,1,8,0|102,3396337627,1,12844,0,0,0,0,0,6591,0,0,0,2122379295,1,2122379295,1,2048,640026,0,1764958,0,0,0,0,0
1786348694801|1011|fault_abort_r2f|fixed|62,1378943233,16777216,0,0,0,0,0,0,0,0,0,0,0,0,0,0,0,0,0,0,0,0,0,0,0,0,0,0,0,0,0,0,0,0,0,0,4096,256,131072,4,15|8,260,262144,262144,1,0,0,0,0,8,0,0,0,1,0,0,1,8,0|104,106178656,2,12844,0,0,0,0,0,0,0,0,0,32557044,0,32557044,0,2048,32558406,0,2409248556,1,1,2,0,0
1786348694801|1011|fault_abort_r2f|rotating|62,1378943233,33558272,154008,154001,0,0,0,0,0,0,0,0,0,0,138,138,0,0,0,0,0,0,0,0,0,0,0,0,0,0,0,0,0,0,0,0,4096,256,131072,4,15|4,0,262144,262144,1,0,0,0,0,8,0,0,0,1,0,0,1,8,0|104,3718444769,1,12844,0,0,0,0,0,6591,0,0,0,2444486437,1,2444486437,1,2048,640026,0,1764958,0,0,0,0,0
1786348699814|1011|fault_abort_r2f|fixed|64,1378943233,16777216,0,0,0,0,0,0,0,0,0,0,0,0,0,0,0,0,0,0,0,0,0,0,0,0,0,0,0,0,0,0,0,0,0,0,4096,256,131072,4,15|8,260,262144,262144,1,0,0,0,0,8,0,0,0,1,0,0,1,8,0|106,426998740,2,12844,0,0,0,0,0,0,0,0,0,32557044,0,32557044,0,2048,32558406,0,2730068640,1,1,2,0,0
1786348699814|1011|fault_abort_r2f|rotating|64,1378943233,33558272,154008,154001,0,0,0,0,0,0,0,0,0,0,138,138,0,0,0,0,0,0,0,0,0,0,0,0,0,0,0,0,0,0,0,0,4096,256,131072,4,15|4,0,262144,262144,1,0,0,0,0,8,0,0,0,1,0,0,1,8,0|106,4038175062,1,12844,0,0,0,0,0,6591,0,0,0,2764216730,1,2764216730,1,2048,640026,0,1764958,0,0,0,0,0
1786348704822|1011|fault_abort_r2f|fixed|66,1378943233,16777216,0,0,0,0,0,0,0,0,0,0,0,0,0,0,0,0,0,0,0,0,0,0,0,0,0,0,0,0,0,0,0,0,0,0,4096,256,131072,4,15|8,260,262144,262144,1,0,0,0,0,8,0,0,0,1,0,0,1,8,0|108,747796546,2,12844,0,0,0,0,0,0,0,0,0,32557044,0,32557044,0,2048,32558406,0,3050866446,1,1,2,0,0
1786348704822|1011|fault_abort_r2f|rotating|66,1378943233,33558272,154008,154001,0,0,0,0,0,0,0,0,0,0,138,138,0,0,0,0,0,0,0,0,0,0,0,0,0,0,0,0,0,0,0,0,4096,256,131072,4,15|4,0,262144,262144,1,0,0,0,0,8,0,0,0,1,0,0,1,8,0|108,63429198,2,12844,0,0,0,0,0,6591,0,0,0,3084438162,1,3084438162,1,2048,640026,0,1764958,0,0,0,0,0
1786348709822|1011|fault_abort_r2f|fixed|68,1378943233,16777216,0,0,0,0,0,0,0,0,0,0,0,0,0,0,0,0,0,0,0,0,0,0,0,0,0,0,0,0,0,0,0,0,0,0,4096,256,131072,4,15|8,260,262144,262144,1,0,0,0,0,8,0,0,0,1,0,0,1,8,0|110,1067800597,2,12844,0,0,0,0,0,0,0,0,0,32557044,0,32557044,0,2048,32558406,0,3370870497,1,1,2,0,0
1786348709822|1011|fault_abort_r2f|rotating|68,1378943233,33558272,154008,154001,0,0,0,0,0,0,0,0,0,0,138,138,0,0,0,0,0,0,0,0,0,0,0,0,0,0,0,0,0,0,0,0,4096,256,131072,4,15|4,0,262144,262144,1,0,0,0,0,8,0,0,0,1,0,0,1,8,0|110,383476193,2,12844,0,0,0,0,0,6591,0,0,0,3404485157,1,3404485157,1,2048,640026,0,1764958,0,0,0,0,0
1786348714825|1011|fault_abort_r2f|fixed|70,1378943233,16777216,0,0,0,0,0,0,0,0,0,0,0,0,0,0,0,0,0,0,0,0,0,0,0,0,0,0,0,0,0,0,0,0,0,0,4096,256,131072,4,15|8,260,262144,262144,1,0,0,0,0,8,0,0,0,1,0,0,1,8,0|112,1388224357,2,12844,0,0,0,0,0,0,0,0,0,32557044,0,32557044,0,2048,32558406,0,3691294257,1,1,2,0,0
1786348714825|1011|fault_abort_r2f|rotating|70,1378943233,33558272,154008,154001,0,0,0,0,0,0,0,0,0,0,138,138,0,0,0,0,0,0,0,0,0,0,0,0,0,0,0,0,0,0,0,0,4096,256,131072,4,15|4,0,262144,262144,1,0,0,0,0,8,0,0,0,1,0,0,1,8,0|112,705554011,2,12844,0,0,0,0,0,6591,0,0,0,3726562975,1,3726562975,1,2048,640026,0,1764958,0,0,0,0,0
1786348719829|1011|fault_abort_r2f|fixed|72,1378943233,16777216,0,0,0,0,0,0,0,0,0,0,0,0,0,0,0,0,0,0,0,0,0,0,0,0,0,0,0,0,0,0,0,0,0,0,4096,256,131072,4,15|8,260,262144,262144,1,0,0,0,0,8,0,0,0,1,0,0,1,8,0|114,1707998702,2,12844,0,0,0,0,0,0,0,0,0,32557044,0,32557044,0,2048,32558406,0,4011068602,1,1,2,0,0
1786348719829|1011|fault_abort_r2f|rotating|72,1378943233,33558272,154008,154001,0,0,0,0,0,0,0,0,0,0,138,138,0,0,0,0,0,0,0,0,0,0,0,0,0,0,0,0,0,0,0,0,4096,256,131072,4,15|4,0,262144,262144,1,0,0,0,0,8,0,0,0,1,0,0,1,8,0|114,1025724220,2,12844,0,0,0,0,0,6591,0,0,0,4046733184,1,4046733184,1,2048,640026,0,1764958,0,0,0,0,0
1786348724832|1011|fault_abort_r2f|fixed|74,1378943233,16777216,0,0,0,0,0,0,0,0,0,0,0,0,0,0,0,0,0,0,0,0,0,0,0,0,0,0,0,0,0,0,0,0,0,0,4096,256,131072,4,15|8,260,262144,262144,1,0,0,0,0,8,0,0,0,1,0,0,1,8,0|116,2028187503,2,12844,0,0,0,0,0,0,0,0,0,32557044,0,32557044,0,2048,32558406,0,36290107,2,1,2,0,0
1786348724832|1011|fault_abort_r2f|rotating|74,1378943233,33558272,154008,154001,0,0,0,0,0,0,0,0,0,0,138,138,0,0,0,0,0,0,0,0,0,0,0,0,0,0,0,0,0,0,0,0,4096,256,131072,4,15|4,0,262144,262144,1,0,0,0,0,8,0,0,0,1,0,0,1,8,0|116,1344377326,2,12844,0,0,0,0,0,6591,0,0,0,70418994,2,70418994,2,2048,640026,0,1764958,0,0,0,0,0
1786348729832|1011|fault_abort_r2f|fixed|76,1378943233,16777216,0,0,0,0,0,0,0,0,0,0,0,0,0,0,0,0,0,0,0,0,0,0,0,0,0,0,0,0,0,0,0,0,0,0,4096,256,131072,4,15|8,260,262144,262144,1,0,0,0,0,8,0,0,0,1,0,0,1,8,0|118,2348225725,2,12844,0,0,0,0,0,0,0,0,0,32557044,0,32557044,0,2048,32558406,0,356328329,2,1,2,0,0
1786348729832|1011|fault_abort_r2f|rotating|76,1378943233,33558272,154008,154001,0,0,0,0,0,0,0,0,0,0,138,138,0,0,0,0,0,0,0,0,0,0,0,0,0,0,0,0,0,0,0,0,4096,256,131072,4,15|4,0,262144,262144,1,0,0,0,0,8,0,0,0,1,0,0,1,8,0|118,1664160989,2,12844,0,0,0,0,0,6591,0,0,0,390202657,2,390202657,2,2048,640026,0,1764958,0,0,0,0,0
1786348734844|1011|fault_abort_r2f|fixed|78,1378943233,16777216,0,0,0,0,0,0,0,0,0,0,0,0,0,0,0,0,0,0,0,0,0,0,0,0,0,0,0,0,0,0,0,0,0,0,4096,256,131072,4,15|8,260,262144,262144,1,0,0,0,0,8,0,0,0,1,0,0,1,8,0|120,2669155267,2,12844,0,0,0,0,0,0,0,0,0,32557044,0,32557044,0,2048,32558406,0,677257871,2,1,2,0,0
1786348734844|1011|fault_abort_r2f|rotating|78,1378943233,33558272,154008,154001,0,0,0,0,0,0,0,0,0,0,138,138,0,0,0,0,0,0,0,0,0,0,0,0,0,0,0,0,0,0,0,0,4096,256,131072,4,15|4,0,262144,262144,1,0,0,0,0,8,0,0,0,1,0,0,1,8,0|120,1984953252,2,12844,0,0,0,0,0,6591,0,0,0,710994920,2,710994920,2,2048,640026,0,1764958,0,0,0,0,0
1786348739852|1011|fault_abort_r2f|fixed|80,1378943233,16777216,0,0,0,0,0,0,0,0,0,0,0,0,0,0,0,0,0,0,0,0,0,0,0,0,0,0,0,0,0,0,0,0,0,0,4096,256,131072,4,15|8,260,262144,262144,1,0,0,0,0,8,0,0,0,1,0,0,1,8,0|122,2989569666,2,12844,0,0,0,0,0,0,0,0,0,32557044,0,32557044,0,2048,32558406,0,997672270,2,1,2,0,0
1786348739852|1011|fault_abort_r2f|rotating|80,1378943233,33558272,154008,154001,0,0,0,0,0,0,0,0,0,0,138,138,0,0,0,0,0,0,0,0,0,0,0,0,0,0,0,0,0,0,0,0,4096,256,131072,4,15|4,0,262144,262144,1,0,0,0,0,8,0,0,0,1,0,0,1,8,0|122,2305578226,2,12844,0,0,0,0,0,6591,0,0,0,1031619894,2,1031619894,2,2048,640026,0,1764958,0,0,0,0,0
1786348744853|1011|fault_abort_r2f|fixed|82,1378943233,16777216,0,0,0,0,0,0,0,0,0,0,0,0,0,0,0,0,0,0,0,0,0,0,0,0,0,0,0,0,0,0,0,0,0,0,4096,256,131072,4,15|8,260,262144,262144,1,0,0,0,0,8,0,0,0,1,0,0,1,8,0|124,3309635509,2,12844,0,0,0,0,0,0,0,0,0,32557044,0,32557044,0,2048,32558406,0,1317738113,2,1,2,0,0
1786348744853|1011|fault_abort_r2f|rotating|82,1378943233,33558272,154008,154001,0,0,0,0,0,0,0,0,0,0,138,138,0,0,0,0,0,0,0,0,0,0,0,0,0,0,0,0,0,0,0,0,4096,256,131072,4,15|4,0,262144,262144,1,0,0,0,0,8,0,0,0,1,0,0,1,8,0|124,2625524901,2,12844,0,0,0,0,0,6591,0,0,0,1351566569,2,1351566569,2,2048,640026,0,1764958,0,0,0,0,0
1786348749853|1011|fault_abort_r2f|fixed|84,1378943233,16777216,0,0,0,0,0,0,0,0,0,0,0,0,0,0,0,0,0,0,0,0,0,0,0,0,0,0,0,0,0,0,0,0,0,0,4096,256,131072,4,15|8,260,262144,262144,1,0,0,0,0,8,0,0,0,1,0,0,1,8,0|126,3629697331,2,12844,0,0,0,0,0,0,0,0,0,32557044,0,32557044,0,2048,32558406,0,1637799935,2,1,2,0,0
1786348749853|1011|fault_abort_r2f|rotating|84,1378943233,33558272,154008,154001,0,0,0,0,0,0,0,0,0,0,138,138,0,0,0,0,0,0,0,0,0,0,0,0,0,0,0,0,0,0,0,0,4096,256,131072,4,15|4,0,262144,262144,1,0,0,0,0,8,0,0,0,1,0,0,1,8,0|126,2946239242,2,12844,0,0,0,0,0,6591,0,0,0,1672280910,2,1672280910,2,2048,640026,0,1764958,0,0,0,0,0
1786348754876|1011|fault_abort_r2f|fixed|86,1378943233,16777216,0,0,0,0,0,0,0,0,0,0,0,0,0,0,0,0,0,0,0,0,0,0,0,0,0,0,0,0,0,0,0,0,0,0,4096,256,131072,4,15|8,260,262144,262144,1,0,0,0,0,8,0,0,0,1,0,0,1,8,0|128,3951271623,2,12844,0,0,0,0,0,0,0,0,0,32557044,0,32557044,0,2048,32558406,0,1959374227,2,1,2,0,0
1786348754876|1011|fault_abort_r2f|rotating|86,1378943233,33558272,154008,154001,0,0,0,0,0,0,0,0,0,0,138,138,0,0,0,0,0,0,0,0,0,0,0,0,0,0,0,0,0,0,0,0,4096,256,131072,4,15|4,0,262144,262144,1,0,0,0,0,8,0,0,0,1,0,0,1,8,0|128,3267069097,2,12844,0,0,0,0,0,6591,0,0,0,1993110765,2,1993110765,2,2048,640026,0,1764958,0,0,0,0,0
1786348759888|1011|fault_abort_r2f|fixed|88,1378943233,16777216,0,0,0,0,0,0,0,0,0,0,0,0,0,0,0,0,0,0,0,0,0,0,0,0,0,0,0,0,0,0,0,0,0,0,4096,256,131072,4,15|8,260,262144,262144,1,0,0,0,0,8,0,0,0,1,0,0,1,8,0|130,4272253017,2,12844,0,0,0,0,0,0,0,0,0,32557044,0,32557044,0,2048,32558406,0,2280355621,2,1,2,0,0
1786348759888|1011|fault_abort_r2f|rotating|88,1378943233,33558272,154008,154001,0,0,0,0,0,0,0,0,0,0,138,138,0,0,0,0,0,0,0,0,0,0,0,0,0,0,0,0,0,0,0,0,4096,256,131072,4,15|4,0,262144,262144,1,0,0,0,0,8,0,0,0,1,0,0,1,8,0|130,3587844705,2,12844,0,0,0,0,0,6591,0,0,0,2313886373,2,2313886373,2,2048,640026,0,1764958,0,0,0,0,0
1786348764900|1011|fault_abort_r2f|fixed|90,1378943233,16777216,0,0,0,0,0,0,0,0,0,0,0,0,0,0,0,0,0,0,0,0,0,0,0,0,0,0,0,0,0,0,0,0,0,0,4096,256,131072,4,15|8,260,262144,262144,1,0,0,0,0,8,0,0,0,1,0,0,1,8,0|132,297780181,3,12844,0,0,0,0,0,0,0,0,0,32557044,0,32557044,0,2048,32558406,0,2600850081,2,1,2,0,0
1786348764900|1011|fault_abort_r2f|rotating|90,1378943233,33558272,154008,154001,0,0,0,0,0,0,0,0,0,0,138,138,0,0,0,0,0,0,0,0,0,0,0,0,0,0,0,0,0,0,0,0,4096,256,131072,4,15|4,0,262144,262144,1,0,0,0,0,8,0,0,0,1,0,0,1,8,0|132,3908863657,2,12844,0,0,0,0,0,6591,0,0,0,2634905325,2,2634905325,2,2048,640026,0,1764958,0,0,0,0,0
1786348769902|1011|fault_abort_r2f|fixed|92,1378943233,16777216,0,0,0,0,0,0,0,0,0,0,0,0,0,0,0,0,0,0,0,0,0,0,0,0,0,0,0,0,0,0,0,0,0,0,4096,256,131072,4,15|8,260,262144,262144,1,0,0,0,0,8,0,0,0,1,0,0,1,8,0|134,618710439,3,12844,0,0,0,0,0,0,0,0,0,32557044,0,32557044,0,2048,32558406,0,2921780339,2,1,2,0,0
1786348769902|1011|fault_abort_r2f|rotating|92,1378943233,33558272,154008,154001,0,0,0,0,0,0,0,0,0,0,138,138,0,0,0,0,0,0,0,0,0,0,0,0,0,0,0,0,0,0,0,0,4096,256,131072,4,15|4,0,262144,262144,1,0,0,0,0,8,0,0,0,1,0,0,1,8,0|134,4230666102,2,12844,0,0,0,0,0,6591,0,0,0,2956707770,2,2956707770,2,2048,640026,0,1764958,0,0,0,0,0
1786348774904|1011|fault_abort_r2f|fixed|94,1378943233,16777216,0,0,0,0,0,0,0,0,0,0,0,0,0,0,0,0,0,0,0,0,0,0,0,0,0,0,0,0,0,0,0,0,0,0,4096,256,131072,4,15|8,260,262144,262144,1,0,0,0,0,8,0,0,0,1,0,0,1,8,0|136,938320780,3,12844,0,0,0,0,0,0,0,0,0,32557044,0,32557044,0,2048,32558406,0,3241390680,2,1,2,0,0
1786348774904|1011|fault_abort_r2f|rotating|94,1378943233,33558272,154008,154001,0,0,0,0,0,0,0,0,0,0,138,138,0,0,0,0,0,0,0,0,0,0,0,0,0,0,0,0,0,0,0,0,4096,256,131072,4,15|4,0,262144,262144,1,0,0,0,0,8,0,0,0,1,0,0,1,8,0|136,253907914,3,12844,0,0,0,0,0,6591,0,0,0,3274916878,2,3274916878,2,2048,640026,0,1764958,0,0,0,0,0
1786348779907|1011|fault_abort_r2f|fixed|96,1378943233,16777216,0,0,0,0,0,0,0,0,0,0,0,0,0,0,0,0,0,0,0,0,0,0,0,0,0,0,0,0,0,0,0,0,0,0,4096,256,131072,4,15|8,260,262144,262144,1,0,0,0,0,8,0,0,0,1,0,0,1,8,0|138,1258242158,3,12844,0,0,0,0,0,0,0,0,0,32557044,0,32557044,0,2048,32558406,0,3561312058,2,1,2,0,0
1786348779907|1011|fault_abort_r2f|rotating|96,1378943233,33558272,154008,154001,0,0,0,0,0,0,0,0,0,0,138,138,0,0,0,0,0,0,0,0,0,0,0,0,0,0,0,0,0,0,0,0,4096,256,131072,4,15|4,0,262144,262144,1,0,0,0,0,8,0,0,0,1,0,0,1,8,0|138,575125015,3,12844,0,0,0,0,0,6591,0,0,0,3596133979,2,3596133979,2,2048,640026,0,1764958,0,0,0,0,0
1786348784913|1011|fault_abort_r2f|fixed|98,1378943233,16777216,0,0,0,0,0,0,0,0,0,0,0,0,0,0,0,0,0,0,0,0,0,0,0,0,0,0,0,0,0,0,0,0,0,0,4096,256,131072,4,15|8,260,262144,262144,1,0,0,0,0,8,0,0,0,1,0,0,1,8,0|140,1578417290,3,12844,0,0,0,0,0,0,0,0,0,32557044,0,32557044,0,2048,32558406,0,3881487190,2,1,2,0,0
1786348784913|1011|fault_abort_r2f|rotating|98,1378943233,33558272,154008,154001,0,0,0,0,0,0,0,0,0,0,138,138,0,0,0,0,0,0,0,0,0,0,0,0,0,0,0,0,0,0,0,0,4096,256,131072,4,15|4,0,262144,262144,1,0,0,0,0,8,0,0,0,1,0,0,1,8,0|140,894894472,3,12844,0,0,0,0,0,6591,0,0,0,3915903436,2,3915903436,2,2048,640026,0,1764958,0,0,0,0,0
1786348789913|1011|fault_abort_r2f|fixed|100,1378943233,16777216,0,0,0,0,0,0,0,0,0,0,0,0,0,0,0,0,0,0,0,0,0,0,0,0,0,0,0,0,0,0,0,0,0,0,4096,256,131072,4,15|8,260,262144,262144,1,0,0,0,0,8,0,0,0,1,0,0,1,8,0|142,1898840518,3,12844,0,0,0,0,0,0,0,0,0,32557044,0,32557044,0,2048,32558406,0,4201910418,2,1,2,0,0
1786348789913|1011|fault_abort_r2f|rotating|100,1378943233,33558272,154008,154001,0,0,0,0,0,0,0,0,0,0,138,138,0,0,0,0,0,0,0,0,0,0,0,0,0,0,0,0,0,0,0,0,4096,256,131072,4,15|4,0,262144,262144,1,0,0,0,0,8,0,0,0,1,0,0,1,8,0|142,1214580753,3,12844,0,0,0,0,0,6591,0,0,0,4235589717,2,4235589717,2,2048,640026,0,1764958,0,0,0,0,0
1786348794927|1011|fault_abort_r2f|fixed|102,1378943233,16777216,0,0,0,0,0,0,0,0,0,0,0,0,0,0,0,0,0,0,0,0,0,0,0,0,0,0,0,0,0,0,0,0,0,0,4096,256,131072,4,15|8,260,262144,262144,1,0,0,0,0,8,0,0,0,1,0,0,1,8,0|144,2219593356,3,12844,0,0,0,0,0,0,0,0,0,32557044,0,32557044,0,2048,32558406,0,227695960,3,1,2,0,0
1786348794927|1011|fault_abort_r2f|rotating|102,1378943233,33558272,154008,154001,0,0,0,0,0,0,0,0,0,0,138,138,0,0,0,0,0,0,0,0,0,0,0,0,0,0,0,0,0,0,0,0,4096,256,131072,4,15|4,0,262144,262144,1,0,0,0,0,8,0,0,0,1,0,0,1,8,0|144,1535491493,3,12844,0,0,0,0,0,6591,0,0,0,261533161,3,261533161,3,2048,640026,0,1764958,0,0,0,0,0
1786348799930|1011|fault_abort_r2f|fixed|104,1378943233,16777216,0,0,0,0,0,0,0,0,0,0,0,0,0,0,0,0,0,0,0,0,0,0,0,0,0,0,0,0,0,0,0,0,0,0,4096,256,131072,4,15|8,260,262144,262144,1,0,0,0,0,8,0,0,0,1,0,0,1,8,0|146,2539750053,3,12844,0,0,0,0,0,0,0,0,0,32557044,0,32557044,0,2048,32558406,0,547852657,3,1,2,0,0
1786348799930|1011|fault_abort_r2f|rotating|104,1378943233,33558272,154008,154001,0,0,0,0,0,0,0,0,0,0,138,138,0,0,0,0,0,0,0,0,0,0,0,0,0,0,0,0,0,0,0,0,4096,256,131072,4,15|4,0,262144,262144,1,0,0,0,0,8,0,0,0,1,0,0,1,8,0|146,1856077917,3,12844,0,0,0,0,0,6591,0,0,0,582119585,3,582119585,3,2048,640026,0,1764958,0,0,0,0,0
1786348804942|1011|fault_abort_r2f|fixed|106,1378943233,16777216,0,0,0,0,0,0,0,0,0,0,0,0,0,0,0,0,0,0,0,0,0,0,0,0,0,0,0,0,0,0,0,0,0,0,4096,256,131072,4,15|8,260,262144,262144,1,0,0,0,0,8,0,0,0,1,0,0,1,8,0|148,2860527468,3,12844,0,0,0,0,0,0,0,0,0,32557044,0,32557044,0,2048,32558406,0,868630072,3,1,2,0,0
1786348804942|1011|fault_abort_r2f|rotating|106,1378943233,33558272,154008,154001,0,0,0,0,0,0,0,0,0,0,138,138,0,0,0,0,0,0,0,0,0,0,0,0,0,0,0,0,0,0,0,0,4096,256,131072,4,15|4,0,262144,262144,1,0,0,0,0,8,0,0,0,1,0,0,1,8,0|148,2176486804,3,12844,0,0,0,0,0,6591,0,0,0,902528472,3,902528472,3,2048,640026,0,1764958,0,0,0,0,0
1786348809947|1011|fault_abort_r2f|fixed|108,1378943233,16777216,0,0,0,0,0,0,0,0,0,0,0,0,0,0,0,0,0,0,0,0,0,0,0,0,0,0,0,0,0,0,0,0,0,0,4096,256,131072,4,15|8,260,262144,262144,1,0,0,0,0,8,0,0,0,1,0,0,1,8,0|150,3181018005,3,12844,0,0,0,0,0,0,0,0,0,32557044,0,32557044,0,2048,32558406,0,1189120609,3,1,2,0,0
1786348809947|1011|fault_abort_r2f|rotating|108,1378943233,33558272,154008,154001,0,0,0,0,0,0,0,0,0,0,138,138,0,0,0,0,0,0,0,0,0,0,0,0,0,0,0,0,0,0,0,0,4096,256,131072,4,15|4,0,262144,262144,1,0,0,0,0,8,0,0,0,1,0,0,1,8,0|150,2497492975,3,12844,0,0,0,0,0,6591,0,0,0,1223534643,3,1223534643,3,2048,640026,0,1764958,0,0,0,0,0
1786348814963|1011|fault_abort_r2f|fixed|110,1378943233,16777216,0,0,0,0,0,0,0,0,0,0,0,0,0,0,0,0,0,0,0,0,0,0,0,0,0,0,0,0,0,0,0,0,0,0,4096,256,131072,4,15|8,260,262144,262144,1,0,0,0,0,8,0,0,0,1,0,0,1,8,0|152,3501971936,3,12844,0,0,0,0,0,0,0,0,0,32557044,0,32557044,0,2048,32558406,0,1510074540,3,1,2,0,0
1786348814963|1011|fault_abort_r2f|rotating|110,1378943233,33558272,154008,154001,0,0,0,0,0,0,0,0,0,0,138,138,0,0,0,0,0,0,0,0,0,0,0,0,0,0,0,0,0,0,0,0,4096,256,131072,4,15|4,0,262144,262144,1,0,0,0,0,8,0,0,0,1,0,0,1,8,0|152,2817935110,3,12844,0,0,0,0,0,6591,0,0,0,1543976778,3,1543976778,3,2048,640026,0,1764958,0,0,0,0,0
1786348819966|1011|fault_abort_r2f|fixed|112,1378943233,16777216,0,0,0,0,0,0,0,0,0,0,0,0,0,0,0,0,0,0,0,0,0,0,0,0,0,0,0,0,0,0,0,0,0,0,4096,256,131072,4,15|8,260,262144,262144,1,0,0,0,0,8,0,0,0,1,0,0,1,8,0|154,3822110036,3,12844,0,0,0,0,0,0,0,0,0,32557044,0,32557044,0,2048,32558406,0,1830212640,3,1,2,0,0
1786348819966|1011|fault_abort_r2f|rotating|112,1378943233,33558272,154008,154001,0,0,0,0,0,0,0,0,0,0,138,138,0,0,0,0,0,0,0,0,0,0,0,0,0,0,0,0,0,0,0,0,4096,256,131072,4,15|4,0,262144,262144,1,0,0,0,0,8,0,0,0,1,0,0,1,8,0|154,3139049683,3,12844,0,0,0,0,0,6591,0,0,0,1865091351,3,1865091351,3,2048,640026,0,1764958,0,0,0,0,0
1786348824973|1011|fault_abort_r2f|fixed|114,1378943233,16777216,0,0,0,0,0,0,0,0,0,0,0,0,0,0,0,0,0,0,0,0,0,0,0,0,0,0,0,0,0,0,0,0,0,0,4096,256,131072,4,15|8,260,262144,262144,1,0,0,0,0,8,0,0,0,1,0,0,1,8,0|156,4142594435,3,12844,0,0,0,0,0,0,0,0,0,32557044,0,32557044,0,2048,32558406,0,2150697039,3,1,2,0,0
1786348824973|1011|fault_abort_r2f|rotating|114,1378943233,33558272,154008,154001,0,0,0,0,0,0,0,0,0,0,138,138,0,0,0,0,0,0,0,0,0,0,0,0,0,0,0,0,0,0,0,0,4096,256,131072,4,15|4,0,262144,262144,1,0,0,0,0,8,0,0,0,1,0,0,1,8,0|156,3458604741,3,12844,0,0,0,0,0,6591,0,0,0,2184646409,3,2184646409,3,2048,640026,0,1764958,0,0,0,0,0
1786348829979|1011|fault_abort_r2f|fixed|116,1378943233,16777216,0,0,0,0,0,0,0,0,0,0,0,0,0,0,0,0,0,0,0,0,0,0,0,0,0,0,0,0,0,0,0,0,0,0,4096,256,131072,4,15|8,260,262144,262144,1,0,0,0,0,8,0,0,0,1,0,0,1,8,0|158,167142416,4,12844,0,0,0,0,0,0,0,0,0,32557044,0,32557044,0,2048,32558406,0,2470212316,3,1,2,0,0
1786348829979|1011|fault_abort_r2f|rotating|116,1378943233,33558272,154008,154001,0,0,0,0,0,0,0,0,0,0,138,138,0,0,0,0,0,0,0,0,0,0,0,0,0,0,0,0,0,0,0,0,4096,256,131072,4,15|4,0,262144,262144,1,0,0,0,0,8,0,0,0,1,0,0,1,8,0|158,3777961558,3,12844,0,0,0,0,0,6591,0,0,0,2504003226,3,2504003226,3,2048,640026,0,1764958,0,0,0,0,0
1786348834983|1011|fault_abort_r2f|fixed|118,1378943233,16777216,0,0,0,0,0,0,0,0,0,0,0,0,0,0,0,0,0,0,0,0,0,0,0,0,0,0,0,0,0,0,0,0,0,0,4096,256,131072,4,15|8,260,262144,262144,1,0,0,0,0,8,0,0,0,1,0,0,1,8,0|160,488366642,4,12844,0,0,0,0,0,0,0,0,0,32557044,0,32557044,0,2048,32558406,0,2791436542,3,1,2,0,0
1786348834983|1011|fault_abort_r2f|rotating|118,1378943233,33558272,154008,154001,0,0,0,0,0,0,0,0,0,0,138,138,0,0,0,0,0,0,0,0,0,0,0,0,0,0,0,0,0,0,0,0,4096,256,131072,4,15|4,0,262144,262144,1,0,0,0,0,8,0,0,0,1,0,0,1,8,0|160,4101079115,3,12844,0,0,0,0,0,6591,0,0,0,2827120783,3,2827120783,3,2048,640026,0,1764958,0,0,0,0,0
1786348839994|1011|fault_abort_r2f|fixed|120,1378943233,16777216,0,0,0,0,0,0,0,0,0,0,0,0,0,0,0,0,0,0,0,0,0,0,0,0,0,0,0,0,0,0,0,0,0,0,4096,256,131072,4,15|8,260,262144,262144,1,0,0,0,0,8,0,0,0,1,0,0,1,8,0|162,808886199,4,12844,0,0,0,0,0,0,0,0,0,32557044,0,32557044,0,2048,32558406,0,3111956099,3,1,2,0,0
1786348839994|1011|fault_abort_r2f|rotating|120,1378943233,33558272,154008,154001,0,0,0,0,0,0,0,0,0,0,138,138,0,0,0,0,0,0,0,0,0,0,0,0,0,0,0,0,0,0,0,0,4096,256,131072,4,15|4,0,262144,262144,1,0,0,0,0,8,0,0,0,1,0,0,1,8,0|162,125022798,4,12844,0,0,0,0,0,6591,0,0,0,3146031762,3,3146031762,3,2048,640026,0,1764958,0,0,0,0,0
1786348845007|1011|fault_abort_r2f|fixed|122,1378943233,16777216,0,0,0,0,0,0,0,0,0,0,0,0,0,0,0,0,0,0,0,0,0,0,0,0,0,0,0,0,0,0,0,0,0,0,4096,256,131072,4,15|8,260,262144,262144,1,0,0,0,0,8,0,0,0,1,0,0,1,8,0|164,1129800995,4,12844,0,0,0,0,0,0,0,0,0,32557044,0,32557044,0,2048,32558406,0,3432870895,3,1,2,0,0
1786348845007|1011|fault_abort_r2f|rotating|122,1378943233,33558272,154008,154001,0,0,0,0,0,0,0,0,0,0,138,138,0,0,0,0,0,0,0,0,0,0,0,0,0,0,0,0,0,0,0,0,4096,256,131072,4,15|4,0,262144,262144,1,0,0,0,0,8,0,0,0,1,0,0,1,8,0|164,445828315,4,12844,0,0,0,0,0,6591,0,0,0,3466837279,3,3466837279,3,2048,640026,0,1764958,0,0,0,0,0
1786348850017|1011|fault_abort_r2f|fixed|124,1378943233,16777216,0,0,0,0,0,0,0,0,0,0,0,0,0,0,0,0,0,0,0,0,0,0,0,0,0,0,0,0,0,0,0,0,0,0,4096,256,131072,4,15|8,260,262144,262144,1,0,0,0,0,8,0,0,0,1,0,0,1,8,0|166,1450482516,4,12844,0,0,0,0,0,0,0,0,0,32557044,0,32557044,0,2048,32558406,0,3753552416,3,1,2,0,0
1786348850017|1011|fault_abort_r2f|rotating|124,1378943233,33558272,154008,154001,0,0,0,0,0,0,0,0,0,0,138,138,0,0,0,0,0,0,0,0,0,0,0,0,0,0,0,0,0,0,0,0,4096,256,131072,4,15|4,0,262144,262144,1,0,0,0,0,8,0,0,0,1,0,0,1,8,0|166,766657194,4,12844,0,0,0,0,0,6591,0,0,0,3787666158,3,3787666158,3,2048,640026,0,1764958,0,0,0,0,0
1786348855026|1011|fault_abort_r2f|fixed|126,1378943233,16777216,0,0,0,0,0,0,0,0,0,0,0,0,0,0,0,0,0,0,0,0,0,0,0,0,0,0,0,0,0,0,0,0,0,0,4096,256,131072,4,15|8,260,262144,262144,1,0,0,0,0,8,0,0,0,1,0,0,1,8,0|168,1771143041,4,12844,0,0,0,0,0,0,0,0,0,32557044,0,32557044,0,2048,32558406,0,4074212941,3,1,2,0,0
1786348855026|1011|fault_abort_r2f|rotating|126,1378943233,33558272,154008,154001,0,0,0,0,0,0,0,0,0,0,138,138,0,0,0,0,0,0,0,0,0,0,0,0,0,0,0,0,0,0,0,0,4096,256,131072,4,15|4,0,262144,262144,1,0,0,0,0,8,0,0,0,1,0,0,1,8,0|168,1087262714,4,12844,0,0,0,0,0,6591,0,0,0,4108271678,3,4108271678,3,2048,640026,0,1764958,0,0,0,0,0
1786348860040|1011|fault_abort_r2f|fixed|128,1378943233,16777216,0,0,0,0,0,0,0,0,0,0,0,0,0,0,0,0,0,0,0,0,0,0,0,0,0,0,0,0,0,0,0,0,0,0,4096,256,131072,4,15|8,260,262144,262144,1,0,0,0,0,8,0,0,0,1,0,0,1,8,0|170,2092046770,4,12844,0,0,0,0,0,0,0,0,0,32557044,0,32557044,0,2048,32558406,0,100149374,4,1,2,0,0
1786348860040|1011|fault_abort_r2f|rotating|128,1378943233,33558272,154008,154001,0,0,0,0,0,0,0,0,0,0,138,138,0,0,0,0,0,0,0,0,0,0,0,0,0,0,0,0,0,0,0,0,4096,256,131072,4,15|4,0,262144,262144,1,0,0,0,0,8,0,0,0,1,0,0,1,8,0|170,1408105097,4,12844,0,0,0,0,0,6591,0,0,0,134146765,4,134146765,4,2048,640026,0,1764958,0,0,0,0,0
1786348865046|1011|fault_abort_r2f|fixed|130,1378943233,16777216,0,0,0,0,0,0,0,0,0,0,0,0,0,0,0,0,0,0,0,0,0,0,0,0,0,0,0,0,0,0,0,0,0,0,4096,256,131072,4,15|8,260,262144,262144,1,0,0,0,0,8,0,0,0,1,0,0,1,8,0|172,2413035637,4,12844,0,0,0,0,0,0,0,0,0,32557044,0,32557044,0,2048,32558406,0,421138241,4,1,2,0,0
1786348865046|1011|fault_abort_r2f|rotating|130,1378943233,33558272,154008,154001,0,0,0,0,0,0,0,0,0,0,138,138,0,0,0,0,0,0,0,0,0,0,0,0,0,0,0,0,0,0,0,0,4096,256,131072,4,15|4,0,262144,262144,1,0,0,0,0,8,0,0,0,1,0,0,1,8,0|172,1729299206,4,12844,0,0,0,0,0,6591,0,0,0,455340874,4,455340874,4,2048,640026,0,1764958,0,0,0,0,0
1786348870051|1011|fault_abort_r2f|fixed|132,1378943233,16777216,0,0,0,0,0,0,0,0,0,0,0,0,0,0,0,0,0,0,0,0,0,0,0,0,0,0,0,0,0,0,0,0,0,0,4096,256,131072,4,15|8,260,262144,262144,1,0,0,0,0,8,0,0,0,1,0,0,1,8,0|174,2733005303,4,12844,0,0,0,0,0,0,0,0,0,32557044,0,32557044,0,2048,32558406,0,741107907,4,1,2,0,0
1786348870051|1011|fault_abort_r2f|rotating|132,1378943233,33558272,154008,154001,0,0,0,0,0,0,0,0,0,0,138,138,0,0,0,0,0,0,0,0,0,0,0,0,0,0,0,0,0,0,0,0,4096,256,131072,4,15|4,0,262144,262144,1,0,0,0,0,8,0,0,0,1,0,0,1,8,0|174,2048654033,4,12844,0,0,0,0,0,6591,0,0,0,774695701,4,774695701,4,2048,640026,0,1764958,0,0,0,0,0
1786348875057|1011|fault_abort_r2f|fixed|134,1378943233,16777216,0,0,0,0,0,0,0,0,0,0,0,0,0,0,0,0,0,0,0,0,0,0,0,0,0,0,0,0,0,0,0,0,0,0,4096,256,131072,4,15|8,260,262144,262144,1,0,0,0,0,8,0,0,0,1,0,0,1,8,0|176,3053339772,4,12844,0,0,0,0,0,0,0,0,0,32557044,0,32557044,0,2048,32558406,0,1061442376,4,1,2,0,0
1786348875057|1011|fault_abort_r2f|rotating|134,1378943233,33558272,154008,154001,0,0,0,0,0,0,0,0,0,0,138,138,0,0,0,0,0,0,0,0,0,0,0,0,0,0,0,0,0,0,0,0,4096,256,131072,4,15|4,0,262144,262144,1,0,0,0,0,8,0,0,0,1,0,0,1,8,0|176,2369039058,4,12844,0,0,0,0,0,6591,0,0,0,1095080726,4,1095080726,4,2048,640026,0,1764958,0,0,0,0,0
1786348880057|1011|fault_abort_r2f|fixed|136,1378943233,16777216,0,0,0,0,0,0,0,0,0,0,0,0,0,0,0,0,0,0,0,0,0,0,0,0,0,0,0,0,0,0,0,0,0,0,4096,256,131072,4,15|8,260,262144,262144,1,0,0,0,0,8,0,0,0,1,0,0,1,8,0|178,3373119013,4,12844,0,0,0,0,0,0,0,0,0,32557044,0,32557044,0,2048,32558406,0,1381221617,4,1,2,0,0
1786348880057|1011|fault_abort_r2f|rotating|136,1378943233,33558272,154008,154001,0,0,0,0,0,0,0,0,0,0,138,138,0,0,0,0,0,0,0,0,0,0,0,0,0,0,0,0,0,0,0,0,4096,256,131072,4,15|4,0,262144,262144,1,0,0,0,0,8,0,0,0,1,0,0,1,8,0|178,2689041274,4,12844,0,0,0,0,0,6591,0,0,0,1415082942,4,1415082942,4,2048,640026,0,1764958,0,0,0,0,0
1786348885063|1011|fault_abort_r2f|fixed|138,1378943233,16777216,0,0,0,0,0,0,0,0,0,0,0,0,0,0,0,0,0,0,0,0,0,0,0,0,0,0,0,0,0,0,0,0,0,0,4096,256,131072,4,15|8,260,262144,262144,1,0,0,0,0,8,0,0,0,1,0,0,1,8,0|180,3693847378,4,12844,0,0,0,0,0,0,0,0,0,32557044,0,32557044,0,2048,32558406,0,1701949982,4,1,2,0,0
1786348885063|1011|fault_abort_r2f|rotating|138,1378943233,33558272,154008,154001,0,0,0,0,0,0,0,0,0,0,138,138,0,0,0,0,0,0,0,0,0,0,0,0,0,0,0,0,0,0,0,0,4096,256,131072,4,15|4,0,262144,262144,1,0,0,0,0,8,0,0,0,1,0,0,1,8,0|180,3009516577,4,12844,0,0,0,0,0,6591,0,0,0,1735558245,4,1735558245,4,2048,640026,0,1764958,0,0,0,0,0
1786348890065|1011|fault_abort_r2f|fixed|140,1378943233,16777216,0,0,0,0,0,0,0,0,0,0,0,0,0,0,0,0,0,0,0,0,0,0,0,0,0,0,0,0,0,0,0,0,0,0,4096,256,131072,4,15|8,260,262144,262144,1,0,0,0,0,8,0,0,0,1,0,0,1,8,0|182,4014270602,4,12844,0,0,0,0,0,0,0,0,0,32557044,0,32557044,0,2048,32558406,0,2022373206,4,1,2,0,0
1786348890065|1011|fault_abort_r2f|rotating|140,1378943233,33558272,154008,154001,0,0,0,0,0,0,0,0,0,0,138,138,0,0,0,0,0,0,0,0,0,0,0,0,0,0,0,0,0,0,0,0,4096,256,131072,4,15|4,0,262144,262144,1,0,0,0,0,8,0,0,0,1,0,0,1,8,0|182,3330906399,4,12844,0,0,0,0,0,6591,0,0,0,2056948067,4,2056948067,4,2048,640026,0,1764958,0,0,0,0,0
1786348895068|1011|fault_abort_r2f|fixed|142,1378943233,16777216,0,0,0,0,0,0,0,0,0,0,0,0,0,0,0,0,0,0,0,0,0,0,0,0,0,0,0,0,0,0,0,0,0,0,4096,256,131072,4,15|8,260,262144,262144,1,0,0,0,0,8,0,0,0,1,0,0,1,8,0|184,39138954,5,12844,0,0,0,0,0,0,0,0,0,32557044,0,32557044,0,2048,32558406,0,2342208854,4,1,2,0,0
1786348895068|1011|fault_abort_r2f|rotating|142,1378943233,33558272,154008,154001,0,0,0,0,0,0,0,0,0,0,138,138,0,0,0,0,0,0,0,0,0,0,0,0,0,0,0,0,0,0,0,0,4096,256,131072,4,15|4,0,262144,262144,1,0,0,0,0,8,0,0,0,1,0,0,1,8,0|184,3649736742,4,12844,0,0,0,0,0,6591,0,0,0,2375778410,4,2375778410,4,2048,640026,0,1764958,0,0,0,0,0
1786348900069|1011|fault_abort_r2f|fixed|144,1378943233,16777216,0,0,0,0,0,0,0,0,0,0,0,0,0,0,0,0,0,0,0,0,0,0,0,0,0,0,0,0,0,0,0,0,0,0,4096,256,131072,4,15|8,260,262144,262144,1,0,0,0,0,8,0,0,0,1,0,0,1,8,0|186,358975465,5,12844,0,0,0,0,0,0,0,0,0,32557044,0,32557044,0,2048,32558406,0,2662045365,4,1,2,0,0
1786348900069|1011|fault_abort_r2f|rotating|144,1378943233,33558272,154008,154001,0,0,0,0,0,0,0,0,0,0,138,138,0,0,0,0,0,0,0,0,0,0,0,0,0,0,0,0,0,0,0,0,4096,256,131072,4,15|4,0,262144,262144,1,0,0,0,0,8,0,0,0,1,0,0,1,8,0|186,3969906731,4,12844,0,0,0,0,0,6591,0,0,0,2695948399,4,2695948399,4,2048,640026,0,1764958,0,0,0,0,0
1786348905072|1011|fault_abort_r2f|fixed|146,1378943233,16777216,0,0,0,0,0,0,0,0,0,0,0,0,0,0,0,0,0,0,0,0,0,0,0,0,0,0,0,0,0,0,0,0,0,0,4096,256,131072,4,15|8,260,262144,262144,1,0,0,0,0,8,0,0,0,1,0,0,1,8,0|188,679224752,5,12844,0,0,0,0,0,0,0,0,0,32557044,0,32557044,0,2048,32558406,0,2982294652,4,1,2,0,0
1786348905072|1011|fault_abort_r2f|rotating|146,1378943233,33558272,154008,154001,0,0,0,0,0,0,0,0,0,0,138,138,0,0,0,0,0,0,0,0,0,0,0,0,0,0,0,0,0,0,0,0,4096,256,131072,4,15|4,0,262144,262144,1,0,0,0,0,8,0,0,0,1,0,0,1,8,0|188,4290282647,4,12844,0,0,0,0,0,6591,0,0,0,3016324315,4,3016324315,4,2048,640026,0,1764958,0,0,0,0,0
1786348910081|1011|fault_abort_r2f|fixed|148,1378943233,16777216,0,0,0,0,0,0,0,0,0,0,0,0,0,0,0,0,0,0,0,0,0,0,0,0,0,0,0,0,0,0,0,0,0,0,4096,256,131072,4,15|8,260,262144,262144,1,0,0,0,0,8,0,0,0,1,0,0,1,8,0|190,999801564,5,12844,0,0,0,0,0,0,0,0,0,32557044,0,32557044,0,2048,32558406,0,3302871464,4,1,2,0,0
1786348910081|1011|fault_abort_r2f|rotating|148,1378943233,33558272,154008,154001,0,0,0,0,0,0,0,0,0,0,138,138,0,0,0,0,0,0,0,0,0,0,0,0,0,0,0,0,0,0,0,0,4096,256,131072,4,15|4,0,262144,262144,1,0,0,0,0,8,0,0,0,1,0,0,1,8,0|190,315646423,5,12844,0,0,0,0,0,6591,0,0,0,3336655387,4,3336655387,4,2048,640026,0,1764958,0,0,0,0,0
1786348915089|1011|fault_abort_r2f|fixed|150,1378943233,16777216,0,0,0,0,0,0,0,0,0,0,0,0,0,0,0,0,0,0,0,0,0,0,0,0,0,0,0,0,0,0,0,0,0,0,4096,256,131072,4,15|8,260,262144,262144,1,0,0,0,0,8,0,0,0,1,0,0,1,8,0|192,1321046698,5,12844,0,0,0,0,0,0,0,0,0,32557044,0,32557044,0,2048,32558406,0,3624116598,4,1,2,0,0
1786348915089|1011|fault_abort_r2f|rotating|150,1378943233,33558272,154008,154001,0,0,0,0,0,0,0,0,0,0,138,138,0,0,0,0,0,0,0,0,0,0,0,0,0,0,0,0,0,0,0,0,4096,256,131072,4,15|4,0,262144,262144,1,0,0,0,0,8,0,0,0,1,0,0,1,8,0|192,637320924,5,12844,0,0,0,0,0,6591,0,0,0,3658329888,4,3658329888,4,2048,640026,0,1764958,0,0,0,0,0
1786348920095|1011|fault_abort_r2f|fixed|152,1378943233,16777216,0,0,0,0,0,0,0,0,0,0,0,0,0,0,0,0,0,0,0,0,0,0,0,0,0,0,0,0,0,0,0,0,0,0,4096,256,131072,4,15|8,260,262144,262144,1,0,0,0,0,8,0,0,0,1,0,0,1,8,0|194,1640695532,5,12844,0,0,0,0,0,0,0,0,0,32557044,0,32557044,0,2048,32558406,0,3943765432,4,1,2,0,0
1786348920095|1011|fault_abort_r2f|rotating|152,1378943233,33558272,154008,154001,0,0,0,0,0,0,0,0,0,0,138,138,0,0,0,0,0,0,0,0,0,0,0,0,0,0,0,0,0,0,0,0,4096,256,131072,4,15|4,0,262144,262144,1,0,0,0,0,8,0,0,0,1,0,0,1,8,0|194,957783587,5,12844,0,0,0,0,0,6591,0,0,0,3978792551,4,3978792551,4,2048,640026,0,1764958,0,0,0,0,0
1786348925095|1011|fault_abort_r2f|fixed|154,1378943233,16777216,0,0,0,0,0,0,0,0,0,0,0,0,0,0,0,0,0,0,0,0,0,0,0,0,0,0,0,0,0,0,0,0,0,0,4096,256,131072,4,15|8,260,262144,262144,1,0,0,0,0,8,0,0,0,1,0,0,1,8,0|196,1960703067,5,12844,0,0,0,0,0,0,0,0,0,32557044,0,32557044,0,2048,32558406,0,4263772967,4,1,2,0,0
1786348925095|1011|fault_abort_r2f|rotating|154,1378943233,33558272,154008,154001,0,0,0,0,0,0,0,0,0,0,138,138,0,0,0,0,0,0,0,0,0,0,0,0,0,0,0,0,0,0,0,0,4096,256,131072,4,15|4,0,262144,262144,1,0,0,0,0,8,0,0,0,1,0,0,1,8,0|196,1276900781,5,12844,0,0,0,0,0,6591,0,0,0,2942449,5,2942449,5,2048,640026,0,1764958,0,0,0,0,0
1786348930104|1011|fault_abort_r2f|fixed|156,1378943233,16777216,0,0,0,0,0,0,0,0,0,0,0,0,0,0,0,0,0,0,0,0,0,0,0,0,0,0,0,0,0,0,0,0,0,0,4096,256,131072,4,15|8,260,262144,262144,1,0,0,0,0,8,0,0,0,1,0,0,1,8,0|198,2281315534,5,12844,0,0,0,0,0,0,0,0,0,32557044,0,32557044,0,2048,32558406,0,289418138,5,1,2,0,0
1786348930104|1011|fault_abort_r2f|rotating|156,1378943233,33558272,154008,154001,0,0,0,0,0,0,0,0,0,0,138,138,0,0,0,0,0,0,0,0,0,0,0,0,0,0,0,0,0,0,0,0,4096,256,131072,4,15|4,0,262144,262144,1,0,0,0,0,8,0,0,0,1,0,0,1,8,0|198,1597288744,5,12844,0,0,0,0,0,6591,0,0,0,323330412,5,323330412,5,2048,640026,0,1764958,0,0,0,0,0
1786348935115|1011|fault_abort_r2f|fixed|158,1378943233,16777216,0,0,0,0,0,0,0,0,0,0,0,0,0,0,0,0,0,0,0,0,0,0,0,0,0,0,0,0,0,0,0,0,0,0,4096,256,131072,4,15|8,260,262144,262144,1,0,0,0,0,8,0,0,0,1,0,0,1,8,0|200,2602066329,5,12844,0,0,0,0,0,0,0,0,0,32557044,0,32557044,0,2048,32558406,0,610168933,5,1,2,0,0
1786348935115|1011|fault_abort_r2f|rotating|158,1378943233,33558272,154008,154001,0,0,0,0,0,0,0,0,0,0,138,138,0,0,0,0,0,0,0,0,0,0,0,0,0,0,0,0,0,0,0,0,4096,256,131072,4,15|4,0,262144,262144,1,0,0,0,0,8,0,0,0,1,0,0,1,8,0|200,1918177099,5,12844,0,0,0,0,0,6591,0,0,0,644218767,5,644218767,5,2048,640026,0,1764958,0,0,0,0,0
1786348940127|1011|fault_abort_r2f|fixed|160,1378943233,16777216,0,0,0,0,0,0,0,0,0,0,0,0,0,0,0,0,0,0,0,0,0,0,0,0,0,0,0,0,0,0,0,0,0,0,4096,256,131072,4,15|8,260,262144,262144,1,0,0,0,0,8,0,0,0,1,0,0,1,8,0|202,2922939616,5,12844,0,0,0,0,0,0,0,0,0,32557044,0,32557044,0,2048,32558406,0,931042220,5,1,2,0,0
1786348940127|1011|fault_abort_r2f|rotating|160,1378943233,33558272,154008,154001,0,0,0,0,0,0,0,0,0,0,138,138,0,0,0,0,0,0,0,0,0,0,0,0,0,0,0,0,0,0,0,0,4096,256,131072,4,15|4,0,262144,262144,1,0,0,0,0,8,0,0,0,1,0,0,1,8,0|202,2240548191,5,12844,0,0,0,0,0,6591,0,0,0,966589859,5,966589859,5,2048,640026,0,1764958,0,0,0,0,0
1786348945148|1011|fault_abort_r2f|fixed|162,1378943233,16777216,0,0,0,0,0,0,0,0,0,0,0,0,0,0,0,0,0,0,0,0,0,0,0,0,0,0,0,0,0,0,0,0,0,0,4096,256,131072,4,15|8,260,262144,262144,1,0,0,0,0,8,0,0,0,1,0,0,1,8,0|204,3244335068,5,12844,0,0,0,0,0,0,0,0,0,32557044,0,32557044,0,2048,32558406,0,1252437672,5,1,2,0,0
1786348945148|1011|fault_abort_r2f|rotating|162,1378943233,33558272,154008,154001,0,0,0,0,0,0,0,0,0,0,138,138,0,0,0,0,0,0,0,0,0,0,0,0,0,0,0,0,0,0,0,0,4096,256,131072,4,15|4,0,262144,262144,1,0,0,0,0,8,0,0,0,1,0,0,1,8,0|204,2560134355,5,12844,0,0,0,0,0,6591,0,0,0,1286176023,5,1286176023,5,2048,640026,0,1764958,0,0,0,0,0
1786348950151|1011|fault_abort_r2f|fixed|164,1378943233,16777216,0,0,0,0,0,0,0,0,0,0,0,0,0,0,0,0,0,0,0,0,0,0,0,0,0,0,0,0,0,0,0,0,0,0,4096,256,131072,4,15|8,260,262144,262144,1,0,0,0,0,8,0,0,0,1,0,0,1,8,0|206,3564643675,5,12844,0,0,0,0,0,0,0,0,0,32557044,0,32557044,0,2048,32558406,0,1572746279,5,1,2,0,0
1786348950151|1011|fault_abort_r2f|rotating|164,1378943233,33558272,154008,154001,0,0,0,0,0,0,0,0,0,0,138,138,0,0,0,0,0,0,0,0,0,0,0,0,0,0,0,0,0,0,0,0,4096,256,131072,4,15|4,0,262144,262144,1,0,0,0,0,8,0,0,0,1,0,0,1,8,0|206,2880314835,5,12844,0,0,0,0,0,6591,0,0,0,1606356503,5,1606356503,5,2048,640026,0,1764958,0,0,0,0,0
1786348955165|1011|fault_abort_r2f|fixed|166,1378943233,16777216,0,0,0,0,0,0,0,0,0,0,0,0,0,0,0,0,0,0,0,0,0,0,0,0,0,0,0,0,0,0,0,0,0,0,4096,256,131072,4,15|8,260,262144,262144,1,0,0,0,0,8,0,0,0,1,0,0,1,8,0|208,3885296363,5,12844,0,0,0,0,0,0,0,0,0,32557044,0,32557044,0,2048,32558406,0,1893398967,5,1,2,0,0
1786348955165|1011|fault_abort_r2f|rotating|166,1378943233,33558272,154008,154001,0,0,0,0,0,0,0,0,0,0,138,138,0,0,0,0,0,0,0,0,0,0,0,0,0,0,0,0,0,0,0,0,4096,256,131072,4,15|4,0,262144,262144,1,0,0,0,0,8,0,0,0,1,0,0,1,8,0|208,3201424984,5,12844,0,0,0,0,0,6591,0,0,0,1927466652,5,1927466652,5,2048,640026,0,1764958,0,0,0,0,0
1786348960172|1011|fault_abort_r2f|fixed|168,1378943233,16777216,0,0,0,0,0,0,0,0,0,0,0,0,0,0,0,0,0,0,0,0,0,0,0,0,0,0,0,0,0,0,0,0,0,0,4096,256,131072,4,15|8,260,262144,262144,1,0,0,0,0,8,0,0,0,1,0,0,1,8,0|210,4204960125,5,12844,0,0,0,0,0,0,0,0,0,32557044,0,32557044,0,2048,32558406,0,2213062729,5,1,2,0,0
1786348960172|1011|fault_abort_r2f|rotating|168,1378943233,33558272,154008,154001,0,0,0,0,0,0,0,0,0,0,138,138,0,0,0,0,0,0,0,0,0,0,0,0,0,0,0,0,0,0,0,0,4096,256,131072,4,15|4,0,262144,262144,1,0,0,0,0,8,0,0,0,1,0,0,1,8,0|210,3520955373,5,12844,0,0,0,0,0,6591,0,0,0,2246997041,5,2246997041,5,2048,640026,0,1764958,0,0,0,0,0
1786348965182|1011|fault_abort_r2f|fixed|170,1378943233,16777216,0,0,0,0,0,0,0,0,0,0,0,0,0,0,0,0,0,0,0,0,0,0,0,0,0,0,0,0,0,0,0,0,0,0,4096,256,131072,4,15|8,260,262144,262144,1,0,0,0,0,8,0,0,0,1,0,0,1,8,0|212,231481243,6,12844,0,0,0,0,0,0,0,0,0,32557044,0,32557044,0,2048,32558406,0,2534551143,5,1,2,0,0
1786348965182|1011|fault_abort_r2f|rotating|170,1378943233,33558272,154008,154001,0,0,0,0,0,0,0,0,0,0,138,138,0,0,0,0,0,0,0,0,0,0,0,0,0,0,0,0,0,0,0,0,4096,256,131072,4,15|4,0,262144,262144,1,0,0,0,0,8,0,0,0,1,0,0,1,8,0|212,3842610866,5,12844,0,0,0,0,0,6591,0,0,0,2568652534,5,2568652534,5,2048,640026,0,1764958,0,0,0,0,0
1786348970194|1011|fault_abort_r2f|fixed|172,1378943233,16777216,0,0,0,0,0,0,0,0,0,0,0,0,0,0,0,0,0,0,0,0,0,0,0,0,0,0,0,0,0,0,0,0,0,0,4096,256,131072,4,15|8,260,262144,262144,1,0,0,0,0,8,0,0,0,1,0,0,1,8,0|214,553097102,6,12844,0,0,0,0,0,0,0,0,0,32557044,0,32557044,0,2048,32558406,0,2856167002,5,1,2,0,0
1786348970194|1011|fault_abort_r2f|rotating|172,1378943233,33558272,154008,154001,0,0,0,0,0,0,0,0,0,0,138,138,0,0,0,0,0,0,0,0,0,0,0,0,0,0,0,0,0,0,0,0,4096,256,131072,4,15|4,0,262144,262144,1,0,0,0,0,8,0,0,0,1,0,0,1,8,0|214,4165083462,5,12844,0,0,0,0,0,6591,0,0,0,2891125130,5,2891125130,5,2048,640026,0,1764958,0,0,0,0,0
1786348975203|1011|fault_abort_r2f|fixed|174,1378943233,16777216,0,0,0,0,0,0,0,0,0,0,0,0,0,0,0,0,0,0,0,0,0,0,0,0,0,0,0,0,0,0,0,0,0,0,4096,256,131072,4,15|8,260,262144,262144,1,0,0,0,0,8,0,0,0,1,0,0,1,8,0|216,872839899,6,12844,0,0,0,0,0,0,0,0,0,32557044,0,32557044,0,2048,32558406,0,3175909799,5,1,2,0,0
1786348975203|1011|fault_abort_r2f|rotating|174,1378943233,33558272,154008,154001,0,0,0,0,0,0,0,0,0,0,138,138,0,0,0,0,0,0,0,0,0,0,0,0,0,0,0,0,0,0,0,0,4096,256,131072,4,15|4,0,262144,262144,1,0,0,0,0,8,0,0,0,1,0,0,1,8,0|216,188769956,6,12844,0,0,0,0,0,6591,0,0,0,3209778920,5,3209778920,5,2048,640026,0,1764958,0,0,0,0,0
1786348980211|1011|fault_abort_r2f|fixed|176,1378943233,16777216,0,0,0,0,0,0,0,0,0,0,0,0,0,0,0,0,0,0,0,0,0,0,0,0,0,0,0,0,0,0,0,0,0,0,4096,256,131072,4,15|8,260,262144,262144,1,0,0,0,0,8,0,0,0,1,0,0,1,8,0|218,1193411442,6,12844,0,0,0,0,0,0,0,0,0,32557044,0,32557044,0,2048,32558406,0,3496481342,5,1,2,0,0
1786348980211|1011|fault_abort_r2f|rotating|176,1378943233,33558272,154008,154001,0,0,0,0,0,0,0,0,0,0,138,138,0,0,0,0,0,0,0,0,0,0,0,0,0,0,0,0,0,0,0,0,4096,256,131072,4,15|4,0,262144,262144,1,0,0,0,0,8,0,0,0,1,0,0,1,8,0|218,509472010,6,12844,0,0,0,0,0,6591,0,0,0,3530480974,5,3530480974,5,2048,640026,0,1764958,0,0,0,0,0
1786348985217|1011|fault_abort_r2f|fixed|178,1378943233,16777216,0,0,0,0,0,0,0,0,0,0,0,0,0,0,0,0,0,0,0,0,0,0,0,0,0,0,0,0,0,0,0,0,0,0,4096,256,131072,4,15|8,260,262144,262144,1,0,0,0,0,8,0,0,0,1,0,0,1,8,0|220,1513798060,6,12844,0,0,0,0,0,0,0,0,0,32557044,0,32557044,0,2048,32558406,0,3816867960,5,1,2,0,0
1786348985217|1011|fault_abort_r2f|rotating|178,1378943233,33558272,154008,154001,0,0,0,0,0,0,0,0,0,0,138,138,0,0,0,0,0,0,0,0,0,0,0,0,0,0,0,0,0,0,0,0,4096,256,131072,4,15|4,0,262144,262144,1,0,0,0,0,8,0,0,0,1,0,0,1,8,0|220,829791823,6,12844,0,0,0,0,0,6591,0,0,0,3850800787,5,3850800787,5,2048,640026,0,1764958,0,0,0,0,0
1786348990229|1011|fault_abort_r2f|fixed|180,1378943233,16777216,0,0,0,0,0,0,0,0,0,0,0,0,0,0,0,0,0,0,0,0,0,0,0,0,0,0,0,0,0,0,0,0,0,0,4096,256,131072,4,15|8,260,262144,262144,1,0,0,0,0,8,0,0,0,1,0,0,1,8,0|222,1834772963,6,12844,0,0,0,0,0,0,0,0,0,32557044,0,32557044,0,2048,32558406,0,4137842863,5,1,2,0,0
1786348990229|1011|fault_abort_r2f|rotating|180,1378943233,33558272,154008,154001,0,0,0,0,0,0,0,0,0,0,138,138,0,0,0,0,0,0,0,0,0,0,0,0,0,0,0,0,0,0,0,0,4096,256,131072,4,15|4,0,262144,262144,1,0,0,0,0,8,0,0,0,1,0,0,1,8,0|222,1150503930,6,12844,0,0,0,0,0,6591,0,0,0,4171512894,5,4171512894,5,2048,640026,0,1764958,0,0,0,0,0
1786348995232|1011|fault_abort_r2f|fixed|182,1378943233,16777216,0,0,0,0,0,0,0,0,0,0,0,0,0,0,0,0,0,0,0,0,0,0,0,0,0,0,0,0,0,0,0,0,0,0,4096,256,131072,4,15|8,260,262144,262144,1,0,0,0,0,8,0,0,0,1,0,0,1,8,0|224,2154712398,6,12844,0,0,0,0,0,0,0,0,0,32557044,0,32557044,0,2048,32558406,0,162815002,6,1,2,0,0
1786348995232|1011|fault_abort_r2f|rotating|182,1378943233,33558272,154008,154001,0,0,0,0,0,0,0,0,0,0,138,138,0,0,0,0,0,0,0,0,0,0,0,0,0,0,0,0,0,0,0,0,4096,256,131072,4,15|4,0,262144,262144,1,0,0,0,0,8,0,0,0,1,0,0,1,8,0|224,1470834409,6,12844,0,0,0,0,0,6591,0,0,0,196876077,6,196876077,6,2048,640026,0,1764958,0,0,0,0,0
1786349000234|1011|fault_abort_r2f|fixed|184,1378943233,16777216,0,0,0,0,0,0,0,0,0,0,0,0,0,0,0,0,0,0,0,0,0,0,0,0,0,0,0,0,0,0,0,0,0,0,4096,256,131072,4,15|8,260,262144,262144,1,0,0,0,0,8,0,0,0,1,0,0,1,8,0|226,2474879378,6,12844,0,0,0,0,0,0,0,0,0,32557044,0,32557044,0,2048,32558406,0,482981982,6,1,2,0,0
1786349000234|1011|fault_abort_r2f|rotating|184,1378943233,33558272,154008,154001,0,0,0,0,0,0,0,0,0,0,138,138,0,0,0,0,0,0,0,0,0,0,0,0,0,0,0,0,0,0,0,0,4096,256,131072,4,15|4,0,262144,262144,1,0,0,0,0,8,0,0,0,1,0,0,1,8,0|226,1792743741,6,12844,0,0,0,0,0,6591,0,0,0,518785409,6,518785409,6,2048,640026,0,1764958,0,0,0,0,0
1786349005239|1011|fault_abort_r2f|fixed|186,1378943233,16777216,0,0,0,0,0,0,0,0,0,0,0,0,0,0,0,0,0,0,0,0,0,0,0,0,0,0,0,0,0,0,0,0,0,0,4096,256,131072,4,15|8,260,262144,262144,1,0,0,0,0,8,0,0,0,1,0,0,1,8,0|228,2796356810,6,12844,0,0,0,0,0,0,0,0,0,32557044,0,32557044,0,2048,32558406,0,804459414,6,1,2,0,0
1786349005239|1011|fault_abort_r2f|rotating|186,1378943233,33558272,154008,154001,0,0,0,0,0,0,0,0,0,0,138,138,0,0,0,0,0,0,0,0,0,0,0,0,0,0,0,0,0,0,0,0,4096,256,131072,4,15|4,0,262144,262144,1,0,0,0,0,8,0,0,0,1,0,0,1,8,0|228,2113469320,6,12844,0,0,0,0,0,6591,0,0,0,839510988,6,839510988,6,2048,640026,0,1764958,0,0,0,0,0
1786349010243|1011|fault_abort_r2f|fixed|188,1378943233,16777216,0,0,0,0,0,0,0,0,0,0,0,0,0,0,0,0,0,0,0,0,0,0,0,0,0,0,0,0,0,0,0,0,0,0,4096,256,131072,4,15|8,260,262144,262144,1,0,0,0,0,8,0,0,0,1,0,0,1,8,0|230,3115525478,6,12844,0,0,0,0,0,0,0,0,0,32557044,0,32557044,0,2048,32558406,0,1123628082,6,1,2,0,0
1786349010243|1011|fault_abort_r2f|rotating|188,1378943233,33558272,154008,154001,0,0,0,0,0,0,0,0,0,0,138,138,0,0,0,0,0,0,0,0,0,0,0,0,0,0,0,0,0,0,0,0,4096,256,131072,4,15|4,0,262144,262144,1,0,0,0,0,8,0,0,0,1,0,0,1,8,0|230,2431655862,6,12844,0,0,0,0,0,6591,0,0,0,1157697530,6,1157697530,6,2048,640026,0,1764958,0,0,0,0,0
1786349015255|1011|fault_abort_r2f|fixed|190,1378943233,16777216,0,0,0,0,0,0,0,0,0,0,0,0,0,0,0,0,0,0,0,0,0,0,0,0,0,0,0,0,0,0,0,0,0,0,4096,256,131072,4,15|8,260,262144,262144,1,0,0,0,0,8,0,0,0,1,0,0,1,8,0|232,3436286053,6,12844,0,0,0,0,0,0,0,0,0,32557044,0,32557044,0,2048,32558406,0,1444388657,6,1,2,0,0
1786349015255|1011|fault_abort_r2f|rotating|190,1378943233,33558272,154008,154001,0,0,0,0,0,0,0,0,0,0,138,138,0,0,0,0,0,0,0,0,0,0,0,0,0,0,0,0,0,0,0,0,4096,256,131072,4,15|4,0,262144,262144,1,0,0,0,0,8,0,0,0,1,0,0,1,8,0|232,2752211732,6,12844,0,0,0,0,0,6591,0,0,0,1478253400,6,1478253400,6,2048,640026,0,1764958,0,0,0,0,0
1786349020257|1011|fault_abort_r2f|fixed|192,1378943233,16777216,0,0,0,0,0,0,0,0,0,0,0,0,0,0,0,0,0,0,0,0,0,0,0,0,0,0,0,0,0,0,0,0,0,0,4096,256,131072,4,15|8,260,262144,262144,1,0,0,0,0,8,0,0,0,1,0,0,1,8,0|234,3756682749,6,12844,0,0,0,0,0,0,0,0,0,32557044,0,32557044,0,2048,32558406,0,1764785353,6,1,2,0,0
1786349020257|1011|fault_abort_r2f|rotating|192,1378943233,33558272,154008,154001,0,0,0,0,0,0,0,0,0,0,138,138,0,0,0,0,0,0,0,0,0,0,0,0,0,0,0,0,0,0,0,0,4096,256,131072,4,15|4,0,262144,262144,1,0,0,0,0,8,0,0,0,1,0,0,1,8,0|234,3071903654,6,12844,0,0,0,0,0,6591,0,0,0,1797945322,6,1797945322,6,2048,640026,0,1764958,0,0,0,0,0
1786349025259|1011|fault_abort_r2f|fixed|194,1378943233,16777216,0,0,0,0,0,0,0,0,0,0,0,0,0,0,0,0,0,0,0,0,0,0,0,0,0,0,0,0,0,0,0,0,0,0,4096,256,131072,4,15|8,260,262144,262144,1,0,0,0,0,8,0,0,0,1,0,0,1,8,0|236,4076508492,6,12844,0,0,0,0,0,0,0,0,0,32557044,0,32557044,0,2048,32558406,0,2084611096,6,1,2,0,0
1786349025259|1011|fault_abort_r2f|rotating|194,1378943233,33558272,154008,154001,0,0,0,0,0,0,0,0,0,0,138,138,0,0,0,0,0,0,0,0,0,0,0,0,0,0,0,0,0,0,0,0,4096,256,131072,4,15|4,0,262144,262144,1,0,0,0,0,8,0,0,0,1,0,0,1,8,0|236,3392560690,6,12844,0,0,0,0,0,6591,0,0,0,2118602358,6,2118602358,6,2048,640026,0,1764958,0,0,0,0,0
1786349030263|1011|fault_abort_r2f|fixed|196,1378943233,16777216,0,0,0,0,0,0,0,0,0,0,0,0,0,0,0,0,0,0,0,0,0,0,0,0,0,0,0,0,0,0,0,0,0,0,4096,256,131072,4,15|8,260,262144,262144,1,0,0,0,0,8,0,0,0,1,0,0,1,8,0|238,102062183,7,12844,0,0,0,0,0,0,0,0,0,32557044,0,32557044,0,2048,32558406,0,2405132083,6,1,2,0,0
1786349030263|1011|fault_abort_r2f|rotating|196,1378943233,33558272,154008,154001,0,0,0,0,0,0,0,0,0,0,138,138,0,0,0,0,0,0,0,0,0,0,0,0,0,0,0,0,0,0,0,0,4096,256,131072,4,15|4,0,262144,262144,1,0,0,0,0,8,0,0,0,1,0,0,1,8,0|238,3712730085,6,12844,0,0,0,0,0,6591,0,0,0,2438771753,6,2438771753,6,2048,640026,0,1764958,0,0,0,0,0
1786349035277|1011|fault_abort_r2f|fixed|198,1378943233,16777216,0,0,0,0,0,0,0,0,0,0,0,0,0,0,0,0,0,0,0,0,0,0,0,0,0,0,0,0,0,0,0,0,0,0,4096,256,131072,4,15|8,260,262144,262144,1,0,0,0,0,8,0,0,0,1,0,0,1,8,0|240,423033693,7,12844,0,0,0,0,0,0,0,0,0,32557044,0,32557044,0,2048,32558406,0,2726103593,6,1,2,0,0
1786349035277|1011|fault_abort_r2f|rotating|198,1378943233,33558272,154008,154001,0,0,0,0,0,0,0,0,0,0,138,138,0,0,0,0,0,0,0,0,0,0,0,0,0,0,0,0,0,0,0,0,4096,256,131072,4,15|4,0,262144,262144,1,0,0,0,0,8,0,0,0,1,0,0,1,8,0|240,4034389380,6,12844,0,0,0,0,0,6591,0,0,0,2760431048,6,2760431048,6,2048,640026,0,1764958,0,0,0,0,0
1786349040290|1011|fault_abort_r2f|fixed|200,1378943233,16777216,0,0,0,0,0,0,0,0,0,0,0,0,0,0,0,0,0,0,0,0,0,0,0,0,0,0,0,0,0,0,0,0,0,0,4096,256,131072,4,15|8,260,262144,262144,1,0,0,0,0,8,0,0,0,1,0,0,1,8,0|242,743771969,7,12844,0,0,0,0,0,0,0,0,0,32557044,0,32557044,0,2048,32558406,0,3046841869,6,1,2,0,0
1786349040290|1011|fault_abort_r2f|rotating|200,1378943233,33558272,154008,154001,0,0,0,0,0,0,0,0,0,0,138,138,0,0,0,0,0,0,0,0,0,0,0,0,0,0,0,0,0,0,0,0,4096,256,131072,4,15|4,0,262144,262144,1,0,0,0,0,8,0,0,0,1,0,0,1,8,0|242,59587345,7,12844,0,0,0,0,0,6591,0,0,0,3080596309,6,3080596309,6,2048,640026,0,1764958,0,0,0,0,0
1786349045298|1011|fault_abort_r2f|fixed|202,1378943233,16777216,0,0,0,0,0,0,0,0,0,0,0,0,0,0,0,0,0,0,0,0,0,0,0,0,0,0,0,0,0,0,0,0,0,0,4096,256,131072,4,15|8,260,262144,262144,1,0,0,0,0,8,0,0,0,1,0,0,1,8,0|244,1064133213,7,12844,0,0,0,0,0,0,0,0,0,32557044,0,32557044,0,2048,32558406,0,3367203113,6,1,2,0,0
1786349045298|1011|fault_abort_r2f|rotating|202,1378943233,33558272,154008,154001,0,0,0,0,0,0,0,0,0,0,138,138,0,0,0,0,0,0,0,0,0,0,0,0,0,0,0,0,0,0,0,0,4096,256,131072,4,15|4,0,262144,262144,1,0,0,0,0,8,0,0,0,1,0,0,1,8,0|244,380294629,7,12844,0,0,0,0,0,6591,0,0,0,3401303593,6,3401303593,6,2048,640026,0,1764958,0,0,0,0,0
1786349050299|1011|fault_abort_r2f|fixed|204,1378943233,16777216,0,0,0,0,0,0,0,0,0,0,0,0,0,0,0,0,0,0,0,0,0,0,0,0,0,0,0,0,0,0,0,0,0,0,4096,256,131072,4,15|8,260,262144,262144,1,0,0,0,0,8,0,0,0,1,0,0,1,8,0|246,1384467152,7,12844,0,0,0,0,0,0,0,0,0,32557044,0,32557044,0,2048,32558406,0,3687537052,6,1,2,0,0
1786349050299|1011|fault_abort_r2f|rotating|204,1378943233,33558272,154008,154001,0,0,0,0,0,0,0,0,0,0,138,138,0,0,0,0,0,0,0,0,0,0,0,0,0,0,0,0,0,0,0,0,4096,256,131072,4,15|4,0,262144,262144,1,0,0,0,0,8,0,0,0,1,0,0,1,8,0|246,700152161,7,12844,0,0,0,0,0,6591,0,0,0,3721161125,6,3721161125,6,2048,640026,0,1764958,0,0,0,0,0
1786349055304|1011|fault_abort_r2f|fixed|206,1378943233,16777216,0,0,0,0,0,0,0,0,0,0,0,0,0,0,0,0,0,0,0,0,0,0,0,0,0,0,0,0,0,0,0,0,0,0,4096,256,131072,4,15|8,260,262144,262144,1,0,0,0,0,8,0,0,0,1,0,0,1,8,0|248,1704523118,7,12844,0,0,0,0,0,0,0,0,0,32557044,0,32557044,0,2048,32558406,0,4007593018,6,1,2,0,0
1786349055304|1011|fault_abort_r2f|rotating|206,1378943233,33558272,154008,154001,0,0,0,0,0,0,0,0,0,0,138,138,0,0,0,0,0,0,0,0,0,0,0,0,0,0,0,0,0,0,0,0,4096,256,131072,4,15|4,0,262144,262144,1,0,0,0,0,8,0,0,0,1,0,0,1,8,0|248,1020720602,7,12844,0,0,0,0,0,6591,0,0,0,4041729566,6,4041729566,6,2048,640026,0,1764958,0,0,0,0,0
1786349060314|1011|fault_abort_r2f|fixed|208,1378943233,16777216,0,0,0,0,0,0,0,0,0,0,0,0,0,0,0,0,0,0,0,0,0,0,0,0,0,0,0,0,0,0,0,0,0,0,4096,256,131072,4,15|8,260,262144,262144,1,0,0,0,0,8,0,0,0,1,0,0,1,8,0|250,2025225301,7,12844,0,0,0,0,0,0,0,0,0,32557044,0,32557044,0,2048,32558406,0,33327905,7,1,2,0,0
1786349060314|1011|fault_abort_r2f|rotating|208,1378943233,33558272,154008,154001,0,0,0,0,0,0,0,0,0,0,138,138,0,0,0,0,0,0,0,0,0,0,0,0,0,0,0,0,0,0,0,0,4096,256,131072,4,15|4,0,262144,262144,1,0,0,0,0,8,0,0,0,1,0,0,1,8,0|250,1341472317,7,12844,0,0,0,0,0,6591,0,0,0,67513985,7,67513985,7,2048,640026,0,1764958,0,0,0,0,0
1786349065325|1011|fault_abort_r2f|fixed|210,1378943233,16777216,0,0,0,0,0,0,0,0,0,0,0,0,0,0,0,0,0,0,0,0,0,0,0,0,0,0,0,0,0,0,0,0,0,0,4096,256,131072,4,15|8,260,262144,262144,1,0,0,0,0,8,0,0,0,1,0,0,1,8,0|252,2346513667,7,12844,0,0,0,0,0,0,0,0,0,32557044,0,32557044,0,2048,32558406,0,354616271,7,1,2,0,0
1786349065325|1011|fault_abort_r2f|rotating|210,1378943233,33558272,154008,154001,0,0,0,0,0,0,0,0,0,0,138,138,0,0,0,0,0,0,0,0,0,0,0,0,0,0,0,0,0,0,0,0,4096,256,131072,4,15|4,0,262144,262144,1,0,0,0,0,8,0,0,0,1,0,0,1,8,0|252,1663766715,7,12844,0,0,0,0,0,6591,0,0,0,389808383,7,389808383,7,2048,640026,0,1764958,0,0,0,0,0
1786349070333|1011|fault_abort_r2f|fixed|212,1378943233,16777216,0,0,0,0,0,0,0,0,0,0,0,0,0,0,0,0,0,0,0,0,0,0,0,0,0,0,0,0,0,0,0,0,0,0,4096,256,131072,4,15|8,260,262144,262144,1,0,0,0,0,8,0,0,0,1,0,0,1,8,0|254,2666461795,7,12844,0,0,0,0,0,0,0,0,0,32557044,0,32557044,0,2048,32558406,0,674564399,7,1,2,0,0
1786349070333|1011|fault_abort_r2f|rotating|212,1378943233,33558272,154008,154001,0,0,0,0,0,0,0,0,0,0,138,138,0,0,0,0,0,0,0,0,0,0,0,0,0,0,0,0,0,0,0,0,4096,256,131072,4,15|4,0,262144,262144,1,0,0,0,0,8,0,0,0,1,0,0,1,8,0|254,1982527356,7,12844,0,0,0,0,0,6591,0,0,0,708569024,7,708569024,7,2048,640026,0,1764958,0,0,0,0,0
1786349075342|1011|fault_abort_r2f|fixed|214,1378943233,16777216,0,0,0,0,0,0,0,0,0,0,0,0,0,0,0,0,0,0,0,0,0,0,0,0,0,0,0,0,0,0,0,0,0,0,4096,256,131072,4,15|8,260,262144,262144,1,0,0,0,0,8,0,0,0,1,0,0,1,8,0|256,2987397442,7,12844,0,0,0,0,0,0,0,0,0,32557044,0,32557044,0,2048,32558406,0,995500046,7,1,2,0,0
1786349075342|1011|fault_abort_r2f|rotating|214,1378943233,33558272,154008,154001,0,0,0,0,0,0,0,0,0,0,138,138,0,0,0,0,0,0,0,0,0,0,0,0,0,0,0,0,0,0,0,0,4096,256,131072,4,15|4,0,262144,262144,1,0,0,0,0,8,0,0,0,1,0,0,1,8,0|256,2302750679,7,12844,0,0,0,0,0,6591,0,0,0,1028792347,7,1028792347,7,2048,640026,0,1764958,0,0,0,0,0
1786349080351|1011|fault_abort_r2f|fixed|216,1378943233,16777216,0,0,0,0,0,0,0,0,0,0,0,0,0,0,0,0,0,0,0,0,0,0,0,0,0,0,0,0,0,0,0,0,0,0,4096,256,131072,4,15|8,260,262144,262144,1,0,0,0,0,8,0,0,0,1,0,0,1,8,0|258,3307602365,7,12844,0,0,0,0,0,0,0,0,0,32557044,0,32557044,0,2048,32558406,0,1315704969,7,1,2,0,0
1786349080351|1011|fault_abort_r2f|rotating|216,1378943233,33558272,154008,154001,0,0,0,0,0,0,0,0,0,0,138,138,0,0,0,0,0,0,0,0,0,0,0,0,0,0,0,0,0,0,0,0,4096,256,131072,4,15|4,0,262144,262144,1,0,0,0,0,8,0,0,0,1,0,0,1,8,0|258,2623813089,7,12844,0,0,0,0,0,6591,0,0,0,1349854757,7,1349854757,7,2048,640026,0,1764958,0,0,0,0,0
1786349085360|1011|fault_abort_r2f|fixed|218,1378943233,16777216,0,0,0,0,0,0,0,0,0,0,0,0,0,0,0,0,0,0,0,0,0,0,0,0,0,0,0,0,0,0,0,0,0,0,4096,256,131072,4,15|8,260,262144,262144,1,0,0,0,0,8,0,0,0,1,0,0,1,8,0|260,3629275299,7,12844,0,0,0,0,0,0,0,0,0,32557044,0,32557044,0,2048,32558406,0,1637377903,7,1,2,0,0
1786349085360|1011|fault_abort_r2f|rotating|218,1378943233,33558272,154008,154001,0,0,0,0,0,0,0,0,0,0,138,138,0,0,0,0,0,0,0,0,0,0,0,0,0,0,0,0,0,0,0,0,4096,256,131072,4,15|4,0,262144,262144,1,0,0,0,0,8,0,0,0,1,0,0,1,8,0|260,2946502479,7,12844,0,0,0,0,0,6591,0,0,0,1672544147,7,1672544147,7,2048,640026,0,1764958,0,0,0,0,0
1786349090371|1011|fault_abort_r2f|fixed|220,1378943233,16777216,0,0,0,0,0,0,0,0,0,0,0,0,0,0,0,0,0,0,0,0,0,0,0,0,0,0,0,0,0,0,0,0,0,0,4096,256,131072,4,15|8,260,262144,262144,1,0,0,0,0,8,0,0,0,1,0,0,1,8,0|262,3948961358,7,12844,0,0,0,0,0,0,0,0,0,32557044,0,32557044,0,2048,32558406,0,1957063962,7,1,2,0,0
1786349090371|1011|fault_abort_r2f|rotating|220,1378943233,33558272,154008,154001,0,0,0,0,0,0,0,0,0,0,138,138,0,0,0,0,0,0,0,0,0,0,0,0,0,0,0,0,0,0,0,0,4096,256,131072,4,15|4,0,262144,262144,1,0,0,0,0,8,0,0,0,1,0,0,1,8,0|262,3264678655,7,12844,0,0,0,0,0,6591,0,0,0,1990720323,7,1990720323,7,2048,640026,0,1764958,0,0,0,0,0
1786349095383|1011|fault_abort_r2f|fixed|222,1378943233,16777216,0,0,0,0,0,0,0,0,0,0,0,0,0,0,0,0,0,0,0,0,0,0,0,0,0,0,0,0,0,0,0,0,0,0,4096,256,131072,4,15|8,260,262144,262144,1,0,0,0,0,8,0,0,0,1,0,0,1,8,0|264,4269787891,7,12844,0,0,0,0,0,0,0,0,0,32557044,0,32557044,0,2048,32558406,0,2277890495,7,1,2,0,0
1786349095383|1011|fault_abort_r2f|rotating|222,1378943233,33558272,154008,154001,0,0,0,0,0,0,0,0,0,0,138,138,0,0,0,0,0,0,0,0,0,0,0,0,0,0,0,0,0,0,0,0,4096,256,131072,4,15|4,0,262144,262144,1,0,0,0,0,8,0,0,0,1,0,0,1,8,0|264,3586914840,7,12844,0,0,0,0,0,6591,0,0,0,2312956508,7,2312956508,7,2048,640026,0,1764958,0,0,0,0,0
1786349100396|1011|fault_abort_r2f|fixed|224,1378943233,16777216,0,0,0,0,0,0,0,0,0,0,0,0,0,0,0,0,0,0,0,0,0,0,0,0,0,0,0,0,0,0,0,0,0,0,4096,256,131072,4,15|8,260,262144,262144,1,0,0,0,0,8,0,0,0,1,0,0,1,8,0|266,295850409,8,12844,0,0,0,0,0,0,0,0,0,32557044,0,32557044,0,2048,32558406,0,2598920309,7,1,2,0,0
1786349100396|1011|fault_abort_r2f|rotating|224,1378943233,33558272,154008,154001,0,0,0,0,0,0,0,0,0,0,138,138,0,0,0,0,0,0,0,0,0,0,0,0,0,0,0,0,0,0,0,0,4096,256,131072,4,15|4,0,262144,262144,1,0,0,0,0,8,0,0,0,1,0,0,1,8,0|266,3906476819,7,12844,0,0,0,0,0,6591,0,0,0,2632518487,7,2632518487,7,2048,640026,0,1764958,0,0,0,0,0
1786349105401|1011|fault_abort_r2f|fixed|226,1378943233,16777216,0,0,0,0,0,0,0,0,0,0,0,0,0,0,0,0,0,0,0,0,0,0,0,0,0,0,0,0,0,0,0,0,0,0,4096,256,131072,4,15|8,260,262144,262144,1,0,0,0,0,8,0,0,0,1,0,0,1,8,0|268,616171630,8,12844,0,0,0,0,0,0,0,0,0,32557044,0,32557044,0,2048,32558406,0,2919241530,7,1,2,0,0
1786349105401|1011|fault_abort_r2f|rotating|226,1378943233,33558272,154008,154001,0,0,0,0,0,0,0,0,0,0,138,138,0,0,0,0,0,0,0,0,0,0,0,0,0,0,0,0,0,0,0,0,4096,256,131072,4,15|4,0,262144,262144,1,0,0,0,0,8,0,0,0,1,0,0,1,8,0|268,4226880366,7,12844,0,0,0,0,0,6591,0,0,0,2952922034,7,2952922034,7,2048,640026,0,1764958,0,0,0,0,0
1786349110411|1011|fault_abort_r2f|fixed|228,1378943233,16777216,0,0,0,0,0,0,0,0,0,0,0,0,0,0,0,0,0,0,0,0,0,0,0,0,0,0,0,0,0,0,0,0,0,0,4096,256,131072,4,15|8,260,262144,262144,1,0,0,0,0,8,0,0,0,1,0,0,1,8,0|270,936865534,8,12844,0,0,0,0,0,0,0,0,0,32557044,0,32557044,0,2048,32558406,0,3239935434,7,1,2,0,0
1786349110411|1011|fault_abort_r2f|rotating|228,1378943233,33558272,154008,154001,0,0,0,0,0,0,0,0,0,0,138,138,0,0,0,0,0,0,0,0,0,0,0,0,0,0,0,0,0,0,0,0,4096,256,131072,4,15|4,0,262144,262144,1,0,0,0,0,8,0,0,0,1,0,0,1,8,0|270,253354250,8,12844,0,0,0,0,0,6591,0,0,0,3274363214,7,3274363214,7,2048,640026,0,1764958,0,0,0,0,0
1786349115421|1011|fault_abort_r2f|fixed|230,1378943233,16777216,0,0,0,0,0,0,0,0,0,0,0,0,0,0,0,0,0,0,0,0,0,0,0,0,0,0,0,0,0,0,0,0,0,0,4096,256,131072,4,15|8,260,262144,262144,1,0,0,0,0,8,0,0,0,1,0,0,1,8,0|272,1257404359,8,12844,0,0,0,0,0,0,0,0,0,32557044,0,32557044,0,2048,32558406,0,3560474259,7,1,2,0,0
1786349115421|1011|fault_abort_r2f|rotating|230,1378943233,33558272,154008,154001,0,0,0,0,0,0,0,0,0,0,138,138,0,0,0,0,0,0,0,0,0,0,0,0,0,0,0,0,0,0,0,0,4096,256,131072,4,15|4,0,262144,262144,1,0,0,0,0,8,0,0,0,1,0,0,1,8,0|272,573305047,8,12844,0,0,0,0,0,6591,0,0,0,3594314011,7,3594314011,7,2048,640026,0,1764958,0,0,0,0,0
1786349120422|1011|fault_abort_r2f|fixed|232,1378943233,16777216,0,0,0,0,0,0,0,0,0,0,0,0,0,0,0,0,0,0,0,0,0,0,0,0,0,0,0,0,0,0,0,0,0,0,4096,256,131072,4,15|8,260,262144,262144,1,0,0,0,0,8,0,0,0,1,0,0,1,8,0|274,1577522785,8,12844,0,0,0,0,0,0,0,0,0,32557044,0,32557044,0,2048,32558406,0,3880592685,7,1,2,0,0
1786349120422|1011|fault_abort_r2f|rotating|232,1378943233,33558272,154008,154001,0,0,0,0,0,0,0,0,0,0,138,138,0,0,0,0,0,0,0,0,0,0,0,0,0,0,0,0,0,0,0,0,4096,256,131072,4,15|4,0,262144,262144,1,0,0,0,0,8,0,0,0,1,0,0,1,8,0|274,893250501,8,12844,0,0,0,0,0,6591,0,0,0,3914259465,7,3914259465,7,2048,640026,0,1764958,0,0,0,0,0
1786349125435|1011|fault_abort_r2f|fixed|234,1378943233,16777216,0,0,0,0,0,0,0,0,0,0,0,0,0,0,0,0,0,0,0,0,0,0,0,0,0,0,0,0,0,0,0,0,0,0,4096,256,131072,4,15|8,260,262144,262144,1,0,0,0,0,8,0,0,0,1,0,0,1,8,0|276,1898352897,8,12844,0,0,0,0,0,0,0,0,0,32557044,0,32557044,0,2048,32558406,0,4201422797,7,1,2,0,0
1786349125435|1011|fault_abort_r2f|rotating|234,1378943233,33558272,154008,154001,0,0,0,0,0,0,0,0,0,0,138,138,0,0,0,0,0,0,0,0,0,0,0,0,0,0,0,0,0,0,0,0,4096,256,131072,4,15|4,0,262144,262144,1,0,0,0,0,8,0,0,0,1,0,0,1,8,0|276,1214097091,8,12844,0,0,0,0,0,6591,0,0,0,4235106055,7,4235106055,7,2048,640026,0,1764958,0,0,0,0,0
1786349130435|1011|fault_abort_r2f|fixed|236,1378943233,16777216,0,0,0,0,0,0,0,0,0,0,0,0,0,0,0,0,0,0,0,0,0,0,0,0,0,0,0,0,0,0,0,0,0,0,4096,256,131072,4,15|8,260,262144,262144,1,0,0,0,0,8,0,0,0,1,0,0,1,8,0|278,2218195010,8,12844,0,0,0,0,0,0,0,0,0,32557044,0,32557044,0,2048,32558406,0,226297614,8,1,2,0,0
1786349130435|1011|fault_abort_r2f|rotating|236,1378943233,33558272,154008,154001,0,0,0,0,0,0,0,0,0,0,138,138,0,0,0,0,0,0,0,0,0,0,0,0,0,0,0,0,0,0,0,0,4096,256,131072,4,15|4,0,262144,262144,1,0,0,0,0,8,0,0,0,1,0,0,1,8,0|278,1534047689,8,12844,0,0,0,0,0,6591,0,0,0,260089357,8,260089357,8,2048,640026,0,1764958,0,0,0,0,0
1786349135448|1011|fault_abort_r2f|fixed|238,1378943233,16777216,0,0,0,0,0,0,0,0,0,0,0,0,0,0,0,0,0,0,0,0,0,0,0,0,0,0,0,0,0,0,0,0,0,0,4096,256,131072,4,15|8,260,262144,262144,1,0,0,0,0,8,0,0,0,1,0,0,1,8,0|280,2539382570,8,12844,0,0,0,0,0,0,0,0,0,32557044,0,32557044,0,2048,32558406,0,547485174,8,1,2,0,0
1786349135448|1011|fault_abort_r2f|rotating|238,1378943233,33558272,154008,154001,0,0,0,0,0,0,0,0,0,0,138,138,0,0,0,0,0,0,0,0,0,0,0,0,0,0,0,0,0,0,0,0,4096,256,131072,4,15|4,0,262144,262144,1,0,0,0,0,8,0,0,0,1,0,0,1,8,0|280,1855002186,8,12844,0,0,0,0,0,6591,0,0,0,581043854,8,581043854,8,2048,640026,0,1764958,0,0,0,0,0
1786349140458|1011|fault_abort_r2f|fixed|240,1378943233,16777216,0,0,0,0,0,0,0,0,0,0,0,0,0,0,0,0,0,0,0,0,0,0,0,0,0,0,0,0,0,0,0,0,0,0,4096,256,131072,4,15|8,260,262144,262144,1,0,0,0,0,8,0,0,0,1,0,0,1,8,0|282,2860741470,8,12844,0,0,0,0,0,0,0,0,0,32557044,0,32557044,0,2048,32558406,0,868844074,8,1,2,0,0
1786349140458|1011|fault_abort_r2f|rotating|240,1378943233,33558272,154008,154001,0,0,0,0,0,0,0,0,0,0,138,138,0,0,0,0,0,0,0,0,0,0,0,0,0,0,0,0,0,0,0,0,4096,256,131072,4,15|4,0,262144,262144,1,0,0,0,0,8,0,0,0,1,0,0,1,8,0|282,2177941861,8,12844,0,0,0,0,0,6591,0,0,0,903983529,8,903983529,8,2048,640026,0,1764958,0,0,0,0,0
1786349145463|1011|fault_abort_r2f|fixed|242,1378943233,16777216,0,0,0,0,0,0,0,0,0,0,0,0,0,0,0,0,0,0,0,0,0,0,0,0,0,0,0,0,0,0,0,0,0,0,4096,256,131072,4,15|8,260,262144,262144,1,0,0,0,0,8,0,0,0,1,0,0,1,8,0|284,3179961365,8,12844,0,0,0,0,0,0,0,0,0,32557044,0,32557044,0,2048,32558406,0,1188063969,8,1,2,0,0
1786349145463|1011|fault_abort_r2f|rotating|242,1378943233,33558272,154008,154001,0,0,0,0,0,0,0,0,0,0,138,138,0,0,0,0,0,0,0,0,0,0,0,0,0,0,0,0,0,0,0,0,4096,256,131072,4,15|4,0,262144,262144,1,0,0,0,0,8,0,0,0,1,0,0,1,8,0|284,2496158452,8,12844,0,0,0,0,0,6591,0,0,0,1222200120,8,1222200120,8,2048,640026,0,1764958,0,0,0,0,0
1786349150470|1011|fault_abort_r2f|fixed|244,1378943233,16777216,0,0,0,0,0,0,0,0,0,0,0,0,0,0,0,0,0,0,0,0,0,0,0,0,0,0,0,0,0,0,0,0,0,0,4096,256,131072,4,15|8,260,262144,262144,1,0,0,0,0,8,0,0,0,1,0,0,1,8,0|286,3500451756,8,12844,0,0,0,0,0,0,0,0,0,32557044,0,32557044,0,2048,32558406,0,1508554360,8,1,2,0,0
1786349150470|1011|fault_abort_r2f|rotating|244,1378943233,33558272,154008,154001,0,0,0,0,0,0,0,0,0,0,138,138,0,0,0,0,0,0,0,0,0,0,0,0,0,0,0,0,0,0,0,0,4096,256,131072,4,15|4,0,262144,262144,1,0,0,0,0,8,0,0,0,1,0,0,1,8,0|286,2816387525,8,12844,0,0,0,0,0,6591,0,0,0,1542429193,8,1542429193,8,2048,640026,0,1764958,0,0,0,0,0
1786349155474|1011|fault_abort_r2f|fixed|246,1378943233,16777216,0,0,0,0,0,0,0,0,0,0,0,0,0,0,0,0,0,0,0,0,0,0,0,0,0,0,0,0,0,0,0,0,0,0,4096,256,131072,4,15|8,260,262144,262144,1,0,0,0,0,8,0,0,0,1,0,0,1,8,0|288,3820725734,8,12844,0,0,0,0,0,0,0,0,0,32557044,0,32557044,0,2048,32558406,0,1828828338,8,1,2,0,0
1786349155474|1011|fault_abort_r2f|rotating|246,1378943233,33558272,154008,154001,0,0,0,0,0,0,0,0,0,0,138,138,0,0,0,0,0,0,0,0,0,0,0,0,0,0,0,0,0,0,0,0,4096,256,131072,4,15|4,0,262144,262144,1,0,0,0,0,8,0,0,0,1,0,0,1,8,0|288,3137657850,8,12844,0,0,0,0,0,6591,0,0,0,1863699518,8,1863699518,8,2048,640026,0,1764958,0,0,0,0,0
1786349160484|1011|fault_abort_r2f|fixed|248,1378943233,16777216,0,0,0,0,0,0,0,0,0,0,0,0,0,0,0,0,0,0,0,0,0,0,0,0,0,0,0,0,0,0,0,0,0,0,4096,256,131072,4,15|8,260,262144,262144,1,0,0,0,0,8,0,0,0,1,0,0,1,8,0|290,4141450734,8,12844,0,0,0,0,0,0,0,0,0,32557044,0,32557044,0,2048,32558406,0,2149553338,8,1,2,0,0
1786349160484|1011|fault_abort_r2f|rotating|248,1378943233,33558272,154008,154001,0,0,0,0,0,0,0,0,0,0,138,138,0,0,0,0,0,0,0,0,0,0,0,0,0,0,0,0,0,0,0,0,4096,256,131072,4,15|4,0,262144,262144,1,0,0,0,0,8,0,0,0,1,0,0,1,8,0|290,3458573431,8,12844,0,0,0,0,0,6591,0,0,0,2184615099,8,2184615099,8,2048,640026,0,1764958,0,0,0,0,0
1786349165492|1011|fault_abort_r2f|fixed|250,1378943233,16777216,0,0,0,0,0,0,0,0,0,0,0,0,0,0,0,0,0,0,0,0,0,0,0,0,0,0,0,0,0,0,0,0,0,0,4096,256,131072,4,15|8,260,262144,262144,1,0,0,0,0,8,0,0,0,1,0,0,1,8,0|292,167145851,9,12844,0,0,0,0,0,0,0,0,0,32557044,0,32557044,0,2048,32558406,0,2470215751,8,1,2,0,0
1786349165492|1011|fault_abort_r2f|rotating|250,1378943233,33558272,154008,154001,0,0,0,0,0,0,0,0,0,0,138,138,0,0,0,0,0,0,0,0,0,0,0,0,0,0,0,0,0,0,0,0,4096,256,131072,4,15|4,0,262144,262144,1,0,0,0,0,8,0,0,0,1,0,0,1,8,0|292,3778528936,8,12844,0,0,0,0,0,6591,0,0,0,2504570604,8,2504570604,8,2048,640026,0,1764958,0,0,0,0,0
1786349170503|1011|fault_abort_r2f|fixed|252,1378943233,16777216,0,0,0,0,0,0,0,0,0,0,0,0,0,0,0,0,0,0,0,0,0,0,0,0,0,0,0,0,0,0,0,0,0,0,4096,256,131072,4,15|8,260,262144,262144,1,0,0,0,0,8,0,0,0,1,0,0,1,8,0|294,487785461,9,12844,0,0,0,0,0,0,0,0,0,32557044,0,32557044,0,2048,32558406,0,2790855361,8,1,2,0,0
1786349170503|1011|fault_abort_r2f|rotating|252,1378943233,33558272,154008,154001,0,0,0,0,0,0,0,0,0,0,138,138,0,0,0,0,0,0,0,0,0,0,0,0,0,0,0,0,0,0,0,0,4096,256,131072,4,15|4,0,262144,262144,1,0,0,0,0,8,0,0,0,1,0,0,1,8,0|294,4098622627,8,12844,0,0,0,0,0,6591,0,0,0,2824664295,8,2824664295,8,2048,640026,0,1764958,0,0,0,0,0
1786349175507|1011|fault_abort_r2f|fixed|254,1378943233,16777216,0,0,0,0,0,0,0,0,0,0,0,0,0,0,0,0,0,0,0,0,0,0,0,0,0,0,0,0,0,0,0,0,0,0,4096,256,131072,4,15|8,260,262144,262144,1,0,0,0,0,8,0,0,0,1,0,0,1,8,0|296,808212723,9,12844,0,0,0,0,0,0,0,0,0,32557044,0,32557044,0,2048,32558406,0,3111282623,8,1,2,0,0
1786349175507|1011|fault_abort_r2f|rotating|254,1378943233,33558272,154008,154001,0,0,0,0,0,0,0,0,0,0,138,138,0,0,0,0,0,0,0,0,0,0,0,0,0,0,0,0,0,0,0,0,4096,256,131072,4,15|4,0,262144,262144,1,0,0,0,0,8,0,0,0,1,0,0,1,8,0|296,123909981,9,12844,0,0,0,0,0,6591,0,0,0,3144918945,8,3144918945,8,2048,640026,0,1764958,0,0,0,0,0
1786349180512|1011|fault_abort_r2f|fixed|256,1378943233,16777216,0,0,0,0,0,0,0,0,0,0,0,0,0,0,0,0,0,0,0,0,0,0,0,0,0,0,0,0,0,0,0,0,0,0,4096,256,131072,4,15|8,260,262144,262144,1,0,0,0,0,8,0,0,0,1,0,0,1,8,0|298,1127528556,9,12844,0,0,0,0,0,0,0,0,0,32557044,0,32557044,0,2048,32558406,0,3430598456,8,1,2,0,0
1786349180512|1011|fault_abort_r2f|rotating|256,1378943233,33558272,154008,154001,0,0,0,0,0,0,0,0,0,0,138,138,0,0,0,0,0,0,0,0,0,0,0,0,0,0,0,0,0,0,0,0,4096,256,131072,4,15|4,0,262144,262144,1,0,0,0,0,8,0,0,0,1,0,0,1,8,0|298,443393462,9,12844,0,0,0,0,0,6591,0,0,0,3464402426,8,3464402426,8,2048,640026,0,1764958,0,0,0,0,0
1786349185516|1011|fault_abort_r2f|fixed|258,1378943233,16777216,0,0,0,0,0,0,0,0,0,0,0,0,0,0,0,0,0,0,0,0,0,0,0,0,0,0,0,0,0,0,0,0,0,0,4096,256,131072,4,15|8,260,262144,262144,1,0,0,0,0,8,0,0,0,1,0,0,1,8,0|300,1448537143,9,12844,0,0,0,0,0,0,0,0,0,32557044,0,32557044,0,2048,32558406,0,3751607043,8,1,2,0,0
1786349185516|1011|fault_abort_r2f|rotating|258,1378943233,33558272,154008,154001,0,0,0,0,0,0,0,0,0,0,138,138,0,0,0,0,0,0,0,0,0,0,0,0,0,0,0,0,0,0,0,0,4096,256,131072,4,15|4,0,262144,262144,1,0,0,0,0,8,0,0,0,1,0,0,1,8,0|300,764525052,9,12844,0,0,0,0,0,6591,0,0,0,3785534016,8,3785534016,8,2048,640026,0,1764958,0,0,0,0,0
