captured_ms|sequence|label|role|admission_snapshot_words_csv|ps_runtime_words_csv|pl_perf_snapshot_words_csv
1785947176036|1001|dma_reset_fixed_4_clean64|fixed|2,1378943233,16777471,6132537,6048618,6062879,6048618,6062879,6048618,5806,5784,5783,5783,0,0,738,0,178526336,178185099,4096,4096,0,0,5784,5784,360676320,360676317,360676296,360676325,0,0,0,0,0,0,0,0,4096,256,131072,4,15|4,0,67108864,262144,256,0,0,0,0,96,0,84,0,24,21,0,1,96,0|4,1077810498,0,5750048,0,0,0,0,0,6099709,0,21,0,319717801,0,319717801,0,2080,312940968,0,9646017,0,0,0,0,0
1785947176036|1001|dma_reset_fixed_4_clean64|rotating|2,1378943233,33558272,6200955,6116316,70408,0,70408,0,1492,0,746,0,0,0,5848,5848,4766136,0,4096,0,0,0,746,0,346172143,0,346172151,0,0,0,0,0,0,0,0,0,4096,256,131072,4,15|4,0,67108864,262144,256,0,0,0,0,100,0,88,0,25,22,0,1,100,0|4,391608295,0,0,0,5767168,0,5767168,0,17720,0,0,22,0,0,0,0,0,0,0,6893480,0,0,0,0,0
1785947181043|1001|dma_reset_fixed_4_clean64|fixed|4,1378943233,16780817,12398210,12228348,12257204,12228348,12257204,12228348,11738,11694,11694,11694,0,0,1494,0,360970172,360271520,4096,4096,0,0,11695,11694,680960749,680942985,680960757,680942993,0,0,0,0,0,0,0,0,4096,256,131072,4,15|4,0,67108864,262144,256,0,0,0,0,188,0,176,0,47,44,0,1,188,0|6,1398047423,0,11573856,0,0,0,0,0,12274699,0,44,0,638498774,0,638498774,0,2080,629869001,0,12644027,0,0,0,0,0
1785947181043|1001|dma_reset_fixed_4_clean64|rotating|4,1378943233,33558272,12471339,12300021,141858,0,141858,0,3006,0,1503,0,0,0,11762,11762,9602584,0,4096,0,0,0,1503,0,666980386,0,666980394,0,0,0,0,0,0,0,0,0,4096,256,131072,4,15|4,0,67108864,262144,256,0,0,0,0,188,0,176,0,47,44,0,1,188,0|6,712208681,0,0,0,11534336,0,11534336,0,35559,0,0,44,0,0,0,0,0,0,0,6938377,0,0,0,0,0
1785947186052|1001|dma_reset_fixed_4_clean64|fixed|6,1378943233,16777471,18675079,18418124,18462623,18418124,18462623,18418124,17680,17613,17612,17612,0,0,2251,0,543669211,542594822,4096,4096,0,0,17613,17613,1001778633,1001778646,1001778641,1001778654,0,0,0,0,0,0,0,0,4096,256,131072,4,15|4,0,67108864,262144,256,0,0,0,0,276,0,264,0,69,66,0,1,276,0|8,1718840883,0,17412160,0,0,0,0,0,18467026,0,66,0,957832658,0,957832658,0,2080,947508511,0,15491162,0,0,0,0,0
1785947186052|1001|dma_reset_fixed_4_clean64|rotating|6,1378943233,33558272,18743097,18485340,213214,0,213214,0,4518,0,2259,0,0,0,17676,17676,14432616,0,4096,0,0,0,2259,0,987535122,0,987535130,0,0,0,0,0,0,0,0,0,4096,256,131072,4,15|4,0,67108864,262144,256,0,0,0,0,276,0,264,0,69,66,0,1,276,0|8,1033279210,0,0,0,17301504,0,17301504,0,53445,0,0,66,0,0,0,0,0,0,0,6984056,0,0,0,0,0
1785947191063|1001|dma_reset_fixed_4_clean64|fixed|8,1378943233,16777471,24951808,24608410,24667996,24608410,24667996,24608410,23620,23531,23530,23530,0,0,3007,0,726336242,724901752,4096,4096,0,0,23531,23531,1322436422,1322436435,1322436430,1322436387,0,0,0,0,0,0,0,0,4096,256,131072,4,15|4,0,67108864,262144,256,0,0,0,0,364,0,352,0,91,88,0,1,364,0|10,2040000810,0,23250464,0,0,0,0,0,24666366,0,88,0,1277533009,0,1277533009,0,2080,1265504885,0,18347900,0,0,0,0,0
1785947191063|1001|dma_reset_fixed_4_clean64|rotating|8,1378943233,33558272,25058786,24714188,284942,0,284942,0,6038,0,3019,0,0,0,23631,23631,19288168,0,4096,0,0,0,3019,0,1309818528,0,1309818536,0,0,0,0,0,0,0,0,0,4096,256,131072,4,15|4,0,67108864,262144,256,0,0,0,0,364,0,352,0,91,88,0,1,364,0|10,1355583815,0,0,0,23068672,0,23068672,0,71376,0,0,88,0,0,0,0,0,0,0,7026265,0,0,0,0,0
1785947196107|1001|dma_reset_fixed_4_clean64|fixed|10,1378943233,16781056,31267940,30835694,30912307,30835694,30912307,30835694,29596,29485,29485,29485,0,0,3768,0,910143032,908348856,4096,4096,0,0,29485,29485,1645059787,1645060104,1645059795,1645060112,0,0,0,0,0,0,0,0,4096,256,131072,4,15|4,0,67108864,262144,256,0,0,0,0,456,0,444,0,114,111,0,1,456,0|12,2363392788,0,29129600,0,0,0,0,0,30905365,0,111,0,1599455203,0,1599455203,0,2080,1585598500,0,21333428,0,0,0,0,0
1785947196107|1001|dma_reset_fixed_4_clean64|rotating|10,1378943233,33558272,31356818,30922939,356673,0,356673,0,7558,0,3779,0,0,0,29568,29568,24143808,0,4096,0,0,0,3779,0,1631903594,0,1631903602,0,0,0,0,0,0,0,0,0,4096,256,131072,4,15|4,0,67108864,262144,256,0,0,0,0,456,0,444,0,114,111,0,1,456,0|12,1677860143,0,0,0,29097984,0,29097984,0,89310,0,0,111,0,0,0,0,0,0,0,7073626,0,0,0,0,0
1785947201110|1001|dma_reset_fixed_4_clean64|fixed|12,1378943233,16777471,37533516,37014952,37106625,37014952,37106625,37014952,35527,35393,35392,35392,0,0,4523,0,1092484066,1090313712,4096,4096,0,0,35393,35393,1965289472,1965289501,1965289488,1965289485,0,0,0,0,0,0,0,0,4096,256,131072,4,15|4,0,67108864,262144,256,0,0,0,0,544,0,532,0,136,133,0,1,544,0|14,2682283390,0,34928384,0,0,0,0,0,37061050,0,133,0,1916896109,0,1916896109,0,2080,1901326496,0,24190614,0,0,0,0,0
1785947201110|1001|dma_reset_fixed_4_clean64|rotating|12,1378943233,33558272,37608330,37088786,427744,0,427744,0,9064,0,4532,0,0,0,35462,35462,28954712,0,4096,0,0,0,4532,0,1951179063,0,1951179071,0,0,0,0,0,0,0,0,0,4096,256,131072,4,15|4,0,67108864,262144,256,0,0,0,0,544,0,532,0,136,133,0,1,544,0|14,1996625438,0,0,0,34865152,0,34865152,0,107054,0,0,133,0,0,0,0,0,0,0,7119922,0,0,0,0,0
1785947206111|1001|dma_reset_fixed_4_clean64|fixed|14,1378943233,16781056,43798826,43193980,43300674,43193980,43300674,43193980,41455,41300,41299,41299,0,0,5278,0,1274818736,1272288696,4096,4096,0,0,41299,41299,2285348026,2285348375,2285348034,2285348383,0,0,0,0,0,0,0,0,4096,256,131072,4,15|4,0,67108864,262144,256,0,0,0,0,632,0,620,0,158,155,0,1,632,0|16,3002335364,0,40750880,0,0,0,0,0,43238851,0,155,0,2235492459,0,2235492459,0,2080,2218215322,0,27047505,0,0,0,0,0
1785947206111|1001|dma_reset_fixed_4_clean64|rotating|14,1378943233,33558272,43874142,43268501,499004,0,499004,0,10574,0,5287,0,0,0,41370,41370,33778352,0,4096,0,0,0,5287,0,2271313789,0,2271313797,0,0,0,0,0,0,0,0,0,4096,256,131072,4,15|4,0,67108864,262144,256,0,0,0,0,632,0,620,0,158,155,0,1,632,0|16,2316492134,0,0,0,40632320,0,40632320,0,124845,0,0,155,0,0,0,0,0,0,0,7159784,0,0,0,0,0
1785947211116|1001|dma_reset_fixed_4_clean64|fixed|16,1378943233,16781056,50068615,49377924,49499108,49377924,49499108,49377924,47389,47212,47211,47211,0,0,6034,0,1457310720,1454421320,4096,4096,0,0,47211,47211,2605702649,2605702982,2605702657,2605702990,0,0,0,0,0,0,0,0,4096,256,131072,4,15|4,0,67108864,262144,256,0,0,0,0,720,0,708,0,180,177,0,1,720,0|18,3322875567,0,46581280,0,0,0,0,0,49425512,0,177,0,2554575062,0,2554575062,0,2080,2535587023,0,29909471,0,0,0,0,0
1785947211116|1001|dma_reset_fixed_4_clean64|rotating|16,1378943233,33558272,50142522,49450983,570262,0,570262,0,12084,0,6042,0,0,0,47280,47280,38601960,0,4096,0,0,0,6042,0,2591453560,0,2591453568,0,0,0,0,0,0,0,0,0,4096,256,131072,4,15|4,0,67108864,262144,256,0,0,0,0,720,0,708,0,180,177,0,1,720,0|18,2636714754,0,0,0,46399488,0,46399488,0,142659,0,0,177,0,0,0,0,0,0,0,7206151,0,0,0,0,0
1785947216125|1001|dma_reset_fixed_4_clean64|fixed|18,1378943233,16781056,56348251,55570870,55707391,55570870,55707391,55570870,53331,53132,53131,53131,0,0,6790,0,1640049496,1636801184,4096,4096,0,0,53131,53131,2926479425,2926479758,2926479433,2926479766,0,0,0,0,0,0,0,0,4096,256,131072,4,15|4,0,67108864,262144,256,0,0,0,0,808,0,796,0,202,199,0,1,808,0|20,3643396829,0,52411680,0,0,0,0,0,55612747,0,199,0,2873638724,0,2873638724,0,2080,2852947396,0,32763824,0,0,0,0,0
1785947216125|1001|dma_reset_fixed_4_clean64|rotating|18,1378943233,33558272,56426277,55647239,641800,0,641800,0,13600,0,6800,0,0,0,53204,53204,43444800,0,4096,0,0,0,6800,0,2912551241,0,2912551249,0,0,0,0,0,0,0,0,0,4096,256,131072,4,15|4,0,67108864,262144,256,0,0,0,0,812,0,800,0,203,200,0,1,812,0|20,2958437116,0,0,0,52428800,0,52428800,0,160592,0,0,200,0,0,0,0,0,0,0,7257252,0,0,0,0,0
1785947221137|1001|dma_reset_fixed_4_clean64|fixed|20,1378943233,16779383,62623819,61760199,61911611,61760199,61911611,61760199,59271,59050,59048,59048,0,0,7546,0,1822696305,1819087928,4096,4096,0,0,59049,59049,3247116396,3247116441,3247116404,3247116417,0,0,0,0,0,0,0,0,4096,256,131072,4,15|4,0,67108864,262144,256,0,0,0,0,900,0,888,0,225,222,0,1,900,0|22,3964195551,0,58243392,0,0,0,0,0,61802217,0,222,0,3192979518,0,3192979518,0,2080,3170449585,0,35749196,0,0,0,0,0
1785947221137|1001|dma_reset_fixed_4_clean64|rotating|20,1378943233,33558272,62694487,61829398,713060,0,713060,0,15110,0,7555,0,0,0,59114,59114,48268456,0,4096,0,0,0,7555,0,3232811128,0,3232811136,0,0,0,0,0,0,0,0,0,4096,256,131072,4,15|4,0,67108864,262144,256,0,0,0,0,900,0,888,0,225,222,0,1,900,0|22,3278307884,0,0,0,58195968,0,58195968,0,178383,0,0,222,0,0,0,0,0,0,0,7300219,0,0,0,0,0
1785947226150|1001|dma_reset_fixed_4_clean64|fixed|22,1378943233,16777471,68905446,67953031,68121693,67953031,68121693,67953031,65217,64973,64970,64970,0,0,8304,0,2005503911,2001519002,4096,4096,0,0,64971,64971,3568134105,3568134126,3568134113,3568134134,0,0,0,0,0,0,0,0,4096,256,131072,4,15|4,0,67108864,262144,256,0,0,0,0,988,0,976,0,247,244,0,1,988,0|24,4285249715,0,64081696,0,0,0,0,0,67998837,0,244,0,3512574106,0,3512574106,0,2080,3488342238,0,38603892,0,0,0,0,0
1785947226150|1001|dma_reset_fixed_4_clean64|rotating|22,1378943233,33558272,68977233,68024026,784510,0,784510,0,16624,0,8312,0,0,0,65038,65038,53104888,0,4096,0,0,0,8312,0,3553803194,0,3553803202,0,0,0,0,0,0,0,0,0,4096,256,131072,4,15|4,0,67108864,262144,256,0,0,0,0,988,0,976,0,247,244,0,1,988,0|24,3600151083,0,0,0,63963136,0,63963136,0,196293,0,0,244,0,0,0,0,0,0,0,7340916,0,0,0,0,0
