captured_ms|sequence|label|role|admission_snapshot_words_csv|ps_runtime_words_csv|pl_perf_snapshot_words_csv
1788101325155|1001|twoplustwo_f3_rC|fixed|2,1378943233,16780339,6080652,6072586,6080652,6072586,6080652,6072586,10975,10944,5481,5471,0,0,0,0,177361054,177197625,4096,4096,0,0,5482,5482,362239044,362239033,362239052,362239041,0,0,0,0,0,0,0,0,4096,256,131072,4,15|4,0,30000000,262144,115,0,0,0,0,96,0,80,0,13,10,0,1,96,0|4,1073261882,0,2731604,0,2621440,0,2621440,0,3064138,0,10,10,298584117,0,298584117,0,2080,308405690,0,14290791,0,0,0,0,0
1788101325155|1001|twoplustwo_f3_rC|rotating|2,1378943233,33558272,6175658,6167580,0,0,0,0,0,0,0,0,0,0,5567,5557,0,0,0,0,0,0,0,0,0,0,0,0,0,0,0,0,0,0,0,0,4096,256,131072,4,15|4,0,30000000,262144,115,0,0,0,0,96,0,80,0,13,10,0,1,96,0|4,395247453,0,2765688,0,2621440,0,2621440,0,3102232,0,10,10,302463672,0,302463672,0,2080,311976970,0,14288059,0,0,0,0,0
1788101330160|1001|twoplustwo_f3_rC|fixed|4,1378943233,16780339,12143674,12127256,12143674,12127256,12143674,12127256,21919,21858,10948,10928,0,0,0,0,354262753,353937052,4096,4096,0,0,10949,10949,682512935,682512964,682512943,682512972,0,0,0,0,0,0,0,0,4096,256,131072,4,15|4,0,30000000,262144,115,0,0,0,0,176,0,160,0,23,20,0,1,176,0|6,1393498014,0,5425168,0,5242880,0,5242880,0,6093053,0,20,20,593762189,0,593762189,0,2080,613397962,0,26324796,0,0,0,0,0
1788101330160|1001|twoplustwo_f3_rC|rotating|4,1378943233,33555404,12216544,12200154,0,0,0,0,0,0,0,0,0,0,11014,10994,0,0,0,0,0,0,0,0,0,0,0,0,0,0,0,0,0,0,0,0,4096,256,131072,4,15|4,0,30000000,262144,115,0,0,0,0,176,0,160,0,23,20,0,1,176,0|6,714742067,0,5452832,0,5242880,0,5242880,0,6123209,0,20,20,596901615,0,596901615,0,2080,615907058,0,26323058,0,0,0,0,0
1788101335173|1001|twoplustwo_f3_rC|fixed|6,1378943233,16780339,18220998,18195817,18220998,18195817,18220998,18195817,32885,32794,16426,16396,0,0,0,0,531496832,531009502,4096,4096,0,0,16427,16427,1003368974,1003368955,1003368966,1003368963,0,0,0,0,0,0,0,0,4096,256,131072,4,15|4,0,30000000,262144,115,0,0,0,0,256,0,240,0,33,30,0,1,256,0|8,1714323637,0,8124164,0,7864320,0,7864320,0,9129237,0,30,30,889524547,0,889524547,0,2054,918979350,0,38359141,0,0,0,0,0
1788101335173|1001|twoplustwo_f3_rC|rotating|6,1378943233,33558272,18292986,18266927,0,0,0,0,0,0,0,0,0,0,16492,16461,0,0,0,0,0,0,0,0,0,0,0,0,0,0,0,0,0,0,0,0,4096,256,131072,4,15|5,0,30000000,262144,115,0,0,0,0,264,0,248,0,34,31,0,1,264,0|8,1036360065,0,8144744,0,8126464,0,8126464,0,9150769,0,31,31,891027591,0,891027591,0,2080,920404114,0,39557195,0,0,0,0,0
1788101340202|1001|twoplustwo_f3_rC|fixed|8,1378943233,16780339,24287287,24252030,24287287,24252030,24287287,24252030,43838,43714,21897,21856,0,0,0,0,708502472,707835848,4096,4096,0,0,21898,21898,1325393434,1325393439,1325393386,1325393415,0,0,0,0,0,0,0,0,4096,256,131072,4,15|4,0,30000000,262144,115,0,0,0,0,344,0,328,0,44,41,0,1,344,0|10,2035231781,0,10809656,0,10747904,0,10747904,0,12148856,0,41,41,1182934399,0,1182934399,0,2080,1223119113,0,51596667,0,0,0,0,0
1788101340202|1001|twoplustwo_f3_rC|rotating|8,1378943233,33555404,24339395,24304067,0,0,0,0,0,0,0,0,0,0,21944,21903,0,0,0,0,0,0,0,0,0,0,0,0,0,0,0,0,0,0,0,0,4096,256,131072,4,15|4,0,30000000,262144,115,0,0,0,0,344,0,328,0,44,41,0,1,344,0|10,1356397093,0,10836824,0,10747904,0,10747904,0,12176765,0,41,41,1186010247,0,1186010247,0,2080,1224877327,0,51588616,0,0,0,0,0
1788101345213|1001|twoplustwo_f3_rC|fixed|10,1378943233,16780339,30359421,30314887,30359421,30314887,30359421,30314887,54799,54645,27373,27322,0,0,0,0,885680213,884850024,4096,4096,0,0,27374,27374,1646148834,1646148855,1646148842,1646148831,0,0,0,0,0,0,0,0,4096,256,131072,4,15|4,0,30000000,262144,115,0,0,0,0,424,0,408,0,54,51,0,1,424,0|12,2357261582,0,13519520,0,13369344,0,13369344,0,15195244,0,51,51,1479899812,0,1479899812,0,2080,1529904925,0,63630759,0,0,0,0,0
1788101345213|1001|twoplustwo_f3_rC|rotating|10,1378943233,33555404,30428242,30383663,0,0,0,0,0,0,0,0,0,0,27434,27383,0,0,0,0,0,0,0,0,0,0,0,0,0,0,0,0,0,0,0,0,4096,256,131072,4,15|4,0,30000000,262144,115,0,0,0,0,424,0,408,0,54,51,0,1,424,0|12,1678100732,0,13543728,0,13369344,0,13369344,0,15219251,0,51,51,1482655301,0,1482655301,0,2080,1531017345,0,63620556,0,0,0,0,0
1788101355691|1002|twoplustwo_fC_r3|fixed|14,1378943233,16778188,6066156,6061992,0,0,0,0,0,0,0,0,0,0,5472,5462,0,0,0,0,0,0,0,0,0,0,0,0,0,0,0,0,0,0,0,0,4096,256,131072,4,15|4,0,30000000,262144,115,0,0,0,0,96,0,80,0,13,10,0,1,96,0|20,3027510431,0,2725676,0,2621440,0,2621440,0,3057226,0,10,10,297954015,0,297954015,0,2080,307774107,0,14289286,0,0,0,0,0
1788101355691|1002|twoplustwo_fC_r3|rotating|14,1378943233,33557555,6159708,6155679,6159708,6155679,6159708,6155679,11125,11094,5556,5546,0,0,0,0,179793961,179630060,4096,4096,0,0,5557,5557,366701876,366701889,366701884,366701897,0,0,0,0,0,0,0,0,4096,256,131072,4,15|4,0,30000000,262144,115,0,0,0,0,96,0,80,0,13,10,0,1,96,0|20,2350072674,0,2765196,0,2621440,0,2621440,0,3101219,0,10,10,302410494,0,302410494,0,2080,311931157,0,14290534,0,0,0,0,0
1788101360718|1002|twoplustwo_fC_r3|fixed|16,1378943233,16781056,12156064,12149464,0,0,0,0,0,0,0,0,0,0,10965,10945,0,0,0,0,0,0,0,0,0,0,0,0,0,0,0,0,0,0,0,0,4096,256,131072,4,15|4,0,30000000,262144,115,0,0,0,0,176,0,160,0,23,20,0,1,176,0|22,3349187201,0,5432576,0,5242880,0,5242880,0,6102208,0,20,20,594567258,0,594567258,0,2080,614207033,0,26323221,0,0,0,0,0
1788101360718|1002|twoplustwo_fC_r3|rotating|16,1378943233,33557555,12231022,12224591,12231022,12224591,12231022,12224591,22087,22026,11032,11012,0,0,0,0,356980186,356654061,4096,4096,0,0,11033,11033,687467369,687467358,687467377,687467366,0,0,0,0,0,0,0,0,4096,256,131072,4,15|4,0,30000000,262144,115,0,0,0,0,176,0,160,0,23,20,0,1,176,0|22,2670581541,0,5461724,0,5242880,0,5242880,0,6133575,0,20,20,597864035,0,597864035,0,2080,616877050,0,26321779,0,0,0,0,0
1788101365725|1002|twoplustwo_fC_r3|fixed|18,1378943233,16778188,18220880,18210541,0,0,0,0,0,0,0,0,0,0,16439,16409,0,0,0,0,0,0,0,0,0,0,0,0,0,0,0,0,0,0,0,0,4096,256,131072,4,15|4,0,30000000,262144,115,0,0,0,0,256,0,240,0,33,30,0,1,256,0|24,3669784879,0,8126464,0,7864320,0,7864320,0,9133122,0,31,30,889770125,0,889770125,0,2048,919560872,0,38357207,0,0,0,0,0
1788101365725|1002|twoplustwo_fC_r3|rotating|18,1378943233,33558272,18277755,18266693,18277755,18266693,18277755,18266693,33015,32922,16492,16461,0,0,0,0,533607080,533101176,4096,4096,0,0,16492,16492,1007324520,1007324520,1007324528,1007324528,0,0,0,0,0,0,0,0,4096,256,131072,4,15|4,0,30000000,262144,115,0,0,0,0,264,0,248,0,34,31,0,1,264,0|24,2992076179,0,8152152,0,8126464,0,8126464,0,9157049,0,31,31,891862964,0,891862964,0,2080,921250798,0,39559977,0,0,0,0,0
1788101370728|1002|twoplustwo_fC_r3|fixed|20,1378943233,16778188,24243124,24229482,0,0,0,0,0,0,0,0,0,0,21877,21836,0,0,0,0,0,0,0,0,0,0,0,0,0,0,0,0,0,0,0,0,4096,256,131072,4,15|4,0,30000000,262144,115,0,0,0,0,344,0,328,0,44,41,0,1,344,0|26,3989890894,0,10807680,0,10747904,0,10747904,0,12143665,0,41,41,1182715897,0,1182715897,0,2080,1222898864,0,51594349,0,0,0,0,0
1788101370728|1002|twoplustwo_fC_r3|rotating|20,1378943233,33557555,24316010,24302444,24316010,24302444,24316010,24302444,43929,43805,21943,21902,0,0,0,0,709985762,709315821,4096,4096,0,0,21944,21944,1328224914,1328224911,1328224930,1328224919,0,0,0,0,0,0,0,0,4096,256,131072,4,15|4,0,30000000,262144,115,0,0,0,0,344,0,328,0,44,41,0,1,344,0|26,3310855407,0,10833368,0,10747904,0,10747904,0,12169533,0,41,41,1185591953,0,1185591953,0,2080,1224466931,0,51589938,0,0,0,0,0
1788101375738|1002|twoplustwo_fC_r3|fixed|22,1378943233,16778188,30304736,30287128,0,0,0,0,0,0,0,0,0,0,27348,27297,0,0,0,0,0,0,0,0,0,0,0,0,0,0,0,0,0,0,0,0,4096,256,131072,4,15|4,0,30000000,262144,115,0,0,0,0,424,0,408,0,54,51,0,1,424,0|28,15804865,1,13507172,0,13369344,0,13369344,0,15178252,0,51,51,1478538694,0,1478538694,0,2080,1528536617,0,63627954,0,0,0,0,0
1788101375738|1002|twoplustwo_fC_r3|rotating|22,1378943233,33557555,30382140,30364554,30382140,30364554,30382140,30364554,54888,54734,27417,27366,0,0,0,0,887127416,886293579,4096,4096,0,0,27418,27418,1648904462,1648904483,1648904470,1648904491,0,0,0,0,0,0,0,0,4096,256,131072,4,15|4,0,30000000,262144,115,0,0,0,0,424,0,408,0,54,51,0,1,424,0|28,3631898583,0,13534340,0,13369344,0,13369344,0,15205106,0,51,51,1481575724,0,1481575724,0,2080,1529947034,0,63624139,0,0,0,0,0
1788101386270|1003|twoplustwo_f5_rA|fixed|26,1378943233,16779861,6059695,6055648,6059695,0,6059695,0,10945,0,5466,0,0,0,0,5467,176894283,59224,4096,4096,0,0,5467,9,361460879,351694795,361460887,351694803,0,0,0,0,0,0,0,0,4096,256,131072,4,15|4,0,30000000,262144,115,0,0,0,0,96,0,80,0,13,10,0,1,96,0|36,689659560,1,2723204,0,2621440,0,2621440,0,3051932,0,10,10,297640451,0,297640451,0,2080,307461351,0,14289262,0,0,0,0,0
1788101386270|1003|twoplustwo_f5_rA|rotating|26,1378943233,33558272,6135066,6130946,0,6130946,0,6130946,0,11081,0,5535,0,0,5534,0,65784,179097952,4096,4096,0,0,10,5535,351783401,365283768,351783409,365283776,0,0,0,0,0,0,0,0,4096,256,131072,4,15|4,0,30000000,262144,115,0,0,0,0,96,0,80,0,13,10,0,1,96,0|36,11797113,1,2758772,0,2621440,0,2621440,0,3091526,0,10,10,301677026,0,301677026,0,2080,311195697,0,14288909,0,0,0,0,0
1788101391287|1003|twoplustwo_f5_rA|fixed|28,1378943233,16780100,12133622,12125288,12133622,0,12133622,0,21917,0,10948,0,0,0,0,10949,354268024,125008,4096,4096,0,0,10948,19,682535092,663757854,682535100,663757862,0,0,0,0,0,0,0,0,4096,256,131072,4,15|4,0,30000000,262144,115,0,0,0,0,176,0,160,0,23,20,0,1,176,0|38,1011370971,1,5430108,0,5242880,0,5242880,0,6093081,0,20,20,594290190,0,594290190,0,2080,613928751,0,26323368,0,0,0,0,0
1788101391287|1003|twoplustwo_f5_rA|rotating|28,1378943233,33555882,12238025,12229677,0,12229677,0,12229677,0,22108,0,11043,0,0,11042,0,131568,357321228,4096,4096,0,0,20,11044,663846976,687853553,663846984,687853561,0,0,0,0,0,0,0,0,4096,256,131072,4,15|4,0,30000000,262144,115,0,0,0,0,176,0,160,0,23,20,0,1,176,0|38,334180779,1,5471604,0,5242880,0,5242880,0,6138414,0,20,20,598998773,0,598998773,0,2080,618015886,0,26322669,0,0,0,0,0
1788101396302|1003|twoplustwo_f5_rA|fixed|30,1378943233,16779861,18204857,18192503,18204857,0,18204857,0,32886,0,16427,0,0,0,0,16428,531554482,190808,4096,4096,0,0,16428,29,1003490985,975824209,1003490993,975824217,0,0,0,0,0,0,0,0,4096,256,131072,4,15|4,0,30000000,262144,115,0,0,0,0,256,0,240,0,33,30,0,1,256,0|40,1330923740,1,8117744,0,7864320,0,7864320,0,9112662,0,30,30,888787764,0,888787764,0,2064,918237620,0,38357398,0,0,0,0,0
1788101396302|1003|twoplustwo_f5_rA|rotating|30,1378943233,33558272,18273416,18260987,0,18260987,0,18260987,0,33011,0,16490,0,0,16489,0,197400,533566952,4096,4096,0,0,30,16490,975910900,1006982316,975910908,1006982324,0,0,0,0,0,0,0,0,4096,256,131072,4,15|5,0,30000000,262144,115,0,0,0,0,264,0,248,0,34,31,0,1,264,0|40,653082911,1,8139308,0,8126464,0,8126464,0,9135081,0,31,31,890410615,0,890410615,0,2080,919797482,0,39561097,0,0,0,0,0
1788101401303|1003|twoplustwo_f5_rA|fixed|32,1378943233,16779861,24229907,24213214,24229907,0,24229907,0,43772,0,21864,0,0,0,0,21865,707462495,263200,4096,4096,0,0,21865,40,1323623691,1319090592,1323623699,1319090600,0,0,0,0,0,0,0,0,4096,256,131072,4,15|4,0,30000000,262144,115,0,0,0,0,344,0,328,0,44,41,0,1,344,0|42,1651867404,1,10803728,0,10747904,0,10747904,0,12131186,0,41,41,1182232779,0,1182232779,0,2080,1222413204,0,51594657,0,0,0,0,0
1788101401303|1003|twoplustwo_f5_rA|rotating|32,1378943233,33558272,24306867,24290104,0,24290104,0,24290104,0,43912,0,21935,0,0,21934,0,269776,709723536,4096,4096,0,0,41,21935,1319180439,1327547598,1319180447,1327547606,0,0,0,0,0,0,0,0,4096,256,131072,4,15|4,0,30000000,262144,115,0,0,0,0,344,0,328,0,44,41,0,1,344,0|42,973335047,1,10833368,0,10747904,0,10747904,0,12161545,0,41,41,1185608983,0,1185608983,0,2080,1224486537,0,51591414,0,0,0,0,0
1788101406315|1003|twoplustwo_f5_rA|fixed|34,1378943233,16779861,30302927,30282468,30302927,0,30302927,0,54740,0,27343,0,0,0,0,27344,884744784,329000,4096,4096,0,0,27344,50,1644554037,1631154451,1644554045,1631154459,0,0,0,0,0,0,0,0,4096,256,131072,4,15|4,0,30000000,262144,115,0,0,0,0,424,0,408,0,54,51,0,1,424,0|44,1973074574,1,13506104,0,13369344,0,13369344,0,15168248,0,51,51,1478374110,0,1478374110,0,2080,1528376252,0,63628880,0,0,0,0,0
1788101406315|1003|twoplustwo_f5_rA|rotating|34,1378943233,33558272,30393322,30372807,0,30372807,0,30372807,0,54904,0,27426,0,0,27425,0,335544,887397176,4096,4096,0,0,51,27426,1631244293,1649151507,1631244301,1649151515,0,0,0,0,0,0,0,0,4096,256,131072,4,15|4,0,30000000,262144,115,0,0,0,0,424,0,408,0,54,51,0,1,424,0|44,1294728299,1,13537304,0,13369344,0,13369344,0,15200022,0,51,51,1481946193,0,1481946193,0,2080,1530314779,0,63621518,0,0,0,0,0
1788101416859|1004|twoplustwo_fA_r5|fixed|38,1378943233,16778666,6071644,6075698,0,6075698,0,6075698,0,10973,0,5480,0,0,5481,0,59168,177356036,4096,4096,0,0,9,5481,352270758,362830180,352270766,362830188,0,0,0,0,0,0,0,0,4096,256,131072,4,15|4,0,30000000,262144,115,0,0,0,0,96,0,80,0,13,10,0,1,96,0|52,2648775297,1,2734072,0,2621440,0,2621440,0,3064249,0,10,10,298875107,0,298875107,0,2080,308699007,0,14288933,0,0,0,0,0
1788101416859|1004|twoplustwo_fA_r5|rotating|38,1378943233,33557077,6152349,6156482,6152349,0,6152349,0,11121,0,5554,0,0,0,0,5553,179721396,65816,4096,4096,0,0,5555,10,366949486,352361377,366949494,352361385,0,0,0,0,0,0,0,0,4096,256,131072,4,15|4,0,30000000,262144,115,0,0,0,0,96,0,80,0,13,10,0,1,96,0|52,1971023540,1,2770628,0,2621440,0,2621440,0,3105038,0,10,10,303023375,0,303023375,0,2080,312546204,0,14288725,0,0,0,0,0
1788101421861|1004|twoplustwo_fA_r5|fixed|40,1378943233,16778666,12115031,12122874,0,12122874,0,12122874,0,21887,0,10932,0,0,10933,0,124984,353763098,4096,4096,0,0,19,10933,664336823,682253372,664336831,682253380,0,0,0,0,0,0,0,0,4096,256,131072,4,15|4,0,30000000,262144,115,0,0,0,0,176,0,160,0,23,20,0,1,176,0|54,2967681371,1,5415780,0,5242880,0,5242880,0,6080653,0,20,20,592724327,0,592724327,0,2080,612361202,0,26322964,0,0,0,0,0
1788101421861|1004|twoplustwo_fA_r5|rotating|40,1378943233,33557077,12195812,12203668,12195812,0,12195812,0,22035,0,11006,0,0,0,0,11005,356127351,131632,4096,4096,0,0,11007,20,686370703,664424889,686370711,664424897,0,0,0,0,0,0,0,0,4096,256,131072,4,15|4,0,30000000,262144,115,0,0,0,0,176,0,160,0,23,20,0,1,176,0|54,2288934471,1,5443940,0,5242880,0,5242880,0,6110751,0,20,20,595884015,0,595884015,0,2078,614893795,0,26320765,0,0,0,0,0
1788101426861|1004|twoplustwo_fA_r5|fixed|42,1378943233,16778666,18165164,18176913,0,18176913,0,18176913,0,32815,0,16391,0,0,16392,0,190824,530413496,4096,4096,0,0,29,16392,976399838,1002091272,976399846,1002091248,0,0,0,0,0,0,0,0,4096,256,131072,4,15|4,0,30000000,262144,115,0,0,0,0,256,0,240,0,33,30,0,1,256,0|56,3288581160,1,8115768,0,7864320,0,7864320,0,9115970,0,30,30,888558289,0,888558289,0,2080,918016693,0,38357406,0,0,0,0,0
1788101426861|1004|twoplustwo_fA_r5|rotating|42,1378943233,33557077,18260144,18271972,18260144,0,18260144,0,32989,0,16478,0,0,0,0,16477,533201495,197408,4096,4096,0,0,16479,30,1006939774,976488951,1006939782,976488959,0,0,0,0,0,0,0,0,4096,256,131072,4,15|4,0,30000000,262144,115,0,0,0,0,260,0,248,0,34,31,0,1,260,0|56,2609980383,1,8126464,0,8126464,0,8126464,0,9134394,0,31,31,889783030,0,889783030,0,2080,919161146,0,39532791,0,0,0,0,0
1788101431861|1004|twoplustwo_fA_r5|fixed|44,1378943233,16778666,24191895,24207749,0,24207749,0,24207749,0,43704,0,21830,0,0,21831,0,263208,706351656,4096,4096,0,0,40,21831,1319669515,1322291654,1319669523,1322291606,0,0,0,0,0,0,0,0,4096,256,131072,4,15|4,0,30000000,262144,115,0,0,0,0,344,0,328,0,44,41,0,1,344,0|58,3607876791,1,10786932,0,10747904,0,10747904,0,12120714,0,41,41,1180359873,0,1180359873,0,2080,1220544229,0,51594615,0,0,0,0,0
1788101431861|1004|twoplustwo_fA_r5|rotating|44,1378943233,33557077,24272215,24288105,24272215,0,24272215,0,43850,0,21903,0,0,0,0,21902,708704935,269776,4096,4096,0,0,21904,41,1326384235,1319758737,1326384243,1319758745,0,0,0,0,0,0,0,0,4096,256,131072,4,15|4,0,30000000,262144,115,0,0,0,0,344,0,328,0,44,41,0,1,344,0|58,2929751523,1,10820524,0,10747904,0,10747904,0,12155561,0,41,41,1184156386,0,1184156386,0,2080,1223024076,0,51586477,0,0,0,0,0
1788101436864|1004|twoplustwo_fA_r5|fixed|46,1378943233,16781056,30241197,30260866,0,30260866,0,30260866,0,54642,0,27295,0,0,27296,0,328992,883177536,4096,4096,0,0,50,27295,1631732439,1642420388,1631732447,1642420396,0,0,0,0,0,0,0,0,4096,256,131072,4,15|4,0,30000000,262144,115,0,0,0,0,424,0,408,0,54,51,0,1,424,0|60,3927921430,1,13479012,0,13369344,0,13369344,0,15144312,0,51,51,1475343467,0,1475343467,0,2080,1525344796,0,63628804,0,0,0,0,0
1788101436864|1004|twoplustwo_fA_r5|rotating|46,1378943233,33557077,30308810,30328547,30308810,0,30308810,0,54766,0,27356,0,0,0,0,27355,885150600,335592,4096,4096,0,0,27357,51,1645872670,1631822539,1645872646,1631822547,0,0,0,0,0,0,0,0,4096,256,131072,4,15|4,0,30000000,262144,115,0,0,0,0,424,0,408,0,54,51,0,1,424,0|60,3248879878,1,13504208,0,13369344,0,13369344,0,15169787,0,51,51,1478232948,0,1478232948,0,2080,1526588776,0,63617471,0,0,0,0,0
1788101447439|1005|twoplustwo_f9_r6|fixed|50,1378943233,16778905,6070267,6066173,6070267,0,6070267,0,10955,0,5471,0,0,0,0,5472,177070588,59224,4096,4096,0,0,5472,9,362495062,352428108,362495070,352428116,0,0,0,0,0,0,0,0,4096,256,131072,4,15|4,0,30000000,262144,115,0,0,0,0,96,0,80,0,13,10,0,1,96,0|68,309811786,2,2724688,0,2621440,0,2621440,0,3055866,0,10,10,297800963,0,297800963,0,2080,307627093,0,14289104,0,0,0,0,0
1788101447439|1005|twoplustwo_f9_r6|rotating|50,1378943233,33556838,6136728,6132573,0,6132573,0,6132573,0,11077,0,5532,0,0,5531,0,65784,179018646,4096,4096,0,0,10,5533,352519741,365896641,352519749,365896649,0,0,0,0,0,0,0,0,4096,256,131072,4,15|4,0,30000000,262144,115,0,0,0,0,96,0,80,0,13,10,0,1,96,0|68,3925822817,1,2750376,0,2621440,0,2621440,0,3084500,0,10,10,300755659,0,300755659,0,2080,310268242,0,14284279,0,0,0,0,0
1788101452441|1005|twoplustwo_f9_r6|fixed|52,1378943233,16778905,12126896,12118760,12126896,0,12126896,0,21891,0,10934,0,0,0,0,10935,353824928,125000,4096,4096,0,0,10935,19,682520751,664494211,682520743,664494227,0,0,0,0,0,0,0,0,4096,256,131072,4,15|4,0,30000000,262144,115,0,0,0,0,176,0,160,0,23,20,0,1,176,0|70,629899527,2,5416768,0,5242880,0,5242880,0,6082744,0,20,20,592829577,0,592829577,0,2080,612470649,0,26323396,0,0,0,0,0
1788101452441|1005|twoplustwo_f9_r6|rotating|52,1378943233,33556838,12194220,12186067,0,12186067,0,12186067,0,22013,0,10995,0,0,10994,0,131592,355789259,4096,4096,0,0,20,10996,664583563,685943009,664583571,685943017,0,0,0,0,0,0,0,0,4096,256,131072,4,15|4,0,30000000,262144,115,0,0,0,0,176,0,160,0,23,20,0,1,176,0|70,4245877294,1,5442952,0,5242880,0,5242880,0,6110381,0,20,20,595754432,0,595754432,0,2080,614759405,0,26316932,0,0,0,0,0
1788101457451|1005|twoplustwo_f9_r6|fixed|54,1378943233,16781056,18197187,18184781,18197187,0,18197187,0,32841,0,16405,0,0,0,0,16406,530838192,190824,4096,4096,0,0,16405,29,1002975590,976557724,1002975598,976557732,0,0,0,0,0,0,0,0,4096,256,131072,4,15|4,0,30000000,262144,115,0,0,0,0,256,0,240,0,33,30,0,1,256,0|72,950456931,2,8113792,0,7864320,0,7864320,0,9116738,0,30,30,888324116,0,888324116,0,2070,917783676,0,38357905,0,0,0,0,0
1788101457451|1005|twoplustwo_f9_r6|rotating|54,1378943233,33558272,18288128,18275638,0,18275638,0,18275638,0,33007,0,16488,0,0,16487,0,197384,533501952,4096,4096,0,0,30,16488,976647734,1007610045,976647750,1007610053,0,0,0,0,0,0,0,0,4096,256,131072,4,15|5,0,30000000,262144,115,0,0,0,0,264,0,248,0,34,31,0,1,264,0|72,273001493,2,8138816,0,8126464,0,8126464,0,9142890,0,31,31,890350766,0,890350766,0,2080,919730077,0,39553207,0,0,0,0,0
1788101462453|1005|twoplustwo_f9_r6|fixed|56,1378943233,16778905,24234252,24217655,24234252,0,24234252,0,43736,0,21846,0,0,0,0,21847,706875504,263184,4096,4096,0,0,21847,40,1323351046,1319827645,1323351038,1319827653,0,0,0,0,0,0,0,0,4096,256,131072,4,15|4,0,30000000,262144,115,0,0,0,0,344,0,328,0,44,41,0,1,344,0|74,1270752291,2,10793848,0,10747904,0,10747904,0,12132550,0,41,41,1181124154,0,1181124154,0,2080,1221310432,0,51595657,0,0,0,0,0
1788101462453|1005|twoplustwo_f9_r6|rotating|56,1378943233,33556838,24301640,24285014,0,24285014,0,24285014,0,43858,0,21907,0,0,21906,0,269792,708842528,4096,4096,0,0,41,21908,1319917955,1326779725,1319917963,1326779693,0,0,0,0,0,0,0,0,4096,256,131072,4,15|4,0,30000000,262144,115,0,0,0,0,344,0,328,0,44,41,0,1,344,0|74,591900028,2,10821016,0,10747904,0,10747904,0,12160210,0,41,41,1184194903,0,1184194903,0,2080,1223061916,0,51587087,0,0,0,0,0
1788101467459|1005|twoplustwo_f9_r6|fixed|58,1378943233,16778905,30299777,30279501,30299777,0,30299777,0,54683,0,27315,0,0,0,0,27316,883825246,328952,4096,4096,0,0,27316,50,1643713140,1631890915,1643713148,1631890923,0,0,0,0,0,0,0,0,4096,256,131072,4,15|4,0,30000000,262144,115,0,0,0,0,424,0,408,0,54,51,0,1,424,0|76,1591234993,2,13489880,0,13369344,0,13369344,0,15164700,0,51,51,1476547728,0,1476547728,0,2080,1526549550,0,63629395,0,0,0,0,0
1788101467459|1005|twoplustwo_f9_r6|rotating|58,1378943233,33556838,30367852,30347491,0,30347491,0,30347491,0,54808,0,27377,0,0,27376,0,335656,885816319,4096,4096,0,0,51,27378,1631981214,1647186091,1631981222,1647186099,0,0,0,0,0,0,0,0,4096,256,131072,4,15|4,0,30000000,262144,115,0,0,0,0,424,0,408,0,54,51,0,1,424,0|76,912265733,2,13515568,0,13369344,0,13369344,0,15190583,0,51,51,1479503799,0,1479503799,0,2080,1527864085,0,63620343,0,0,0,0,0
1788101478056|1006|twoplustwo_f6_r9|fixed|62,1378943233,16779622,6084461,6088620,0,6088620,0,6088620,0,10993,0,5490,0,0,5490,0,65824,177649016,4096,4096,0,0,10,5491,354147777,365198581,354147785,365198557,0,0,0,0,0,0,0,0,4096,256,131072,4,15|4,0,30000000,262144,115,0,0,0,0,96,0,80,0,13,10,0,1,96,0|84,2270400250,2,2734568,0,2621440,0,2621440,0,3066925,0,10,10,298953677,0,298953677,0,2080,308785019,0,14290011,0,0,0,0,0
1788101478056|1006|twoplustwo_f6_r9|rotating|62,1378943233,33556121,6152350,6156550,6152350,0,6152350,0,11115,0,5551,0,0,0,0,5551,179630567,65824,4096,4096,0,0,5552,10,368664575,354236656,368664583,354236664,0,0,0,0,0,0,0,0,4096,256,131072,4,15|4,0,30000000,262144,115,0,0,0,0,96,0,80,0,13,10,0,1,96,0|84,1591305550,2,2759760,0,2621440,0,2621440,0,3094088,0,10,10,301771886,0,301771886,0,2080,311274676,0,14283690,0,0,0,0,0
1788101483061|1006|twoplustwo_f6_r9|fixed|64,1378943233,16781056,12115022,12123110,0,12123110,0,12123110,0,21897,0,10938,0,0,10938,0,131616,353918576,4096,4096,0,0,20,10938,666210541,684372276,666210549,684372284,0,0,0,0,0,0,0,0,4096,256,131072,4,15|4,0,30000000,262144,115,0,0,0,0,176,0,160,0,23,20,0,1,176,0|86,2589612181,2,5419240,0,5242880,0,5242880,0,6082312,0,20,20,593106507,0,593106507,0,2080,612753289,0,26323777,0,0,0,0,0
1788101483061|1006|twoplustwo_f6_r9|rotating|64,1378943233,33556121,12190128,12198300,12190128,0,12190128,0,22033,0,11005,0,0,0,0,11005,356102864,131616,4096,4096,0,0,11006,20,688204940,666300047,688204916,666300055,0,0,0,0,0,0,0,0,4096,256,131072,4,15|4,0,30000000,262144,115,0,0,0,0,176,0,160,0,23,20,0,1,176,0|86,1911011804,2,5448880,0,5242880,0,5242880,0,6113814,0,20,20,596422350,0,596422350,0,2080,615414321,0,26317283,0,0,0,0,0
1788101488064|1006|twoplustwo_f6_r9|fixed|66,1378943233,16781056,18164029,18176435,0,18176435,0,18176435,0,32839,0,16404,0,0,16404,0,197456,530781720,4096,4096,0,0,30,16404,978273471,1004580760,978273479,1004580768,0,0,0,0,0,0,0,0,4096,256,131072,4,15|4,0,30000000,262144,115,0,0,0,0,256,0,240,0,33,30,0,1,256,0|88,2909767779,2,8112308,0,7864320,0,7864320,0,9106063,0,30,30,888200253,0,888200253,0,2080,917664677,0,38358113,0,0,0,0,0
1788101488064|1006|twoplustwo_f6_r9|rotating|66,1378943233,33558272,18238466,18250931,18238466,0,18238466,0,32973,0,16471,0,0,0,0,16471,532952712,197424,4096,4096,0,0,16471,30,1008376956,978363602,1008376964,978363610,0,0,0,0,0,0,0,0,4096,256,131072,4,15|4,0,30000000,262144,115,0,0,0,0,260,0,248,0,34,31,0,1,260,0|88,2230930972,2,8126464,0,8126464,0,8126464,0,9127622,0,31,31,889787922,0,889787922,0,2048,919148950,0,38937245,0,0,0,0,0
1788101493066|1006|twoplustwo_f6_r9|fixed|68,1378943233,16781056,24185441,24201911,0,24201911,0,24201911,0,43726,0,21842,0,0,21842,0,269848,706711568,4096,4096,0,0,41,21842,1321544529,1324755682,1321544537,1324755690,0,0,0,0,0,0,0,0,4096,256,131072,4,15|4,0,30000000,262144,115,0,0,0,0,344,0,328,0,44,41,0,1,344,0|90,3229992672,2,10791872,0,10747904,0,10747904,0,12117015,0,41,41,1180931689,0,1180931689,0,2080,1221121287,0,51595504,0,0,0,0,0
1788101493066|1006|twoplustwo_f6_r9|rotating|68,1378943233,33556121,24260411,24276874,24260411,0,24260411,0,43862,0,21909,0,0,0,0,21909,708894370,269800,4096,4096,0,0,21910,41,1328584151,1321633823,1328584159,1321633839,0,0,0,0,0,0,0,0,4096,256,131072,4,15|4,0,30000000,262144,115,0,0,0,0,344,0,328,0,44,41,0,1,344,0|90,2551264158,2,10820028,0,10747904,0,10747904,0,12145792,0,41,41,1184130973,0,1184130973,0,2079,1222984535,0,51583379,0,0,0,0,0
1788101498072|1006|twoplustwo_f6_r9|fixed|70,1378943233,16781056,30260863,30281456,0,30281456,0,30281456,0,54708,0,27328,0,0,27328,0,335656,884221968,4096,4096,0,0,51,27328,1633607129,1646079617,1633607137,1646079633,0,0,0,0,0,0,0,0,4096,256,131072,4,15|4,0,30000000,262144,115,0,0,0,0,424,0,408,0,54,51,0,1,424,0|92,3551680863,2,13498772,0,13369344,0,13369344,0,15157914,0,51,51,1477556801,0,1477556801,0,2080,1527565487,0,63629646,0,0,0,0,0
1788101498072|1006|twoplustwo_f6_r9|rotating|70,1378943233,33556121,30340039,30360738,30340039,0,30340039,0,54852,0,27399,0,0,0,0,27399,886540686,335640,4096,4096,0,0,27400,51,1650141663,1633697505,1650141671,1633697513,0,0,0,0,0,0,0,0,4096,256,131072,4,15|4,0,30000000,262144,115,0,0,0,0,424,0,408,0,54,51,0,1,424,0|92,2873520037,2,13531872,0,13369344,0,13369344,0,15191503,0,51,51,1481323880,0,1481323880,0,2080,1529674214,0,63618422,0,0,0,0,0
