captured_ms|sequence|label|role|admission_snapshot_words_csv|ps_runtime_words_csv|pl_perf_snapshot_words_csv
1785757983013|1001|sustained_300s_f2r_0000_4194304|fixed|2,1378943233,304,6145604,6101681,6110633,6101681,6110633,6101681,5832,5821,5821,5821,0,0,371,0,179682896,179518848,4096,4096,0,0,5821,5821,359166080,359166429,359166096,359166437,0,0,0,0,0,0,0,0,4096,256,131072,4,3|4,0,4194304,262144,16,0,0,0,0,56,0,44,0,14,11,0,1,56,0|4,976946387,0,2899392,0,0,0,0,0,3077045,0,11,0,321000728,0,321000728,0,2080,314955750,0,8349133,0,0,0,0,0
1785757983013|1001|sustained_300s_f2r_0000_4194304|rotating|2,1378943233,560,6219634,6174491,35540,0,35540,0,754,0,377,0,0,0,5891,5891,2407952,0,4096,0,0,0,377,0,345699248,0,345699256,0,0,0,0,0,0,0,0,0,4096,256,131072,4,3|4,0,4194304,262144,16,0,0,0,0,56,0,44,0,14,11,0,1,56,0|4,393468720,0,0,0,2883584,0,2883584,0,8955,0,0,11,0,0,0,0,0,0,0,6867510,0,0,0,0,0
1785757990684|1002|sustained_300s_f2r_0001_16777216|fixed|6,1378943233,304,6544463,6500197,6509208,6500197,6509208,6500197,11718,11706,5853,5853,0,0,374,0,180693816,180514208,4096,4096,0,0,5853,5853,850142544,850142877,850142552,850142885,0,0,0,0,0,0,0,0,4096,256,131072,4,3|4,0,16777216,262144,64,0,0,0,0,56,0,44,0,14,11,0,1,56,0|12,1467926873,0,2915200,0,0,0,0,0,3279051,0,11,0,321433762,0,321433762,0,2080,316803543,0,6465876,0,0,0,0,0
1785757990684|1002|sustained_300s_f2r_0001_16777216|rotating|6,1378943233,560,6624981,6580224,35729,0,35729,0,758,0,379,0,0,0,5925,5925,2420720,0,4096,0,0,0,379,0,836550503,0,836550511,0,0,0,0,0,0,0,0,0,4096,256,131072,4,3|4,0,16777216,262144,64,0,0,0,0,56,0,44,0,14,11,0,1,56,0|12,883839714,0,0,0,2883584,0,2883584,0,8979,0,0,11,0,0,0,0,0,0,0,4980249,0,0,0,0,0
1785757995694|1002|sustained_300s_f2r_0001_16777216|fixed|8,1378943233,271,13186926,13097910,13115755,13097910,13115755,13097910,23615,23592,11795,11795,0,0,755,0,364147929,363788460,4096,4096,0,0,11796,11796,1170765721,1170765734,1170765729,1170765742,0,0,0,0,0,0,0,0,4096,256,131072,4,3|4,0,16777216,262144,64,0,0,0,0,100,0,88,0,25,22,0,1,100,0|14,1788505498,0,5854112,0,0,0,0,0,6579839,0,22,0,641277659,0,641277659,0,2080,635797039,0,7896900,0,0,0,0,0
1785757995694|1002|sustained_300s_f2r_0001_16777216|rotating|8,1378943233,560,13282094,13192579,71643,0,71643,0,1520,0,760,0,0,0,11880,11880,4854144,0,4096,0,0,0,760,0,1157729738,0,1157729746,0,0,0,0,0,0,0,0,0,4096,256,131072,4,3|4,0,16777216,262144,64,0,0,0,0,100,0,88,0,25,22,0,1,100,0|14,1205844645,0,0,0,5767168,0,5767168,0,17982,0,0,22,0,0,0,0,0,0,0,5002530,0,0,0,0,0
1785758000719|1002|sustained_300s_f2r_0001_16777216|fixed|10,1378943233,271,19854064,19720038,19746976,19720038,19746976,19720038,35550,35516,17757,17757,0,0,1136,0,548210906,547671837,4096,4096,0,0,17758,17758,1492435619,1492435600,1492435627,1492435608,0,0,0,0,0,0,0,0,4096,256,131072,4,3|4,0,16777216,262144,64,0,0,0,0,144,0,132,0,36,33,0,1,144,0|16,2110393124,0,8793024,0,0,0,0,0,9895342,0,33,0,962430557,0,962430557,0,2080,956097818,0,9329642,0,0,0,0,0
1785758000719|1002|sustained_300s_f2r_0001_16777216|rotating|10,1378943233,560,19964094,19829491,107655,0,107655,0,2284,0,1142,0,0,0,17856,17856,7294008,0,4096,0,0,0,1142,0,1479770212,0,1479770220,0,0,0,0,0,0,0,0,0,4096,256,131072,4,3|4,0,16777216,262144,64,0,0,0,0,144,0,132,0,36,33,0,1,144,0|16,1527837398,0,0,0,8650752,0,8650752,0,26984,0,0,33,0,0,0,0,0,0,0,5027570,0,0,0,0,0
1785758005731|1002|sustained_300s_f2r_0001_16777216|fixed|12,1378943233,271,26501987,26323120,26358982,26323120,26358982,26323120,47451,47406,23702,23702,0,0,1517,0,731754016,731035336,4096,4096,0,0,23703,23703,1813193113,1813193094,1813193089,1813193102,0,0,0,0,0,0,0,0,4096,256,131072,4,3|4,0,16777216,262144,64,0,0,0,0,188,0,176,0,47,44,0,1,188,0|18,2430931417,0,11731936,0,0,0,0,0,13196822,0,44,0,1282234122,0,1282234122,0,2080,1275055002,0,10756646,0,0,0,0,0
1785758005731|1002|sustained_300s_f2r_0001_16777216|rotating|12,1378943233,560,26574699,26395453,143379,0,143379,0,3042,0,1521,0,0,0,23767,23767,9714744,0,4096,0,0,0,1521,0,1799226362,0,1799226370,0,0,0,0,0,0,0,0,0,4096,256,131072,4,3|4,0,16777216,262144,64,0,0,0,0,188,0,176,0,47,44,0,1,188,0|18,1846780748,0,0,0,11534336,0,11534336,0,35891,0,0,44,0,0,0,0,0,0,0,5048425,0,0,0,0,0
1785758010746|1002|sustained_300s_f2r_0001_16777216|fixed|14,1378943233,304,33152510,32928688,32973595,32928688,32973595,32928688,59366,59310,29655,29655,0,0,1898,0,915509160,914611120,4096,4096,0,0,29655,29655,2134325219,2134325552,2134325227,2134325560,0,0,0,0,0,0,0,0,4096,256,131072,4,3|4,0,16777216,262144,64,0,0,0,0,232,0,220,0,58,55,0,1,232,0|20,2751023618,0,14655040,0,0,0,0,0,16491108,0,55,0,1601595547,0,1601595547,0,2080,1593557192,0,12193110,0,0,0,0,0
1785758010746|1002|sustained_300s_f2r_0001_16777216|rotating|14,1378943233,560,33207851,32983723,179196,0,179196,0,3802,0,1901,0,0,0,29704,29704,12141824,0,4096,0,0,0,1901,0,2119551495,0,2119551503,0,0,0,0,0,0,0,0,0,4096,256,131072,4,3|4,0,16777216,262144,64,0,0,0,0,236,0,224,0,59,56,0,1,236,0|20,2166817898,0,0,0,14680064,0,14680064,0,44870,0,0,56,0,0,0,0,0,0,0,5075094,0,0,0,0,0
1785758019826|1003|sustained_300s_f2r_0002_67108864|fixed|18,1378943233,271,6531558,6487283,6496303,6487283,6496303,6487283,5858,5846,5845,5845,0,0,374,0,180375736,180195970,4096,4096,0,0,5846,5846,2715450022,2715450003,2715449998,2715450011,0,0,0,0,0,0,0,0,4096,256,131072,4,3|4,0,67108864,262144,256,0,0,0,0,56,0,44,0,14,11,0,1,56,0|28,3333328955,0,2915200,0,0,0,0,0,3273757,0,11,0,321150063,0,321150063,0,2080,316516287,0,6469427,0,0,0,0,0
1785758019826|1003|sustained_300s_f2r_0002_67108864|rotating|18,1378943233,560,6604683,6560007,35635,0,35635,0,756,0,378,0,0,0,5911,5911,2414336,0,4096,0,0,0,378,0,2701380615,0,2701380623,0,0,0,0,0,0,0,0,0,4096,256,131072,4,3|4,0,67108864,262144,256,0,0,0,0,56,0,44,0,14,11,0,1,56,0|28,2748683210,0,0,0,2883584,0,2883584,0,8955,0,0,11,0,0,0,0,0,0,0,4992990,0,0,0,0,0
1785758024837|1003|sustained_300s_f2r_0002_67108864|fixed|20,1378943233,271,13169706,13080785,13098629,13080785,13098629,13080785,11811,11788,11788,11788,0,0,754,0,363728343,363368970,4096,4096,0,0,11788,11788,3036050945,3036051278,3036050953,3036051286,0,0,0,0,0,0,0,0,4096,256,131072,4,3|4,0,67108864,262144,256,0,0,0,0,100,0,88,0,25,22,0,1,100,0|30,3653787363,0,5846208,0,0,0,0,0,6571073,0,22,0,640875719,0,640875719,0,2080,635382978,0,7907318,0,0,0,0,0
1785758024837|1003|sustained_300s_f2r_0002_67108864|rotating|20,1378943233,560,13248556,13159133,71548,0,71548,0,1518,0,759,0,0,0,11858,11858,4847752,0,4096,0,0,0,759,0,3022566732,0,3022566740,0,0,0,0,0,0,0,0,0,4096,256,131072,4,3|4,0,67108864,262144,256,0,0,0,0,100,0,88,0,25,22,0,1,100,0|30,3069699501,0,0,0,5767168,0,5767168,0,17934,0,0,22,0,0,0,0,0,0,0,5015591,0,0,0,0,0
1785758029837|1003|sustained_300s_f2r_0002_67108864|fixed|22,1378943233,271,19800022,19666295,19693124,19666295,19693124,19666295,17756,17722,17721,17721,0,0,1134,0,546808574,546269761,4096,4096,0,0,17722,17722,3356192865,3356192878,3356192873,3356192886,0,0,0,0,0,0,0,0,4096,256,131072,4,3|4,0,67108864,262144,256,0,0,0,0,144,0,132,0,36,33,0,1,144,0|32,3974152347,0,8777216,0,0,0,0,0,9868552,0,33,0,960507951,0,960507951,0,2080,954156505,0,9344949,0,0,0,0,0
1785758029837|1003|sustained_300s_f2r_0002_67108864|rotating|22,1378943233,560,19896776,19762562,107373,0,107373,0,2278,0,1139,0,0,0,17808,17808,7274864,0,4096,0,0,0,1139,0,3342893071,0,3342893079,0,0,0,0,0,0,0,0,0,4096,256,131072,4,3|4,0,67108864,262144,256,0,0,0,0,144,0,132,0,36,33,0,1,144,0|32,3391350312,0,0,0,8650752,0,8650752,0,26937,0,0,33,0,0,0,0,0,0,0,5035395,0,0,0,0,0
1785758034846|1003|sustained_300s_f2r_0002_67108864|fixed|24,1378943233,271,26437232,26258774,26294510,26258774,26294510,26258774,23706,23661,23661,23661,0,0,1514,0,730083245,729364832,4096,4096,0,0,23661,23661,3676649896,3676650229,3676649904,3676650237,0,0,0,0,0,0,0,0,4096,256,131072,4,3|4,0,67108864,262144,256,0,0,0,0,188,0,176,0,47,44,0,1,188,0|34,38480,1,11716128,0,0,0,0,0,13171126,0,44,0,1280626652,0,1280626652,0,2080,1273418045,0,10782733,0,0,0,0,0
1785758034846|1003|sustained_300s_f2r_0002_67108864|rotating|24,1378943233,560,26538516,26359449,143286,0,143286,0,3040,0,1520,0,0,0,23751,23751,9708352,0,4096,0,0,0,1520,0,3664079101,0,3664079109,0,0,0,0,0,0,0,0,0,4096,256,131072,4,3|4,0,67108864,262144,256,0,0,0,0,188,0,176,0,47,44,0,1,188,0|34,3711457807,0,0,0,11534336,0,11534336,0,35868,0,0,44,0,0,0,0,0,0,0,5050139,0,0,0,0,0
1785758039847|1003|sustained_300s_f2r_0002_67108864|fixed|26,1378943233,271,33064417,32841136,32885876,32841136,32885876,32841136,29653,29597,29596,29596,0,0,1894,0,913225912,912328067,4096,4096,0,0,29597,29597,3996902497,3996902478,3996902473,3996902486,0,0,0,0,0,0,0,0,4096,256,131072,4,3|4,0,67108864,262144,256,0,0,0,0,232,0,220,0,58,55,0,1,232,0|36,319929440,1,14639232,0,0,0,0,0,16460816,0,55,0,1599786836,0,1599786836,0,2080,1591717723,0,12220468,0,0,0,0,0
1785758039847|1003|sustained_300s_f2r_0002_67108864|rotating|26,1378943233,560,33162001,32938243,179008,0,179008,0,3798,0,1899,0,0,0,29684,29684,12129072,0,4096,0,0,0,1899,0,3983545995,0,3983546003,0,0,0,0,0,0,0,0,0,4096,256,131072,4,3|4,0,67108864,262144,256,0,0,0,0,232,0,220,0,58,55,0,1,232,0|36,4031423627,0,0,0,14417920,0,14417920,0,44822,0,0,55,0,0,0,0,0,0,0,5066983,0,0,0,0,0
1785758044858|1003|sustained_300s_f2r_0002_67108864|fixed|28,1378943233,271,39703228,39434949,39488871,39434949,39488871,39434949,35608,35541,35540,35540,0,0,2274,0,1096643672,1095566306,4096,4096,0,0,35541,35541,22650813,22650794,22650789,22650802,0,0,0,0,0,0,0,0,4096,256,131072,4,3|4,0,67108864,262144,256,0,0,0,0,280,0,268,0,70,67,0,1,280,0|38,641885273,1,17587360,0,0,0,0,0,19771357,0,67,0,1921005637,0,1921005637,0,2080,1911945820,0,13789195,0,0,0,0,0
1785758044858|1003|sustained_300s_f2r_0002_67108864|rotating|28,1378943233,560,39814962,39545314,215020,0,215020,0,4562,0,2281,0,0,0,35640,35640,14568912,0,4096,0,0,0,2281,0,10052022,0,10052030,0,0,0,0,0,0,0,0,0,4096,256,131072,4,3|4,0,67108864,262144,256,0,0,0,0,280,0,268,0,70,67,0,1,280,0|38,57915275,1,0,0,17563648,0,17563648,0,53825,0,0,67,0,0,0,0,0,0,0,5084063,0,0,0,0,0
1785758049860|1003|sustained_300s_f2r_0002_67108864|fixed|30,1378943233,271,46329667,46015944,46079392,46015944,46079392,46015944,41552,41473,41472,41472,0,0,2655,0,1279670945,1278397732,4096,4096,0,0,41473,41473,342820408,342820421,342820416,342820429,0,0,0,0,0,0,0,0,4096,256,131072,4,3|4,0,67108864,262144,256,0,0,0,0,324,0,312,0,81,78,0,1,324,0|40,960639248,1,20502560,0,0,0,0,0,23051081,0,78,0,2239030812,0,2239030812,0,2080,2229108810,0,15226912,0,0,0,0,0
1785758049860|1003|sustained_300s_f2r_0002_67108864|rotating|30,1378943233,560,46402058,46087926,250651,0,250651,0,5318,0,2659,0,0,0,41537,41537,16983192,0,4096,0,0,0,2659,0,328659337,0,328659345,0,0,0,0,0,0,0,0,0,4096,256,131072,4,3|4,0,67108864,262144,256,0,0,0,0,324,0,312,0,81,78,0,1,324,0|40,375989000,1,0,0,20447232,0,20447232,0,62710,0,0,78,0,0,0,0,0,0,0,5105423,0,0,0,0,0
1785758054868|1003|sustained_300s_f2r_0002_67108864|fixed|32,1378943233,271,52966483,52608062,52680387,52608062,52680387,52608062,47502,47412,47411,47411,0,0,3035,0,1462939510,1461486777,4096,4096,0,0,47412,47412,663273994,663274007,663274002,663274015,0,0,0,0,0,0,0,0,4096,256,131072,4,3|4,0,67108864,262144,256,0,0,0,0,368,0,356,0,92,89,0,1,368,0|42,1281757215,1,23441472,0,0,0,0,0,26356058,0,89,0,2559414051,0,2559414051,0,2080,2548634864,0,16664720,0,0,0,0,0
1785758054868|1003|sustained_300s_f2r_0002_67108864|rotating|32,1378943233,560,53083784,52724681,286758,0,286758,0,6084,0,3042,0,0,0,47516,47516,19429440,0,4096,0,0,0,3042,0,651564456,0,651564464,0,0,0,0,0,0,0,0,0,4096,256,131072,4,3|4,0,67108864,262144,256,0,0,0,0,368,0,356,0,92,89,0,1,368,0|42,698797699,1,0,0,23330816,0,23330816,0,71736,0,0,89,0,0,0,0,0,0,0,5132897,0,0,0,0,0
1785758059883|1003|sustained_300s_f2r_0002_67108864|fixed|34,1378943233,271,59615184,59211841,59293171,59211841,59293171,59211841,53463,53362,53362,53362,0,0,3416,0,1646535417,1644903084,4096,4096,0,0,53362,53362,984300279,984300612,984300287,984300620,0,0,0,0,0,0,0,0,4096,256,131072,4,3|4,0,67108864,262144,256,0,0,0,0,412,0,400,0,103,100,0,1,412,0|44,1602135205,1,26372480,0,0,0,0,0,29653488,0,100,0,2879059289,0,2879059289,0,2080,2867421190,0,18102558,0,0,0,0,0
1785758059883|1003|sustained_300s_f2r_0002_67108864|rotating|34,1378943233,560,59685946,59282201,322390,0,322390,0,6840,0,3420,0,0,0,53425,53425,21843728,0,4096,0,0,0,3420,0,970171930,0,970171938,0,0,0,0,0,0,0,0,0,4096,256,131072,4,3|4,0,67108864,262144,256,0,0,0,0,412,0,400,0,103,100,0,1,412,0|44,1017391892,1,0,0,26214400,0,26214400,0,80644,0,0,100,0,0,0,0,0,0,0,5156171,0,0,0,0,0
1785758064886|1003|sustained_300s_f2r_0002_67108864|fixed|36,1378943233,271,66243712,65795588,65885878,65795588,65885878,65795588,59406,59294,59293,59293,0,0,3796,0,1829559079,1827747306,4096,4096,0,0,59294,59294,1304341407,1304341420,1304341415,1304341428,0,0,0,0,0,0,0,0,4096,256,131072,4,3|4,0,67108864,262144,256,0,0,0,0,456,0,444,0,114,111,0,1,456,0|46,1922079762,1,29297160,0,0,0,0,0,32946756,0,111,0,3198272676,0,3198272676,0,2080,3185774133,0,19540346,0,0,0,0,0
1785758064886|1003|sustained_300s_f2r_0002_67108864|rotating|36,1378943233,560,66325248,65876725,358208,0,358208,0,7600,0,3800,0,0,0,59366,59366,24270864,0,4096,0,0,0,3800,0,1290498423,0,1290498431,0,0,0,0,0,0,0,0,0,4096,256,131072,4,3|4,0,67108864,262144,256,0,0,0,0,456,0,444,0,114,111,0,1,456,0|46,1337928139,1,0,0,29097984,0,29097984,0,89598,0,0,111,0,0,0,0,0,0,0,5178442,0,0,0,0,0
1785758069893|1003|sustained_300s_f2r_0002_67108864|fixed|38,1378943233,304,72883808,72390713,72490158,72390713,72490158,72390713,65359,65236,65236,65236,0,0,4176,0,2012922016,2010930976,4096,4096,0,0,65236,65236,1624953226,1624953559,1624953234,1624953567,0,0,0,0,0,0,0,0,4096,256,131072,4,3|4,0,67108864,262144,256,0,0,0,0,500,0,488,0,125,122,0,1,500,0|48,2242719520,1,32234496,0,0,0,0,0,36246856,0,122,0,3518178100,0,3518178100,0,2080,3504822160,0,20978251,0,0,0,0,0
1785758069893|1003|sustained_300s_f2r_0002_67108864|rotating|38,1378943233,560,72956349,72462851,394025,0,394025,0,8360,0,4180,0,0,0,65301,65301,26697920,0,4096,0,0,0,4180,0,1610824998,0,1610825014,0,0,0,0,0,0,0,0,0,4096,256,131072,4,3|5,0,67108864,262144,256,0,0,0,0,504,0,492,0,126,123,0,1,504,0|48,1658201651,1,0,0,32243712,0,32243712,0,98577,0,0,123,0,0,0,0,0,0,0,5197769,0,0,0,0,0
1785758074904|1003|sustained_300s_f2r_0002_67108864|fixed|40,1378943233,271,79518903,78980323,79089338,78980323,79089338,78980323,71310,71175,71174,71174,0,0,4557,0,2196146523,2193959390,4096,4096,0,0,71175,71175,1945479434,1945479447,1945479442,1945479455,0,0,0,0,0,0,0,0,4096,256,131072,4,3|4,0,67108864,262144,256,0,0,0,0,548,0,536,0,137,134,0,1,548,0|50,2563996039,1,35174720,0,0,0,0,0,39551881,0,134,0,3838719563,0,3838719563,0,2080,3824371397,0,22546803,0,0,0,0,0
1785758074904|1003|sustained_300s_f2r_0002_67108864|rotating|40,1378943233,560,79622139,79082960,430131,0,430131,0,9126,0,4563,0,0,0,71266,71266,29144152,0,4096,0,0,0,4563,0,1933157678,0,1933157686,0,0,0,0,0,0,0,0,0,4096,256,131072,4,3|4,0,67108864,262144,256,0,0,0,0,548,0,536,0,137,134,0,1,548,0|50,1980820984,1,0,0,35127296,0,35127296,0,107603,0,0,134,0,0,0,0,0,0,0,5218775,0,0,0,0,0
1785758079917|1003|sustained_300s_f2r_0002_67108864|fixed|42,1378943233,282,86181130,85597682,85715649,85597682,85715649,85597682,77284,77138,77138,77138,0,0,4938,0,2380170128,2377803546,4096,4096,0,0,77138,77138,2267235969,2267236302,2267235977,2267236310,0,0,0,0,0,0,0,0,4096,256,131072,4,3|4,0,67108864,262144,256,0,0,0,0,592,0,580,0,148,145,0,1,592,0|52,2883948887,1,38097824,0,0,0,0,0,42843949,0,145,0,4157941635,0,4157941635,0,2080,4142733135,0,23984366,0,0,0,0,0
1785758079917|1003|sustained_300s_f2r_0002_67108864|rotating|42,1378943233,560,86244289,85660445,465858,0,465858,0,9884,0,4942,0,0,0,77194,77194,31564824,0,4096,0,0,0,4942,0,2252624418,0,2252624426,0,0,0,0,0,0,0,0,0,4096,256,131072,4,3|4,0,67108864,262144,256,0,0,0,0,592,0,580,0,148,145,0,1,592,0|52,2299812906,1,0,0,38010880,0,38010880,0,116512,0,0,145,0,0,0,0,0,0,0,5243165,0,0,0,0,0
1785758084925|1003|sustained_300s_f2r_0002_67108864|fixed|44,1378943233,271,92800332,92172131,92299029,92172131,92299029,92172131,83219,83064,83061,83061,0,0,5318,0,2562946824,2560400659,4096,4096,0,0,83062,83062,2586850690,2586850671,2586850666,2586850679,0,0,0,0,0,0,0,0,4096,256,131072,4,3|4,0,67108864,262144,256,0,0,0,0,636,0,624,0,159,156,0,1,636,0|54,3204628588,1,41036736,0,0,0,0,0,46144687,0,156,0,182919312,1,182919312,1,2080,166853421,1,25422380,0,0,0,0,0
1785758084925|1003|sustained_300s_f2r_0002_67108864|rotating|44,1378943233,560,92882593,92253998,501682,0,501682,0,10644,0,5322,0,0,0,83135,83135,33991920,0,4096,0,0,0,5322,0,2572951122,0,2572951130,0,0,0,0,0,0,0,0,0,4096,256,131072,4,3|4,0,67108864,262144,256,0,0,0,0,636,0,624,0,159,156,0,1,636,0|54,2620456479,1,0,0,40894464,0,40894464,0,125467,0,0,156,0,0,0,0,0,0,0,5260372,0,0,0,0,0
1785758089927|1003|sustained_300s_f2r_0002_67108864|fixed|46,1378943233,271,99430368,98757598,98893337,98757598,98893337,98757598,89165,88998,88995,88995,0,0,5697,0,2746034442,2743308749,4096,4096,0,0,88996,88996,2907000243,2907000256,2907000251,2907000264,0,0,0,0,0,0,0,0,4096,256,131072,4,3|4,0,67108864,262144,256,0,0,0,0,680,0,668,0,170,167,0,1,680,0|56,3524770071,1,43959840,0,0,0,0,0,49439507,0,167,0,502330019,1,502330019,1,2080,485403399,1,26860338,0,0,0,0,0
1785758089927|1003|sustained_300s_f2r_0002_67108864|rotating|46,1378943233,560,99508308,98835067,537501,0,537501,0,11404,0,5702,0,0,0,89064,89064,36419032,0,4096,0,0,0,5702,0,2893277796,0,2893277804,0,0,0,0,0,0,0,0,0,4096,256,131072,4,3|4,0,67108864,262144,256,0,0,0,0,680,0,668,0,170,167,0,1,680,0|56,2940525630,1,0,0,43778048,0,43778048,0,134422,0,0,167,0,0,0,0,0,0,0,5283519,0,0,0,0,0
1785758094927|1003|sustained_300s_f2r_0002_67108864|fixed|48,1378943233,271,106062334,105344639,105489485,105344639,105489485,105344639,95111,94933,94930,94930,0,0,6077,0,2929169607,2926264394,4096,4096,0,0,94931,94931,3227225889,3227225902,3227225897,3227225910,0,0,0,0,0,0,0,0,4096,256,131072,4,3|4,0,67108864,262144,256,0,0,0,0,724,0,712,0,181,178,0,1,724,0|58,3844839999,1,46890848,0,0,0,0,0,52733672,0,178,0,821667195,1,821667195,1,2080,803881440,1,28298399,0,0,0,0,0
1785758094927|1003|sustained_300s_f2r_0002_67108864|rotating|48,1378943233,560,106148283,105430100,573317,0,573317,0,12164,0,6082,0,0,0,95007,95007,38846128,0,4096,0,0,0,6082,0,3213604542,0,3213604550,0,0,0,0,0,0,0,0,0,4096,256,131072,4,3|4,0,67108864,262144,256,0,0,0,0,728,0,716,0,182,179,0,1,728,0|58,3261636784,1,0,0,46923776,0,46923776,0,143423,0,0,179,0,0,0,0,0,0,0,5304917,0,0,0,0,0
1785758099931|1003|sustained_300s_f2r_0002_67108864|fixed|50,1378943233,271,112690912,111928371,112082246,111928371,112082246,111928371,101054,100865,100862,100862,0,0,6457,0,3112202289,3109117564,4096,4096,0,0,100863,100863,3547276689,3547276670,3547276697,3547276678,0,0,0,0,0,0,0,0,4096,256,131072,4,3|4,0,67108864,262144,256,0,0,0,0,772,0,760,0,193,190,0,1,772,0|60,4165008094,1,49823168,0,0,0,0,0,56027510,0,190,0,1141102210,1,1141102210,1,2080,1122322875,1,29866608,0,0,0,0,0
1785758099931|1003|sustained_300s_f2r_0002_67108864|rotating|50,1378943233,560,112768957,112005255,609140,0,609140,0,12924,0,6462,0,0,0,100932,100932,41273192,0,4096,0,0,0,6462,0,3533358297,0,3533358305,0,0,0,0,0,0,0,0,0,4096,256,131072,4,3|4,0,67108864,262144,256,0,0,0,0,772,0,760,0,193,190,0,1,772,0|60,3580959331,1,0,0,49807360,0,49807360,0,152356,0,0,190,0,0,0,0,0,0,0,5320264,0,0,0,0,0
1785758104943|1003|sustained_300s_f2r_0002_67108864|fixed|52,1378943233,271,119329860,118521865,118685275,118521865,118685275,118521865,107013,106812,106808,106808,0,0,6838,0,3295693063,3292412490,4096,4096,0,0,106809,106809,3868240413,3868240426,3868240421,3868240434,0,0,0,0,0,0,0,0,4096,256,131072,4,3|4,0,67108864,262144,256,0,0,0,0,816,0,804,0,204,201,0,1,816,0|62,190943456,2,52754176,0,0,0,0,0,59327343,0,201,0,1461272116,1,1461272116,1,2080,1441633902,1,31304413,0,0,0,0,0
1785758104943|1003|sustained_300s_f2r_0002_67108864|rotating|52,1378943233,560,119413190,118604697,645056,0,645056,0,13686,0,6843,0,0,0,106883,106883,43706640,0,4096,0,0,0,6843,0,3854544330,0,3854544338,0,0,0,0,0,0,0,0,0,4096,256,131072,4,3|4,0,67108864,262144,256,0,0,0,0,816,0,804,0,204,201,0,1,816,0|62,3902423356,1,0,0,52690944,0,52690944,0,161334,0,0,201,0,0,0,0,0,0,0,5336724,0,0,0,0,0
1785758109948|1003|sustained_300s_f2r_0002_67108864|fixed|54,1378943233,271,125958012,125105144,125277608,125105144,125277608,125105144,112963,112751,112747,112747,0,0,7218,0,3478947578,3475487488,4096,4096,0,0,112748,112748,4188675311,4188675324,4188675319,4188675300,0,0,0,0,0,0,0,0,4096,256,131072,4,3|4,0,67108864,262144,256,0,0,0,0,860,0,848,0,215,212,0,1,860,0|64,511351518,2,55685184,0,0,0,0,0,62621030,0,212,0,1780947426,1,1780947426,1,2080,1760450303,1,32742248,0,0,0,0,0
1785758109948|1003|sustained_300s_f2r_0002_67108864|rotating|54,1378943233,560,126027304,125174065,680783,0,680783,0,14444,0,7222,0,0,0,112810,112810,46127336,0,4096,0,0,0,7222,0,4174011351,0,4174011359,0,0,0,0,0,0,0,0,0,4096,256,131072,4,3|4,0,67108864,262144,256,0,0,0,0,860,0,848,0,215,212,0,1,860,0|64,4221684805,1,0,0,55574528,0,55574528,0,170267,0,0,212,0,0,0,0,0,0,0,5365989,0,0,0,0,0
1785758114962|1003|sustained_300s_f2r_0002_67108864|fixed|56,1378943233,271,132592304,131694736,131875981,131694736,131875981,131694736,118917,118694,118690,118690,0,0,7599,0,3662301938,3658662328,4096,4096,0,0,118691,118691,214326015,214326028,214326023,214326004,0,0,0,0,0,0,0,0,4096,256,131072,4,3|4,0,67108864,262144,256,0,0,0,0,904,0,892,0,226,223,0,1,904,0|66,832843670,2,58632000,0,0,0,0,0,65927129,0,223,0,2101702874,1,2101702874,1,2080,2080350564,1,34179755,0,0,0,0,0
1785758114962|1003|sustained_300s_f2r_0002_67108864|rotating|56,1378943233,560,132690056,131792005,716794,0,716794,0,15208,0,7604,0,0,0,118777,118777,48567200,0,4096,0,0,0,7604,0,201089344,0,201089352,0,0,0,0,0,0,0,0,0,4096,256,131072,4,3|4,0,67108864,262144,256,0,0,0,0,904,0,892,0,226,223,0,1,904,0|66,248756871,2,0,0,58458112,0,58458112,0,179268,0,0,223,0,0,0,0,0,0,0,5387053,0,0,0,0,0
1785758119979|1003|sustained_300s_f2r_0002_67108864|fixed|58,1378943233,271,139236855,138294264,138484619,138294264,138484619,138294264,124879,124645,124641,124641,0,0,7980,0,3845945912,3842126784,4096,4096,0,0,124642,124642,535431184,535431197,535431192,535431173,0,0,0,0,0,0,0,0,4096,256,131072,4,3|4,0,67108864,262144,256,0,0,0,0,948,0,936,0,237,234,0,1,948,0|68,1153151460,2,61563008,0,0,0,0,0,69220858,0,234,0,2421277912,1,2421277912,1,2080,2399066641,1,35617642,0,0,0,0,0
1785758119979|1003|sustained_300s_f2r_0002_67108864|rotating|58,1378943233,560,139316044,138373058,752610,0,752610,0,15968,0,7984,0,0,0,124712,124712,50994328,0,4096,0,0,0,7984,0,521415915,0,521415923,0,0,0,0,0,0,0,0,0,4096,256,131072,4,3|4,0,67108864,262144,256,0,0,0,0,948,0,936,0,237,234,0,1,948,0|68,569123344,2,0,0,61341696,0,61341696,0,188222,0,0,234,0,0,0,0,0,0,0,5407697,0,0,0,0,0
1785758124979|1003|sustained_300s_f2r_0002_67108864|fixed|60,1378943233,304,145859263,144871923,145071305,144871923,145071305,144871923,130822,130577,130574,130574,0,0,8359,0,4028991344,4024992944,4096,4096,0,0,130574,130574,855493578,855493911,855493586,855493919,0,0,0,0,0,0,0,0,4096,256,131072,4,3|4,0,67108864,262144,256,0,0,0,0,992,0,980,0,248,245,0,1,992,0|70,1473145171,2,64486112,0,0,0,0,0,72511233,0,245,0,2740540847,1,2740540847,1,2080,2717469175,1,37055272,0,0,0,0,0
1785758124979|1003|sustained_300s_f2r_0002_67108864|rotating|60,1378943233,560,145934847,144946320,788430,0,788430,0,16728,0,8364,0,0,0,130641,130641,53421360,0,4096,0,0,0,8364,0,841043502,0,841043510,0,0,0,0,0,0,0,0,0,4096,256,131072,4,3|4,0,67108864,262144,256,0,0,0,0,996,0,984,0,249,246,0,1,996,0|70,888822399,2,0,0,64487424,0,64487424,0,197178,0,0,246,0,0,0,0,0,0,0,5424778,0,0,0,0,0
1785758134941|1004|sustained_300s_f2r_0003_4194304|fixed|64,1378943233,304,6178246,6134535,6142991,6134535,6142991,6134535,5866,5854,5854,5854,0,0,374,0,180703416,180523912,4096,4096,0,0,5854,5854,1493083282,1493083623,1493083290,1493083631,0,0,0,0,0,0,0,0,4096,256,131072,4,3|4,0,4194304,262144,16,0,0,0,0,56,0,44,0,14,11,0,1,56,0|78,2112709596,2,2931008,0,0,0,0,0,3112654,0,11,0,323406572,0,323406572,0,2080,318698694,0,6577069,0,0,0,0,0
1785758134941|1004|sustained_300s_f2r_0003_4194304|rotating|64,1378943233,560,6296568,6252148,35916,0,35916,0,762,0,381,0,0,0,5966,5966,2433472,0,4096,0,0,0,381,0,1481158599,0,1481158607,0,0,0,0,0,0,0,0,0,4096,256,131072,4,3|4,0,4194304,262144,16,0,0,0,0,56,0,44,0,14,11,0,1,56,0|78,1529993363,2,0,0,2883584,0,2883584,0,9073,0,0,11,0,0,0,0,0,0,0,5103200,0,0,0,0,0
1785758142580|1005|sustained_300s_f2r_0004_16777216|fixed|68,1378943233,304,6113957,6071321,6078892,6071321,6078892,6071321,5848,5837,5837,5837,0,0,372,0,180170456,180010656,4096,4096,0,0,5837,5837,1982118951,1982119308,1982118959,1982119316,0,0,0,0,0,0,0,0,4096,256,131072,4,3|4,0,16777216,262144,64,0,0,0,0,56,0,44,0,14,11,0,1,56,0|86,2600012420,2,2907296,0,0,0,0,0,3062377,0,11,0,320994569,0,320994569,0,2080,315929526,0,6993006,0,0,0,0,0
1785758142580|1005|sustained_300s_f2r_0004_16777216|rotating|68,1378943233,560,6201982,6158138,35635,0,35635,0,756,0,378,0,0,0,5921,5921,2414336,0,4096,0,0,0,378,0,1968652935,0,1968652943,0,0,0,0,0,0,0,0,0,4096,256,131072,4,3|4,0,16777216,262144,64,0,0,0,0,56,0,44,0,14,11,0,1,56,0|86,2016552167,2,0,0,2883584,0,2883584,0,8979,0,0,11,0,0,0,0,0,0,0,5362943,0,0,0,0,0
1785758147583|1005|sustained_300s_f2r_0004_16777216|fixed|70,1378943233,271,12326079,12238418,12255095,12238418,12255095,12238418,11790,11768,11766,11766,0,0,753,0,363203316,362844663,4096,4096,0,0,11767,11767,2302177767,2302177756,2302177775,2302177764,0,0,0,0,0,0,0,0,4096,256,131072,4,3|4,0,16777216,262144,64,0,0,0,0,100,0,88,0,25,22,0,1,100,0|88,2919827813,2,5838304,0,0,0,0,0,6147220,0,22,0,640077210,0,640077210,0,2080,634159077,0,8425022,0,0,0,0,0
1785758147583|1005|sustained_300s_f2r_0004_16777216|rotating|70,1378943233,560,12400430,12312409,71361,0,71361,0,1514,0,757,0,0,0,11837,11837,4835000,0,4096,0,0,0,757,0,2288114103,0,2288114111,0,0,0,0,0,0,0,0,0,4096,256,131072,4,3|4,0,16777216,262144,64,0,0,0,0,100,0,88,0,25,22,0,1,100,0|88,2335617814,2,0,0,5767168,0,5767168,0,17887,0,0,22,0,0,0,0,0,0,0,5390684,0,0,0,0,0
1785758152592|1005|sustained_300s_f2r_0004_16777216|fixed|72,1378943233,271,18551601,18419866,18444798,18419866,18444798,18419866,17743,17710,17708,17708,0,0,1133,0,546622230,546085801,4096,4096,0,0,17709,17709,2622773615,2622773628,2622773623,2622773636,0,0,0,0,0,0,0,0,4096,256,131072,4,3|4,0,16777216,262144,64,0,0,0,0,144,0,132,0,36,33,0,1,144,0|90,3240502490,2,8769312,0,0,0,0,0,9240680,0,33,0,960019135,0,960019135,0,2080,953250056,0,9854894,0,0,0,0,0
1785758152592|1005|sustained_300s_f2r_0004_16777216|rotating|72,1378943233,560,18625794,18493555,107278,0,107278,0,2276,0,1138,0,0,0,17779,17779,7268480,0,4096,0,0,0,1138,0,2609292201,0,2609292209,0,0,0,0,0,0,0,0,0,4096,256,131072,4,3|4,0,16777216,262144,64,0,0,0,0,144,0,132,0,36,33,0,1,144,0|90,2656145127,2,0,0,8650752,0,8650752,0,26866,0,0,33,0,0,0,0,0,0,0,5420621,0,0,0,0,0
1785758157594|1005|sustained_300s_f2r_0004_16777216|fixed|74,1378943233,271,24771139,24595038,24628511,24595038,24628511,24595038,23691,23647,23645,23645,0,0,1513,0,729857018,729140608,4096,4096,0,0,23646,23646,2943060923,2943060936,2943060931,2943060912,0,0,0,0,0,0,0,0,4096,256,131072,4,3|4,0,16777216,262144,64,0,0,0,0,188,0,176,0,47,44,0,1,188,0|92,3560612281,2,11700320,0,0,0,0,0,12328817,0,44,0,1279396174,0,1279396174,0,2080,1271774925,0,11285990,0,0,0,0,0
1785758157594|1005|sustained_300s_f2r_0004_16777216|rotating|74,1378943233,560,24844318,24667859,143005,0,143005,0,3034,0,1517,0,0,0,23715,23715,9689160,0,4096,0,0,0,1517,0,2928752461,0,2928752469,0,0,0,0,0,0,0,0,0,4096,256,131072,4,3|4,0,16777216,262144,64,0,0,0,0,188,0,176,0,47,44,0,1,188,0|92,2977207201,2,0,0,11534336,0,11534336,0,35844,0,0,44,0,0,0,0,0,0,0,5444297,0,0,0,0,0
1785758162594|1005|sustained_300s_f2r_0004_16777216|fixed|76,1378943233,271,30977266,30756789,30798818,30756789,30798818,30756789,29631,29576,29574,29574,0,0,1893,0,912873948,911977367,4096,4096,0,0,29575,29575,3262954550,3262954571,3262954566,3262954579,0,0,0,0,0,0,0,0,4096,256,131072,4,3|4,0,16777216,262144,64,0,0,0,0,232,0,220,0,58,55,0,1,232,0|94,3880672790,2,14631328,0,0,0,0,0,15413451,0,55,0,1598723931,0,1598723931,0,2080,1590253011,0,12714587,0,0,0,0,0
1785758162594|1005|sustained_300s_f2r_0004_16777216|rotating|76,1378943233,560,31051521,30830617,178822,0,178822,0,3794,0,1897,0,0,0,29645,29645,12116304,0,4096,0,0,0,1897,0,3249069771,0,3249069779,0,0,0,0,0,0,0,0,0,4096,256,131072,4,3|4,0,16777216,262144,64,0,0,0,0,232,0,220,0,58,55,0,1,232,0|94,3296399261,2,0,0,14417920,0,14417920,0,44752,0,0,55,0,0,0,0,0,0,0,5462842,0,0,0,0,0
1785758171751|1006|sustained_300s_f2r_0005_16777216|fixed|80,1378943233,271,6138237,6094799,6103266,6094799,6103266,6094799,5827,5816,5815,5815,0,0,371,0,179516636,179352495,4096,4096,0,0,5816,5816,3849187313,3849187326,3849187321,3849187334,0,0,0,0,0,0,0,0,4096,256,131072,4,3|4,0,16777216,262144,64,0,0,0,0,56,0,44,0,14,11,0,1,56,0|102,171846048,3,2899392,0,0,0,0,0,3071972,0,11,0,320572091,0,320572091,0,2080,314521374,0,8354881,0,0,0,0,0
1785758171751|1006|sustained_300s_f2r_0005_16777216|rotating|80,1378943233,560,6203049,6158524,35445,0,35445,0,752,0,376,0,0,0,5877,5877,2401552,0,4096,0,0,0,376,0,3835143627,0,3835143635,0,0,0,0,0,0,0,0,0,4096,256,131072,4,3|4,0,16777216,262144,64,0,0,0,0,56,0,44,0,14,11,0,1,56,0|102,3882325021,2,0,0,2883584,0,2883584,0,8908,0,0,11,0,0,0,0,0,0,0,6865661,0,0,0,0,0
1785758176754|1006|sustained_300s_f2r_0005_16777216|fixed|82,1378943233,271,12402139,12313181,12331249,12313181,12331249,12313181,11773,11750,11749,11749,0,0,752,0,362672351,362310658,4096,4096,0,0,11750,11750,4169463986,4169463999,4169463994,4169464007,0,0,0,0,0,0,0,0,4096,256,131072,4,3|4,0,16777216,262144,64,0,0,0,0,100,0,88,0,25,22,0,1,100,0|104,492141896,3,5830400,0,0,0,0,0,6185202,0,22,0,640135187,0,640135187,0,2080,633218895,0,9799382,0,0,0,0,0
1785758176754|1006|sustained_300s_f2r_0005_16777216|rotating|82,1378943233,560,12469383,12380116,71266,0,71266,0,1512,0,756,0,0,0,11812,11812,4828616,0,4096,0,0,0,756,0,4155476813,0,4155476821,0,0,0,0,0,0,0,0,0,4096,256,131072,4,3|4,0,16777216,262144,64,0,0,0,0,100,0,88,0,25,22,0,1,100,0|104,4202565904,2,0,0,5767168,0,5767168,0,17863,0,0,22,0,0,0,0,0,0,0,6887193,0,0,0,0,0
1785758181762|1006|sustained_300s_f2r_0005_16777216|fixed|84,1378943233,271,18673129,18539831,18566420,18539831,18566420,18539831,17723,17689,17688,17688,0,0,1132,0,546013447,545470970,4096,4096,0,0,17689,17689,194957495,194957508,194957503,194957516,0,0,0,0,0,0,0,0,4096,256,131072,4,3|4,0,16777216,262144,64,0,0,0,0,144,0,132,0,36,33,0,1,144,0|106,812788159,3,8761408,0,0,0,0,0,9302471,0,33,0,960048698,0,960048698,0,2080,952267108,0,11243606,0,0,0,0,0
1785758181762|1006|sustained_300s_f2r_0005_16777216|rotating|84,1378943233,560,18742156,18608431,107088,0,107088,0,2272,0,1136,0,0,0,17754,17753,7255696,0,4096,0,0,0,1136,0,180842454,0,180842462,0,0,0,0,0,0,0,0,0,4096,256,131072,4,3|4,0,16777216,262144,64,0,0,0,0,144,0,132,0,36,33,0,1,144,0|106,228211893,3,0,0,8650752,0,8650752,0,26819,0,0,33,0,0,0,0,0,0,0,6907424,0,0,0,0,0
1785758186763|1006|sustained_300s_f2r_0005_16777216|fixed|86,1378943233,271,24931575,24754440,24789137,24754440,24789137,24754440,23664,23619,23618,23618,0,0,1511,0,729047648,728326498,4096,4096,0,0,23619,23619,514897907,514897880,514897867,514897888,0,0,0,0,0,0,0,0,4096,256,131072,4,3|4,0,16777216,262144,64,0,0,0,0,188,0,176,0,47,44,0,1,188,0|108,1132694492,3,11684512,0,0,0,0,0,12411496,0,44,0,1279224255,0,1279224255,0,2080,1270575894,0,12687606,0,0,0,0,0
1785758186763|1006|sustained_300s_f2r_0005_16777216|rotating|86,1378943233,560,25007359,24829740,142910,0,142910,0,3032,0,1516,0,0,0,23690,23690,9682768,0,4096,0,0,0,1516,0,501175139,0,501175147,0,0,0,0,0,0,0,0,0,4096,256,131072,4,3|4,0,16777216,262144,64,0,0,0,0,188,0,176,0,47,44,0,1,188,0|108,549140111,3,0,0,11534336,0,11534336,0,35798,0,0,44,0,0,0,0,0,0,0,6924690,0,0,0,0,0
1785758191763|1006|sustained_300s_f2r_0005_16777216|fixed|88,1378943233,304,31203051,30980817,31024697,30980817,31024697,30980817,29620,29564,29564,29564,0,0,1892,0,912582912,911682136,4096,4096,0,0,29564,29564,835688014,835688323,835688022,835688331,0,0,0,0,0,0,0,0,4096,256,131072,4,3|4,0,16777216,262144,64,0,0,0,0,232,0,220,0,58,55,0,1,232,0|110,1453154605,3,14623424,0,0,0,0,0,15523488,0,55,0,1598949640,0,1598949640,0,2080,1589437902,0,14131606,0,0,0,0,0
1785758191763|1006|sustained_300s_f2r_0005_16777216|rotating|88,1378943233,560,31284590,31061803,178822,0,178822,0,3794,0,1897,0,0,0,29641,29641,12116304,0,4096,0,0,0,1897,0,822367388,0,822367396,0,0,0,0,0,0,0,0,0,4096,256,131072,4,3|4,0,16777216,262144,64,0,0,0,0,232,0,220,0,58,55,0,1,232,0|110,870845835,3,0,0,14417920,0,14417920,0,44799,0,0,55,0,0,0,0,0,0,0,6946761,0,0,0,0,0
1785758200923|1007|sustained_300s_f2r_0006_4194304|fixed|92,1378943233,304,6529467,6485371,6494212,6485371,6494212,6485371,11693,11682,5841,5841,0,0,374,0,180323352,180143744,4096,4096,0,0,5841,5841,1421004885,1420983450,1421004893,1420983458,0,0,0,0,0,0,0,0,4096,256,131072,4,3|4,0,4194304,262144,16,0,0,0,0,56,0,44,0,14,11,0,1,56,0|118,2038808629,3,2907296,0,0,0,0,0,3270510,0,11,0,320690981,0,320690981,0,2080,316051930,0,6473041,0,0,0,0,0
1785758200923|1007|sustained_300s_f2r_0006_4194304|rotating|92,1378943233,560,6610825,6566312,35635,0,35635,0,756,0,378,0,0,0,5913,5913,2414336,0,4096,0,0,0,378,0,1407327550,0,1407327558,0,0,0,0,0,0,0,0,0,4096,256,131072,4,3|4,0,4194304,262144,16,0,0,0,0,56,0,44,0,14,11,0,1,56,0|118,1455452616,3,0,0,2883584,0,2883584,0,8979,0,0,11,0,0,0,0,0,0,0,4989965,0,0,0,0,0
1785758208561|1008|sustained_300s_f2r_0007_16777216|fixed|96,1378943233,304,6525081,6480982,6489826,6480982,6489826,6480982,5852,5841,5841,5841,0,0,374,0,180229896,180050376,4096,4096,0,0,5841,5841,1909960914,1909939487,1909960922,1909939495,0,0,0,0,0,0,0,0,4096,256,131072,4,3|4,0,16777216,262144,64,0,0,0,0,56,0,44,0,14,11,0,1,56,0|126,2527840290,3,2907296,0,0,0,0,0,3269246,0,11,0,320765599,0,320765599,0,2080,316130741,0,6468809,0,0,0,0,0
1785758208561|1008|sustained_300s_f2r_0007_16777216|rotating|96,1378943233,560,6602174,6557679,35635,0,35635,0,756,0,378,0,0,0,5909,5909,2414336,0,4096,0,0,0,378,0,1896280517,0,1896280525,0,0,0,0,0,0,0,0,0,4096,256,131072,4,3|4,0,16777216,262144,64,0,0,0,0,56,0,44,0,14,11,0,1,56,0|126,1943327094,3,0,0,2883584,0,2883584,0,8955,0,0,11,0,0,0,0,0,0,0,4993646,0,0,0,0,0
1785758213564|1008|sustained_300s_f2r_0007_16777216|fixed|98,1378943233,271,13158237,13069628,13087253,13069628,13087253,13069628,11801,11778,11777,11777,0,0,753,0,363399944,363040658,4096,4096,0,0,11778,11778,2230384288,2230384269,2230384264,2230384277,0,0,0,0,0,0,0,0,4096,256,131072,4,3|4,0,16777216,262144,64,0,0,0,0,100,0,88,0,25,22,0,1,100,0|128,2847987904,3,5838304,0,0,0,0,0,6564211,0,22,0,640180461,0,640180461,0,2080,634689334,0,7904004,0,0,0,0,0
1785758213564|1008|sustained_300s_f2r_0007_16777216|rotating|98,1378943233,560,13235152,13146061,71454,0,71454,0,1516,0,758,0,0,0,11846,11846,4841376,0,4096,0,0,0,758,0,2216604403,0,2216604419,0,0,0,0,0,0,0,0,0,4096,256,131072,4,3|4,0,16777216,262144,64,0,0,0,0,100,0,88,0,25,22,0,1,100,0|128,2263600081,3,0,0,5767168,0,5767168,0,17910,0,0,22,0,0,0,0,0,0,0,5013799,0,0,0,0,0
1785758218578|1008|sustained_300s_f2r_0007_16777216|fixed|100,1378943233,271,19800998,19667368,19694100,19667368,19694100,19667368,17757,17723,17722,17722,0,0,1134,0,546830993,546292180,4096,4096,0,0,17723,17723,2551129984,2551129981,2551129992,2551129989,0,0,0,0,0,0,0,0,4096,256,131072,4,3|4,0,16777216,262144,64,0,0,0,0,144,0,132,0,36,33,0,1,144,0|130,3169400557,3,8785120,0,0,0,0,0,9872411,0,33,0,960856410,0,960856410,0,2080,954509800,0,9341807,0,0,0,0,0
1785758218578|1008|sustained_300s_f2r_0007_16777216|rotating|100,1378943233,560,19896600,19762468,107373,0,107373,0,2278,0,1139,0,0,0,17807,17807,7274864,0,4096,0,0,0,1139,0,2537790465,0,2537790473,0,0,0,0,0,0,0,0,0,4096,256,131072,4,3|4,0,16777216,262144,64,0,0,0,0,144,0,132,0,36,33,0,1,144,0|130,2585373808,3,0,0,8650752,0,8650752,0,26905,0,0,33,0,0,0,0,0,0,0,5030062,0,0,0,0,0
1785758223590|1008|sustained_300s_f2r_0007_16777216|fixed|102,1378943233,271,26442287,26263868,26299565,26263868,26299565,26263868,23713,23667,23667,23667,0,0,1514,0,730269357,729551024,4096,4096,0,0,23668,23668,2871885472,2871885477,2871885480,2871885485,0,0,0,0,0,0,0,0,4096,256,131072,4,3|4,0,16777216,262144,64,0,0,0,0,188,0,176,0,47,44,0,1,188,0|132,3489628174,3,11708224,0,0,0,0,0,13167440,0,44,0,1280353251,0,1280353251,0,2080,1273146036,0,10779641,0,0,0,0,0
1785758223590|1008|sustained_300s_f2r_0007_16777216|rotating|102,1378943233,560,26521776,26342866,143193,0,143193,0,3038,0,1519,0,0,0,23738,23738,9701960,0,4096,0,0,0,1519,0,2858117022,0,2858117030,0,0,0,0,0,0,0,0,0,4096,256,131072,4,3|4,0,16777216,262144,64,0,0,0,0,188,0,176,0,47,44,0,1,188,0|132,2905418525,3,0,0,11534336,0,11534336,0,35844,0,0,44,0,0,0,0,0,0,0,5049223,0,0,0,0,0
1785758228593|1008|sustained_300s_f2r_0007_16777216|fixed|104,1378943233,304,33068509,32845181,32889968,32845181,32889968,32845181,29658,29602,29602,29602,0,0,1894,0,913399312,912501712,4096,4096,0,0,29602,29602,3192086279,3192086612,3192086287,3192086620,0,0,0,0,0,0,0,0,4096,256,131072,4,3|4,0,16777216,262144,64,0,0,0,0,232,0,220,0,58,55,0,1,232,0|134,3809193514,3,14639232,0,0,0,0,0,16453543,0,55,0,1599185839,0,1599185839,0,2080,1591119367,0,12217824,0,0,0,0,0
1785758228593|1008|sustained_300s_f2r_0007_16777216|rotating|104,1378943233,560,33147710,32923904,179008,0,179008,0,3798,0,1899,0,0,0,29673,29673,12129072,0,4096,0,0,0,1899,0,3178443886,0,3178443894,0,0,0,0,0,0,0,0,0,4096,256,131072,4,3|4,0,16777216,262144,64,0,0,0,0,232,0,220,0,58,55,0,1,232,0|134,3225402937,3,0,0,14417920,0,14417920,0,44799,0,0,55,0,0,0,0,0,0,0,5072548,0,0,0,0,0
1785758237705|1009|sustained_300s_f2r_0008_16777216|fixed|108,1378943233,271,6170227,6126736,6134972,6126736,6134972,6126736,5859,5847,5846,5846,0,0,374,0,180481872,180302098,4096,4096,0,0,5847,5847,3775458976,3775458973,3775458944,3775458981,0,0,0,0,0,0,0,0,4096,256,131072,4,3|4,0,16777216,262144,64,0,0,0,0,56,0,44,0,14,11,0,1,56,0|142,98296458,4,2915200,0,0,0,0,0,3090932,0,11,0,321204668,0,321204668,0,2080,316499875,0,6564729,0,0,0,0,0
1785758237705|1009|sustained_300s_f2r_0008_16777216|rotating|108,1378943233,560,6238853,6194984,35635,0,35635,0,756,0,378,0,0,0,5912,5912,2414336,0,4096,0,0,0,378,0,3761335014,0,3761335022,0,0,0,0,0,0,0,0,0,4096,256,131072,4,3|4,0,16777216,262144,64,0,0,0,0,56,0,44,0,14,11,0,1,56,0|142,3808641905,3,0,0,2883584,0,2883584,0,8955,0,0,11,0,0,0,0,0,0,0,5096913,0,0,0,0,0
1785758242706|1009|sustained_300s_f2r_0008_16777216|fixed|110,1378943233,271,12433580,12345888,12362503,12345888,12362503,12345888,11804,11781,11780,11780,0,0,754,0,363639128,363279645,4096,4096,0,0,11781,11781,4095592830,4095592819,4095592798,4095592827,0,0,0,0,0,0,0,0,4096,256,131072,4,3|4,0,16777216,262144,64,0,0,0,0,100,0,88,0,25,22,0,1,100,0|144,418126142,4,5838304,0,0,0,0,0,6199715,0,22,0,640303576,0,640303576,0,2080,634748533,0,7992208,0,0,0,0,0
1785758242706|1009|sustained_300s_f2r_0008_16777216|rotating|110,1378943233,560,12511359,12423275,71454,0,71454,0,1516,0,758,0,0,0,11854,11854,4841376,0,4096,0,0,0,758,0,4081651174,0,4081651190,0,0,0,0,0,0,0,0,0,4096,256,131072,4,3|4,0,16777216,262144,64,0,0,0,0,100,0,88,0,25,22,0,1,100,0|144,4129810981,3,0,0,5767168,0,5767168,0,17934,0,0,22,0,0,0,0,0,0,0,5124663,0,0,0,0,0
1785758247715|1009|sustained_300s_f2r_0008_16777216|fixed|112,1378943233,271,18702113,18569883,18595215,18569883,18595215,18569883,17753,17719,17718,17718,0,0,1134,0,546943020,546404096,4096,4096,0,0,17719,17719,121008092,121008097,121008100,121008073,0,0,0,0,0,0,0,0,4096,256,131072,4,3|4,0,16777216,262144,64,0,0,0,0,144,0,132,0,36,33,0,1,144,0|146,738836220,4,8777216,0,0,0,0,0,9317145,0,33,0,960278926,0,960278926,0,2080,953874585,0,9422129,0,0,0,0,0
1785758247715|1009|sustained_300s_f2r_0008_16777216|rotating|112,1378943233,560,18777771,18645142,107278,0,107278,0,2276,0,1138,0,0,0,17790,17790,7268480,0,4096,0,0,0,1138,0,107002521,0,107002529,0,0,0,0,0,0,0,0,0,4096,256,131072,4,3|4,0,16777216,262144,64,0,0,0,0,144,0,132,0,36,33,0,1,144,0|146,154519768,4,0,0,8650752,0,8650752,0,26866,0,0,33,0,0,0,0,0,0,0,5147018,0,0,0,0,0
1785758252725|1009|sustained_300s_f2r_0008_16777216|fixed|114,1378943233,304,24976697,24800101,24833975,24800101,24833975,24800101,23710,23665,23665,23665,0,0,1514,0,730499880,729781656,4096,4096,0,0,23665,23665,441821483,441821800,441821491,441821808,0,0,0,0,0,0,0,0,4096,256,131072,4,3|4,0,16777216,262144,64,0,0,0,0,188,0,176,0,47,44,0,1,188,0|148,1058454495,4,11700320,0,0,0,0,0,12422634,0,44,0,1279166425,0,1279166425,0,2080,1271910639,0,10850803,0,0,0,0,0
1785758252725|1009|sustained_300s_f2r_0008_16777216|rotating|114,1378943233,560,25030453,24853561,143005,0,143005,0,3034,0,1517,0,0,0,23715,23715,9689160,0,4096,0,0,0,1517,0,426460356,0,426460364,0,0,0,0,0,0,0,0,0,4096,256,131072,4,3|4,0,16777216,262144,64,0,0,0,0,188,0,176,0,47,44,0,1,188,0|148,474866998,4,0,0,11534336,0,11534336,0,35821,0,0,44,0,0,0,0,0,0,0,5164723,0,0,0,0,0
1785758257730|1009|sustained_300s_f2r_0008_16777216|fixed|116,1378943233,271,31239543,31018485,31061002,31018485,31061002,31018485,29659,29603,29603,29603,0,0,1894,0,913796482,912898549,4096,4096,0,0,29604,29604,762212430,762212443,762212438,762212451,0,0,0,0,0,0,0,0,4096,256,131072,4,3|4,0,16777216,262144,64,0,0,0,0,232,0,220,0,58,55,0,1,232,0|150,1379931385,4,14639232,0,0,0,0,0,15544597,0,55,0,1599908587,0,1599908587,0,2080,1591803322,0,12280905,0,0,0,0,0
1785758257730|1009|sustained_300s_f2r_0008_16777216|rotating|116,1378943233,560,31307562,31086108,178915,0,178915,0,3796,0,1898,0,0,0,29667,29667,12122688,0,4096,0,0,0,1898,0,747638688,0,747638696,0,0,0,0,0,0,0,0,0,4096,256,131072,4,3|4,0,16777216,262144,64,0,0,0,0,232,0,220,0,58,55,0,1,232,0|150,795460787,4,0,0,14417920,0,14417920,0,44799,0,0,55,0,0,0,0,0,0,0,5189715,0,0,0,0,0
1785758283003|1015|sustained_300s_r2f_0000_4194304|fixed|130,1378943233,304,6135218,6091223,34937,0,34937,0,742,0,371,0,0,0,5811,5811,2370272,0,4096,0,0,0,371,0,2379233134,0,2379233142,0,0,0,0,0,0,0,0,0,4096,256,131072,4,3|5,0,4194304,262144,16,0,0,0,0,56,0,44,0,14,11,0,1,56,0|188,2997282706,4,0,0,2883584,0,2883584,0,8814,0,0,11,0,0,0,0,0,0,0,6872785,0,0,0,0,0
1785758283003|1015|sustained_300s_r2f_0000_4194304|rotating|130,1378943233,527,6209326,6164107,6173916,6164107,6173916,6164107,5894,5882,5881,5881,0,0,376,0,181538641,181357188,4096,4096,0,0,5882,5882,2366151058,2366151055,2366151066,2366151063,0,0,0,0,0,0,0,0,4096,256,131072,4,3|4,0,4194304,262144,16,0,0,0,0,56,0,44,0,14,11,0,1,56,0|188,2412887002,4,2923104,0,0,0,0,0,3101473,0,11,0,323504597,0,323504597,0,2080,317460727,0,8351550,0,0,0,0,0
1785758290686|1016|sustained_300s_r2f_0001_16777216|fixed|134,1378943233,304,6537682,6493424,35222,0,35222,0,748,0,374,0,0,0,5847,5847,2389464,0,4096,0,0,0,374,0,2870821790,0,2870821798,0,0,0,0,0,0,0,0,0,4096,256,131072,4,3|4,0,16777216,262144,64,0,0,0,0,56,0,44,0,14,11,0,1,56,0|196,3488365445,4,0,0,2883584,0,2883584,0,8852,0,0,11,0,0,0,0,0,0,0,4997884,0,0,0,0,0
1785758290686|1016|sustained_300s_r2f_0001_16777216|rotating|134,1378943233,560,6615856,6571215,6580258,6571215,6580258,6571215,11846,11834,5917,5917,0,0,378,0,182669624,182490016,4096,4096,0,0,5917,5917,2857771374,2857771707,2857771382,2857771715,0,0,0,0,0,0,0,0,4096,256,131072,4,3|4,0,16777216,262144,64,0,0,0,0,56,0,44,0,14,11,0,1,56,0|196,2904902475,4,2946816,0,0,0,0,0,3309713,0,11,0,324378931,0,324378931,0,2080,319767382,0,6452450,0,0,0,0,0
1785758295688|1016|sustained_300s_r2f_0001_16777216|fixed|136,1378943233,304,13169635,13080751,71009,0,71009,0,1508,0,754,0,0,0,11780,11780,4817248,0,4096,0,0,0,754,0,3191260915,0,3191260923,0,0,0,0,0,0,0,0,0,4096,256,131072,4,3|4,0,16777216,262144,64,0,0,0,0,100,0,88,0,25,22,0,1,100,0|198,3809112791,4,0,0,5767168,0,5767168,0,17822,0,0,22,0,0,0,0,0,0,0,5020857,0,0,0,0,0
1785758295688|1016|sustained_300s_r2f_0001_16777216|rotating|136,1378943233,527,13266633,13177261,13195152,13177261,13195152,13177261,23757,23734,11866,11866,0,0,759,0,366353832,365994362,4096,4096,0,0,11867,11867,3178783580,3178783577,3178783548,3178783585,0,0,0,0,0,0,0,0,4096,256,131072,4,3|4,0,16777216,262144,64,0,0,0,0,100,0,88,0,25,22,0,1,100,0|198,3225983192,4,5885728,0,0,0,0,0,6615777,0,22,0,644724920,0,644724920,0,2080,639268664,0,7877780,0,0,0,0,0
1785758300691|1016|sustained_300s_r2f_0001_16777216|fixed|138,1378943233,304,19810502,19676853,106798,0,106798,0,2268,0,1134,0,0,0,17719,17719,7245080,0,4096,0,0,0,1134,0,3511575333,0,3511575341,0,0,0,0,0,0,0,0,0,4096,256,131072,4,3|4,0,16777216,262144,64,0,0,0,0,144,0,132,0,36,33,0,1,144,0|200,4129363355,4,0,0,8650752,0,8650752,0,26770,0,0,33,0,0,0,0,0,0,0,5044667,0,0,0,0,0
1785758300691|1016|sustained_300s_r2f_0001_16777216|rotating|138,1378943233,527,19881222,19747176,19774047,19747176,19774047,19747176,35600,35568,17782,17782,0,0,1138,0,548971568,548432493,4096,4096,0,0,17783,17783,3497941932,3497941913,3497941908,3497941921,0,0,0,0,0,0,0,0,4096,256,131072,4,3|4,0,16777216,262144,64,0,0,0,0,144,0,132,0,36,33,0,1,144,0|200,3545521630,4,8808832,0,0,0,0,0,9906933,0,33,0,963532582,0,963532582,0,2080,957227674,0,9303661,0,0,0,0,0
1785758305694|1016|sustained_300s_r2f_0001_16777216|fixed|140,1378943233,304,26460070,26281653,142585,0,142585,0,3028,0,1514,0,0,0,23666,23666,9672864,0,4096,0,0,0,1514,0,3831889574,0,3831889582,0,0,0,0,0,0,0,0,0,4096,256,131072,4,3|4,0,16777216,262144,64,0,0,0,0,188,0,176,0,47,44,0,1,188,0|202,154415178,5,0,0,11534336,0,11534336,0,35693,0,0,44,0,0,0,0,0,0,0,5069605,0,0,0,0,0
1785758305694|1016|sustained_300s_r2f_0001_16777216|rotating|140,1378943233,527,26522939,26344108,26379976,26344108,26379976,26344108,47492,47448,23722,23722,0,0,1518,0,732349555,731630872,4096,4096,0,0,23723,23723,3818415128,3818415141,3818415136,3818415117,0,0,0,0,0,0,0,0,4096,256,131072,4,3|4,0,16777216,262144,64,0,0,0,0,188,0,176,0,47,44,0,1,188,0|202,3865331736,4,11731936,0,0,0,0,0,13200966,0,44,0,1282611912,0,1282611912,0,2080,1275458558,0,10729336,0,0,0,0,0
1785758310709|1016|sustained_300s_r2f_0001_16777216|fixed|142,1378943233,304,33089620,32866382,178374,0,178374,0,3788,0,1894,0,0,0,29599,29599,12100632,0,4096,0,0,0,1894,0,4152203217,0,4152203225,0,0,0,0,0,0,0,0,0,4096,256,131072,4,3|4,0,16777216,262144,64,0,0,0,0,232,0,220,0,58,55,0,1,232,0|204,475399547,5,0,0,14417920,0,14417920,0,44663,0,0,55,0,0,0,0,0,0,0,5089779,0,0,0,0,0
1785758310709|1016|sustained_300s_r2f_0001_16777216|rotating|142,1378943233,560,33169727,32946012,32990888,32946012,32990888,32946012,59399,59344,29671,29671,0,0,1899,0,916003112,915105072,4096,4096,0,0,29671,29671,4139350208,4139350541,4139350216,4139350549,0,0,0,0,0,0,0,0,4096,256,131072,4,3|4,0,16777216,262144,64,0,0,0,0,232,0,220,0,58,55,0,1,232,0|204,4186386977,4,14670848,0,0,0,0,0,16505148,0,55,0,1602932425,0,1602932425,0,2080,1594934588,0,12154442,0,0,0,0,0
1785758319828|1017|sustained_300s_r2f_0002_67108864|fixed|146,1378943233,304,6541648,6497403,35222,0,35222,0,748,0,374,0,0,0,5855,5855,2389464,0,4096,0,0,0,374,0,440765693,0,440765701,0,0,0,0,0,0,0,0,0,4096,256,131072,4,3|4,0,67108864,262144,256,0,0,0,0,56,0,44,0,14,11,0,1,56,0|212,1058300556,5,0,0,2883584,0,2883584,0,8852,0,0,11,0,0,0,0,0,0,0,4993150,0,0,0,0,0
1785758319828|1017|sustained_300s_r2f_0002_67108864|rotating|146,1378943233,527,6597059,6552503,6561555,6552503,6561555,6552503,5917,5905,5904,5904,0,0,377,0,182190555,182010790,4096,4096,0,0,5905,5905,427057267,427057248,427057275,427057256,0,0,0,0,0,0,0,0,4096,256,131072,4,3|4,0,67108864,262144,256,0,0,0,0,56,0,44,0,14,11,0,1,56,0|212,473905062,5,2938912,0,0,0,0,0,3297613,0,11,0,323442223,0,323442223,0,2080,318826303,0,6455199,0,0,0,0,0
1785758324841|1017|sustained_300s_r2f_0002_67108864|fixed|148,1378943233,304,13180662,13091725,71102,0,71102,0,1510,0,755,0,0,0,11798,11798,4823648,0,4096,0,0,0,755,0,762062866,0,762062874,0,0,0,0,0,0,0,0,0,4096,256,131072,4,3|4,0,67108864,262144,256,0,0,0,0,100,0,88,0,25,22,0,1,100,0|214,1380074508,5,0,0,5767168,0,5767168,0,17846,0,0,22,0,0,0,0,0,0,0,5016914,0,0,0,0,0
1785758324841|1017|sustained_300s_r2f_0002_67108864|rotating|148,1378943233,527,13258573,13169233,13187092,13169233,13187092,13169233,11891,11869,11867,11867,0,0,759,0,366188327,365829034,4096,4096,0,0,11868,11868,748771445,748771458,748771453,748771466,0,0,0,0,0,0,0,0,4096,256,131072,4,3|4,0,67108864,262144,256,0,0,0,0,100,0,88,0,25,22,0,1,100,0|214,795674406,5,5877824,0,0,0,0,0,6608682,0,22,0,644476839,0,644476839,0,2080,639017315,0,7879426,0,0,0,0,0
1785758329854|1017|sustained_300s_r2f_0002_67108864|fixed|150,1378943233,304,19830275,19696517,106986,0,106986,0,2272,0,1136,0,0,0,17748,17748,7257840,0,4096,0,0,0,1136,0,1083235606,0,1083235622,0,0,0,0,0,0,0,0,0,4096,256,131072,4,3|4,0,67108864,262144,256,0,0,0,0,144,0,132,0,36,33,0,1,144,0|216,1701802774,5,0,0,8650752,0,8650752,0,26817,0,0,33,0,0,0,0,0,0,0,5039589,0,0,0,0,0
1785758329854|1017|sustained_300s_r2f_0002_67108864|rotating|150,1378943233,527,19940804,19806461,19833253,19806461,19833253,19806461,17882,17850,17847,17847,0,0,1142,0,550706614,550167801,4096,4096,0,0,17848,17848,1071393955,1071393968,1071393963,1071393976,0,0,0,0,0,0,0,0,4096,256,131072,4,3|4,0,67108864,262144,256,0,0,0,0,144,0,132,0,36,33,0,1,144,0|216,1118675408,5,8832544,0,0,0,0,0,9933415,0,33,0,966739161,0,966739161,0,2080,960438974,0,9304106,0,0,0,0,0
1785758334865|1017|sustained_300s_r2f_0002_67108864|fixed|152,1378943233,304,26469302,26290787,142773,0,142773,0,3032,0,1516,0,0,0,23690,23690,9685648,0,4096,0,0,0,1516,0,1403546925,0,1403546933,0,0,0,0,0,0,0,0,0,4096,256,131072,4,3|4,0,67108864,262144,256,0,0,0,0,188,0,176,0,47,44,0,1,188,0|218,2021715729,5,0,0,11534336,0,11534336,0,35764,0,0,44,0,0,0,0,0,0,0,5060725,0,0,0,0,0
1785758334865|1017|sustained_300s_r2f_0002_67108864|rotating|152,1378943233,527,26546925,26368025,26403773,26368025,26403773,26368025,23806,23762,23759,23759,0,0,1520,0,733122993,732404668,4096,4096,0,0,23760,23760,1390356620,1390356601,1390356628,1390356609,0,0,0,0,0,0,0,0,4096,256,131072,4,3|4,0,67108864,262144,256,0,0,0,0,188,0,176,0,47,44,0,1,188,0|218,1437426092,5,11755648,0,0,0,0,0,13214274,0,44,0,1284759069,0,1284759069,0,2080,1277613353,0,10726864,0,0,0,0,0
1785758339868|1017|sustained_300s_r2f_0002_67108864|fixed|154,1378943233,304,33098988,32875731,178561,0,178561,0,3792,0,1896,0,0,0,29628,29628,12113392,0,4096,0,0,0,1896,0,1723860550,0,1723860558,0,0,0,0,0,0,0,0,0,4096,256,131072,4,3|4,0,67108864,262144,256,0,0,0,0,232,0,220,0,58,55,0,1,232,0|220,2342207977,5,0,0,14417920,0,14417920,0,44709,0,0,55,0,0,0,0,0,0,0,5084357,0,0,0,0,0
1785758339868|1017|sustained_300s_r2f_0002_67108864|rotating|154,1378943233,527,33195671,32971909,33016644,32971909,33016644,32971909,29772,29717,29714,29714,0,0,1901,0,916875236,915977384,4096,4096,0,0,29715,29715,1711643640,1711643653,1711643648,1711643629,0,0,0,0,0,0,0,0,4096,256,131072,4,3|4,0,67108864,262144,256,0,0,0,0,236,0,224,0,59,56,0,1,236,0|220,1758695211,5,14687968,0,0,0,0,0,16516758,0,56,0,1605295108,0,1605295108,0,2080,1597169942,0,12280943,0,0,0,0,0
1785758344870|1017|sustained_300s_r2f_0002_67108864|fixed|156,1378943233,304,39722071,39453900,214344,0,214344,0,4552,0,2276,0,0,0,35558,35558,14541216,0,4096,0,0,0,2276,0,2044173040,0,2044173048,0,0,0,0,0,0,0,0,0,4096,256,131072,4,3|5,0,67108864,262144,256,0,0,0,0,280,0,268,0,70,67,0,1,280,0|222,2661949855,5,0,0,17563648,0,17563648,0,53657,0,0,67,0,0,0,0,0,0,0,5102010,0,0,0,0,0
1785758344870|1017|sustained_300s_r2f_0002_67108864|rotating|156,1378943233,527,39800013,39530677,39585197,39530677,39585197,39530677,35697,35630,35628,35628,0,0,2281,0,1099335961,1098242188,4096,4096,0,0,35628,35628,2030800777,2030801110,2030800785,2030801118,0,0,0,0,0,0,0,0,4096,256,131072,4,3|4,0,67108864,262144,256,0,0,0,0,280,0,268,0,70,67,0,1,280,0|222,2077574220,5,17611072,0,0,0,0,0,19797232,0,67,0,1923443341,0,1923443341,0,2080,1914470749,0,13705598,0,0,0,0,0
1785758349884|1017|sustained_300s_r2f_0002_67108864|fixed|158,1378943233,304,46368551,46054945,250227,0,250227,0,5314,0,2657,0,0,0,41508,41508,16975392,0,4096,0,0,0,2657,0,2364771285,0,2364771293,0,0,0,0,0,0,0,0,0,4096,256,131072,4,3|4,0,67108864,262144,256,0,0,0,0,324,0,312,0,81,78,0,1,324,0|224,2983096825,5,0,0,20447232,0,20447232,0,62627,0,0,78,0,0,0,0,0,0,0,5126501,0,0,0,0,0
1785758349884|1017|sustained_300s_r2f_0002_67108864|rotating|158,1378943233,527,46441507,46127499,46190904,46127499,46190904,46127499,41654,41576,41573,41573,0,0,2661,0,1282785125,1281511912,4096,4096,0,0,41574,41574,2351572303,2351572316,2351572311,2351572324,0,0,0,0,0,0,0,0,4096,256,131072,4,3|4,0,67108864,262144,256,0,0,0,0,324,0,312,0,81,78,0,1,324,0|224,2398468751,5,20542080,0,0,0,0,0,23099216,0,78,0,2243605120,0,2243605120,0,2080,2233787846,0,15129206,0,0,0,0,0
1785758354889|1017|sustained_300s_r2f_0002_67108864|fixed|160,1378943233,304,52999511,52641269,286015,0,286015,0,6074,0,3037,0,0,0,47442,47442,19403240,0,4096,0,0,0,3037,0,2685085166,0,2685085174,0,0,0,0,0,0,0,0,0,4096,256,131072,4,3|4,0,67108864,262144,256,0,0,0,0,368,0,356,0,92,89,0,1,368,0|226,3303128940,5,0,0,23330816,0,23330816,0,71574,0,0,89,0,0,0,0,0,0,0,5149736,0,0,0,0,0
1785758354889|1017|sustained_300s_r2f_0002_67108864|rotating|160,1378943233,560,53077276,52718659,52790884,52718659,52790884,52718659,47603,47514,47512,47512,0,0,3041,0,1466030272,1464577792,4096,4096,0,0,47512,47512,2671964176,2671964509,2671964184,2671964517,0,0,0,0,0,0,0,0,4096,256,131072,4,3|4,0,67108864,262144,256,0,0,0,0,368,0,356,0,92,89,0,1,368,0|226,2718753538,5,23473088,0,0,0,0,0,26395732,0,89,0,2563157155,0,2563157155,0,2080,2552493486,0,16554527,0,0,0,0,0
1785758359896|1017|sustained_300s_r2f_0002_67108864|fixed|162,1378943233,304,59635824,59232782,321804,0,321804,0,6834,0,3417,0,0,0,53381,53381,21831008,0,4096,0,0,0,3417,0,3005398167,0,3005398175,0,0,0,0,0,0,0,0,0,4096,256,131072,4,3|4,0,67108864,262144,256,0,0,0,0,412,0,400,0,103,100,0,1,412,0|228,3623607313,5,0,0,26214400,0,26214400,0,80521,0,0,100,0,0,0,0,0,0,0,5173028,0,0,0,0,0
1785758359896|1017|sustained_300s_r2f_0002_67108864|rotating|162,1378943233,560,59716913,59313377,59394638,59313377,59394638,59313377,53556,53456,53454,53454,0,0,3422,0,1649376624,1647744624,4096,4096,0,0,53454,53454,2992545869,2992546202,2992545877,2992546210,0,0,0,0,0,0,0,0,4096,256,131072,4,3|4,0,67108864,262144,256,0,0,0,0,412,0,400,0,103,100,0,1,412,0|228,3039572907,5,26412000,0,0,0,0,0,29697808,0,100,0,2883241796,0,2883241796,0,2080,2871734290,0,17978987,0,0,0,0,0
1785758364905|1017|sustained_300s_r2f_0002_67108864|fixed|164,1378943233,304,66281924,65834047,357686,0,357686,0,7596,0,3798,0,0,0,59328,59328,24265176,0,4096,0,0,0,3798,0,3326570842,0,3326570850,0,0,0,0,0,0,0,0,0,4096,256,131072,4,3|4,0,67108864,262144,256,0,0,0,0,456,0,444,0,114,111,0,1,456,0|230,3944447506,5,0,0,29097984,0,29097984,0,89491,0,0,111,0,0,0,0,0,0,0,5191177,0,0,0,0,0
1785758364905|1017|sustained_300s_r2f_0002_67108864|rotating|164,1378943233,527,66354571,65906306,65996513,65906306,65996513,65906306,59507,59396,59393,59393,0,0,3802,0,1832657059,1830845288,4096,4096,0,0,59394,59394,3313020094,3313020107,3313020102,3313020083,0,0,0,0,0,0,0,0,4096,256,131072,4,3|4,0,67108864,262144,256,0,0,0,0,456,0,444,0,114,111,0,1,456,0|230,3360013683,5,29343008,0,0,0,0,0,32996242,0,111,0,3202949820,0,3202949820,0,2080,3190596637,0,19403590,0,0,0,0,0
1785758369911|1017|sustained_300s_r2f_0002_67108864|fixed|166,1378943233,304,72911413,72418618,393467,0,393467,0,8356,0,4178,0,0,0,65262,65262,26692960,0,4096,0,0,0,4178,0,3646884570,0,3646884578,0,0,0,0,0,0,0,0,0,4096,256,131072,4,3|4,0,67108864,262144,256,0,0,0,0,500,0,488,0,125,122,0,1,500,0|232,4264621773,5,0,0,31981568,0,31981568,0,98414,0,0,122,0,0,0,0,0,0,0,5213423,0,0,0,0,0
1785758369911|1017|sustained_300s_r2f_0002_67108864|rotating|166,1378943233,527,72990574,72496617,72596634,72496617,72596634,72496617,65458,65335,65332,65332,0,0,4183,0,2015906813,2013899200,4096,4096,0,0,65333,65333,3633560826,3633560839,3633560834,3633560815,0,0,0,0,0,0,0,0,4096,256,131072,4,3|4,0,67108864,262144,256,0,0,0,0,504,0,492,0,126,123,0,1,504,0|232,3681301917,5,32283232,0,0,0,0,0,36301592,0,123,0,3523502998,0,3523502998,0,2080,3510171290,0,20958441,0,0,0,0,0
1785758374918|1017|sustained_300s_r2f_0002_67108864|fixed|168,1378943233,304,79563397,79025151,429350,0,429350,0,9118,0,4559,0,0,0,71215,71215,29127152,0,4096,0,0,0,4559,0,3967483756,0,3967483764,0,0,0,0,0,0,0,0,0,4096,256,131072,4,3|4,0,67108864,262144,256,0,0,0,0,548,0,536,0,137,134,0,1,548,0|234,289944098,6,0,0,35127296,0,35127296,0,107384,0,0,134,0,0,0,0,0,0,0,5238366,0,0,0,0,0
1785758374918|1017|sustained_300s_r2f_0002_67108864|rotating|168,1378943233,560,79626920,79088286,79197194,79088286,79197194,79088286,71408,71274,71272,71272,0,0,4563,0,2199168832,2196981952,4096,4096,0,0,71272,71272,3953987049,3953987382,3953987057,3953987390,0,0,0,0,0,0,0,0,4096,256,131072,4,3|4,0,67108864,262144,256,0,0,0,0,548,0,536,0,137,134,0,1,548,0|234,4000770456,5,35206336,0,0,0,0,0,39589707,0,134,0,3842240761,0,3842240761,0,2080,3828061674,0,22383049,0,0,0,0,0
1785758379930|1017|sustained_300s_r2f_0002_67108864|fixed|170,1378943233,304,86188753,85605800,465137,0,465137,0,9878,0,4939,0,0,0,77146,77146,31554984,0,4096,0,0,0,4939,0,4287795546,0,4287795554,0,0,0,0,0,0,0,0,0,4096,256,131072,4,3|4,0,67108864,262144,256,0,0,0,0,592,0,580,0,148,145,0,1,592,0|236,611010345,6,0,0,38010880,0,38010880,0,116355,0,0,145,0,0,0,0,0,0,0,5256287,0,0,0,0,0
1785758379930|1017|sustained_300s_r2f_0002_67108864|rotating|170,1378943233,560,86269131,85685777,85803614,85685777,85803614,85685777,77366,77220,77218,77218,0,0,4943,0,2382638608,2380272208,4096,4096,0,0,77218,77218,4274782393,4274782726,4274782401,4274782734,0,0,0,0,0,0,0,0,4096,256,131072,4,3|4,0,67108864,262144,256,0,0,0,0,592,0,580,0,148,145,0,1,592,0|236,27347258,6,38145248,0,0,0,0,0,42898453,0,145,0,4163050131,0,4163050131,0,2080,4148028438,0,23806278,0,0,0,0,0
1785758384932|1017|sustained_300s_r2f_0002_67108864|fixed|172,1378943233,304,92819569,92191884,500926,0,500926,0,10638,0,5319,0,0,0,83080,83080,33982768,0,4096,0,0,0,5319,0,313142530,0,313142538,0,0,0,0,0,0,0,0,0,4096,256,131072,4,3|4,0,67108864,262144,256,0,0,0,0,636,0,624,0,159,156,0,1,636,0|238,931947716,6,0,0,40894464,0,40894464,0,125325,0,0,156,0,0,0,0,0,0,0,5268223,0,0,0,0,0
1785758384932|1017|sustained_300s_r2f_0002_67108864|rotating|172,1378943233,527,92922347,92294172,92420950,92294172,92420950,92294172,83331,83174,83172,83172,0,0,5324,0,2566351981,2563805728,4096,4096,0,0,83172,83172,301042737,301043070,301042745,301043078,0,0,0,0,0,0,0,0,4096,256,131072,4,3|4,0,67108864,262144,256,0,0,0,0,636,0,624,0,159,156,0,1,636,0|238,347988569,6,41084160,0,0,0,0,0,46198797,0,156,0,187989418,1,187989418,1,2080,172122593,1,25232033,0,0,0,0,0
1785758389961|1017|sustained_300s_r2f_0002_67108864|fixed|174,1378943233,304,99488738,98816196,536904,0,536904,0,11402,0,5701,0,0,0,89048,89048,36423336,0,4096,0,0,0,5701,0,635174523,0,635174531,0,0,0,0,0,0,0,0,0,4096,256,131072,4,3|4,0,67108864,262144,256,0,0,0,0,680,0,668,0,170,167,0,1,680,0|240,1253221251,6,0,0,43778048,0,43778048,0,134296,0,0,167,0,0,0,0,0,0,0,5286234,0,0,0,0,0
1785758389961|1017|sustained_300s_r2f_0002_67108864|rotating|174,1378943233,560,99559705,98886783,99022427,98886783,99022427,98886783,89282,89114,89112,89112,0,0,5705,0,2749639872,2746914432,4096,4096,0,0,89112,89112,621516910,621517243,621516918,621517251,0,0,0,0,0,0,0,0,4096,256,131072,4,3|4,0,67108864,262144,256,0,0,0,0,680,0,668,0,170,167,0,1,680,0|240,668428044,6,44015168,0,0,0,0,0,49496835,0,167,0,507696141,1,507696141,1,2080,490983861,1,26656414,0,0,0,0,0
1785758394974|1017|sustained_300s_r2f_0002_67108864|fixed|176,1378943233,304,106130845,105413390,572685,0,572685,0,12162,0,6081,0,0,0,94992,94992,38851104,0,4096,0,0,0,6081,0,955488619,0,955488627,0,0,0,0,0,0,0,0,0,4096,256,131072,4,3|4,0,67108864,262144,256,0,0,0,0,724,0,712,0,181,178,0,1,724,0|242,1573896709,6,0,0,46661632,0,46661632,0,143242,0,0,178,0,0,0,0,0,0,0,5302765,0,0,0,0,0
1785758394974|1017|sustained_300s_r2f_0002_67108864|rotating|176,1378943233,527,106208358,105489721,105635200,105489721,105635200,105489721,95245,95065,95062,95062,0,0,6086,0,2933236528,2930314996,4096,4096,0,0,95063,95063,942677042,942677023,942677018,942677031,0,0,0,0,0,0,0,0,4096,256,131072,4,3|4,0,67108864,262144,256,0,0,0,0,728,0,716,0,182,179,0,1,728,0|242,989882796,6,46955392,0,0,0,0,0,52803982,0,179,0,828415837,1,828415837,1,2080,810724579,1,28211718,0,0,0,0,0
1785758399981|1017|sustained_300s_r2f_0002_67108864|fixed|178,1378943233,304,112767094,112004018,608568,0,608568,0,12924,0,6462,0,0,0,100931,100931,41285320,0,4096,0,0,0,6462,0,1276086871,0,1276086887,0,0,0,0,0,0,0,0,0,4096,256,131072,4,3|4,0,67108864,262144,256,0,0,0,0,772,0,760,0,193,190,0,1,772,0|244,1894760542,6,0,0,49807360,0,49807360,0,152236,0,0,190,0,0,0,0,0,0,0,5326300,0,0,0,0,0
1785758399981|1017|sustained_300s_r2f_0002_67108864|rotating|178,1378943233,527,112860302,112096729,112251264,112096729,112251264,112096729,101208,101017,101014,101014,0,0,6467,0,3116909659,3113808614,4096,4096,0,0,101015,101015,1263819381,1263819362,1263819389,1263819370,0,0,0,0,0,0,0,0,4096,256,131072,4,3|4,0,67108864,262144,256,0,0,0,0,772,0,760,0,193,190,0,1,772,0|244,1310720028,6,49886400,0,0,0,0,0,56106539,0,190,0,1148520317,1,1148520317,1,2080,1129984377,1,29635326,0,0,0,0,0
1785758404984|1017|sustained_300s_r2f_0002_67108864|fixed|180,1378943233,304,119391435,118583677,644354,0,644354,0,13684,0,6842,0,0,0,106864,106864,43713136,0,4096,0,0,0,6842,0,1596397246,0,1596397254,0,0,0,0,0,0,0,0,0,4096,256,131072,4,3|4,0,67108864,262144,256,0,0,0,0,816,0,804,0,204,201,0,1,816,0|246,2214477737,6,0,0,52690944,0,52690944,0,161159,0,0,201,0,0,0,0,0,0,0,5344879,0,0,0,0,0
1785758404984|1017|sustained_300s_r2f_0002_67108864|rotating|180,1378943233,527,119472914,118664778,118828180,118664778,118828180,118664778,107142,106940,106937,106937,0,0,6846,0,3299674854,3296394281,4096,4096,0,0,106938,106938,1583384517,1583384530,1583384525,1583384538,0,0,0,0,0,0,0,0,4096,256,131072,4,3|4,0,67108864,262144,256,0,0,0,0,816,0,804,0,204,201,0,1,816,0|246,1630330686,6,52817408,0,0,0,0,0,59393242,0,201,0,1467398223,1,1467398223,1,2080,1448019400,1,31057135,0,0,0,0,0
1785758409988|1017|sustained_300s_r2f_0002_67108864|fixed|182,1378943233,304,126020156,125167607,680144,0,680144,0,14444,0,7222,0,0,0,112804,112804,46140936,0,4096,0,0,0,7222,0,1916710312,0,1916710328,0,0,0,0,0,0,0,0,0,4096,256,131072,4,3|4,0,67108864,262144,256,0,0,0,0,860,0,848,0,215,212,0,1,860,0|248,2535358861,6,0,0,55574528,0,55574528,0,170130,0,0,212,0,0,0,0,0,0,0,5364145,0,0,0,0,0
1785758409988|1017|sustained_300s_r2f_0002_67108864|rotating|182,1378943233,527,126117743,125264697,125437128,125264697,125437128,125264697,113107,112894,112891,112891,0,0,7227,0,3483388057,3479927968,4096,4096,0,0,112892,112892,1904606381,1904606394,1904606389,1904606370,0,0,0,0,0,0,0,0,4096,256,131072,4,3|4,0,67108864,262144,256,0,0,0,0,860,0,848,0,215,212,0,1,860,0|248,1951369683,6,55756320,0,0,0,0,0,62693549,0,212,0,1787702492,1,1787702492,1,2080,1767479761,1,32481666,0,0,0,0,0
1785758415007|1017|sustained_300s_r2f_0002_67108864|fixed|184,1378943233,304,132667183,131769960,716026,0,716026,0,15206,0,7603,0,0,0,118758,118758,48575128,0,4096,0,0,0,7603,0,2237883012,0,2237883020,0,0,0,0,0,0,0,0,0,4096,256,131072,4,3|4,0,67108864,262144,256,0,0,0,0,904,0,892,0,226,223,0,1,904,0|250,2856005193,6,0,0,58458112,0,58458112,0,179077,0,0,223,0,0,0,0,0,0,0,5383966,0,0,0,0,0
1785758415007|1017|sustained_300s_r2f_0002_67108864|rotating|184,1378943233,527,132738551,131840929,132022148,131840929,132022148,131840929,119048,118824,118821,118821,0,0,7607,0,3666365400,3662725794,4096,4096,0,0,118822,118822,2224545258,2224545239,2224545234,2224545247,0,0,0,0,0,0,0,0,4096,256,131072,4,3|4,0,67108864,262144,256,0,0,0,0,904,0,892,0,226,223,0,1,904,0|250,2272123352,6,58687328,0,0,0,0,0,65992277,0,223,0,2107723409,1,2107723409,1,2080,2086655004,1,33906266,0,0,0,0,0
1785758420015|1017|sustained_300s_r2f_0002_67108864|fixed|186,1378943233,304,139296875,138354720,751812,0,751812,0,15966,0,7983,0,0,0,124696,124696,51002864,0,4096,0,0,0,7983,0,2558196809,0,2558196817,0,0,0,0,0,0,0,0,0,4096,256,131072,4,3|4,0,67108864,262144,256,0,0,0,0,948,0,936,0,237,234,0,1,948,0|252,3177350422,6,0,0,61341696,0,61341696,0,188046,0,0,234,0,0,0,0,0,0,0,5399461,0,0,0,0,0
1785758420015|1017|sustained_300s_r2f_0002_67108864|rotating|186,1378943233,527,139399558,138456035,138647088,138456035,138647088,138456035,125027,124791,124788,124788,0,0,7990,0,3850470289,3846634844,4096,4096,0,0,124789,124789,2546578351,2546578332,2546578359,2546578340,0,0,0,0,0,0,0,0,4096,256,131072,4,3|4,0,67108864,262144,256,0,0,0,0,952,0,940,0,238,235,0,1,952,0|252,2594208065,6,61635456,0,0,0,0,0,69302858,0,235,0,2429071090,1,2429071090,1,2080,2407025908,1,35461066,0,0,0,0,0
1785758425030|1017|sustained_300s_r2f_0002_67108864|fixed|188,1378943233,304,145939292,144951400,787786,0,787786,0,16730,0,8365,0,0,0,130646,130646,53443488,0,4096,0,0,0,8365,0,2879654537,0,2879654545,0,0,0,0,0,0,0,0,0,4096,256,131072,4,3|4,0,67108864,262144,256,0,0,0,0,996,0,984,0,249,246,0,1,996,0|254,3497666444,6,0,0,64487424,0,64487424,0,197017,0,0,246,0,0,0,0,0,0,0,5420186,0,0,0,0,0
1785758425030|1017|sustained_300s_r2f_0002_67108864|rotating|188,1378943233,527,146012453,145024165,145224290,145024165,145224290,145024165,130961,130715,130711,130711,0,0,8369,0,4033239839,4029224872,4096,4096,0,0,130712,130712,2866151231,2866151244,2866151239,2866151220,0,0,0,0,0,0,0,0,4096,256,131072,4,3|4,0,67108864,262144,256,0,0,0,0,996,0,984,0,249,246,0,1,996,0|254,2913095640,6,64550656,0,0,0,0,0,72582160,0,246,0,2747229865,1,2747229865,1,2080,2724336475,1,36884806,0,0,0,0,0
1785758434881|1018|sustained_300s_r2f_0003_4194304|fixed|192,1378943233,304,6183522,6139706,35316,0,35316,0,750,0,375,0,0,0,5859,5859,2395848,0,4096,0,0,0,375,0,3510093417,0,3510093425,0,0,0,0,0,0,0,0,0,4096,256,131072,4,3|4,0,4194304,262144,16,0,0,0,0,56,0,44,0,14,11,0,1,56,0|262,4127962075,6,0,0,2883584,0,2883584,0,8899,0,0,11,0,0,0,0,0,0,0,5103715,0,0,0,0,0
1785758434881|1018|sustained_300s_r2f_0003_4194304|rotating|192,1378943233,527,6260004,6215763,6224311,6215763,6224311,6215763,5944,5932,5931,5931,0,0,379,0,183094331,182914366,4096,4096,0,0,5932,5932,3496849237,3496849250,3496849245,3496849258,0,0,0,0,0,0,0,0,4096,256,131072,4,3|4,0,4194304,262144,16,0,0,0,0,56,0,44,0,14,11,0,1,56,0|262,3543597322,6,2946816,0,0,0,0,0,3127032,0,11,0,324865027,0,324865027,0,2080,320173139,0,6557007,0,0,0,0,0
1785758442526|1019|sustained_300s_r2f_0004_16777216|fixed|196,1378943233,304,6120981,6077508,35222,0,35222,0,748,0,374,0,0,0,5843,5843,2389464,0,4096,0,0,0,374,0,3999252553,0,3999252561,0,0,0,0,0,0,0,0,0,4096,256,131072,4,3|4,0,16777216,262144,64,0,0,0,0,56,0,44,0,14,11,0,1,56,0|270,322194357,7,0,0,2883584,0,2883584,0,8876,0,0,11,0,0,0,0,0,0,0,5476010,0,0,0,0,0
1785758442526|1019|sustained_300s_r2f_0004_16777216|rotating|196,1378943233,527,6194142,6150258,6158544,6150258,6158544,6150258,5926,5914,5913,5913,0,0,378,0,182530368,182353592,4096,4096,0,0,5914,5914,3986025182,3986025171,3986025158,3986025179,0,0,0,0,0,0,0,0,4096,256,131072,4,3|4,0,16777216,262144,64,0,0,0,0,56,0,44,0,14,11,0,1,56,0|270,4033164816,6,2946816,0,0,0,0,0,3097792,0,11,0,324635759,0,324635759,0,2080,319597466,0,6973073,0,0,0,0,0
1785758447535|1019|sustained_300s_r2f_0004_16777216|fixed|198,1378943233,304,12347151,12259360,71009,0,71009,0,1508,0,754,0,0,0,11786,11786,4817248,0,4096,0,0,0,754,0,24714868,0,24714876,0,0,0,0,0,0,0,0,0,4096,256,131072,4,3|4,0,16777216,262144,64,0,0,0,0,100,0,88,0,25,22,0,1,100,0|272,642895760,7,0,0,5767168,0,5767168,0,17822,0,0,22,0,0,0,0,0,0,0,5501470,0,0,0,0,0
1785758447535|1019|sustained_300s_r2f_0004_16777216|rotating|198,1378943233,527,12419662,12331501,12348276,12331501,12348276,12331501,11880,11859,11856,11856,0,0,758,0,365968424,365610440,4096,4096,0,0,11857,11857,11676317,11676314,11676301,11676282,0,0,0,0,0,0,0,0,4096,256,131072,4,3|4,0,16777216,262144,64,0,0,0,0,100,0,88,0,25,22,0,1,100,0|272,58688389,7,5877824,0,0,0,0,0,6189495,0,22,0,644393876,0,644393876,0,2080,638517845,0,8389737,0,0,0,0,0
1785758452546|1019|sustained_300s_r2f_0004_16777216|fixed|200,1378943233,304,18577795,18445824,106893,0,106893,0,2270,0,1135,0,0,0,17734,17734,7251464,0,4096,0,0,0,1135,0,345887122,0,345887130,0,0,0,0,0,0,0,0,0,4096,256,131072,4,3|4,0,16777216,262144,64,0,0,0,0,144,0,132,0,36,33,0,1,144,0|274,963775751,7,0,0,8650752,0,8650752,0,26793,0,0,33,0,0,0,0,0,0,0,5526232,0,0,0,0,0
1785758452546|1019|sustained_300s_r2f_0004_16777216|rotating|200,1378943233,560,18641626,18509262,18534356,18509262,18534356,18509262,17829,17797,17795,17795,0,0,1139,0,549281864,548745136,4096,4096,0,0,17795,17795,332069334,332069643,332069342,332069651,0,0,0,0,0,0,0,0,4096,256,131072,4,3|4,0,16777216,262144,64,0,0,0,0,144,0,132,0,36,33,0,1,144,0|274,379254910,7,8808832,0,0,0,0,0,9281930,0,33,0,964227645,0,964227645,0,2080,957506352,0,9813925,0,0,0,0,0
1785758457557|1019|sustained_300s_r2f_0004_16777216|fixed|202,1378943233,304,24805151,24628926,142679,0,142679,0,3030,0,1515,0,0,0,23678,23678,9679264,0,4096,0,0,0,1515,0,666194574,0,666194582,0,0,0,0,0,0,0,0,0,4096,256,131072,4,3|4,0,16777216,262144,64,0,0,0,0,188,0,176,0,47,44,0,1,188,0|276,1284438291,7,0,0,11534336,0,11534336,0,35740,0,0,44,0,0,0,0,0,0,0,5547653,0,0,0,0,0
1785758457557|1019|sustained_300s_r2f_0004_16777216|rotating|202,1378943233,527,24872837,24696251,24729779,24696251,24729779,24696251,23789,23745,23742,23742,0,0,1519,0,732866626,732150869,4096,4096,0,0,23743,23743,652955495,652955476,652955503,652955484,0,0,0,0,0,0,0,0,4096,256,131072,4,3|4,0,16777216,262144,64,0,0,0,0,188,0,176,0,47,44,0,1,188,0|276,700609069,7,11747744,0,0,0,0,0,12382155,0,44,0,1284847076,0,1284847076,0,2080,1277287524,0,11232807,0,0,0,0,0
1785758462563|1019|sustained_300s_r2f_0004_16777216|fixed|204,1378943233,304,31020356,30799745,178467,0,178467,0,3790,0,1895,0,0,0,29616,29616,12107016,0,4096,0,0,0,1895,0,986502300,0,986502308,0,0,0,0,0,0,0,0,0,4096,256,131072,4,3|4,0,16777216,262144,64,0,0,0,0,232,0,220,0,58,55,0,1,232,0|278,1604811031,7,0,0,14417920,0,14417920,0,44686,0,0,55,0,0,0,0,0,0,0,5569058,0,0,0,0,0
1785758462563|1019|sustained_300s_r2f_0004_16777216|rotating|204,1378943233,527,31086744,30865725,30907905,30865725,30907905,30865725,29737,29682,29679,29679,0,0,1899,0,916124528,915227208,4096,4096,0,0,29680,29680,973260653,973260658,973260605,973260642,0,0,0,0,0,0,0,0,4096,256,131072,4,3|4,0,16777216,262144,64,0,0,0,0,232,0,220,0,58,55,0,1,232,0|278,1021009285,7,14678752,0,0,0,0,0,15469962,0,55,0,1604514540,0,1604514540,0,2080,1596114720,0,12652001,0,0,0,0,0
1785758471712|1020|sustained_300s_r2f_0005_16777216|fixed|208,1378943233,304,6142772,6098670,34937,0,34937,0,742,0,371,0,0,0,5819,5819,2370272,0,4096,0,0,0,371,0,1571945520,0,1571945528,0,0,0,0,0,0,0,0,0,4096,256,131072,4,3|5,0,16777216,262144,64,0,0,0,0,56,0,44,0,14,11,0,1,56,0|286,2190511948,7,0,0,2883584,0,2883584,0,8829,0,0,11,0,0,0,0,0,0,0,6872476,0,0,0,0,0
1785758471712|1020|sustained_300s_r2f_0005_16777216|rotating|208,1378943233,560,6207686,6162381,6172276,6162381,6172276,6162381,5893,5881,5881,5881,0,0,376,0,181533920,181355840,4096,4096,0,0,5881,5881,1558844208,1558844565,1558844216,1558844573,0,0,0,0,0,0,0,0,4096,256,131072,4,3|4,0,16777216,262144,64,0,0,0,0,56,0,44,0,14,11,0,1,56,0|286,1605817222,7,2923104,0,0,0,0,0,3102803,0,11,0,323720168,0,323720168,0,2080,317676162,0,8351645,0,0,0,0,0
1785758476714|1020|sustained_300s_r2f_0005_16777216|fixed|210,1378943233,304,12404761,12315206,70820,0,70820,0,1504,0,752,0,0,0,11751,11751,4804456,0,4096,0,0,0,752,0,1892557199,0,1892557207,0,0,0,0,0,0,0,0,0,4096,256,131072,4,3|4,0,16777216,262144,64,0,0,0,0,100,0,88,0,25,22,0,1,100,0|288,2510697256,7,0,0,5767168,0,5767168,0,17775,0,0,22,0,0,0,0,0,0,0,6892396,0,0,0,0,0
1785758476714|1020|sustained_300s_r2f_0005_16777216|rotating|210,1378943233,549,12474110,12384140,12402914,12384140,12402914,12384140,11840,11819,11817,11817,0,0,756,0,364767444,364408040,4096,4096,0,0,11818,11817,1879134121,1879116125,1879134129,1879116133,0,0,0,0,0,0,0,0,4096,256,131072,4,3|4,0,16777216,262144,64,0,0,0,0,100,0,88,0,25,22,0,1,100,0|288,1926088216,7,5854112,0,0,0,0,0,6215858,0,22,0,643258410,0,643258410,0,2080,636356655,0,9788320,0,0,0,0,0
1785758481720|1020|sustained_300s_r2f_0005_16777216|fixed|212,1378943233,304,18669821,18535947,106608,0,106608,0,2264,0,1132,0,0,0,17686,17686,7232296,0,4096,0,0,0,1132,0,2212880623,0,2212880631,0,0,0,0,0,0,0,0,0,4096,256,131072,4,3|4,0,16777216,262144,64,0,0,0,0,144,0,132,0,36,33,0,1,144,0|290,2830692327,7,0,0,8650752,0,8650752,0,26723,0,0,33,0,0,0,0,0,0,0,6913331,0,0,0,0,0
1785758481720|1020|sustained_300s_r2f_0005_16777216|rotating|212,1378943233,527,18743812,18609603,18636826,18609603,18636826,18609603,17791,17759,17756,17756,0,0,1136,0,548095551,547556466,4096,4096,0,0,17757,17757,2199568610,2199568623,2199568618,2199568631,0,0,0,0,0,0,0,0,4096,256,131072,4,3|4,0,16777216,262144,64,0,0,0,0,144,0,132,0,36,33,0,1,144,0|290,2246608394,7,8785120,0,0,0,0,0,9331519,0,33,0,963045836,0,963045836,0,2080,955288139,0,11223188,0,0,0,0,0
1785758486724|1020|sustained_300s_r2f_0005_16777216|fixed|214,1378943233,304,24939151,24760312,142397,0,142397,0,3024,0,1512,0,0,0,23625,23625,9660072,0,4096,0,0,0,1512,0,2533204601,0,2533204609,0,0,0,0,0,0,0,0,0,4096,256,131072,4,3|4,0,16777216,262144,64,0,0,0,0,188,0,176,0,47,44,0,1,188,0|292,3150167239,7,0,0,11534336,0,11534336,0,35646,0,0,44,0,0,0,0,0,0,0,6937703,0,0,0,0,0
1785758486724|1020|sustained_300s_r2f_0005_16777216|rotating|214,1378943233,527,24990909,24811732,24848230,24811732,24848230,24811732,23721,23677,23674,23674,0,0,1515,0,730774408,730056081,4096,4096,0,0,23675,23675,2518875439,2518875412,2518875431,2518875420,0,0,0,0,0,0,0,0,4096,256,131072,4,3|4,0,16777216,262144,64,0,0,0,0,188,0,176,0,47,44,0,1,188,0|292,2566609744,7,11716128,0,0,0,0,0,12441654,0,44,0,1282314434,0,1282314434,0,2080,1273700225,0,12658626,0,0,0,0,0
1785758491740|1020|sustained_300s_r2f_0005_16777216|fixed|216,1378943233,293,31211747,30988674,178279,0,178279,0,3786,0,1892,0,0,0,29573,29573,12090144,0,4096,0,0,0,1893,0,2854388737,0,2854388721,0,0,0,0,0,0,0,0,0,4096,256,131072,4,3|4,0,16777216,262144,64,0,0,0,0,232,0,220,0,58,55,0,1,232,0|294,3472281587,7,0,0,14417920,0,14417920,0,44640,0,0,55,0,0,0,0,0,0,0,6963492,0,0,0,0,0
1785758491740|1020|sustained_300s_r2f_0005_16777216|rotating|216,1378943233,560,31287677,31064075,31109023,31064075,31109023,31064075,29702,29647,29645,29645,0,0,1897,0,915082656,914183416,4096,4096,0,0,29645,29645,2841001338,2841001679,2841001346,2841001687,0,0,0,0,0,0,0,0,4096,256,131072,4,3|4,0,16777216,262144,64,0,0,0,0,232,0,220,0,58,55,0,1,232,0|294,2887813772,7,14655040,0,0,0,0,0,15560798,0,55,0,1602783734,0,1602783734,0,2080,1593314062,0,14094712,0,0,0,0,0
1785758500844|1021|sustained_300s_r2f_0006_4194304|fixed|220,1378943233,304,6528121,6484865,35127,0,35127,0,746,0,373,0,0,0,5840,5840,2383072,0,4096,0,0,0,373,0,3436952604,0,3436952612,0,0,0,0,0,0,0,0,0,4096,256,131072,4,3|4,0,4194304,262144,16,0,0,0,0,56,0,44,0,14,11,0,1,56,0|302,4054723620,7,0,0,2883584,0,2883584,0,8852,0,0,11,0,0,0,0,0,0,0,4996849,0,0,0,0,0
1785758500844|1021|sustained_300s_r2f_0006_4194304|rotating|220,1378943233,527,6603865,6559415,6568267,6559415,6568267,6559415,11828,11816,5907,5907,0,0,378,0,182378309,182198456,4096,4096,0,0,5908,5908,3423570323,3423570304,3423570331,3423570312,0,0,0,0,0,0,0,0,4096,256,131072,4,3|4,0,4194304,262144,16,0,0,0,0,56,0,44,0,14,11,0,1,56,0|302,3470644012,7,2938912,0,0,0,0,0,3303254,0,11,0,323830665,0,323830665,0,2080,319214265,0,6455543,0,0,0,0,0
1785758508485|1022|sustained_300s_r2f_0007_16777216|fixed|224,1378943233,304,6541856,6497799,35222,0,35222,0,748,0,374,0,0,0,5856,5856,2389464,0,4096,0,0,0,374,0,3925343339,0,3925343347,0,0,0,0,0,0,0,0,0,4096,256,131072,4,3|4,0,16777216,262144,64,0,0,0,0,56,0,44,0,14,11,0,1,56,0|310,249080516,8,0,0,2883584,0,2883584,0,8876,0,0,11,0,0,0,0,0,0,0,4994182,0,0,0,0,0
1785758508485|1022|sustained_300s_r2f_0007_16777216|rotating|224,1378943233,527,6613336,6568885,6577738,6568885,6577738,6568885,5933,5921,5920,5920,0,0,378,0,182671739,182491966,4096,4096,0,0,5921,5921,3912480323,3912480336,3912480331,3912480344,0,0,0,0,0,0,0,0,4096,256,131072,4,3|4,0,16777216,262144,64,0,0,0,0,56,0,44,0,14,11,0,1,56,0|310,3959454348,7,2946816,0,0,0,0,0,3307129,0,11,0,324407984,0,324407984,0,2080,319795086,0,6453648,0,0,0,0,0
1785758513493|1022|sustained_300s_r2f_0007_16777216|fixed|226,1378943233,304,13177806,13089102,71102,0,71102,0,1510,0,755,0,0,0,11795,11795,4823648,0,4096,0,0,0,755,0,4246640299,0,4246640307,0,0,0,0,0,0,0,0,0,4096,256,131072,4,3|4,0,16777216,262144,64,0,0,0,0,100,0,88,0,25,22,0,1,100,0|312,569509239,8,0,0,5767168,0,5767168,0,17846,0,0,22,0,0,0,0,0,0,0,5019097,0,0,0,0,0
1785758513493|1022|sustained_300s_r2f_0007_16777216|rotating|226,1378943233,527,13254522,13165412,13183041,13165412,13183041,13165412,11887,11866,11863,11863,0,0,759,0,366062969,365703684,4096,4096,0,0,11864,11864,4233134374,4233134355,4233134382,4233134363,0,0,0,0,0,0,0,0,4096,256,131072,4,3|4,0,16777216,262144,64,0,0,0,0,100,0,88,0,25,22,0,1,100,0|312,4279996957,7,5877824,0,0,0,0,0,6606208,0,22,0,644217841,0,644217841,0,2080,638759492,0,7878025,0,0,0,0,0
1785758518506|1022|sustained_300s_r2f_0007_16777216|fixed|228,1378943233,304,19825131,19691539,106893,0,106893,0,2270,0,1135,0,0,0,17744,17744,7251464,0,4096,0,0,0,1135,0,271985341,0,271985349,0,0,0,0,0,0,0,0,0,4096,256,131072,4,3|4,0,16777216,262144,64,0,0,0,0,144,0,132,0,36,33,0,1,144,0|314,890315534,8,0,0,8650752,0,8650752,0,26793,0,0,33,0,0,0,0,0,0,0,5041149,0,0,0,0,0
1785758518506|1022|sustained_300s_r2f_0007_16777216|rotating|228,1378943233,527,19909766,19775673,19802403,19775673,19802403,19775673,17854,17822,17819,17819,0,0,1140,0,549841550,549302744,4096,4096,0,0,17820,17820,259500528,259500541,259500536,259500517,0,0,0,0,0,0,0,0,4096,256,131072,4,3|4,0,16777216,262144,64,0,0,0,0,144,0,132,0,36,33,0,1,144,0|314,307754349,8,8832544,0,0,0,0,0,9928059,0,33,0,966203849,0,966203849,0,2080,959905713,0,9301829,0,0,0,0,0
1785758523518|1022|sustained_300s_r2f_0007_16777216|fixed|230,1378943233,304,26467624,26289197,142773,0,142773,0,3032,0,1516,0,0,0,23690,23690,9685648,0,4096,0,0,0,1516,0,593157898,0,593157906,0,0,0,0,0,0,0,0,0,4096,256,131072,4,3|4,0,16777216,262144,64,0,0,0,0,188,0,176,0,47,44,0,1,188,0|316,1211153087,8,0,0,11534336,0,11534336,0,35764,0,0,44,0,0,0,0,0,0,0,5056639,0,0,0,0,0
1785758523518|1022|sustained_300s_r2f_0007_16777216|rotating|230,1378943233,527,26537182,26358361,26394030,26358361,26394030,26358361,23799,23755,23752,23752,0,0,1520,0,732904912,732186587,4096,4096,0,0,23753,23753,579591696,579591677,579591672,579591685,0,0,0,0,0,0,0,0,4096,256,131072,4,3|4,0,16777216,262144,64,0,0,0,0,188,0,176,0,47,44,0,1,188,0|316,626619499,8,11747744,0,0,0,0,0,13208880,0,44,0,1284340199,0,1284340199,0,2080,1277193133,0,10726291,0,0,0,0,0
1785758528526|1022|sustained_300s_r2f_0007_16777216|fixed|232,1378943233,304,33099073,32875777,178561,0,178561,0,3792,0,1896,0,0,0,29630,29630,12113392,0,4096,0,0,0,1896,0,913470266,0,913470274,0,0,0,0,0,0,0,0,0,4096,256,131072,4,3|4,0,16777216,262144,64,0,0,0,0,232,0,220,0,58,55,0,1,232,0|318,1531483058,8,0,0,14417920,0,14417920,0,44709,0,0,55,0,0,0,0,0,0,0,5071129,0,0,0,0,0
1785758528526|1022|sustained_300s_r2f_0007_16777216|rotating|232,1378943233,560,33180507,32956724,33001480,32956724,33001480,32956724,29760,29705,29703,29703,0,0,1901,0,916515768,915618168,4096,4096,0,0,29703,29703,900620614,900620947,900620622,900620955,0,0,0,0,0,0,0,0,4096,256,131072,4,3|4,0,16777216,262144,64,0,0,0,0,236,0,224,0,59,56,0,1,236,0|318,948761765,8,14695872,0,0,0,0,0,16520463,0,56,0,1605745433,0,1605745433,0,2080,1597623735,0,12278946,0,0,0,0,0
1785758537651|1023|sustained_300s_r2f_0008_16777216|fixed|236,1378943233,304,6178682,6135062,35222,0,35222,0,748,0,374,0,0,0,5855,5855,2389464,0,4096,0,0,0,374,0,1497124496,0,1497124504,0,0,0,0,0,0,0,0,0,4096,256,131072,4,3|4,0,16777216,262144,64,0,0,0,0,56,0,44,0,14,11,0,1,56,0|326,2115491184,8,0,0,2883584,0,2883584,0,8876,0,0,11,0,0,0,0,0,0,0,5097068,0,0,0,0,0
1785758537651|1023|sustained_300s_r2f_0008_16777216|rotating|236,1378943233,527,6259078,6214949,6223385,6214949,6223385,6214949,5944,5932,5931,5931,0,0,379,0,183084734,182904769,4096,4096,0,0,5932,5932,1484853106,1484853127,1484853114,1484853135,0,0,0,0,0,0,0,0,4096,256,131072,4,3|4,0,16777216,262144,64,0,0,0,0,56,0,44,0,14,11,0,1,56,0|326,1532492611,8,2954720,0,0,0,0,0,3135272,0,11,0,325744281,0,325744281,0,2080,321051449,0,6559671,0,0,0,0,0
1785758542659|1023|sustained_300s_r2f_0008_16777216|fixed|238,1378943233,304,12449940,12361863,71102,0,71102,0,1510,0,755,0,0,0,11795,11795,4823648,0,4096,0,0,0,755,0,1818429454,0,1818429462,0,0,0,0,0,0,0,0,0,4096,256,131072,4,3|4,0,16777216,262144,64,0,0,0,0,100,0,88,0,25,22,0,1,100,0|328,2436072682,8,0,0,5767168,0,5767168,0,17822,0,0,22,0,0,0,0,0,0,0,5117105,0,0,0,0,0
1785758542659|1023|sustained_300s_r2f_0008_16777216|rotating|238,1378943233,527,12522632,12434166,12451151,12434166,12451151,12434166,11888,11867,11864,11864,0,0,759,0,366243824,365884306,4096,4096,0,0,11865,11865,1804981861,1804981850,1804981813,1804981858,0,0,0,0,0,0,0,0,4096,256,131072,4,3|4,0,16777216,262144,64,0,0,0,0,100,0,88,0,25,22,0,1,100,0|328,1851826526,8,5877824,0,0,0,0,0,6239290,0,22,0,644347420,0,644347420,0,2080,638799455,0,7992033,0,0,0,0,0
1785758547666|1023|sustained_300s_r2f_0008_16777216|fixed|240,1378943233,304,18716060,18583517,106893,0,106893,0,2270,0,1135,0,0,0,17732,17732,7251464,0,4096,0,0,0,1135,0,2138749347,0,2138749355,0,0,0,0,0,0,0,0,0,4096,256,131072,4,3|4,0,16777216,262144,64,0,0,0,0,144,0,132,0,36,33,0,1,144,0|330,2756428083,8,0,0,8650752,0,8650752,0,26770,0,0,33,0,0,0,0,0,0,0,5135090,0,0,0,0,0
1785758547666|1023|sustained_300s_r2f_0008_16777216|rotating|240,1378943233,527,18790644,18657699,18683374,18657699,18683374,18657699,17838,17805,17802,17802,0,0,1139,0,549535874,548997125,4096,4096,0,0,17803,17803,2125350152,2125350133,2125350160,2125350149,0,0,0,0,0,0,0,0,4096,256,131072,4,3|4,0,16777216,262144,64,0,0,0,0,144,0,132,0,36,33,0,1,144,0|330,2172432839,8,8808832,0,0,0,0,0,9355472,0,33,0,964220981,0,964220981,0,2080,957820593,0,9423382,0,0,0,0,0
1785758552681|1023|sustained_300s_r2f_0008_16777216|fixed|242,1378943233,304,24998333,24821454,142773,0,142773,0,3032,0,1516,0,0,0,23685,23685,9685648,0,4096,0,0,0,1516,0,2459933537,0,2459933545,0,0,0,0,0,0,0,0,0,4096,256,131072,4,3|4,0,16777216,262144,64,0,0,0,0,188,0,176,0,47,44,0,1,188,0|332,3077516810,8,0,0,11534336,0,11534336,0,35740,0,0,44,0,0,0,0,0,0,0,5159712,0,0,0,0,0
1785758552681|1023|sustained_300s_r2f_0008_16777216|rotating|242,1378943233,527,25063997,24886734,24920845,24886734,24920845,24886734,23795,23751,23748,23748,0,0,1520,0,733062782,732344424,4096,4096,0,0,23749,23749,2446136500,2446136545,2446136508,2446136521,0,0,0,0,0,0,0,0,4096,256,131072,4,3|4,0,16777216,262144,64,0,0,0,0,188,0,176,0,47,44,0,1,188,0|332,2493251000,8,11747744,0,0,0,0,0,12472522,0,44,0,1284304414,0,1284304414,0,2080,1277048538,0,10859493,0,0,0,0,0
1785758557681|1023|sustained_300s_r2f_0008_16777216|fixed|244,1378943233,304,31253396,31032237,178467,0,178467,0,3790,0,1895,0,0,0,29616,29616,12107016,0,4096,0,0,0,1895,0,2779397790,0,2779397798,0,0,0,0,0,0,0,0,0,4096,256,131072,4,3|4,0,16777216,262144,64,0,0,0,0,232,0,220,0,58,55,0,1,232,0|334,3397933957,8,0,0,14417920,0,14417920,0,44686,0,0,55,0,0,0,0,0,0,0,5179494,0,0,0,0,0
1785758557681|1023|sustained_300s_r2f_0008_16777216|rotating|244,1378943233,560,31344385,31122655,31165358,31122655,31165358,31122655,29760,29705,29703,29703,0,0,1901,0,916882904,915985344,4096,4096,0,0,29703,29703,2767408129,2767408470,2767408137,2767408478,0,0,0,0,0,0,0,0,4096,256,131072,4,3|4,0,16777216,262144,64,0,0,0,0,232,0,220,0,59,56,0,1,236,0|334,2814507864,8,14687968,0,0,0,0,0,15590935,0,56,0,1604826222,0,1604826222,0,2080,1596580540,0,12425625,0,0,0,0,0
