captured_ms|sequence|label|role|admission_snapshot_words_csv|ps_runtime_words_csv|pl_perf_snapshot_words_csv
1788095089659|1001|primary_300s|fixed|2,1378943233,16780339,6065314,6056700,6065314,6056700,6065314,6056700,10967,10938,5477,5468,0,0,0,0,177255768,177093412,4096,4096,0,0,5478,5478,362251701,362251682,362251669,362251690,0,0,0,0,0,0,0,0,4096,256,131072,4,15|4,0,300000000,262144,1145,0,0,0,0,96,0,80,0,13,10,0,1,96,0|4,1078409443,0,2729132,0,2621440,0,2621440,0,3055326,0,10,10,298301707,0,298301707,0,2080,308124604,0,14291882,0,0,0,0,0
1788095089659|1001|primary_300s|rotating|2,1378943233,33555404,6139671,6131135,0,0,0,0,0,0,0,0,0,0,5544,5535,0,0,0,0,0,0,0,0,0,0,0,0,0,0,0,0,0,0,0,0,4096,256,131072,4,15|4,0,300000000,262144,1145,0,0,0,0,96,0,80,0,13,10,0,1,96,0|4,396600188,0,2754328,0,2621440,0,2621440,0,3083460,0,10,10,301183560,0,301183560,0,2080,310697753,0,14286369,0,0,0,0,0
1788095094661|1001|primary_300s|fixed|4,1378943233,16780339,12122025,12104668,12122025,12104668,12122025,12104668,21905,21846,10941,10922,0,0,0,0,354068576,353743264,4096,4096,0,0,10942,10942,682370982,682371003,682370990,682370963,0,0,0,0,0,0,0,0,4096,256,131072,4,15|4,0,300000000,262144,1145,0,0,0,0,176,0,160,0,23,20,0,1,176,0|6,1398480058,0,5421216,0,5242880,0,5242880,0,6080756,0,20,20,593311733,0,593311733,0,2080,612949847,0,26327397,0,0,0,0,0
1788095094661|1001|primary_300s|rotating|4,1378943233,33558272,12197592,12180350,0,0,0,0,0,0,0,0,0,0,11010,10991,0,0,0,0,0,0,0,0,0,0,0,0,0,0,0,0,0,0,0,0,4096,256,131072,4,15|4,0,300000000,262144,1145,0,0,0,0,176,0,160,0,23,20,0,1,176,0|6,717014039,0,5449868,0,5242880,0,5242880,0,6111464,0,20,20,596536937,0,596536937,0,2080,615543988,0,26323070,0,0,0,0,0
1788095099663|1001|primary_300s|fixed|6,1378943233,16780339,18175794,18150675,18175794,18150675,18175794,18150675,32847,32758,16407,16378,0,0,0,0,530926889,530438732,4096,4096,0,0,16408,16408,1002576875,1002576904,1002576883,1002576912,0,0,0,0,0,0,0,0,4096,256,131072,4,15|4,0,300000000,262144,1145,0,0,0,0,256,0,240,0,33,30,0,1,256,0|8,1718705845,0,8114780,0,7864320,0,7864320,0,9105963,0,30,30,888472265,0,888472265,0,2064,917929388,0,38363777,0,0,0,0,0
1788095099663|1001|primary_300s|rotating|6,1378943233,33558272,18266947,18241149,0,0,0,0,0,0,0,0,0,0,16490,16461,0,0,0,0,0,0,0,0,0,0,0,0,0,0,0,0,0,0,0,0,4096,256,131072,4,15|5,0,300000000,262144,1145,0,0,0,0,264,0,248,0,34,31,0,1,264,0|8,1038558371,0,8140792,0,8126464,0,8126464,0,9133380,0,31,31,890591859,0,890591859,0,2080,919967697,0,39554882,0,0,0,0,0
1788095104669|1001|primary_300s|fixed|8,1378943233,16780339,24203344,24169533,24203344,24169533,24203344,24169533,43746,43624,21851,21811,0,0,0,0,707043197,706376168,4096,4096,0,0,21852,21852,1323080312,1323080309,1323080320,1323080317,0,0,0,0,0,0,0,0,4096,256,131072,4,15|4,0,300000000,262144,1145,0,0,0,0,344,0,328,0,44,41,0,1,344,0|10,2039251952,0,10797304,0,10747904,0,10747904,0,12117911,0,41,41,1181525321,0,1181525321,0,2080,1221705791,0,51602613,0,0,0,0,0
1788095104669|1001|primary_300s|rotating|8,1378943233,33555404,24270438,24236539,0,0,0,0,0,0,0,0,0,0,21912,21872,0,0,0,0,0,0,0,0,0,0,0,0,0,0,0,0,0,0,0,0,4096,256,131072,4,15|4,0,300000000,262144,1145,0,0,0,0,344,0,328,0,44,41,0,1,344,0|10,1357371944,0,10822004,0,10747904,0,10747904,0,12143250,0,41,41,1184343712,0,1184343712,0,2080,1223213925,0,51596413,0,0,0,0,0
1788095109676|1001|primary_300s|fixed|10,1378943233,16781056,30265254,30222560,30265254,30222560,30265254,30222560,54698,54546,27323,27273,0,0,0,0,884080560,883252640,4096,4096,0,0,27323,27323,1643583546,1643583887,1643583554,1643583895,0,0,0,0,0,0,0,0,4096,256,131072,4,15|4,0,300000000,262144,1145,0,0,0,0,424,0,408,0,54,51,0,1,424,0|12,2359572940,0,13491856,0,13369344,0,13369344,0,15144769,0,51,51,1476785079,0,1476785079,0,2080,1526780864,0,63638659,0,0,0,0,0
1788095109676|1001|primary_300s|rotating|10,1378943233,33558272,30346247,30303511,0,0,0,0,0,0,0,0,0,0,27396,27346,0,0,0,0,0,0,0,0,0,0,0,0,0,0,0,0,0,0,0,0,4096,256,131072,4,15|4,0,300000000,262144,1145,0,0,0,0,424,0,408,0,54,51,0,1,424,0|12,1678964551,0,13527920,0,13369344,0,13369344,0,15182112,0,51,51,1480875654,0,1480875654,0,2080,1529241841,0,63630707,0,0,0,0,0
1788095114681|1001|primary_300s|fixed|12,1378943233,16780339,36325283,36273318,36325283,36273318,36325283,36273318,65643,65461,32790,32730,0,0,0,0,1060975543,1059985178,4096,4096,0,0,32791,32791,1963869957,1963869978,1963869965,1963869986,0,0,0,0,0,0,0,0,4096,256,131072,4,15|4,0,300000000,262144,1145,0,0,0,0,504,0,488,0,64,61,0,1,504,0|14,2679985511,0,16187396,0,15990784,0,15990784,0,18174080,0,61,61,1772122203,0,1772122203,0,2080,1831947785,0,75674411,0,0,0,0,0
1788095114681|1001|primary_300s|rotating|12,1378943233,33555404,36392840,36340868,0,0,0,0,0,0,0,0,0,0,32850,32790,0,0,0,0,0,0,0,0,0,0,0,0,0,0,0,0,0,0,0,0,4096,256,131072,4,15|4,0,300000000,262144,1145,0,0,0,0,504,0,488,0,64,61,0,1,504,0|14,1998174821,0,16212592,0,15990784,0,15990784,0,18198509,0,61,61,1775041724,0,1775041724,0,2080,1832884340,0,75653819,0,0,0,0,0
1788095119681|1001|primary_300s|fixed|14,1378943233,16780339,42378010,42317592,42378010,42317592,42378010,42317592,76580,76368,38253,38183,0,0,0,0,1237760448,1236606856,4096,4096,0,0,38254,38254,2283939151,2283939140,2283939111,2283939108,0,0,0,0,0,0,0,0,4096,256,131072,4,15|4,0,300000000,262144,1145,0,0,0,0,584,0,568,0,74,71,0,1,584,0|16,3000082961,0,18874368,0,18612224,0,18612224,0,21198379,0,72,71,2066550444,0,2066550444,0,2048,2136799180,0,87710601,0,0,0,0,0
1788095119681|1001|primary_300s|rotating|14,1378943233,33558272,42431512,42370316,0,0,0,0,0,0,0,0,0,0,38303,38232,0,0,0,0,0,0,0,0,0,0,0,0,0,0,0,0,0,0,0,0,4096,256,131072,4,15|5,0,300000000,262144,1145,0,0,0,0,592,0,576,0,75,72,0,1,592,0|16,2318186741,0,18890176,0,18874368,0,18874368,0,21205427,0,72,72,2067557928,0,2067557928,0,2080,2135775929,0,88895244,0,0,0,0,0
1788095124708|1001|primary_300s|fixed|16,1378943233,16780339,48429162,48358706,48429162,48358706,48429162,48358706,87515,87270,43715,43634,0,0,0,0,1414464760,1413131010,4096,4096,0,0,43716,43716,2605450687,2605450676,2605450679,2605450684,0,0,0,0,0,0,0,0,4096,256,131072,4,15|4,0,300000000,262144,1145,0,0,0,0,672,0,656,0,85,82,0,1,672,0|18,3321564163,0,21570404,0,21495808,0,21495808,0,24221023,0,82,82,2361131969,0,2361131969,0,2080,2441510022,0,100950069,0,0,0,0,0
1788095124708|1001|primary_300s|rotating|16,1378943233,33558272,48503790,48433411,0,0,0,0,0,0,0,0,0,0,43783,43702,0,0,0,0,0,0,0,0,0,0,0,0,0,0,0,0,0,0,0,0,4096,256,131072,4,15|4,0,300000000,262144,1145,0,0,0,0,672,0,656,0,85,82,0,1,672,0|18,2639895963,0,21597080,0,21495808,0,21495808,0,24245562,0,82,82,2364216604,0,2364216604,0,2080,2441917083,0,100919193,0,0,0,0,0
1788095129716|1001|primary_300s|fixed|18,1378943233,16780339,54491814,54412611,54491814,54412611,54491814,54412611,98475,98200,49190,49099,0,0,0,0,1591619111,1590122778,4096,4096,0,0,49191,49191,2926163707,2926163728,2926163715,2926163736,0,0,0,0,0,0,0,0,4096,256,131072,4,15|4,0,300000000,262144,1145,0,0,0,0,752,0,736,0,95,92,0,1,752,0|20,3642259422,0,24268412,0,24117248,0,24117248,0,27250161,0,92,92,2656772718,0,2656772718,0,2080,2746959461,0,112985982,0,0,0,0,0
1788095129716|1001|primary_300s|rotating|18,1378943233,33558272,54558743,54479620,0,0,0,0,0,0,0,0,0,0,49251,49160,0,0,0,0,0,0,0,0,0,0,0,0,0,0,0,0,0,0,0,0,4096,256,131072,4,15|4,0,300000000,262144,1145,0,0,0,0,752,0,736,0,95,92,0,1,752,0|20,2960478521,0,24294100,0,24117248,0,24117248,0,27272658,0,92,92,2659733368,0,2659733368,0,2080,2746935083,0,112960800,0,0,0,0,0
1788095134727|1001|primary_300s|fixed|20,1378943233,16780339,60560589,60473198,60560589,60473198,60560589,60473198,109430,109125,54663,54562,0,0,0,0,1768690922,1767033005,4096,4096,0,0,54664,54664,3246742965,3246742970,3246742973,3246742978,0,0,0,0,0,0,0,0,4096,256,131072,4,15|4,0,300000000,262144,1145,0,0,0,0,832,0,816,0,105,102,0,1,832,0|22,3962904229,0,26965436,0,26738688,0,26738688,0,30283236,0,102,102,2952347958,0,2952347958,0,2080,3052358252,0,125022124,0,0,0,0,0
1788095134727|1001|primary_300s|rotating|20,1378943233,33558272,60634805,60547318,0,0,0,0,0,0,0,0,0,0,54730,54629,0,0,0,0,0,0,0,0,0,0,0,0,0,0,0,0,0,0,0,0,4096,256,131072,4,15|4,0,300000000,262144,1145,0,0,0,0,832,0,816,0,105,102,0,1,832,0|22,3281397540,0,26993592,0,26738688,0,26738688,0,30308003,0,102,102,2955598232,0,2955598232,0,2080,3052286699,0,124990191,0,0,0,0,0
1788095139737|1001|primary_300s|fixed|22,1378943233,16781056,66599515,66502088,66599515,66502088,66599515,66502088,120343,120006,60115,60003,0,0,0,0,1945071680,1943233880,4096,4096,0,0,60115,60115,3566140624,3566140624,3566140632,3566140632,0,0,0,0,0,0,0,0,4096,256,131072,4,15|5,0,300000000,262144,1145,0,0,0,0,920,0,904,0,116,113,0,1,920,0|24,4282798051,0,29642032,0,29622272,0,29622272,0,33289703,0,113,113,3244757679,0,3244757679,0,2080,3355482263,0,138261044,0,0,0,0,0
1788095139737|1001|primary_300s|rotating|22,1378943233,33555404,66645619,66548219,0,0,0,0,0,0,0,0,0,0,60156,60044,0,0,0,0,0,0,0,0,0,0,0,0,0,0,0,0,0,0,0,0,4096,256,131072,4,15|4,0,300000000,262144,1145,0,0,0,0,920,0,904,0,116,113,0,1,920,0|24,3601617919,0,29673156,0,29622272,0,29622272,0,33316942,0,113,113,3248314996,0,3248314996,0,2080,3355385500,0,138238990,0,0,0,0,0
1788095144740|1001|primary_300s|fixed|24,1378943233,16780339,72648866,72542823,72648866,72542823,72648866,72542823,131275,130907,65575,65453,0,0,0,0,2121739832,2119739701,4096,4096,0,0,65576,65576,3887573409,3887573382,3887573385,3887573390,0,0,0,0,0,0,0,0,4096,256,131072,4,15|4,0,300000000,262144,1145,0,0,0,0,1000,0,984,0,126,123,0,1,1000,0|26,308821953,1,32342512,0,32243712,0,32243712,0,36323256,0,123,123,3540688155,0,3540688155,0,2080,3661227396,0,150297219,0,0,0,0,0
1788095144740|1001|primary_300s|rotating|24,1378943233,33555404,72724489,72618481,0,0,0,0,0,0,0,0,0,0,65643,65521,0,0,0,0,0,0,0,0,0,0,0,0,0,0,0,0,0,0,0,0,4096,256,131072,4,15|4,0,300000000,262144,1145,0,0,0,0,1000,0,984,0,126,123,0,1,1000,0|26,3922283889,0,32370672,0,32243712,0,32243712,0,36346772,0,123,123,3543920462,0,3543920462,0,2080,3660486978,0,150275253,0,0,0,0,0
1788095149744|1001|primary_300s|fixed|26,1378943233,16780339,78707090,78592812,78707090,78592812,78707090,78592812,142220,141822,71042,70910,0,0,0,0,2298649853,2296485096,4096,4096,0,0,71043,71043,4207858854,4207858867,4207858862,4207858875,0,0,0,0,0,0,0,0,4096,256,131072,4,15|4,0,300000000,262144,1145,0,0,0,0,1080,0,1064,0,136,133,0,1,1080,0|28,630006762,1,35044968,0,34865152,0,34865152,0,39359162,0,133,133,3836800472,0,3836800472,0,2080,3967166860,0,162332584,0,0,0,0,0
1788095149744|1001|primary_300s|rotating|26,1378943233,33555404,78802184,78687946,0,0,0,0,0,0,0,0,0,0,71128,70996,0,0,0,0,0,0,0,0,0,0,0,0,0,0,0,0,0,0,0,0,4096,256,131072,4,15|4,0,300000000,262144,1145,0,0,0,0,1080,0,1064,0,136,133,0,1,1080,0|28,4243411313,0,35072632,0,34865152,0,34865152,0,39381361,0,133,133,3839995318,0,3839995318,0,2080,3966046966,0,162302456,0,0,0,0,0
1788095154752|1001|primary_300s|fixed|28,1378943233,16781056,84773330,84650901,84773330,84650901,84773330,84650901,153172,152744,76514,76372,0,0,0,0,2475690016,2473363208,4096,4096,0,0,76514,76514,233397269,233397618,233397277,233397626,0,0,0,0,0,0,0,0,4096,256,131072,4,15|4,0,300000000,262144,1145,0,0,0,0,1160,0,1144,0,146,143,0,1,1160,0|30,949616657,1,37733100,0,37486592,0,37486592,0,42381182,0,143,143,4131355170,0,4131355170,0,2080,4271530644,0,174368819,0,0,0,0,0
1788095154752|1001|primary_300s|rotating|28,1378943233,33555404,84847672,84725257,0,0,0,0,0,0,0,0,0,0,76581,76439,0,0,0,0,0,0,0,0,0,0,0,0,0,0,0,0,0,0,0,0,4096,256,131072,4,15|4,0,300000000,262144,1145,0,0,0,0,1164,0,1152,0,147,144,0,1,1164,0|30,268137974,1,37748736,0,37748736,0,37748736,0,42397286,0,144,144,4133176388,0,4133176388,0,2048,4269603008,0,174882045,0,0,0,0,0
1788095159762|1001|primary_300s|fixed|30,1378943233,16780339,90806045,90675130,90806045,90675130,90806045,90675130,164077,163616,81960,81807,0,0,0,0,2651887552,2649380372,4096,4096,0,0,81961,81961,554050908,554050873,554050868,554050881,0,0,0,0,0,0,0,0,4096,256,131072,4,15|4,0,300000000,262144,1145,0,0,0,0,1248,0,1232,0,157,154,0,1,1248,0|32,1270139023,1,40415132,0,40370176,0,40370176,0,45394280,0,154,154,129404549,1,129404549,1,2080,280315358,1,187608266,0,0,0,0,0
1788095159762|1001|primary_300s|rotating|30,1378943233,33558272,90881049,90750141,0,0,0,0,0,0,0,0,0,0,82028,81875,0,0,0,0,0,0,0,0,0,0,0,0,0,0,0,0,0,0,0,0,4096,256,131072,4,15|4,0,300000000,262144,1145,0,0,0,0,1248,0,1232,0,157,154,0,1,1248,0|32,588755018,1,40444276,0,40370176,0,40370176,0,45416805,0,154,154,132790976,1,132790976,1,2080,278702124,1,187572691,0,0,0,0,0
1788095164769|1001|primary_300s|fixed|32,1378943233,16780339,96871545,96732277,96871545,96732277,96871545,96732277,175035,174544,87434,87271,0,0,0,0,2829007571,2826336886,4096,4096,0,0,87435,87435,874703731,874703728,874703739,874703736,0,0,0,0,0,0,0,0,4096,256,131072,4,15|4,0,300000000,262144,1145,0,0,0,0,1328,0,1312,0,167,164,0,1,1328,0|34,1590796572,1,43112648,0,42991616,0,42991616,0,48425067,0,164,164,425012459,1,425012459,1,2080,585728140,1,199643154,0,0,0,0,0
1788095164769|1001|primary_300s|rotating|32,1378943233,33555404,96950161,96810829,0,0,0,0,0,0,0,0,0,0,87504,87341,0,0,0,0,0,0,0,0,0,0,0,0,0,0,0,0,0,0,0,0,4096,256,131072,4,15|4,0,300000000,262144,1145,0,0,0,0,1328,0,1312,0,167,164,0,1,1328,0|34,910253175,1,43149696,0,42991616,0,42991616,0,48455279,0,164,164,429217242,1,429217242,1,2080,584635424,1,199618285,0,0,0,0,0
1788095169783|1001|primary_300s|fixed|34,1378943233,16780339,102939547,102792061,102939547,102792061,102939547,102792061,185995,185474,92910,92737,0,0,0,0,3006183438,3003348905,4096,4096,0,0,92910,92910,1195443565,1195443874,1195443573,1195443882,0,0,0,0,0,0,0,0,4096,256,131072,4,15|4,0,300000000,262144,1145,0,0,0,0,1408,0,1392,0,177,174,0,1,1408,0|36,1912377099,1,45818560,0,45613056,0,45613056,0,51465135,0,174,174,721536974,1,721536974,1,2080,892063115,1,211678804,0,0,0,0,0
1788095169783|1001|primary_300s|rotating|34,1378943233,33555404,103035203,102887781,0,0,0,0,0,0,0,0,0,0,92996,92823,0,0,0,0,0,0,0,0,0,0,0,0,0,0,0,0,0,0,0,0,4096,256,131072,4,15|4,0,300000000,262144,1145,0,0,0,0,1408,0,1392,0,177,174,0,1,1408,0|36,1231313805,1,45850672,0,45613056,0,45613056,0,51489424,0,174,174,725210489,1,725210489,1,2080,890131105,1,211660489,0,0,0,0,0
1788095174791|1001|primary_300s|fixed|36,1378943233,16780339,109003451,108846088,109003451,108846088,109003451,108846088,196956,196405,98385,98202,0,0,0,0,3183341583,3180342720,4096,4096,0,0,98386,98386,1516174185,1516174198,1516174193,1516174174,0,0,0,0,0,0,0,0,4096,256,131072,4,15|4,0,300000000,262144,1145,0,0,0,0,1492,0,1480,0,188,185,0,1,1492,0|38,2232372378,1,48496640,0,48496640,0,48496640,0,54480468,0,185,185,1014946379,1,1014946379,1,2048,1196194278,1,224333016,0,0,0,0,0
1788095174791|1001|primary_300s|rotating|36,1378943233,33558272,109041030,108883072,0,0,0,0,0,0,0,0,0,0,98420,98236,0,0,0,0,0,0,0,0,0,0,0,0,0,0,0,0,0,0,0,0,4096,256,131072,4,15|4,0,300000000,262144,1145,0,0,0,0,1496,0,1480,0,188,185,0,1,1496,0|38,1550515404,1,48520848,0,48496640,0,48496640,0,54487326,0,185,185,1016918012,1,1016918012,1,2080,1192211532,1,224902123,0,0,0,0,0
1788095179802|1001|primary_300s|fixed|38,1378943233,16780339,115039514,114872435,115039514,114872435,115039514,114872435,207856,207272,103829,103635,0,0,0,0,3359470752,3356291248,4096,4096,0,0,103830,103830,1836693707,1836693712,1836693691,1836693704,0,0,0,0,0,0,0,0,4096,256,131072,4,15|4,0,300000000,262144,1145,0,0,0,0,1576,0,1560,0,198,195,0,1,1576,0|40,2552866558,1,51192180,0,51118080,0,51118080,0,57502795,0,195,195,1309469293,1,1309469293,1,2080,1500536939,1,236953657,0,0,0,0,0
1788095179802|1001|primary_300s|rotating|38,1378943233,33555404,115115849,114948957,0,0,0,0,0,0,0,0,0,0,103898,103704,0,0,0,0,0,0,0,0,0,0,0,0,0,0,0,0,0,0,0,0,4096,256,131072,4,15|4,0,300000000,262144,1145,0,0,0,0,1576,0,1560,0,198,195,0,1,1576,0|40,1872153154,1,51227256,0,51118080,0,51118080,0,57529283,0,195,195,1313496713,1,1313496713,1,2080,1498281839,1,236934630,0,0,0,0,0
1788095184816|1001|primary_300s|fixed|40,1378943233,16781056,121116766,120940043,121116766,120940043,121116766,120940043,218828,218214,109311,109107,0,0,0,0,3536843560,3533502336,4096,4096,0,0,109311,109311,2157769332,2157769641,2157769340,2157769649,0,0,0,0,0,0,0,0,4096,256,131072,4,15|4,0,300000000,262144,1145,0,0,0,0,1656,0,1640,0,208,205,0,1,1656,0|42,2873806480,1,53892168,0,53739520,0,53739520,0,60537597,0,205,205,1605355760,1,1605355760,1,2080,1806231252,1,248989343,0,0,0,0,0
1788095184816|1001|primary_300s|rotating|40,1378943233,33555404,121188957,121012283,0,0,0,0,0,0,0,0,0,0,109375,109171,0,0,0,0,0,0,0,0,0,0,0,0,0,0,0,0,0,0,0,0,4096,256,131072,4,15|4,0,300000000,262144,1145,0,0,0,0,1656,0,1640,0,208,205,0,1,1656,0|42,2191923423,1,53916868,0,53739520,0,53739520,0,60551890,0,205,205,1608201929,1,1608201929,1,2080,1802487784,1,248977418,0,0,0,0,0
1788095189818|1001|primary_300s|fixed|42,1378943233,16780339,127170409,126984853,127170409,126984853,127170409,126984853,229761,229116,114772,114558,0,0,0,0,3713543002,3710038725,4096,4096,0,0,114773,114773,2477719202,2477719191,2477719218,2477719199,0,0,0,0,0,0,0,0,4096,256,131072,4,15|4,0,300000000,262144,1145,0,0,0,0,1736,0,1720,0,218,215,0,1,1736,0|44,3194069823,1,56586224,0,56360960,0,56360960,0,63565315,0,215,215,1900547592,1,1900547592,1,2080,2111248835,1,261025145,0,0,0,0,0
1788095189818|1001|primary_300s|rotating|42,1378943233,33558272,127245529,127059940,0,0,0,0,0,0,0,0,0,0,114840,114626,0,0,0,0,0,0,0,0,0,0,0,0,0,0,0,0,0,0,0,0,4096,256,131072,4,15|4,0,300000000,262144,1145,0,0,0,0,1736,0,1720,0,218,215,0,1,1736,0|44,2512479418,1,56613396,0,56360960,0,56360960,0,63581688,0,215,215,1903710863,1,1903710863,1,2080,2107479787,1,261000439,0,0,0,0,0
1788095194834|1001|primary_300s|fixed|44,1378943233,16781056,133221352,133025933,133221352,133025933,133221352,133025933,240688,240012,120231,120006,0,0,0,0,3890150928,3886468184,4096,4096,0,0,120231,120231,2797509799,2797509799,2797509807,2797509807,0,0,0,0,0,0,0,0,4096,256,131072,4,15|4,0,300000000,262144,1145,0,0,0,0,1824,0,1808,0,229,226,0,1,1824,0|46,3515127580,1,59273196,0,59244544,0,59244544,0,66585674,0,226,226,2194113965,1,2194113965,1,2080,2415536701,1,274264160,0,0,0,0,0
1788095194834|1001|primary_300s|rotating|44,1378943233,33555404,133310143,133114630,0,0,0,0,0,0,0,0,0,0,120311,120086,0,0,0,0,0,0,0,0,0,0,0,0,0,0,0,0,0,0,0,0,4096,256,131072,4,15|4,0,300000000,262144,1145,0,0,0,0,1824,0,1808,0,229,226,0,1,1824,0|46,2834496438,1,59308764,0,59244544,0,59244544,0,66610758,0,226,226,2198222766,1,2198222766,1,2080,2412373075,1,274246798,0,0,0,0,0
1788095199845|1001|primary_300s|fixed|46,1378943233,16780339,139286602,139082533,139286602,139082533,139286602,139082533,251651,250944,125706,125471,0,0,0,0,4067315104,4063470638,4096,4096,0,0,125707,125707,3119794862,3119794851,3119794830,3119794859,0,0,0,0,0,0,0,0,4096,256,131072,4,15|4,0,300000000,262144,1145,0,0,0,0,1904,0,1888,0,239,236,0,1,1904,0|48,3835761592,1,61970220,0,61865984,0,61865984,0,69615085,0,236,236,2489678861,1,2489678861,1,2080,2720924279,1,286300697,0,0,0,0,0
1788095199845|1001|primary_300s|rotating|46,1378943233,33555404,139352629,139148560,0,0,0,0,0,0,0,0,0,0,125765,125530,0,0,0,0,0,0,0,0,0,0,0,0,0,0,0,0,0,0,0,0,4096,256,131072,4,15|4,0,300000000,262144,1145,0,0,0,0,1904,0,1888,0,239,236,0,1,1904,0|48,3154047178,1,61996400,0,61865984,0,61865984,0,69628910,0,236,236,2492721115,1,2492721115,1,2080,2716356078,1,286277358,0,0,0,0,0
1788095204858|1001|primary_300s|fixed|48,1378943233,16780339,145350462,145138353,145350462,145138353,145350462,145138353,262605,261868,131178,130933,0,0,0,0,4244379400,4240373539,4096,4096,0,0,131179,131179,3440349837,3440349810,3440349805,3440349818,0,0,0,0,0,0,0,0,4096,256,131072,4,15|4,0,300000000,262144,1145,0,0,0,0,1984,0,1968,0,249,246,0,1,1984,0|50,4156583824,1,64669216,0,64487424,0,64487424,0,72647650,0,246,246,2785448225,1,2785448225,1,2080,3026501175,1,298336138,0,0,0,0,0
1788095204858|1001|primary_300s|rotating|48,1378943233,33557316,145426512,145214408,0,0,0,0,0,0,0,0,0,0,131247,131002,0,0,0,0,0,0,0,0,0,0,0,0,0,0,0,0,0,0,0,0,4096,256,131072,4,15|4,0,300000000,262144,1145,0,0,0,0,1984,0,1968,0,249,246,0,1,1984,0|50,3474836232,1,64695400,0,64487424,0,64487424,0,72660504,0,246,246,2788442527,1,2788442527,1,2080,3021580631,1,298320337,0,0,0,0,0
1788095209862|1001|primary_300s|fixed|50,1378943233,16780339,151408632,151188308,151408632,151188308,151408632,151188308,273549,272782,136646,136391,0,0,0,0,4294967295,4294967295,4096,4096,0,0,136646,136646,3760627560,3760627901,3760627576,3760627909,0,0,0,0,0,0,0,0,4096,256,131072,4,15|4,0,300000000,262144,1145,0,0,0,0,2064,0,2048,0,259,256,0,1,2064,0|52,181801367,2,67362780,0,67108864,0,67108864,0,75673643,0,256,256,3080566577,1,3080566577,1,2076,3331439813,1,310372434,0,0,0,0,0
1788095209862|1001|primary_300s|rotating|50,1378943233,33555404,151483900,151263570,0,0,0,0,0,0,0,0,0,0,136713,136458,0,0,0,0,0,0,0,0,0,0,0,0,0,0,0,0,0,0,0,0,4096,256,131072,4,15|4,0,300000000,262144,1145,0,0,0,0,2068,0,2056,0,260,257,0,1,2068,0|52,3795195066,1,67371008,0,67371008,0,67371008,0,75674099,0,257,257,3081577181,1,3081577181,1,2080,3325081915,1,311556555,0,0,0,0,0
1788095214888|1001|primary_300s|fixed|52,1378943233,16780339,157467116,157236434,157467116,157236434,157467116,157236434,284490,283690,142110,141844,0,0,0,0,4294967295,4294967295,4096,4096,0,0,142111,142111,4082305450,4082305439,4082305418,4082305455,0,0,0,0,0,0,0,0,4096,256,131072,4,15|4,0,300000000,262144,1145,0,0,0,0,2152,0,2136,0,270,267,0,1,2152,0|54,503077279,2,70051236,0,69992448,0,69992448,0,78696394,0,267,267,3374349928,1,3374349928,1,2080,3635946409,1,323610814,0,0,0,0,0
1788095214888|1001|primary_300s|rotating|52,1378943233,33555404,157541587,157310834,0,0,0,0,0,0,0,0,0,0,142177,141911,0,0,0,0,0,0,0,0,0,0,0,0,0,0,0,0,0,0,0,0,4096,256,131072,4,15|4,0,300000000,262144,1145,0,0,0,0,2152,0,2136,0,270,267,0,1,2152,0|54,4116883615,1,70082852,0,69992448,0,69992448,0,78713806,0,267,267,3377933951,1,3377933951,1,2080,3630939353,1,323594560,0,0,0,0,0
1788095219898|1001|primary_300s|fixed|54,1378943233,16780339,163538523,163298499,163538523,163298499,163538523,163298499,295448,294618,147584,147308,0,0,0,0,4294967295,4294967295,4096,4096,0,0,147585,147585,107974848,107974853,107974856,107974861,0,0,0,0,0,0,0,0,4096,256,131072,4,15|4,0,300000000,262144,1145,0,0,0,0,2232,0,2216,0,280,277,0,1,2232,0|56,824288579,2,72753692,0,72613888,0,72613888,0,81735585,0,277,277,3670511364,1,3670511364,1,2080,3941912801,1,335645832,0,0,0,0,0
1788095219898|1001|primary_300s|rotating|54,1378943233,33556360,163633822,163393778,0,0,0,0,0,0,0,0,0,0,147670,147394,0,0,0,0,0,0,0,0,0,0,0,0,0,0,0,0,0,0,0,0,4096,256,131072,4,15|4,0,300000000,262144,1145,0,0,0,0,2232,0,2216,0,280,277,0,1,2232,0|56,143570756,2,72788764,0,72613888,0,72613888,0,81756772,0,277,277,3674515095,1,3674515095,1,2080,3937028809,1,335641401,0,0,0,0,0
1788095224908|1001|primary_300s|fixed|56,1378943233,16781056,169601088,169352513,169601088,169352513,169601088,169352513,306406,305546,153059,152773,0,0,0,0,4294967295,4294967295,4096,4096,0,0,153059,153059,428653282,428653607,428653290,428653615,0,0,0,0,0,0,0,0,4096,256,131072,4,15|4,0,300000000,262144,1145,0,0,0,0,2312,0,2296,0,290,287,0,1,2312,0|58,1144965734,2,75451700,0,75235328,0,75235328,0,84764441,0,287,287,3966135985,1,3966135985,1,2080,4247345129,1,347680809,0,0,0,0,0
1788095224908|1001|primary_300s|rotating|56,1378943233,33555404,169675623,169426971,0,0,0,0,0,0,0,0,0,0,153126,152840,0,0,0,0,0,0,0,0,0,0,0,0,0,0,0,0,0,0,0,0,4096,256,131072,4,15|4,0,300000000,262144,1145,0,0,0,0,2312,0,2296,0,290,287,0,1,2312,0|58,463439692,2,75479364,0,75235328,0,75235328,0,84776687,0,287,287,3969319119,1,3969319119,1,2080,4241333451,1,347683720,0,0,0,0,0
1788095229921|1001|primary_300s|fixed|58,1378943233,16781056,175664395,175404919,175664395,175404919,175664395,175404919,317368,316476,158535,158238,0,0,0,0,4294967295,4294967295,4096,4096,0,0,158535,158535,749410003,749410003,749410011,749410011,0,0,0,0,0,0,0,0,4096,256,131072,4,15|4,0,300000000,262144,1145,0,0,0,0,2400,0,2384,0,301,298,0,1,2400,0|60,1465047199,2,78129780,0,78118912,0,78118912,0,87771347,0,298,298,4258715515,1,4258715515,1,2080,255688415,2,360920795,0,0,0,0,0
1788095229921|1001|primary_300s|rotating|58,1378943233,33555404,175687754,175428291,0,0,0,0,0,0,0,0,0,0,158556,158259,0,0,0,0,0,0,0,0,0,0,0,0,0,0,0,0,0,0,0,0,4096,256,131072,4,15|4,0,300000000,262144,1145,0,0,0,0,2400,0,2384,0,301,298,0,1,2400,0|60,782965394,2,78153000,0,78118912,0,78118912,0,87777570,0,298,298,4261360246,1,4261360246,1,2080,248771448,2,360914919,0,0,0,0,0
1788095234945|1001|primary_300s|fixed|60,1378943233,16781056,181718298,181450262,181718298,181450262,181718298,181450262,328305,327382,163998,163691,0,0,0,0,4294967295,4294967295,4096,4096,0,0,163998,163998,1070992791,1070993116,1070992799,1070993124,0,0,0,0,0,0,0,0,4096,256,131072,4,15|4,0,300000000,262144,1145,0,0,0,0,2480,0,2464,0,311,308,0,1,2480,0|62,1787239686,2,80841124,0,80740352,0,80740352,0,90817683,0,308,308,260874948,2,260874948,2,2080,562635659,2,372956197,0,0,0,0,0
1788095234945|1001|primary_300s|rotating|60,1378943233,33555404,181793566,181525405,0,0,0,0,0,0,0,0,0,0,164065,163758,0,0,0,0,0,0,0,0,0,0,0,0,0,0,0,0,0,0,0,0,4096,256,131072,4,15|4,0,300000000,262144,1145,0,0,0,0,2480,0,2464,0,311,308,0,1,2480,0|62,1105706706,2,80868792,0,80740352,0,80740352,0,90828324,0,308,308,264068827,2,264068827,2,2080,555944767,2,372951489,0,0,0,0,0
1788095239945|1001|primary_300s|fixed|62,1378943233,16780339,187773828,187498406,187773828,187498406,187773828,187498406,339243,338290,169461,169144,0,0,0,0,4294967295,4294967295,4096,4096,0,0,169462,169462,1391078460,1391078449,1391078468,1391078457,0,0,0,0,0,0,0,0,4096,256,131072,4,15|4,0,300000000,262144,1145,0,0,0,0,2560,0,2544,0,321,318,0,1,2560,0|64,2107121648,2,83531728,0,83361792,0,83361792,0,93841617,0,318,318,555696783,2,555696783,2,2080,867271328,2,384992564,0,0,0,0,0
1788095239945|1001|primary_300s|rotating|62,1378943233,33555404,187848652,187573355,0,0,0,0,0,0,0,0,0,0,169529,169212,0,0,0,0,0,0,0,0,0,0,0,0,0,0,0,0,0,0,0,0,4096,256,131072,4,15|4,0,300000000,262144,1145,0,0,0,0,2560,0,2544,0,321,318,0,1,2560,0|64,1425685257,2,83560380,0,83361792,0,83361792,0,93852856,0,318,318,558990204,2,558990204,2,2080,860359034,2,384985834,0,0,0,0,0
1788095244945|1001|primary_300s|fixed|64,1378943233,16780339,193828888,193543588,193828888,193543588,193828888,193543588,350183,349200,174926,174599,0,0,0,0,4294967295,4294967295,4096,4096,0,0,174927,174927,1711226361,1711226366,1711226313,1711226374,0,0,0,0,0,0,0,0,4096,256,131072,4,15|4,0,300000000,262144,1145,0,0,0,0,2640,0,2624,0,331,328,0,1,2640,0|66,2427530239,2,86226776,0,85983232,0,85983232,0,96869099,0,328,328,851038962,2,851038962,2,2080,1172434458,2,397028164,0,0,0,0,0
1788095244945|1001|primary_300s|rotating|64,1378943233,33555404,193896848,193611422,0,0,0,0,0,0,0,0,0,0,174988,174661,0,0,0,0,0,0,0,0,0,0,0,0,0,0,0,0,0,0,0,0,4096,256,131072,4,15|4,0,300000000,262144,1145,0,0,0,0,2640,0,2624,0,331,328,0,1,2640,0|66,1745601027,2,86245376,0,85983232,0,85983232,0,96874430,0,329,328,853174823,2,853174823,2,2048,1164706964,2,397017669,0,0,0,0,0
1788095249948|1001|primary_300s|fixed|66,1378943233,16780339,199857392,199562505,199857392,199562505,199857392,199562505,361072,360056,180365,180027,0,0,0,0,4294967295,4294967295,4096,4096,0,0,180366,180366,2031467607,2031467612,2031467615,2031467620,0,0,0,0,0,0,0,0,4096,256,131072,4,15|4,0,300000000,262144,1145,0,0,0,0,2728,0,2712,0,342,339,0,1,2728,0|68,2747414201,2,88903372,0,88866816,0,88866816,0,99877463,0,339,339,1143433714,2,1143433714,2,2080,1475548157,2,410267558,0,0,0,0,0
1788095249948|1001|primary_300s|rotating|66,1378943233,33555404,199936620,199641701,0,0,0,0,0,0,0,0,0,0,180436,180098,0,0,0,0,0,0,0,0,0,0,0,0,0,0,0,0,0,0,0,0,4096,256,131072,4,15|4,0,300000000,262144,1145,0,0,0,0,2728,0,2712,0,342,339,0,1,2728,0|68,2067033799,2,88941412,0,88866816,0,88866816,0,99897898,0,339,339,1147782914,2,1147782914,2,2080,1469018475,2,410261497,0,0,0,0,0
1788095254954|1001|primary_300s|fixed|68,1378943233,16780339,205915313,205612142,205915313,205612142,205915313,205612142,372014,370968,185831,185483,0,0,0,0,4294967295,4294967295,4096,4096,0,0,185832,185832,2351680942,2351680915,2351680950,2351680931,0,0,0,0,0,0,0,0,4096,256,131072,4,15|4,0,300000000,262144,1145,0,0,0,0,2808,0,2792,0,352,349,0,1,2808,0|70,3067881423,2,91599408,0,91488256,0,91488256,0,102906976,0,349,349,1438832423,2,1438832423,2,2078,1780769605,2,422303473,0,0,0,0,0
1788095254954|1001|primary_300s|rotating|68,1378943233,33555404,206009704,205706416,0,0,0,0,0,0,0,0,0,0,185916,185568,0,0,0,0,0,0,0,0,0,0,0,0,0,0,0,0,0,0,0,0,4096,256,131072,4,15|4,0,300000000,262144,1145,0,0,0,0,2808,0,2792,0,352,349,0,1,2808,0|70,2387342248,2,91635964,0,91488256,0,91488256,0,102924939,0,349,349,1443040524,2,1443040524,2,2080,1773762163,2,422288778,0,0,0,0,0
1788095259960|1001|primary_300s|fixed|70,1378943233,16780339,211978992,211665987,211978992,211665987,211978992,211665987,382970,381894,191304,190946,0,0,0,0,4294967295,4294967295,4096,4096,0,0,191305,191305,2672266724,2672266729,2672266732,2672266737,0,0,0,0,0,0,0,0,4096,256,131072,4,15|4,0,300000000,262144,1145,0,0,0,0,2888,0,2872,0,362,359,0,1,2888,0|72,3388232527,2,94293960,0,94109696,0,94109696,0,105933982,0,359,359,1734116081,2,1734116081,2,2080,2085875117,2,434339171,0,0,0,0,0
1788095259960|1001|primary_300s|rotating|70,1378943233,33555404,212058247,211745329,0,0,0,0,0,0,0,0,0,0,191375,191017,0,0,0,0,0,0,0,0,0,0,0,0,0,0,0,0,0,0,0,0,4096,256,131072,4,15|4,0,300000000,262144,1145,0,0,0,0,2888,0,2872,0,362,359,0,1,2888,0|72,2707800037,2,94331504,0,94109696,0,94109696,0,105952283,0,359,359,1738443314,2,1738443314,2,2080,2078651788,2,434319988,0,0,0,0,0
1788095264974|1001|primary_300s|fixed|72,1378943233,16781056,218049920,217728335,218049920,217728335,218049920,217728335,393930,392824,196780,196412,0,0,0,0,4294967295,4294967295,4096,4096,0,0,196780,196780,2993000381,2993000714,2993000389,2993000722,0,0,0,0,0,0,0,0,4096,256,131072,4,15|4,0,300000000,262144,1145,0,0,0,0,2968,0,2952,0,372,369,0,1,2968,0|74,3709187505,2,96993280,0,96731136,0,96731136,0,108969476,0,370,369,2029914528,2,2029914528,2,2048,2391584898,2,446374492,0,0,0,0,0
1788095264974|1001|primary_300s|rotating|72,1378943233,33558272,218114405,217792140,0,0,0,0,0,0,0,0,0,0,196839,196470,0,0,0,0,0,0,0,0,0,0,0,0,0,0,0,0,0,0,0,0,4096,256,131072,4,15|5,0,300000000,262144,1145,0,0,0,0,2976,0,2960,0,373,370,0,1,2976,0|74,3027614570,2,97007608,0,96993280,0,96993280,0,108959826,0,370,370,2030752040,2,2030752040,2,2080,2381344780,2,447571823,0,0,0,0,0
1788095269979|1001|primary_300s|fixed|74,1378943233,16780339,224076669,223746260,224076669,223746260,224076669,223746260,404827,403688,202222,201843,0,0,0,0,4294967295,4294967295,4096,4096,0,0,202223,202223,3313445854,3313445867,3313445862,3313445875,0,0,0,0,0,0,0,0,4096,256,131072,4,15|4,0,300000000,262144,1145,0,0,0,0,3056,0,3040,0,383,380,0,1,3056,0|76,4029734115,2,99676472,0,99614720,0,99614720,0,111981702,0,380,380,2323080399,2,2323080399,2,2080,2695361152,2,459613958,0,0,0,0,0
1788095269979|1001|primary_300s|rotating|74,1378943233,33555404,224144820,223814445,0,0,0,0,0,0,0,0,0,0,202284,201904,0,0,0,0,0,0,0,0,0,0,0,0,0,0,0,0,0,0,0,0,4096,256,131072,4,15|4,0,300000000,262144,1145,0,0,0,0,3056,0,3040,0,383,380,0,1,3056,0|76,3347744814,2,99700184,0,99614720,0,99614720,0,111983240,0,380,380,2325817156,2,2325817156,2,2080,2685910176,2,459613876,0,0,0,0,0
1788095274995|1001|primary_300s|fixed|76,1378943233,16780339,230148757,229810271,230148757,229810271,230148757,229810271,415793,414624,207700,207311,0,0,0,0,4294967295,4294967295,4096,4096,0,0,207701,207701,3634313145,3634313142,3634313153,3634313158,0,0,0,0,0,0,0,0,4096,256,131072,4,15|4,0,300000000,262144,1145,0,0,0,0,3136,0,3120,0,393,390,0,1,3136,0|78,54894196,3,102369540,0,102236160,0,102236160,0,115008475,0,390,390,2618136074,2,2618136074,2,2080,3000242067,2,471650514,0,0,0,0,0
1788095274995|1001|primary_300s|rotating|76,1378943233,33555404,230201727,229863239,0,0,0,0,0,0,0,0,0,0,207747,207358,0,0,0,0,0,0,0,0,0,0,0,0,0,0,0,0,0,0,0,0,4096,256,131072,4,15|4,0,300000000,262144,1145,0,0,0,0,3136,0,3120,0,393,390,0,1,3136,0|78,3667860570,2,102393252,0,102236160,0,102236160,0,115009170,0,390,390,2620882834,2,2620882834,2,2080,2990458320,2,471640736,0,0,0,0,0
1788095280003|1001|primary_300s|fixed|78,1378943233,16780339,236210730,235864673,236210730,235864673,236210730,235864673,426749,425550,213173,212774,0,0,0,0,4294967295,4294967295,4096,4096,0,0,213174,213174,3954912224,3954912237,3954912232,3954912189,0,0,0,0,0,0,0,0,4096,256,131072,4,15|4,0,300000000,262144,1145,0,0,0,0,3216,0,3200,0,403,400,0,1,3216,0|80,376203807,3,105072492,0,104857600,0,104857600,0,118044495,0,400,400,2914394837,2,2914394837,2,2080,3306306742,2,483685520,0,0,0,0,0
1788095280003|1001|primary_300s|rotating|78,1378943233,33555404,236285564,235939537,0,0,0,0,0,0,0,0,0,0,213241,212842,0,0,0,0,0,0,0,0,0,0,0,0,0,0,0,0,0,0,0,0,4096,256,131072,4,15|4,0,300000000,262144,1145,0,0,0,0,3216,0,3200,0,403,400,0,1,3216,0|80,3989744374,2,105101636,0,104857600,0,104857600,0,118049954,0,400,400,2917693757,2,2917693757,2,2080,3296777336,2,483686586,0,0,0,0,0
1788095285014|1001|primary_300s|fixed|80,1378943233,16781056,242278190,241921724,242278190,241921724,242278190,241921724,437713,436482,218651,218241,0,0,0,0,4294967295,4294967295,4096,4096,0,0,218651,218651,4275750336,4275750336,4275750344,4275750344,0,0,0,0,0,0,0,0,4096,256,131072,4,15|5,0,300000000,262144,1145,0,0,0,0,3304,0,3288,0,414,411,0,1,3304,0|82,697036895,3,107757488,0,107741184,0,107741184,0,121060198,0,411,411,3207742443,2,3207742443,2,2080,3610369684,2,496924745,0,0,0,0,0
1788095285014|1001|primary_300s|rotating|80,1378943233,33555404,242315705,241959212,0,0,0,0,0,0,0,0,0,0,218684,218274,0,0,0,0,0,0,0,0,0,0,0,0,0,0,0,0,0,0,0,0,4096,256,131072,4,15|4,0,300000000,262144,1145,0,0,0,0,3304,0,3288,0,414,411,0,1,3304,0|82,15103780,3,107781692,0,107741184,0,107741184,0,121060438,0,411,411,3210515448,2,3210515448,2,2080,3599982246,2,496936678,0,0,0,0,0
1788095290018|1001|primary_300s|fixed|82,1378943233,16780339,248302700,247936925,248302700,247936925,248302700,247936925,448598,447336,224087,223667,0,0,0,0,4294967295,4294967295,4096,4096,0,0,224088,224088,300897285,300897290,300897261,300897242,0,0,0,0,0,0,0,0,4096,256,131072,4,15|4,0,300000000,262144,1145,0,0,0,0,3384,0,3368,0,424,421,0,1,3384,0|84,1017157429,3,110450064,0,110362624,0,110362624,0,124085678,0,421,421,3502798522,2,3502798522,2,2080,3915243821,2,508961252,0,0,0,0,0
1788095290018|1001|primary_300s|rotating|82,1378943233,33555404,248378872,248013210,0,0,0,0,0,0,0,0,0,0,224156,223736,0,0,0,0,0,0,0,0,0,0,0,0,0,0,0,0,0,0,0,0,4096,256,131072,4,15|4,0,300000000,262144,1145,0,0,0,0,3384,0,3368,0,424,421,0,1,3384,0|84,335659043,3,110478716,0,110362624,0,110362624,0,124089561,0,421,421,3506015370,2,3506015370,2,2080,3904972686,2,508967838,0,0,0,0,0
1788095295029|1001|primary_300s|fixed|84,1378943233,16781056,254367868,253991988,254367868,253991988,254367868,253991988,459556,458264,229562,229132,0,0,0,0,4294967295,4294967295,4096,4096,0,0,229562,229562,621569959,621570276,621569967,621570284,0,0,0,0,0,0,0,0,4096,256,131072,4,15|4,0,300000000,262144,1145,0,0,0,0,3464,0,3448,0,434,431,0,1,3464,0|86,1337684700,3,113146592,0,112984064,0,112984064,0,127113976,0,431,431,3798254718,2,3798254718,2,2080,4220525860,2,520996580,0,0,0,0,0
1788095295029|1001|primary_300s|rotating|84,1378943233,33555404,254442510,254066594,0,0,0,0,0,0,0,0,0,0,229629,229199,0,0,0,0,0,0,0,0,0,0,0,0,0,0,0,0,0,0,0,0,4096,256,131072,4,15|4,0,300000000,262144,1145,0,0,0,0,3464,0,3448,0,434,431,0,1,3464,0|86,656295897,3,113175736,0,112984064,0,112984064,0,127118064,0,431,431,3801600724,2,3801600724,2,2080,4210041756,2,520995142,0,0,0,0,0
1788095300031|1001|primary_300s|fixed|86,1378943233,16781056,260423922,260039311,260423922,260039311,260423922,260039311,470496,469174,235027,234587,0,0,0,0,4294967295,4294967295,4096,4096,0,0,235027,235027,941725009,941725318,941725017,941725326,0,0,0,0,0,0,0,0,4096,256,131072,4,15|4,0,300000000,262144,1145,0,0,0,0,3544,0,3528,0,444,441,0,1,3544,0|88,1657935441,3,115840648,0,115605504,0,115605504,0,130140768,0,441,441,4093444232,2,4093444232,2,2080,230562743,3,533033247,0,0,0,0,0
1788095300031|1001|primary_300s|rotating|86,1378943233,33555404,260515293,260130646,0,0,0,0,0,0,0,0,0,0,235109,234669,0,0,0,0,0,0,0,0,0,0,0,0,0,0,0,0,0,0,0,0,4096,256,131072,4,15|4,0,300000000,262144,1145,0,0,0,0,3544,0,3528,0,444,441,0,1,3544,0|88,977245929,3,115867648,0,115867648,0,115867648,0,130150080,0,442,442,4096542862,2,4096542862,2,2080,220391095,3,533065786,0,0,0,0,0
1788095305032|1001|primary_300s|fixed|88,1378943233,16780339,266454284,266061051,266454284,266061051,266454284,266061051,481389,480034,240467,240016,0,0,0,0,4294967295,4294967295,4096,4096,0,0,240468,240468,1262036878,1262036891,1262036886,1262036867,0,0,0,0,0,0,0,0,4096,256,131072,4,15|4,0,300000000,262144,1145,0,0,0,0,3632,0,3616,0,455,452,0,1,3632,0|90,1978066452,3,118519224,0,118489088,0,118489088,0,133152244,0,452,452,91106758,3,91106758,3,2080,533923375,3,546272724,0,0,0,0,0
1788095305032|1001|primary_300s|rotating|88,1378943233,33555404,266521312,266128145,0,0,0,0,0,0,0,0,0,0,240527,240076,0,0,0,0,0,0,0,0,0,0,0,0,0,0,0,0,0,0,0,0,4096,256,131072,4,15|4,0,300000000,262144,1145,0,0,0,0,3632,0,3616,0,455,452,0,1,3632,0|90,1296337521,3,118545404,0,118489088,0,118489088,0,133151590,0,452,452,94130647,3,94130647,3,2080,522430243,3,546262248,0,0,0,0,0
1788095310036|1001|primary_300s|fixed|90,1378943233,16781056,272507375,272105099,272507375,272105099,272507375,272105099,492325,490940,245931,245470,0,0,0,0,4294967295,4294967295,4096,4096,0,0,245931,245931,1582111876,1582112193,1582111884,1582112201,0,0,0,0,0,0,0,0,4096,256,131072,4,15|4,0,300000000,262144,1145,0,0,0,0,3712,0,3696,0,465,462,0,1,3712,0|92,2298229183,3,121212292,0,121110528,0,121110528,0,136177311,0,462,462,386210788,3,386210788,3,2080,838840521,3,558308438,0,0,0,0,0
1788095310036|1001|primary_300s|rotating|90,1378943233,33558272,272580676,272178404,0,0,0,0,0,0,0,0,0,0,245997,245536,0,0,0,0,0,0,0,0,0,0,0,0,0,0,0,0,0,0,0,0,4096,256,131072,4,15|4,0,300000000,262144,1145,0,0,0,0,3712,0,3696,0,465,462,0,1,3712,0|92,1616554610,3,121238968,0,121110528,0,121110528,0,136176463,0,462,462,389285083,3,389285083,3,2080,827079391,3,558301569,0,0,0,0,0
1788095315042|1001|primary_300s|fixed|92,1378943233,16781056,278568098,278159246,278568098,278159246,278568098,278159246,503279,501864,251403,250932,0,0,0,0,4294967295,4294967295,4096,4096,0,0,251403,251403,1902657108,1902657441,1902657116,1902657449,0,0,0,0,0,0,0,0,4096,256,131072,4,15|4,0,300000000,262144,1145,0,0,0,0,3792,0,3776,0,475,472,0,1,3792,0|94,2618892584,3,123909808,0,123731968,0,123731968,0,139207166,0,472,472,681806121,3,681806121,3,2080,1144257666,3,570344835,0,0,0,0,0
1788095315042|1001|primary_300s|rotating|92,1378943233,33555404,278635495,278226376,0,0,0,0,0,0,0,0,0,0,251463,250992,0,0,0,0,0,0,0,0,0,0,0,0,0,0,0,0,0,0,0,0,4096,256,131072,4,15|4,0,300000000,262144,1145,0,0,0,0,3792,0,3776,0,475,472,0,1,3792,0|94,1936939271,3,123934016,0,123731968,0,123731968,0,139202755,0,472,472,684618292,3,684618292,3,2080,1131900101,3,570329336,0,0,0,0,0
1788095320051|1001|primary_300s|fixed|94,1378943233,16780339,284627054,284209274,284627054,284209274,284627054,284209274,514229,512784,256872,256391,0,0,0,0,4294967295,4294967295,4096,4096,0,0,256873,256873,2223080918,2223080923,2223080926,2223080907,0,0,0,0,0,0,0,0,4096,256,131072,4,15|4,0,300000000,262144,1145,0,0,0,0,3872,0,3856,0,485,482,0,1,3872,0|96,2939192311,3,126604360,0,126353408,0,126353408,0,142233107,0,482,482,977046124,3,977046124,3,2080,1449312267,3,582380059,0,0,0,0,0
1788095320051|1001|primary_300s|rotating|94,1378943233,33555404,284702593,284284862,0,0,0,0,0,0,0,0,0,0,256941,256459,0,0,0,0,0,0,0,0,0,0,0,0,0,0,0,0,0,0,0,0,4096,256,131072,4,15|4,0,300000000,262144,1145,0,0,0,0,3876,0,3864,0,486,483,0,1,3876,0|96,2257815766,3,126615552,0,126615552,0,126615552,0,142221729,0,483,483,978383752,3,978383752,3,2080,1436039714,3,583505711,0,0,0,0,0
1788095325059|1001|primary_300s|fixed|96,1378943233,16780339,290662411,290236241,290662411,290236241,290662411,290236241,525136,523658,262320,261828,0,0,0,0,4294967295,4294967295,4096,4096,0,0,262321,262321,2543808498,2543808471,2543808506,2543808479,0,0,0,0,0,0,0,0,4096,256,131072,4,15|4,0,300000000,262144,1145,0,0,0,0,3960,0,3944,0,496,493,0,1,3960,0|98,3259716194,3,129286392,0,129236992,0,129236992,0,145246874,0,493,493,1270081972,3,1270081972,3,2080,1753066564,3,595618778,0,0,0,0,0
1788095325059|1001|primary_300s|rotating|96,1378943233,33555404,290742935,290316674,0,0,0,0,0,0,0,0,0,0,262393,261901,0,0,0,0,0,0,0,0,0,0,0,0,0,0,0,0,0,0,0,0,4096,256,131072,4,15|4,0,300000000,262144,1145,0,0,0,0,3960,0,3944,0,496,493,0,1,3960,0|98,2579304202,3,129324432,0,129236992,0,129236992,0,145256612,0,493,493,1274415844,3,1274415844,3,2080,1741574812,3,595614210,0,0,0,0,0
1788095330064|1001|primary_300s|fixed|98,1378943233,16780339,296721427,296287365,296721427,296287365,296721427,296287365,536082,534574,267788,267286,0,0,0,0,4294967295,4294967295,4096,4096,0,0,267789,267789,2864128467,2864128440,2864128475,2864128448,0,0,0,0,0,0,0,0,4096,256,131072,4,15|4,0,300000000,262144,1145,0,0,0,0,4040,0,4024,0,506,503,0,1,4040,0|100,3580031088,3,131980944,0,131858432,0,131858432,0,148274296,0,503,503,1565348118,3,1565348118,3,2080,2058136653,3,607653705,0,0,0,0,0
1788095330064|1001|primary_300s|rotating|98,1378943233,33555404,296801641,296367544,0,0,0,0,0,0,0,0,0,0,267860,267358,0,0,0,0,0,0,0,0,0,0,0,0,0,0,0,0,0,0,0,0,4096,256,131072,4,15|4,0,300000000,262144,1145,0,0,0,0,4040,0,4024,0,506,503,0,1,4040,0|100,2899638867,3,132018984,0,131858432,0,131858432,0,148283601,0,503,503,1569681426,3,1569681426,3,2080,2046344902,3,607659645,0,0,0,0,0
1788095335076|1001|primary_300s|fixed|100,1378943233,16781056,302792634,302350550,302792634,302350550,302792634,302350550,547046,545508,273266,272754,0,0,0,0,4294967295,4294967295,4096,4096,0,0,273266,273266,3184968008,3184968365,3184968016,3184968373,0,0,0,0,0,0,0,0,4096,256,131072,4,15|4,0,300000000,262144,1145,0,0,0,0,4120,0,4104,0,516,513,0,1,4120,0|102,3900891196,3,134680436,0,134479872,0,134479872,0,151308019,0,513,513,1861151288,3,1861151288,3,2080,2363751026,3,619689556,0,0,0,0,0
1788095335076|1001|primary_300s|rotating|100,1378943233,33558272,302858155,302415976,0,0,0,0,0,0,0,0,0,0,273325,272813,0,0,0,0,0,0,0,0,0,0,0,0,0,0,0,0,0,0,0,0,4096,256,131072,4,15|4,0,300000000,262144,1145,0,0,0,0,4120,0,4104,0,516,513,0,1,4120,0|102,3219896411,3,134713040,0,134479872,0,134479872,0,151310501,0,513,513,1864876097,3,1864876097,3,2080,2351037930,3,619699031,0,0,0,0,0
1788095340093|1001|primary_300s|fixed|102,1378943233,16780339,308866287,308415038,308866287,308415038,308866287,308415038,558016,556448,278745,278223,0,0,0,0,4294967295,4294967295,4096,4096,0,0,278746,278746,3505940444,3505940433,3505940452,3505940449,0,0,0,0,0,0,0,0,4096,256,131072,4,15|4,0,300000000,262144,1145,0,0,0,0,4204,0,4192,0,527,524,0,1,4204,0|104,4221910968,3,137363456,0,137363456,0,137363456,0,154331594,0,524,524,2155111249,3,2155111249,3,2080,2668446279,3,632804191,0,0,0,0,0
1788095340093|1001|primary_300s|rotating|102,1378943233,33555404,308907347,308455388,0,0,0,0,0,0,0,0,0,0,278783,278260,0,0,0,0,0,0,0,0,0,0,0,0,0,0,0,0,0,0,0,0,4096,256,131072,4,15|4,0,300000000,262144,1145,0,0,0,0,4208,0,4192,0,527,524,0,1,4208,0|104,3540341997,3,137394580,0,137363456,0,137363456,0,154323386,0,524,524,2157837392,3,2157837392,3,2080,2654362674,3,632928008,0,0,0,0,0
1788095345102|1001|primary_300s|fixed|104,1378943233,16781056,314899585,314438750,314899585,314438750,314899585,314438750,568913,567312,284189,283656,0,0,0,0,4294967295,4294967295,4096,4096,0,0,284189,284189,3826414575,3826414900,3826414583,3826414908,0,0,0,0,0,0,0,0,4096,256,131072,4,15|4,0,300000000,262144,1145,0,0,0,0,4288,0,4272,0,537,534,0,1,4288,0|106,247831329,4,140066408,0,139984896,0,139984896,0,157361227,0,534,534,2450497352,3,2450497352,3,2080,2973642731,3,644964547,0,0,0,0,0
1788095345102|1001|primary_300s|rotating|104,1378943233,33558272,314976870,314516124,0,0,0,0,0,0,0,0,0,0,284259,283726,0,0,0,0,0,0,0,0,0,0,0,0,0,0,0,0,0,0,0,0,4096,256,131072,4,15|4,0,300000000,262144,1145,0,0,0,0,4288,0,4272,0,537,534,0,1,4288,0|106,3861346946,3,140095060,0,139984896,0,139984896,0,157357606,0,534,534,2453772981,3,2453772981,3,2080,2959799635,3,644972273,0,0,0,0,0
1788095350102|1001|primary_300s|fixed|106,1378943233,16780339,320951734,320481764,320951734,320481764,320951734,320481764,579855,578224,289654,289111,0,0,0,0,4294967295,4294967295,4096,4096,0,0,289655,289655,4146623930,4146623935,4146623938,4146623943,0,0,0,0,0,0,0,0,4096,256,131072,4,15|4,0,300000000,262144,1145,0,0,0,0,4368,0,4352,0,547,544,0,1,4368,0|108,567654251,4,142756512,0,142606336,0,142606336,0,160381345,0,544,544,2745266322,3,2745266322,3,2080,3278220249,3,657000026,0,0,0,0,0
1788095350102|1001|primary_300s|rotating|106,1378943233,33558272,321030819,320560580,0,0,0,0,0,0,0,0,0,0,289726,289183,0,0,0,0,0,0,0,0,0,0,0,0,0,0,0,0,0,0,0,0,4096,256,131072,4,15|4,0,300000000,262144,1145,0,0,0,0,4368,0,4352,0,547,544,0,1,4368,0|108,4182048347,3,142793068,0,142606336,0,142606336,0,160385894,0,544,544,2749409981,3,2749409981,3,2080,3264936286,3,657012242,0,0,0,0,0
1788095355109|1001|primary_300s|fixed|108,1378943233,16781056,327010472,326531912,327010472,326531912,327010472,326531912,590807,589146,295126,294573,0,0,0,0,4294967295,4294967295,4096,4096,0,0,295126,295126,172146593,172146934,172146601,172146942,0,0,0,0,0,0,0,0,4096,256,131072,4,15|4,0,300000000,262144,1145,0,0,0,0,4448,0,4432,0,557,554,0,1,4448,0|110,888247595,4,145453536,0,145227776,0,145227776,0,163409459,0,554,554,3040788095,3,3040788095,3,2080,3583567146,3,669036567,0,0,0,0,0
1788095355109|1001|primary_300s|rotating|108,1378943233,33555404,327077270,326598838,0,0,0,0,0,0,0,0,0,0,295186,294633,0,0,0,0,0,0,0,0,0,0,0,0,0,0,0,0,0,0,0,0,4096,256,131072,4,15|4,0,300000000,262144,1145,0,0,0,0,4448,0,4432,0,557,554,0,1,4448,0|110,206438043,4,145478728,0,145227776,0,145227776,0,163401180,0,554,554,3043717512,3,3043717512,3,2080,3568725537,3,669040333,0,0,0,0,0
1788095360120|1001|primary_300s|fixed|110,1378943233,16781056,333053539,332565831,333053539,332565831,333053539,332565831,601723,600030,300579,300015,0,0,0,0,4294967295,4294967295,4096,4096,0,0,300579,300579,491621150,491621150,491621158,491621158,0,0,0,0,0,0,0,0,4096,256,131072,4,15|4,0,300000000,262144,1145,0,0,0,0,4536,0,4520,0,568,565,0,1,4536,0|112,1208841624,4,148136060,0,148111360,0,148111360,0,166424714,0,565,565,3333895139,3,3333895139,3,2080,3887391586,3,682275309,0,0,0,0,0
1788095360120|1001|primary_300s|rotating|110,1378943233,33555404,333135948,332648277,0,0,0,0,0,0,0,0,0,0,300653,300089,0,0,0,0,0,0,0,0,0,0,0,0,0,0,0,0,0,0,0,0,4096,256,131072,4,15|4,0,300000000,262144,1145,0,0,0,0,4536,0,4520,0,568,565,0,1,4536,0|112,528890773,4,148178052,0,148111360,0,148111360,0,166434295,0,565,565,3338664352,3,3338664352,3,2080,3874057731,3,682286481,0,0,0,0,0
1788095365140|1001|primary_300s|fixed|112,1378943233,16780339,339120228,338624021,339120228,338624021,339120228,338624021,612686,610962,306055,305481,0,0,0,0,4294967295,4294967295,4096,4096,0,0,306055,306055,813926976,813927317,813926984,813927325,0,0,0,0,0,0,0,0,4096,256,131072,4,15|4,0,300000000,262144,1145,0,0,0,0,4616,0,4600,0,578,575,0,1,4616,0|114,1530043747,4,150838516,0,150732800,0,150732800,0,169460284,0,575,575,3630038874,3,3630038874,3,2080,4193348459,3,694310649,0,0,0,0,0
1788095365140|1001|primary_300s|rotating|112,1378943233,33558272,339195893,338699661,0,0,0,0,0,0,0,0,0,0,306123,305549,0,0,0,0,0,0,0,0,0,0,0,0,0,0,0,0,0,0,0,0,4096,256,131072,4,15|4,0,300000000,262144,1145,0,0,0,0,4616,0,4600,0,578,575,0,1,4616,0|114,848646847,4,150867664,0,150732800,0,150732800,0,169454853,0,575,575,3633359059,3,3633359059,3,2080,4178248491,3,694325561,0,0,0,0,0
1788095370143|1001|primary_300s|fixed|114,1378943233,16780339,345180682,344676500,345180682,344676500,345180682,344676500,623628,621874,311520,310936,0,0,0,0,4294967295,4294967295,4096,4096,0,0,311521,311521,1134136264,1134136261,1134136272,1134136269,0,0,0,0,0,0,0,0,4096,256,131072,4,15|4,0,300000000,262144,1145,0,0,0,0,4696,0,4680,0,588,585,0,1,4696,0|116,1850255543,4,153532080,0,153354240,0,153354240,0,172488534,0,585,585,3925183212,3,3925183212,3,2080,203346887,4,706346803,0,0,0,0,0
1788095370143|1001|primary_300s|rotating|114,1378943233,33555404,345254787,344750511,0,0,0,0,0,0,0,0,0,0,311587,311003,0,0,0,0,0,0,0,0,0,0,0,0,0,0,0,0,0,0,0,0,4096,256,131072,4,15|4,0,300000000,262144,1145,0,0,0,0,4696,0,4680,0,588,585,0,1,4696,0|116,1168624182,4,153559252,0,153354240,0,153354240,0,172480095,0,585,585,3928286272,3,3928286272,3,2080,187694479,4,706352844,0,0,0,0,0
1788095375147|1001|primary_300s|fixed|116,1378943233,16781056,351245975,350733293,351245975,350733293,351245975,350733293,634578,632794,316991,316397,0,0,0,0,4294967295,4294967295,4096,4096,0,0,316991,316991,1454570067,1454570384,1454570075,1454570392,0,0,0,0,0,0,0,0,4096,256,131072,4,15|4,0,300000000,262144,1145,0,0,0,0,4776,0,4760,0,598,595,0,1,4776,0|118,2171071950,4,156231080,0,155975680,0,155975680,0,175522772,0,595,595,4220929833,3,4220929833,3,2050,508917963,4,718382242,0,0,0,0,0
1788095375147|1001|primary_300s|rotating|116,1378943233,33558272,351333805,350820373,0,0,0,0,0,0,0,0,0,0,317071,316476,0,0,0,0,0,0,0,0,0,0,0,0,0,0,0,0,0,0,0,0,4096,256,131072,4,15|5,0,300000000,262144,1145,0,0,0,0,4784,0,4768,0,599,596,0,1,4784,0|118,1490151228,4,156250176,0,156237824,0,156237824,0,175504843,0,596,596,4222321791,3,4222321791,3,2080,492096946,4,719586697,0,0,0,0,0
1788095380151|1001|primary_300s|fixed|118,1378943233,16780339,357269455,356749243,357269455,356749243,357269455,356749243,645465,643648,322428,321823,0,0,0,0,4294967295,4294967295,4096,4096,0,0,322429,322429,1774737527,1774737540,1774737535,1774737532,0,0,0,0,0,0,0,0,4096,256,131072,4,15|4,0,300000000,262144,1145,0,0,0,0,4864,0,4848,0,609,606,0,1,4864,0|120,2490843155,4,158906688,0,158859264,0,158859264,0,178528762,0,606,606,218245354,4,218245354,4,2080,811919123,4,731621434,0,0,0,0,0
1788095380151|1001|primary_300s|rotating|118,1378943233,33558272,357362082,356841883,0,0,0,0,0,0,0,0,0,0,322512,321907,0,0,0,0,0,0,0,0,0,0,0,0,0,0,0,0,0,0,0,0,4096,256,131072,4,15|4,0,300000000,262144,1145,0,0,0,0,4864,0,4848,0,609,606,0,1,4864,0|120,1810322486,4,158943572,0,158859264,0,158859264,0,178530202,0,606,606,222462575,4,222462575,4,2080,796703477,4,731626601,0,0,0,0,0
