captured_ms|sequence|label|role|data_ro|dirm0|oen0
1785941344628|0|SAFE_BOOT|fixed|1346371075|8193|8193
1785941344628|0|SAFE_BOOT|rotating|1350565379|8193|8193
1785941344665|1001|smoke_F0_raw64_active|fixed|1346371075|8193|8193
1785941344665|1001|smoke_F0_raw64_active|rotating|1350565379|8193|8193
1785941345000|1001|smoke_F0_raw64_terminal|fixed|1346371075|8193|8193
1785941345000|1001|smoke_F0_raw64_terminal|rotating|1346371075|8193|8193
1785941345304|1002|smoke_lane0_f2r_100f_active|fixed|1350565379|8193|8193
1785941345304|1002|smoke_lane0_f2r_100f_active|rotating|1350557187|8193|8193
1785941345736|1002|smoke_lane0_f2r_100f_terminal|fixed|1346371075|8193|8193
1785941345736|1002|smoke_lane0_f2r_100f_terminal|rotating|1346371075|8193|8193
1785941346015|1003|smoke_R0_raw64_active|fixed|1350565379|8193|8193
1785941346015|1003|smoke_R0_raw64_active|rotating|1350565379|8193|8193
1785941346448|1003|smoke_R0_raw64_terminal|fixed|1350565379|8193|8193
1785941346448|1003|smoke_R0_raw64_terminal|rotating|1346371075|8193|8193
1785941346776|1004|smoke_lane0_r2f_100f_active|fixed|1350557187|8193|8193
1785941346776|1004|smoke_lane0_r2f_100f_active|rotating|1350565379|8193|8193
1785941347230|1004|smoke_lane0_r2f_100f_terminal|fixed|1346371075|8193|8193
1785941347230|1004|smoke_lane0_r2f_100f_terminal|rotating|1350565379|8193|8193
1785941347443|1005|smoke_F1_raw64_active|fixed|1346371075|8193|8193
1785941347443|1005|smoke_F1_raw64_active|rotating|1350565379|8193|8193
1785941347833|1005|smoke_F1_raw64_terminal|fixed|1350565379|8193|8193
1785941347833|1005|smoke_F1_raw64_terminal|rotating|1350565379|8193|8193
1785941348070|1006|smoke_lane1_f2r_100f_active|fixed|1350565379|8193|8193
1785941348070|1006|smoke_lane1_f2r_100f_active|rotating|1350557187|8193|8193
1785941348610|1006|smoke_lane1_f2r_100f_terminal|fixed|1346371075|8193|8193
1785941348610|1006|smoke_lane1_f2r_100f_terminal|rotating|1350565379|8193|8193
1785941348807|1007|smoke_R1_raw64_active|fixed|1346371075|8193|8193
1785941348807|1007|smoke_R1_raw64_active|rotating|1350565379|8193|8193
1785941349254|1007|smoke_R1_raw64_terminal|fixed|1350565379|8193|8193
1785941349254|1007|smoke_R1_raw64_terminal|rotating|1350565379|8193|8193
1785941349634|1008|smoke_lane1_r2f_100f_active|fixed|1350557187|8193|8193
1785941349634|1008|smoke_lane1_r2f_100f_active|rotating|1350565379|8193|8193
1785941350125|1008|smoke_lane1_r2f_100f_terminal|fixed|1350565379|8193|8193
1785941350125|1008|smoke_lane1_r2f_100f_terminal|rotating|1346371075|8193|8193
1785941350342|1009|smoke_F2_raw64_active|fixed|1350565379|8193|8193
1785941350342|1009|smoke_F2_raw64_active|rotating|1350565379|8193|8193
1785941350735|1009|smoke_F2_raw64_terminal|fixed|1346371075|8193|8193
1785941350735|1009|smoke_F2_raw64_terminal|rotating|1350565379|8193|8193
1785941351062|1010|smoke_lane2_f2r_100f_active|fixed|1346371075|8193|8193
1785941351062|1010|smoke_lane2_f2r_100f_active|rotating|1350557187|8193|8193
1785941351552|1010|smoke_lane2_f2r_100f_terminal|fixed|1346371075|8193|8193
1785941351552|1010|smoke_lane2_f2r_100f_terminal|rotating|1346371075|8193|8193
1785941351783|1011|smoke_R2_raw64_active|fixed|1346371075|8193|8193
1785941351783|1011|smoke_R2_raw64_active|rotating|1350565379|8193|8193
1785941352250|1011|smoke_R2_raw64_terminal|fixed|1346371075|8193|8193
1785941352250|1011|smoke_R2_raw64_terminal|rotating|1350565379|8193|8193
1785941352546|1012|smoke_lane2_r2f_100f_active|fixed|1350557187|8193|8193
1785941352546|1012|smoke_lane2_r2f_100f_active|rotating|1346371075|8193|8193
1785941352963|1012|smoke_lane2_r2f_100f_terminal|fixed|1346371075|8193|8193
1785941352963|1012|smoke_lane2_r2f_100f_terminal|rotating|1346371075|8193|8193
1785941353560|1013|smoke_F3_raw64_terminal|fixed|1350565379|8193|8193
1785941353560|1013|smoke_F3_raw64_terminal|rotating|1346371075|8193|8193
1785941353869|1014|smoke_lane3_f2r_100f_active|fixed|1350565379|8193|8193
1785941353869|1014|smoke_lane3_f2r_100f_active|rotating|1346362883|8193|8193
1785941354471|1014|smoke_lane3_f2r_100f_terminal|fixed|1350565379|8193|8193
1785941354471|1014|smoke_lane3_f2r_100f_terminal|rotating|1350565379|8193|8193
1785941354703|1015|smoke_R3_raw64_active|fixed|1350565379|8193|8193
1785941354703|1015|smoke_R3_raw64_active|rotating|1350565379|8193|8193
1785941355094|1015|smoke_R3_raw64_terminal|fixed|1346371075|8193|8193
1785941355094|1015|smoke_R3_raw64_terminal|rotating|1346371075|8193|8193
1785941355348|1016|smoke_lane3_r2f_100f_active|fixed|1350557187|8193|8193
1785941355348|1016|smoke_lane3_r2f_100f_active|rotating|1350565379|8193|8193
1785941355882|1016|smoke_lane3_r2f_100f_terminal|fixed|1346371075|8193|8193
1785941355882|1016|smoke_lane3_r2f_100f_terminal|rotating|1346371075|8193|8193
1785941356407|1017|smoke_1m_f2r_active|fixed|1346371075|8193|8193
1785941356407|1017|smoke_1m_f2r_active|rotating|1346362883|8193|8193
1785941357809|1017|smoke_1m_f2r_terminal|fixed|1350565379|8193|8193
1785941357809|1017|smoke_1m_f2r_terminal|rotating|1346371075|8193|8193
1785941358277|1018|smoke_1m_r2f_active|fixed|1346362883|8193|8193
1785941358277|1018|smoke_1m_r2f_active|rotating|1346371074|8193|8193
1785941359691|1018|smoke_1m_r2f_terminal|fixed|1346371075|8193|8193
1785941359691|1018|smoke_1m_r2f_terminal|rotating|1350565379|8193|8193
1785941360373|1019|P10_4-BASELINE_SMOKE_endpoint_shutdown_terminal|fixed|1350565379|8193|8193
1785941360373|1019|P10_4-BASELINE_SMOKE_endpoint_shutdown_terminal|rotating|1350565379|8193|8193
