captured_ms|sequence|label|role|admission_snapshot_words_csv|ps_runtime_words_csv|pl_perf_snapshot_words_csv
1786345705788|1001|twoplusone_f3_r4|fixed|2,1378943233,16780339,3544096,3219397,3544096,3219397,3544096,3219397,12184,5814,6088,2906,0,0,0,0,113841771,113737435,4096,4096,0,0,5567,5565,358092986,358092975,358093002,358092983,0,0,0,0,0,0,0,0,4096,256,131072,4,15|4,0,20000000,262144,77,0,0,0,0,56,0,40,0,8,5,0,1,56,0|4,1080954471,0,1460896,0,1310720,0,1310720,0,1714304,0,5,5,162238061,0,162238061,0,2080,167143699,0,8278162,0,0,0,0,0
1786345705788|1001|twoplusone_f3_r4|rotating|2,1378943233,33557316,3605481,3280765,0,0,0,0,0,0,0,0,0,0,6143,2961,0,0,0,0,0,0,0,0,0,0,0,0,0,0,0,0,0,0,0,0,4096,256,131072,4,15|4,0,20000000,262144,77,0,0,0,0,56,0,40,0,8,5,0,1,56,0|4,391903176,0,1403348,0,1310720,0,1310720,0,1581533,0,5,5,308950968,0,308950968,0,2080,318115299,0,8268423,0,0,0,0,0
1786345710795|1001|twoplusone_f3_r4|fixed|4,1378943233,16781056,7077325,6478058,7077325,6478058,7077325,6478058,23415,11690,11702,5845,0,0,0,0,226668232,226466069,4096,4096,0,0,11180,11178,678531210,678531210,678531218,678531218,0,0,0,0,0,0,0,0,4096,256,131072,4,15|4,0,20000000,262144,77,0,0,0,0,96,0,80,0,13,10,0,1,96,0|6,1401634783,0,2883584,0,2621440,0,2621440,0,3389996,0,11,10,318341993,0,318341993,0,2048,328954538,0,14295843,0,0,0,0,0
1786345710795|1001|twoplusone_f3_r4|rotating|4,1378943233,33557316,7083632,6478058,0,0,0,0,0,0,0,0,0,0,11765,5845,0,0,0,0,0,0,0,0,0,0,0,0,0,0,0,0,0,0,0,0,4096,256,131072,4,15|4,0,20000000,262144,77,0,0,0,0,96,0,80,0,13,10,0,1,96,0|6,712421048,0,2787920,0,2883584,0,2883584,0,3137729,0,10,11,612692954,0,612692954,0,2080,631017232,0,14279430,0,0,0,0,0
1786345715803|1001|twoplusone_f3_r4|fixed|6,1378943233,16781056,10326063,9424670,10326063,9424670,10326063,9424670,34650,17000,17317,8500,0,0,0,0,332178176,331894093,4096,4096,0,0,16795,16793,999080060,999080060,999080068,999080068,0,0,0,0,0,0,0,0,4096,256,131072,4,15|4,0,20000000,262144,77,0,0,0,0,136,0,120,0,18,15,0,1,136,0|8,1721954900,0,4194304,0,3932160,0,3932160,0,4938727,0,16,15,461847059,0,461847059,0,2048,477246389,0,20314043,0,0,0,0,0
1786345715803|1001|twoplusone_f3_r4|rotating|6,1378943233,33558272,10332628,9424670,0,0,0,0,0,0,0,0,0,0,17383,8500,0,0,0,0,0,0,0,0,0,0,0,0,0,0,0,0,0,0,0,0,4096,256,131072,4,15|4,0,20000000,262144,77,0,0,0,0,136,0,120,0,18,15,0,1,136,0|8,1033715159,0,4176196,0,4194304,0,4194304,0,4698473,0,15,16,917210118,0,917210118,0,2080,944695273,0,20290597,0,0,0,0,0
1786345726386|1002|oneplustwo_f4_r3|fixed|10,1378943233,16780100,3324083,3268742,0,0,0,0,0,0,0,0,0,0,3480,2945,0,0,0,0,0,0,0,0,0,0,0,0,0,0,0,0,0,0,0,0,4096,256,131072,4,15|4,0,20000000,262144,77,0,0,0,0,56,0,40,0,8,5,0,1,56,0|16,2399536027,0,1401372,0,1310720,0,1310720,0,1567375,0,5,5,306022926,0,306022926,0,2080,315209308,0,8279537,0,0,0,0,0
1786345726386|1002|oneplustwo_f4_r3|rotating|10,1378943233,33557555,3393931,3338568,3393931,3338568,3393931,3338568,7094,6018,3544,3009,0,0,0,0,101020978,100939325,4096,4096,0,0,3544,3544,366458813,366459130,366458821,366459138,0,0,0,0,0,0,0,0,4096,256,131072,4,15|4,0,20000000,262144,77,0,0,0,0,56,0,40,0,8,5,0,1,56,0|16,1710312174,0,1509308,0,1310720,0,1310720,0,1701877,0,5,5,165087937,0,165087937,0,2080,169924059,0,8273396,0,0,0,0,0
1786345731386|1002|oneplustwo_f4_r3|fixed|12,1378943233,16780100,6592080,6480508,0,0,0,0,0,0,0,0,0,0,6919,5841,0,0,0,0,0,0,0,0,0,0,0,0,0,0,0,0,0,0,0,0,4096,256,131072,4,15|4,0,20000000,262144,77,0,0,0,0,96,0,80,0,13,10,0,1,96,0|18,2719340441,0,2781252,0,2883584,0,2883584,0,3119017,0,10,11,608738842,0,608738842,0,2080,627384229,0,14304076,0,0,0,0,0
1786345731386|1002|oneplustwo_f4_r3|rotating|12,1378943233,33558272,6593400,6480508,6593400,6480508,6593400,6480508,13875,11682,6932,5841,0,0,0,0,196450800,196271584,4096,4096,0,0,6932,6932,686309791,686309791,686309799,686309799,0,0,0,0,0,0,0,0,4096,256,131072,4,15|4,0,20000000,262144,77,0,0,0,0,96,0,80,0,13,10,0,1,96,0|18,2030280246,0,2883584,0,2621440,0,2621440,0,3268654,0,11,10,315737405,0,315737405,0,2048,326268335,0,14291061,0,0,0,0,0
1786345736393|1002|oneplustwo_f4_r3|fixed|14,1378943233,16781056,9601976,9429600,0,0,0,0,0,0,0,0,0,0,10167,8496,0,0,0,0,0,0,0,0,0,0,0,0,0,0,0,0,0,0,0,0,4096,256,131072,4,15|4,0,20000000,262144,77,0,0,0,0,136,0,120,0,18,15,0,1,136,0|20,3039761112,0,4163600,0,4194304,0,4194304,0,4675478,0,15,16,912070455,0,912070455,0,2080,940175464,0,20328566,0,0,0,0,0
1786345736393|1002|oneplustwo_f4_r3|rotating|14,1378943233,33558272,9603382,9429600,9603382,9429600,9603382,9429600,20378,16992,10181,8496,0,0,0,0,286391432,286130608,4096,4096,0,0,10181,10181,1006903918,1006903918,1006903926,1006903926,0,0,0,0,0,0,0,0,4096,256,131072,4,15|4,0,20000000,262144,77,0,0,0,0,136,0,120,0,18,15,0,1,136,0|20,2350954631,0,4194304,0,3932160,0,3932160,0,4758421,0,16,15,459258113,0,459258113,0,2048,474575830,0,20307017,0,0,0,0,0
1786345746944|1003|twoplusone_f3_r8|fixed|18,1378943233,16780339,3249151,2944614,3249151,2944614,3249151,2944614,11321,5310,5658,2655,0,0,0,0,105789594,105707906,4096,4096,0,0,5658,5658,363396533,363396533,363396549,363396549,0,0,0,0,0,0,0,0,4096,256,131072,4,15|4,0,20000000,262144,77,0,0,0,0,48,0,32,0,7,4,0,1,48,0|28,3715030484,0,1310720,0,1048576,0,1048576,0,1549531,0,5,4,202098559,0,202098559,0,2048,206866435,0,7070214,0,0,0,0,0
1786345746944|1003|twoplusone_f3_r8|rotating|18,1378943233,33558272,3255900,2944614,0,0,0,0,0,0,0,0,0,0,5726,2655,0,0,0,0,0,0,0,0,0,0,0,0,0,0,0,0,0,0,0,0,4096,256,131072,4,15|4,0,20000000,262144,77,0,0,0,0,48,0,32,0,7,4,0,1,48,0|28,3026287342,0,1298296,0,1310720,0,1310720,0,1452549,0,4,5,284228772,0,284228772,0,2080,291604081,0,7064148,0,0,0,0,0
1786345751958|1003|twoplusone_f3_r8|fixed|20,1378943233,16780339,6590008,5995715,6590008,5995715,6590008,5995715,22523,10812,11255,5405,0,0,0,0,213659162,213495373,4096,4096,0,0,11256,11256,684473633,684473646,684473641,684473654,0,0,0,0,0,0,0,0,4096,256,131072,4,15|4,0,20000000,262144,77,0,0,0,0,96,0,80,0,13,10,0,1,96,0|30,4036129142,0,2698012,0,2621440,0,2621440,0,3171061,0,10,10,353404389,0,353404389,0,2080,362977882,0,14295181,0,0,0,0,0
1786345751958|1003|twoplusone_f3_r8|rotating|20,1378943233,33556360,6658444,6064184,0,0,0,0,0,0,0,0,0,0,11317,5467,0,0,0,0,0,0,0,0,0,0,0,0,0,0,0,0,0,0,0,0,4096,256,131072,4,15|4,0,20000000,262144,77,0,0,0,0,96,0,80,0,13,10,0,1,96,0|30,3346941722,0,2676524,0,2621440,0,2621440,0,3001589,0,10,10,584823403,0,584823403,0,2080,603119834,0,14276876,0,0,0,0,0
1786345756960|1003|twoplusone_f3_r8|fixed|22,1378943233,16780817,10126008,9262752,10126008,9262752,10126008,9262752,33742,16706,16863,8353,0,0,0,0,326665255,326420280,4096,4096,0,0,16864,16863,1004600724,1004582896,1004600732,1004582904,0,0,0,0,0,0,0,0,4096,256,131072,4,15|4,0,20000000,262144,77,0,0,0,0,136,0,120,0,18,15,0,1,136,0|32,61263376,1,4152980,0,3932160,0,3932160,0,4871792,0,15,15,513159544,0,513159544,0,2080,527555884,0,20315381,0,0,0,0,0
1786345756960|1003|twoplusone_f3_r8|rotating|22,1378943233,33558272,10194802,9331445,0,0,0,0,0,0,0,0,0,0,16925,8415,0,0,0,0,0,0,0,0,0,0,0,0,0,0,0,0,0,0,0,0,4096,256,131072,4,15|4,0,20000000,262144,77,0,0,0,0,136,0,120,0,18,15,0,1,136,0|32,3667059436,0,4059368,0,3932160,0,3932160,0,4554589,0,15,15,888165810,0,888165810,0,2080,915621757,0,20287729,0,0,0,0,0
1786345767494|1004|oneplustwo_f8_r3|fixed|26,1378943233,16781056,3332795,3277606,0,0,0,0,0,0,0,0,0,0,3492,2957,0,0,0,0,0,0,0,0,0,0,0,0,0,0,0,0,0,0,0,0,4096,256,131072,4,15|4,0,20000000,262144,77,0,0,0,0,56,0,40,0,8,5,0,1,56,0|40,735671250,1,1404828,0,1310720,0,1310720,0,1569371,0,5,5,306772198,0,306772198,0,2080,315959445,0,8279550,0,0,0,0,0
1786345767494|1004|oneplustwo_f8_r3|rotating|26,1378943233,33557555,3402721,3347570,3402721,3347570,3402721,3347570,7116,6040,3555,3020,0,0,0,0,101379743,101298146,4096,4096,0,0,3555,3555,366610668,366611025,366610684,366611033,0,0,0,0,0,0,0,0,4096,256,131072,4,15|4,0,20000000,262144,77,0,0,0,0,56,0,40,0,8,5,0,1,56,0|40,46315602,1,1514744,0,1310720,0,1310720,0,1706436,0,5,5,165706309,0,165706309,0,2080,170543791,0,8270117,0,0,0,0,0
1786345772503|1004|oneplustwo_f8_r3|fixed|28,1378943233,16779144,6589867,6478115,0,0,0,0,0,0,0,0,0,0,6924,5841,0,0,0,0,0,0,0,0,0,0,0,0,0,0,0,0,0,0,0,0,4096,256,131072,4,15|4,0,20000000,262144,77,0,0,0,0,96,0,80,0,13,10,0,1,96,0|42,1056147504,1,2787424,0,2883584,0,2883584,0,3124949,0,10,11,610159589,0,610159589,0,2080,628806522,0,14303778,0,0,0,0,0
1786345772503|1004|oneplustwo_f8_r3|rotating|28,1378943233,33558272,6591084,6478115,6591084,6478115,6591084,6478115,13883,11682,6936,5841,0,0,0,0,196476528,196296512,4096,4096,0,0,6936,6936,686964474,686964474,686964482,686964482,0,0,0,0,0,0,0,0,4096,256,131072,4,15|4,0,20000000,262144,77,0,0,0,0,96,0,80,0,13,10,0,1,96,0|42,366923868,1,2883584,0,2621440,0,2621440,0,3267477,0,11,10,315745028,0,315745028,0,2048,326275958,0,14281773,0,0,0,0,0
1786345777518|1004|oneplustwo_f8_r3|fixed|30,1378943233,16779144,9590187,9418352,0,0,0,0,0,0,0,0,0,0,10174,8496,0,0,0,0,0,0,0,0,0,0,0,0,0,0,0,0,0,0,0,0,4096,256,131072,4,15|4,0,20000000,262144,77,0,0,0,0,136,0,120,0,18,15,0,1,136,0|44,1377102162,1,4172244,0,4194304,0,4194304,0,4679285,0,15,16,914024946,0,914024946,0,2080,942132119,0,20327915,0,0,0,0,0
1786345777518|1004|oneplustwo_f8_r3|rotating|30,1378943233,33558272,9591509,9418352,9591509,9418352,9591509,9418352,20390,16992,10187,8496,0,0,0,0,286430272,286169648,4096,4096,0,0,10187,10187,1008116070,1008116070,1008116078,1008116078,0,0,0,0,0,0,0,0,4096,256,131072,4,15|4,0,20000000,262144,77,0,0,0,0,136,0,120,0,18,15,0,1,136,0|44,687861880,1,4194304,0,3932160,0,3932160,0,4752617,0,16,15,459269786,0,459269786,0,2048,474587501,0,20293301,0,0,0,0,0
1786345788017|1005|twoplusone_f5_r2|fixed|34,1378943233,16781056,3294201,6236587,3294201,0,3294201,0,5938,0,2966,0,0,0,0,5621,96110152,0,4096,0,0,0,2966,0,361133108,0,361133116,0,0,0,0,0,0,0,0,0,4096,256,131072,4,15|4,0,20000000,262144,77,0,0,0,0,56,0,40,0,8,5,0,1,56,0|52,2048845295,1,1492020,0,1310720,0,1310720,0,1735746,0,5,5,163123679,0,163123679,0,2080,167955478,0,8275887,0,0,0,0,0
1786345788017|1005|twoplusone_f5_r2|rotating|34,1378943233,33557794,3375277,6317550,0,6317550,0,6317550,0,11396,0,5694,0,0,3039,0,0,184430448,0,4096,0,0,0,5695,0,365278326,0,365278286,0,0,0,0,0,0,0,0,4096,256,131072,4,15|4,0,20000000,262144,77,0,0,0,0,56,0,40,0,8,5,0,1,56,0|52,1359942705,1,1419400,0,1310720,0,1310720,0,1586544,0,5,5,309881076,0,309881076,0,2080,319049421,0,8266072,0,0,0,0,0
1786345793023|1005|twoplusone_f5_r2|fixed|36,1378943233,16778188,6484758,12451253,6484758,0,6484758,0,11693,0,5841,0,0,0,0,11225,189271456,0,4096,0,0,0,5841,0,677218678,0,677218686,0,0,0,0,0,0,0,0,0,4096,256,131072,4,15|4,0,20000000,262144,77,0,0,0,0,96,0,80,0,13,10,0,1,96,0|54,2369294355,1,2883584,0,2621440,0,2621440,0,3376001,0,11,10,315709215,0,315709215,0,2048,326240140,0,14293359,0,0,0,0,0
1786345793023|1005|twoplusone_f5_r2|rotating|36,1378943233,33557794,6484758,12527278,0,12527278,0,12527278,0,22600,0,11294,0,0,5841,0,0,365810429,0,4096,0,0,0,11295,0,685267919,0,685267935,0,0,0,0,0,0,0,0,4096,256,131072,4,15|4,0,20000000,262144,77,0,0,0,0,96,0,80,0,13,10,0,1,96,0|54,1680469276,1,2804220,0,2883584,0,2883584,0,3141599,0,10,11,613631763,0,613631763,0,2080,631960120,0,14277004,0,0,0,0,0
1786345798034|1005|twoplusone_f5_r2|fixed|38,1378943233,16781056,9430190,18673006,9430190,0,9430190,0,17008,0,8496,0,0,0,0,16839,275304592,0,4096,0,0,0,8496,0,981031564,0,981031572,0,0,0,0,0,0,0,0,0,4096,256,131072,4,15|4,0,20000000,262144,77,0,0,0,0,136,0,120,0,18,15,0,1,136,0|56,2689395648,1,4194304,0,3932160,0,3932160,0,4921146,0,16,15,459211164,0,459211164,0,2048,474528873,0,20314196,0,0,0,0,0
1786345798034|1005|twoplusone_f5_r2|rotating|38,1378943233,33557794,9430190,18725925,0,18725925,0,18725925,0,33790,0,16886,0,0,8496,0,0,546948332,0,4096,0,0,0,16887,0,1004834163,0,1004834171,0,0,0,0,0,0,0,0,4096,256,131072,4,15|4,0,20000000,262144,77,0,0,0,0,136,0,120,0,18,15,0,1,136,0|56,1999990134,1,4184596,0,4194304,0,4194304,0,4691006,0,15,16,916378086,0,916378086,0,2080,943865342,0,20287700,0,0,0,0,0
1786345808611|1006|oneplustwo_f2_r5|fixed|42,1378943233,16780578,3269454,6213981,0,6213981,0,6213981,0,11214,0,5603,0,0,2948,0,0,181487224,0,4096,0,0,0,5604,0,363954927,0,363954935,0,0,0,0,0,0,0,0,4096,256,131072,4,15|4,0,20000000,262144,77,0,0,0,0,56,0,40,0,8,5,0,1,56,0|64,3366963696,1,1401864,0,1310720,0,1310720,0,1565912,0,5,5,306122453,0,306122453,0,2080,315308959,0,8279758,0,0,0,0,0
1786345808611|1006|oneplustwo_f2_r5|rotating|42,1378943233,33557077,3345110,6289553,3345110,0,3345110,0,6040,0,3016,0,0,0,0,5671,97742456,0,4096,0,0,0,3017,0,367806482,0,367806490,0,0,0,0,0,0,0,0,0,4096,256,131072,4,15|4,0,20000000,262144,77,0,0,0,0,56,0,40,0,8,5,0,1,56,0|64,2678185489,1,1514248,0,1310720,0,1310720,0,1705767,0,5,5,165638308,0,165638308,0,2080,170475667,0,8267961,0,0,0,0,0
1786345813625|1006|oneplustwo_f2_r5|fixed|44,1378943233,16781056,6479386,12442102,0,12442102,0,12442102,0,22439,0,11214,0,0,5841,0,0,363216136,0,4096,0,0,0,11214,0,684853504,0,684853512,0,0,0,0,0,0,0,0,4096,256,131072,4,15|4,0,20000000,262144,77,0,0,0,0,96,0,80,0,13,10,0,1,96,0|66,3687855019,1,2786192,0,2883584,0,2883584,0,3122905,0,10,11,609924618,0,609924618,0,2080,628571243,0,14303859,0,0,0,0,0
1786345813625|1006|oneplustwo_f2_r5|rotating|44,1378943233,33558272,6479386,12518791,6479386,0,6479386,0,11693,0,5841,0,0,0,0,11283,189272280,0,4096,0,0,0,5841,0,681394393,0,681394401,0,0,0,0,0,0,0,0,0,4096,256,131072,4,15|4,0,20000000,262144,77,0,0,0,0,96,0,80,0,13,10,0,1,96,0|66,2998993854,1,2883584,0,2621440,0,2621440,0,3266662,0,11,10,315748692,0,315748692,0,2048,326279622,0,14281377,0,0,0,0,0
1786345818636|1006|oneplustwo_f2_r5|fixed|46,1378943233,16781056,9426530,18669804,0,18669804,0,18669804,0,33664,0,16824,0,0,8496,0,0,544920568,0,4096,0,0,0,16824,0,1005726501,0,1005726509,0,0,0,0,0,0,0,0,4096,256,131072,4,15|4,0,20000000,262144,77,0,0,0,0,136,0,120,0,18,15,0,1,136,0|68,4008808379,1,4171012,0,4194304,0,4194304,0,4680255,0,15,16,913788316,0,913788316,0,2080,941895182,0,20328352,0,0,0,0,0
1786345818636|1006|oneplustwo_f2_r5|rotating|46,1378943233,33558272,9426530,18735446,9426530,0,9426530,0,17008,0,8496,0,0,0,0,16883,275304816,0,4096,0,0,0,8496,0,985531744,0,985531752,0,0,0,0,0,0,0,0,0,4096,256,131072,4,15|4,0,20000000,262144,77,0,0,0,0,136,0,120,0,18,15,0,1,136,0|68,3319692181,1,4194304,0,3932160,0,3932160,0,4754827,0,16,15,459271782,0,459271782,0,2048,474589497,0,20294935,0,0,0,0,0
1786345829196|1007|twoplusone_f5_r8|fixed|50,1378943233,16781056,3540081,0,3540081,0,3540081,0,11220,0,5607,0,0,0,0,0,113025080,17497784,4096,4096,0,0,5607,2659,362764778,344911702,362764786,344911710,0,0,0,0,0,0,0,0,4096,256,131072,4,15|4,0,20000000,262144,77,0,0,0,0,56,0,40,0,8,5,0,1,56,0|76,389209993,2,1482632,0,1310720,0,1310720,0,1724140,0,5,5,162027368,0,162027368,0,2080,166856818,0,8275731,0,0,0,0,0
1786345829196|1007|twoplusone_f5_r8|rotating|50,1378943233,33556360,3616560,0,0,0,0,0,0,0,0,0,0,0,5675,0,0,0,0,0,0,0,0,0,0,0,0,0,0,0,0,0,0,0,0,0,4096,256,131072,4,15|4,0,20000000,262144,77,0,0,0,0,56,0,40,0,8,5,0,1,56,0|76,3995427733,1,1415204,0,1310720,0,1310720,0,1580829,0,5,5,308933062,0,308933062,0,2080,318100358,0,8266481,0,0,0,0,0
1786345834202|1007|twoplusone_f5_r8|fixed|52,1378943233,16781056,7026829,0,7026829,0,7026829,0,22457,0,11223,0,0,0,0,0,224685688,35414416,4096,4096,0,0,11223,5382,683345827,683345827,683345835,683345835,0,0,0,0,0,0,0,0,4096,256,131072,4,15|4,0,20000000,262144,77,0,0,0,0,96,0,80,0,13,10,0,1,96,0|78,710307298,2,2883584,0,2621440,0,2621440,0,3376659,0,11,10,315709454,0,315709454,0,2048,326240378,0,14295480,0,0,0,0,0
1786345834202|1007|twoplusone_f5_r8|rotating|52,1378943233,33558272,7035371,0,0,0,0,0,0,0,0,0,0,0,11308,0,0,0,0,0,0,0,0,0,0,0,0,0,0,0,0,0,0,0,0,0,4096,256,131072,4,15|4,0,20000000,262144,77,0,0,0,0,96,0,80,0,13,10,0,1,96,0|78,22863944,2,2808420,0,2883584,0,2883584,0,3145923,0,10,11,614558830,0,614558830,0,2080,632888236,0,14277131,0,0,0,0,0
1786345839214|1007|twoplusone_f5_r8|fixed|54,1378943233,16780339,10275185,0,10275185,0,10275185,0,33694,0,16839,0,0,0,0,0,330196712,54893128,4096,4096,0,0,16839,8343,1003950154,1003950154,1003950162,1003950162,0,0,0,0,0,0,0,0,4096,256,131072,4,15|4,0,20000000,262144,77,0,0,0,0,136,0,120,0,18,15,0,1,136,0|80,1030760167,2,4194304,0,3932160,0,3932160,0,4925367,0,16,15,459212486,0,459212486,0,2048,474530195,0,20315392,0,0,0,0,0
1786345839214|1007|twoplusone_f5_r8|rotating|54,1378943233,33558272,10281952,0,0,0,0,0,0,0,0,0,0,0,16907,0,0,0,0,0,0,0,0,0,0,0,0,0,0,0,0,0,0,0,0,0,4096,256,131072,4,15|4,0,20000000,262144,77,0,0,0,0,136,0,120,0,18,15,0,1,136,0|80,341616167,2,4185336,0,4194304,0,4194304,0,4693797,0,15,16,916537222,0,916537222,0,2080,944024662,0,20288021,0,0,0,0,0
1786345849819|1008|oneplustwo_f8_r5|fixed|58,1378943233,16781056,3337778,0,0,0,0,0,0,0,0,0,0,0,3490,0,0,0,0,0,0,0,0,0,0,0,0,0,0,0,0,0,0,0,0,0,4096,256,131072,4,15|4,0,20000000,262144,77,0,0,0,0,56,0,40,0,8,5,0,1,56,0|88,1709368249,2,1403348,0,1310720,0,1310720,0,1570872,0,5,5,306473196,0,306473196,0,2080,315660069,0,8279500,0,0,0,0,0
1786345849819|1008|oneplustwo_f8_r5|rotating|58,1378943233,33558272,3413486,0,3413486,0,3413486,0,7122,0,3558,0,0,0,0,0,101478224,3520616,4096,4096,0,0,3558,535,367728842,345693606,367728850,345693614,0,0,0,0,0,0,0,0,4096,256,131072,4,15|4,0,20000000,262144,77,0,0,0,0,56,0,40,0,8,5,0,1,56,0|88,1020621208,2,1517708,0,1310720,0,1310720,0,1712932,0,5,5,166016474,0,166016474,0,2080,170854697,0,8270074,0,0,0,0,0
1786345854825|1008|oneplustwo_f8_r5|fixed|60,1378943233,16781056,6597271,0,0,0,0,0,0,0,0,0,0,0,6923,0,0,0,0,0,0,0,0,0,0,0,0,0,0,0,0,0,0,0,0,0,4096,256,131072,4,15|4,0,20000000,262144,77,0,0,0,0,96,0,80,0,13,10,0,1,96,0|90,2029850168,2,2786192,0,2883584,0,2883584,0,3126742,0,10,11,609865988,0,609865988,0,2080,628512605,0,14303960,0,0,0,0,0
1786345854825|1008|oneplustwo_f8_r5|rotating|60,1378943233,33558272,6598789,0,6598789,0,6598789,0,13887,0,6938,0,0,0,0,0,196490648,7218296,4096,4096,0,0,6938,1097,688472551,688472551,688472559,688472559,0,0,0,0,0,0,0,0,4096,256,131072,4,15|4,0,20000000,262144,77,0,0,0,0,96,0,80,0,13,10,0,1,96,0|90,1341993380,2,2883584,0,2621440,0,2621440,0,3271025,0,11,10,315742601,0,315742601,0,2048,326273531,0,14287370,0,0,0,0,0
1786345859833|1008|oneplustwo_f8_r5|fixed|62,1378943233,16781056,9606743,0,0,0,0,0,0,0,0,0,0,0,10172,0,0,0,0,0,0,0,0,0,0,0,0,0,0,0,0,0,0,0,0,0,4096,256,131072,4,15|4,0,20000000,262144,77,0,0,0,0,136,0,120,0,18,15,0,1,136,0|92,2350340436,2,4169776,0,4194304,0,4194304,0,4683230,0,15,16,913266610,0,913266610,0,2080,941373156,0,20328764,0,0,0,0,0
1786345859833|1008|oneplustwo_f8_r5|rotating|62,1378943233,33558272,9608049,0,9608049,0,9608049,0,20386,0,10185,0,0,0,0,0,286419648,11114264,4096,4096,0,0,10185,1689,1008509170,1008509170,1008509178,1008509178,0,0,0,0,0,0,0,0,4096,256,131072,4,15|4,0,20000000,262144,77,0,0,0,0,136,0,120,0,18,15,0,1,136,0|92,1661880510,2,4194304,0,3932160,0,3932160,0,4760538,0,16,15,459264949,0,459264949,0,2048,474582664,0,20302012,0,0,0,0,0
1786345870394|1009|twoplusone_f6_r1|fixed|66,1378943233,16779622,6263402,3315805,0,3315805,0,3315805,0,5970,0,2981,0,0,5636,0,0,96624464,0,4096,0,0,0,2982,0,364282065,0,364282073,0,0,0,0,0,0,0,0,4096,256,131072,4,15|4,0,20000000,262144,77,0,0,0,0,56,0,40,0,8,5,0,1,56,0|100,3026280107,2,1492512,0,1310720,0,1310720,0,1738384,0,5,5,163154538,0,163154538,0,2080,167986459,0,8273959,0,0,0,0,0
1786345870394|1009|twoplusone_f6_r1|rotating|66,1378943233,33558033,6319776,3372192,6319776,0,6319776,0,11382,0,5687,0,0,0,0,3032,184221748,0,4096,0,0,0,5688,0,367172767,0,367172775,0,0,0,0,0,0,0,0,0,4096,256,131072,4,15|4,0,20000000,262144,77,0,0,0,0,56,0,40,0,8,5,0,1,56,0|100,2337245708,2,1419156,0,1310720,0,1310720,0,1588343,0,5,5,309775501,0,309775501,0,2080,318943785,0,8265956,0,0,0,0,0
1786345875408|1009|twoplusone_f6_r1|fixed|68,1378943233,16781056,12480243,6492421,0,6492421,0,6492421,0,11693,0,5841,0,0,11235,0,0,189272264,0,4096,0,0,0,5841,0,679476198,0,679476206,0,0,0,0,0,0,0,0,4096,256,131072,4,15|4,0,20000000,262144,77,0,0,0,0,96,0,80,0,13,10,0,1,96,0|102,3347189724,2,2883584,0,2621440,0,2621440,0,3381058,0,11,10,315709442,0,315709442,0,2048,326240366,0,14294464,0,0,0,0,0
1786345875408|1009|twoplusone_f6_r1|rotating|68,1378943233,33558272,12555583,6492421,12555583,0,12555583,0,22617,0,11303,0,0,0,0,5841,366099384,0,4096,0,0,0,11303,0,688010360,0,688010368,0,0,0,0,0,0,0,0,0,4096,256,131072,4,15|4,0,20000000,262144,77,0,0,0,0,96,0,80,0,13,10,0,1,96,0|102,2658376595,2,2806444,0,2883584,0,2883584,0,3148658,0,10,11,614130061,0,614130061,0,2080,632458973,0,14276752,0,0,0,0,0
1786345880412|1009|twoplusone_f6_r1|fixed|70,1378943233,16781056,18696677,9440704,0,9440704,0,9440704,0,17008,0,8496,0,0,16840,0,0,275304536,0,4096,0,0,0,8496,0,983289063,0,983289071,0,0,0,0,0,0,0,0,4096,256,131072,4,15|4,0,20000000,262144,77,0,0,0,0,136,0,120,0,18,15,0,1,136,0|104,3667555177,2,4194304,0,3932160,0,3932160,0,4927367,0,16,15,459215127,0,459215127,0,2048,474532833,0,20311959,0,0,0,0,0
1786345880412|1009|twoplusone_f6_r1|rotating|70,1378943233,33558033,18772912,9440704,18772912,0,18772912,0,33834,0,16908,0,0,0,0,8496,547662715,0,4096,0,0,0,16909,0,1008327311,0,1008327319,0,0,0,0,0,0,0,0,0,4096,256,131072,4,15|4,0,20000000,262144,77,0,0,0,0,136,0,120,0,18,15,0,1,136,0|104,2979065541,2,4192004,0,4194304,0,4194304,0,4704921,0,15,16,918042761,0,918042761,0,2064,945531868,0,20287862,0,0,0,0,0
1786345890994|1010|oneplustwo_f1_r6|fixed|74,1378943233,16781056,6233644,3285958,6233644,0,6233644,0,11238,0,5616,0,0,0,0,2961,181899368,0,4096,0,0,0,5616,0,364255150,0,364255158,0,0,0,0,0,0,0,0,0,4096,256,131072,4,15|4,0,20000000,262144,77,0,0,0,0,56,0,40,0,8,5,0,1,56,0|112,51084605,3,1406556,0,1310720,0,1310720,0,1572549,0,5,5,307175410,0,307175410,0,2080,316363089,0,8279543,0,0,0,0,0
1786345890994|1010|oneplustwo_f1_r6|rotating|74,1378943233,33556838,6313575,3365854,0,3365854,0,3365854,0,6072,0,3033,0,0,5688,0,0,98280420,0,4096,0,0,0,3033,0,368327085,0,368327093,0,0,0,0,0,0,0,0,4096,256,131072,4,15|4,0,20000000,262144,77,0,0,0,0,56,0,40,0,8,5,0,1,56,0|112,3657652567,2,1527092,0,1310720,0,1310720,0,1721128,0,5,5,167059123,0,167059123,0,2080,171899692,0,8275856,0,0,0,0,0
1786345895999|1010|oneplustwo_f1_r6|fixed|76,1378943233,16780817,12429383,6480186,12429383,0,12429383,0,22415,0,11201,0,0,0,0,5841,362807056,0,4096,0,0,0,11202,0,683768564,0,683768556,0,0,0,0,0,0,0,0,0,4096,256,131072,4,15|4,0,20000000,262144,77,0,0,0,0,96,0,80,0,13,10,0,1,96,0|114,370286262,3,2783720,0,2883584,0,2883584,0,3120019,0,10,11,609289016,0,609289016,0,2080,627935021,0,14304350,0,0,0,0,0
1786345895999|1010|oneplustwo_f1_r6|rotating|76,1378943233,33558272,12510104,6480186,0,6480186,0,6480186,0,11693,0,5841,0,0,11274,0,0,189271776,0,4096,0,0,0,5841,0,680999040,0,680999048,0,0,0,0,0,0,0,0,4096,256,131072,4,15|4,0,20000000,262144,77,0,0,0,0,96,0,80,0,13,10,0,1,96,0|114,3977044613,2,2883584,0,2621440,0,2621440,0,3267222,0,11,10,315733770,0,315733770,0,2048,326264702,0,14297280,0,0,0,0,0
1786345901007|1010|oneplustwo_f1_r6|fixed|78,1378943233,16780817,18646156,9424095,18646156,0,18646156,0,33628,0,16805,0,0,0,0,8496,544329160,0,4096,0,0,0,16806,0,1004322337,0,1004322313,0,0,0,0,0,0,0,0,0,4096,256,131072,4,15|4,0,20000000,262144,77,0,0,0,0,136,0,120,0,18,15,0,1,136,0|116,690630763,3,4166072,0,4194304,0,4194304,0,4673143,0,15,16,912544467,0,912544467,0,2080,940650096,0,20328867,0,0,0,0,0
1786345901007|1010|oneplustwo_f1_r6|rotating|78,1378943233,33558272,18706996,9424095,0,9424095,0,9424095,0,17008,0,8496,0,0,16860,0,0,275304064,0,4096,0,0,0,8496,0,985136319,0,985136327,0,0,0,0,0,0,0,0,4096,256,131072,4,15|4,0,20000000,262144,77,0,0,0,0,136,0,120,0,18,15,0,1,136,0|116,1539740,3,4194304,0,3932160,0,3932160,0,4753600,0,16,15,459252097,0,459252097,0,2048,474569815,0,20315643,0,0,0,0,0
1786345911580|1011|twoplusone_f6_r8|fixed|82,1378943233,16779622,0,3581797,0,3581797,0,3581797,0,11288,0,5640,0,0,0,0,17504144,114092065,4096,4096,0,0,2660,5641,344745960,364434796,344745968,364434804,0,0,0,0,0,0,0,0,4096,256,131072,4,15|4,0,20000000,262144,77,0,0,0,0,56,0,40,0,8,5,0,1,56,0|124,1368695155,3,1504368,0,1310720,0,1310720,0,1750539,0,5,5,164479191,0,164479191,0,2080,169314077,0,8273170,0,0,0,0,0
1786345911580|1011|twoplusone_f6_r8|rotating|82,1378943233,33556360,0,3660565,0,0,0,0,0,0,0,0,0,0,0,5711,0,0,0,0,0,0,0,0,0,0,0,0,0,0,0,0,0,0,0,0,4096,256,131072,4,15|4,0,20000000,262144,77,0,0,0,0,56,0,40,0,8,5,0,1,56,0|124,680239779,3,1427552,0,1310720,0,1310720,0,1596128,0,5,5,311670851,0,311670851,0,2080,320841233,0,8266917,0,0,0,0,0
1786345916582|1011|twoplusone_f6_r8|fixed|84,1378943233,16781056,0,7032139,0,7032139,0,7032139,0,22471,0,11230,0,0,0,0,35461944,224733264,4096,4096,0,0,5389,11230,683514876,683514876,683514884,683514884,0,0,0,0,0,0,0,0,4096,256,131072,4,15|4,0,20000000,262144,77,0,0,0,0,96,0,80,0,13,10,0,1,96,0|126,1687466986,3,2883584,0,2621440,0,2621440,0,3378672,0,11,10,315717738,0,315717738,0,2048,326248663,0,14293750,0,0,0,0,0
1786345916582|1011|twoplusone_f6_r8|rotating|84,1378943233,33556360,0,7039129,0,0,0,0,0,0,0,0,0,0,0,11299,0,0,0,0,0,0,0,0,0,0,0,0,0,0,0,0,0,0,0,0,4096,256,131072,4,15|4,0,20000000,262144,77,0,0,0,0,96,0,80,0,13,10,0,1,96,0|126,998637307,3,2802740,0,2883584,0,2883584,0,3141043,0,10,11,613295243,0,613295243,0,2080,631623228,0,14277517,0,0,0,0,0
1786345921590|1011|twoplusone_f6_r8|fixed|86,1378943233,16781056,0,10285449,0,10285449,0,10285449,0,33710,0,16847,0,0,0,0,54952928,330257168,4096,4096,0,0,8351,16847,1004174889,1004174889,1004174897,1004174897,0,0,0,0,0,0,0,0,4096,256,131072,4,15|4,0,20000000,262144,77,0,0,0,0,136,0,120,0,18,15,0,1,136,0|128,2008236388,3,4194304,0,3932160,0,3932160,0,4929333,0,16,15,459219918,0,459219918,0,2048,474537626,0,20314392,0,0,0,0,0
1786345921590|1011|twoplusone_f6_r8|rotating|86,1378943233,33558272,0,10291841,0,0,0,0,0,0,0,0,0,0,0,16910,0,0,0,0,0,0,0,0,0,0,0,0,0,0,0,0,0,0,0,0,4096,256,131072,4,15|4,0,20000000,262144,77,0,0,0,0,136,0,120,0,18,15,0,1,136,0|128,1318970509,3,4186820,0,4194304,0,4194304,0,4698457,0,15,16,916852949,0,916852949,0,2080,944340759,0,20288266,0,0,0,0,0
1786345932172|1012|oneplustwo_f8_r6|fixed|90,1378943233,16781056,0,3342231,0,0,0,0,0,0,0,0,0,0,0,3499,0,0,0,0,0,0,0,0,0,0,0,0,0,0,0,0,0,0,0,0,4096,256,131072,4,15|4,0,20000000,262144,77,0,0,0,0,56,0,40,0,8,5,0,1,56,0|136,2686584970,3,1407052,0,1310720,0,1310720,0,1573117,0,5,5,307297662,0,307297662,0,2080,316485465,0,8279592,0,0,0,0,0
1786345932172|1012|oneplustwo_f8_r6|rotating|90,1378943233,33556838,0,3421934,0,3421934,0,3421934,0,7148,0,3570,0,0,0,0,3520136,101892896,4096,4096,0,0,535,3571,346327583,369085589,346327591,369085597,0,0,0,0,0,0,0,0,4096,256,131072,4,15|4,0,20000000,262144,77,0,0,0,0,56,0,40,0,8,5,0,1,56,0|136,1998624784,3,1532032,0,1310720,0,1310720,0,1726399,0,5,5,167624068,0,167624068,0,2080,172465871,0,8266718,0,0,0,0,0
1786345937175|1012|oneplustwo_f8_r6|fixed|92,1378943233,16779144,0,6588291,0,0,0,0,0,0,0,0,0,0,0,6920,0,0,0,0,0,0,0,0,0,0,0,0,0,0,0,0,0,0,0,0,4096,256,131072,4,15|4,0,20000000,262144,77,0,0,0,0,96,0,80,0,13,10,0,1,96,0|138,3005497072,3,2782484,0,2883584,0,2883584,0,3119870,0,10,11,609122643,0,609122643,0,2080,627768338,0,14303867,0,0,0,0,0
1786345937175|1012|oneplustwo_f8_r6|rotating|92,1378943233,33558272,0,6589682,0,6589682,0,6589682,0,13879,0,6934,0,0,0,0,7191480,196462360,4096,4096,0,0,1093,6934,687990743,687990743,687990751,687990751,0,0,0,0,0,0,0,0,4096,256,131072,4,15|4,0,20000000,262144,77,0,0,0,0,96,0,80,0,13,10,0,1,96,0|138,2316729106,3,2883584,0,2621440,0,2621440,0,3267214,0,11,10,315748358,0,315748358,0,2048,326279287,0,14278333,0,0,0,0,0
1786345942183|1012|oneplustwo_f8_r6|fixed|94,1378943233,16781056,0,9593210,0,0,0,0,0,0,0,0,0,0,0,10169,0,0,0,0,0,0,0,0,0,0,0,0,0,0,0,0,0,0,0,0,4096,256,131072,4,15|4,0,20000000,262144,77,0,0,0,0,136,0,120,0,18,15,0,1,136,0|140,3325965983,3,4166072,0,4194304,0,4194304,0,4673994,0,15,16,912502453,0,912502453,0,2080,940608080,0,20328106,0,0,0,0,0
1786345942183|1012|oneplustwo_f8_r6|rotating|94,1378943233,33558272,0,9594603,0,9594603,0,9594603,0,20382,0,10183,0,0,0,0,11100144,286404096,4096,4096,0,0,1687,10183,1008584607,1008584607,1008584615,1008584615,0,0,0,0,0,0,0,0,4096,256,131072,4,15|4,0,20000000,262144,77,0,0,0,0,136,0,120,0,18,15,0,1,136,0|140,2636973921,3,4194304,0,3932160,0,3932160,0,4754312,0,16,15,459274740,0,459274740,0,2048,474592455,0,20288364,0,0,0,0,0
1786345952754|1013|twoplusone_f9_r2|fixed|98,1378943233,16778905,3277463,6219850,3277463,0,3277463,0,5910,0,2951,0,0,0,0,5606,95642926,0,4096,0,0,0,2952,0,362852017,0,362852025,0,0,0,0,0,0,0,0,0,4096,256,131072,4,15|4,0,20000000,262144,77,0,0,0,0,56,0,40,0,8,5,0,1,56,0|148,4003318250,3,1492512,0,1310720,0,1310720,0,1734978,0,5,5,163170200,0,163170200,0,2080,168002122,0,8274782,0,0,0,0,0
1786345952754|1013|twoplusone_f9_r2|rotating|98,1378943233,33557794,3373137,6315398,0,6315398,0,6315398,0,11392,0,5692,0,0,3037,0,0,184388579,0,4096,0,0,0,5693,0,367710156,0,367710172,0,0,0,0,0,0,0,0,4096,256,131072,4,15|4,0,20000000,262144,77,0,0,0,0,56,0,40,0,8,5,0,1,56,0|148,3314850686,3,1421624,0,1310720,0,1310720,0,1588586,0,5,5,310349290,0,310349290,0,2080,319518189,0,8266020,0,0,0,0,0
1786345957767|1013|twoplusone_f9_r2|fixed|100,1378943233,16781056,6483284,12444115,6483284,0,6483284,0,11693,0,5841,0,0,0,0,11220,189272280,0,4096,0,0,0,5841,0,679732243,0,679732251,0,0,0,0,0,0,0,0,0,4096,256,131072,4,15|4,0,20000000,262144,77,0,0,0,0,96,0,80,0,13,10,0,1,96,0|150,28435172,4,2883584,0,2621440,0,2621440,0,3373828,0,11,10,315720778,0,315720778,0,2048,326251703,0,14291353,0,0,0,0,0
1786345957767|1013|twoplusone_f9_r2|rotating|100,1378943233,33557794,6483284,12520181,0,12520181,0,12520181,0,22589,0,11288,0,0,5841,0,0,365635876,0,4096,0,0,0,11289,0,687472794,0,687472802,0,0,0,0,0,0,0,0,4096,256,131072,4,15|4,0,20000000,262144,77,0,0,0,0,96,0,80,0,13,10,0,1,96,0|150,3634422647,3,2802244,0,2883584,0,2883584,0,3138891,0,10,11,613146018,0,613146018,0,2080,631473878,0,14277362,0,0,0,0,0
1786345962780|1013|twoplusone_f9_r2|fixed|102,1378943233,16781056,9427901,18666954,9427901,0,9427901,0,17008,0,8496,0,0,0,0,16836,275305176,0,4096,0,0,0,8496,0,983545257,0,983545265,0,0,0,0,0,0,0,0,0,4096,256,131072,4,15|4,0,20000000,262144,77,0,0,0,0,136,0,120,0,18,15,0,1,136,0|152,349256415,4,4194304,0,3932160,0,3932160,0,4918207,0,16,15,459226287,0,459226287,0,2048,474543995,0,20309047,0,0,0,0,0
1786345962780|1013|twoplusone_f9_r2|rotating|102,1378943233,33557794,9427901,18742610,0,18742610,0,18742610,0,33826,0,16904,0,0,8496,0,0,547520809,0,4096,0,0,0,16905,0,1008336920,0,1008336928,0,0,0,0,0,0,0,0,4096,256,131072,4,15|4,0,20000000,262144,77,0,0,0,0,136,0,120,0,18,15,0,1,136,0|152,3955453187,3,4189040,0,4194304,0,4194304,0,4695332,0,15,16,917400027,0,917400027,0,2080,944888390,0,20288482,0,0,0,0,0
1786345973354|1014|oneplustwo_f2_r9|fixed|106,1378943233,16780578,3294541,6244464,0,6244464,0,6244464,0,11252,0,5623,0,0,2968,0,0,182123472,0,4096,0,0,0,5623,0,364310636,0,364310644,0,0,0,0,0,0,0,0,4096,256,131072,4,15|4,0,20000000,262144,77,0,0,0,0,56,0,40,0,8,5,0,1,56,0|160,1026949232,4,1406312,0,1310720,0,1310720,0,1572998,0,5,5,307112860,0,307112860,0,2080,316300477,0,8279361,0,0,0,0,0
1786345973354|1014|oneplustwo_f2_r9|rotating|106,1378943233,33556360,3388551,6338501,3388551,0,3388551,0,6112,0,3053,0,0,0,0,5708,98929616,0,4096,0,0,0,3053,0,369107331,0,369107339,0,0,0,0,0,0,0,0,0,4096,256,131072,4,15|4,0,20000000,262144,77,0,0,0,0,56,0,40,0,8,5,0,1,56,0|160,339429123,4,1534008,0,1310720,0,1310720,0,1729559,0,5,5,167875074,0,167875074,0,2080,172717372,0,8271951,0,0,0,0,0
1786345978367|1014|oneplustwo_f2_r9|fixed|108,1378943233,16780578,6476918,12439076,0,12439076,0,12439076,0,22441,0,11214,0,0,5841,0,0,363242963,0,4096,0,0,0,11215,0,684179132,0,684179140,0,0,0,0,0,0,0,0,4096,256,131072,4,15|4,0,20000000,262144,77,0,0,0,0,96,0,80,0,13,10,0,1,96,0|162,1346963516,4,2787424,0,2883584,0,2883584,0,3122424,0,10,11,610038485,0,610038485,0,2080,628685415,0,14303805,0,0,0,0,0
1786345978367|1014|oneplustwo_f2_r9|rotating|108,1378943233,33558272,6476918,12515133,6476918,0,6476918,0,11693,0,5841,0,0,0,0,11283,189271984,0,4096,0,0,0,5841,0,680663980,0,680663988,0,0,0,0,0,0,0,0,0,4096,256,131072,4,15|4,0,20000000,262144,77,0,0,0,0,96,0,80,0,13,10,0,1,96,0|162,658127313,4,2883584,0,2621440,0,2621440,0,3265312,0,11,10,315738479,0,315738479,0,2048,326269409,0,14290559,0,0,0,0,0
1786345983380|1014|oneplustwo_f2_r9|fixed|110,1378943233,16781056,9421107,18664191,0,18664191,0,18664191,0,33670,0,16827,0,0,8496,0,0,545015696,0,4096,0,0,0,16827,0,1005163891,0,1005163899,0,0,0,0,0,0,0,0,4096,256,131072,4,15|4,0,20000000,262144,77,0,0,0,0,136,0,120,0,18,15,0,1,136,0|164,1667887595,4,4172244,0,4194304,0,4194304,0,4678395,0,15,16,913872999,0,913872999,0,2080,941980169,0,20328179,0,0,0,0,0
1786345983380|1014|oneplustwo_f2_r9|rotating|110,1378943233,33558272,9421107,18732860,9421107,0,9421107,0,17008,0,8496,0,0,0,0,16888,275303904,0,4096,0,0,0,8496,0,984801340,0,984801348,0,0,0,0,0,0,0,0,0,4096,256,131072,4,15|4,0,20000000,262144,77,0,0,0,0,136,0,120,0,18,15,0,1,136,0|164,978695139,4,4194304,0,3932160,0,3932160,0,4752023,0,16,15,459258073,0,459258073,0,2048,474575790,0,20307528,0,0,0,0,0
1786345993914|1015|twoplusone_f9_r4|fixed|114,1378943233,16781056,3553095,0,3553095,0,3553095,0,11240,0,5617,0,0,0,0,0,113347472,17496512,4096,4096,0,0,5617,2659,361534134,343123389,361534142,343123397,0,0,0,0,0,0,0,0,4096,256,131072,4,15|4,0,20000000,262144,77,0,0,0,0,56,0,40,0,8,5,0,1,56,0|172,2341991632,4,1490044,0,1310720,0,1310720,0,1734089,0,5,5,162894806,0,162894806,0,2080,167726110,0,8274061,0,0,0,0,0
1786345993914|1015|twoplusone_f9_r4|rotating|114,1378943233,33557316,3648616,0,0,0,0,0,0,0,0,0,0,0,5702,0,0,0,0,0,0,0,0,0,0,0,0,0,0,0,0,0,0,0,0,0,4096,256,131072,4,15|4,0,20000000,262144,77,0,0,0,0,56,0,40,0,8,5,0,1,56,0|172,1654502197,4,1424588,0,1310720,0,1310720,0,1592985,0,5,5,311052280,0,311052280,0,2080,320221920,0,8266388,0,0,0,0,0
1786345998928|1015|twoplusone_f9_r4|fixed|116,1378943233,16781056,7026969,0,7026969,0,7026969,0,22489,0,11239,0,0,0,0,0,224791104,35519664,4096,4096,0,0,11239,5398,682450512,682450512,682450520,682450520,0,0,0,0,0,0,0,0,4096,256,131072,4,15|4,0,20000000,262144,77,0,0,0,0,96,0,80,0,13,10,0,1,96,0|174,2662981116,4,2883584,0,2621440,0,2621440,0,3377528,0,11,10,315717487,0,315717487,0,2048,326248410,0,14291439,0,0,0,0,0
1786345998928|1015|twoplusone_f9_r4|rotating|116,1378943233,33557316,7033864,0,0,0,0,0,0,0,0,0,0,0,11307,0,0,0,0,0,0,0,0,0,0,0,0,0,0,0,0,0,0,0,0,0,4096,256,131072,4,15|4,0,20000000,262144,77,0,0,0,0,96,0,80,0,13,10,0,1,96,0|174,1973890135,4,2804468,0,2883584,0,2883584,0,3142761,0,10,11,613665439,0,613665439,0,2080,631993854,0,14277468,0,0,0,0,0
1786346003942|1015|twoplusone_f9_r4|fixed|118,1378943233,16781056,10275024,0,10275024,0,10275024,0,33742,0,16863,0,0,0,0,0,330360632,55056216,4096,4096,0,0,16863,8367,1003501446,1003501446,1003501454,1003501454,0,0,0,0,0,0,0,0,4096,256,131072,4,15|4,0,20000000,262144,77,0,0,0,0,136,0,120,0,18,15,0,1,136,0|176,2982849815,4,4194304,0,3932160,0,3932160,0,4925524,0,16,15,459221290,0,459221290,0,2048,474538997,0,20310914,0,0,0,0,0
1786346003942|1015|twoplusone_f9_r4|rotating|118,1378943233,33558272,10279697,0,0,0,0,0,0,0,0,0,0,0,16910,0,0,0,0,0,0,0,0,0,0,0,0,0,0,0,0,0,0,0,0,0,4096,256,131072,4,15|4,0,20000000,262144,77,0,0,0,0,136,0,120,0,18,15,0,1,136,0|176,2293952481,4,4187064,0,4194304,0,4194304,0,4697339,0,15,16,916952230,0,916952230,0,2080,944440098,0,20288638,0,0,0,0,0
1786346014499|1016|oneplustwo_f4_r9|fixed|122,1378943233,16780100,3335287,0,0,0,0,0,0,0,0,0,0,0,3492,0,0,0,0,0,0,0,0,0,0,0,0,0,0,0,0,0,0,0,0,0,4096,256,131072,4,15|4,0,20000000,262144,77,0,0,0,0,56,0,40,0,8,5,0,1,56,0|184,3659413276,4,1403840,0,1310720,0,1310720,0,1569370,0,5,5,306579046,0,306579046,0,2080,315766045,0,8280238,0,0,0,0,0
1786346014499|1016|oneplustwo_f4_r9|rotating|122,1378943233,33558272,3430730,0,3430730,0,3430730,0,7162,0,3578,0,0,0,0,0,102125472,3520464,4096,4096,0,0,3578,535,367826829,344674516,367826837,344674524,0,0,0,0,0,0,0,0,4096,256,131072,4,15|4,0,20000000,262144,77,0,0,0,0,56,0,40,0,8,5,0,1,56,0|184,2971615676,4,1527092,0,1310720,0,1310720,0,1721056,0,5,5,167065706,0,167065706,0,2080,171906275,0,8277120,0,0,0,0,0
1786346019502|1016|oneplustwo_f4_r9|fixed|124,1378943233,16780100,6591844,0,0,0,0,0,0,0,0,0,0,0,6923,0,0,0,0,0,0,0,0,0,0,0,0,0,0,0,0,0,0,0,0,0,4096,256,131072,4,15|4,0,20000000,262144,77,0,0,0,0,96,0,80,0,13,10,0,1,96,0|186,3979729742,4,2786192,0,2883584,0,2883584,0,3123821,0,10,11,609806997,0,609806997,0,2080,628453618,0,14304191,0,0,0,0,0
1786346019502|1016|oneplustwo_f4_r9|rotating|124,1378943233,33558272,6593178,0,6593178,0,6593178,0,13883,0,6936,0,0,0,0,0,196476008,7204976,4096,4096,0,0,6936,1095,686895173,686895173,686895181,686895181,0,0,0,0,0,0,0,0,4096,256,131072,4,15|4,0,20000000,262144,77,0,0,0,0,96,0,80,0,13,10,0,1,96,0|186,3290768632,4,2883584,0,2621440,0,2621440,0,3268421,0,11,10,315739203,0,315739203,0,2048,326270132,0,14296034,0,0,0,0,0
1786346024502|1016|oneplustwo_f4_r9|fixed|126,1378943233,16781056,9598581,0,0,0,0,0,0,0,0,0,0,0,10169,0,0,0,0,0,0,0,0,0,0,0,0,0,0,0,0,0,0,0,0,0,4096,256,131072,4,15|4,0,20000000,262144,77,0,0,0,0,136,0,120,0,18,15,0,1,136,0|188,4681112,5,4166072,0,4194304,0,4194304,0,4676682,0,15,16,912637349,0,912637349,0,2080,940742975,0,20328544,0,0,0,0,0
1786346024502|1016|oneplustwo_f4_r9|rotating|126,1378943233,33558272,9599985,0,9599985,0,9599985,0,20382,0,10183,0,0,0,0,0,286404264,11100640,4096,4096,0,0,10183,1687,1006931366,1006931366,1006931374,1006931374,0,0,0,0,0,0,0,0,4096,256,131072,4,15|4,0,20000000,262144,77,0,0,0,0,136,0,120,0,18,15,0,1,136,0|188,3610863032,4,4194304,0,3932160,0,3932160,0,4756755,0,16,15,459262579,0,459262579,0,2048,474580294,0,20309208,0,0,0,0,0
1786346035049|1017|twoplusone_fA_r1|fixed|130,1378943233,16778666,6237761,3292598,0,3292598,0,3292598,0,5932,0,2962,0,0,5617,0,0,96000331,0,4096,0,0,0,2963,0,361940777,0,361940785,0,0,0,0,0,0,0,0,4096,256,131072,4,15|4,0,20000000,262144,77,0,0,0,0,56,0,40,0,8,5,0,1,56,0|196,678828203,5,1482140,0,1310720,0,1310720,0,1725670,0,5,5,162003199,0,162003199,0,2080,166832528,0,8276392,0,0,0,0,0
1786346035049|1017|twoplusone_fA_r1|rotating|130,1378943233,33558033,6308742,3363651,6308742,0,6308742,0,11370,0,5681,0,0,0,0,3026,184024656,0,4096,0,0,0,5682,0,365569713,0,365569697,0,0,0,0,0,0,0,0,0,4096,256,131072,4,15|4,0,20000000,262144,77,0,0,0,0,56,0,40,0,8,5,0,1,56,0|196,4286146602,4,1420144,0,1310720,0,1310720,0,1588394,0,5,5,310006184,0,310006184,0,2080,319174714,0,8266555,0,0,0,0,0
1786346040054|1017|twoplusone_fA_r1|fixed|132,1378943233,16781056,12458692,6490712,0,6490712,0,6490712,0,11693,0,5841,0,0,11221,0,0,189270904,0,4096,0,0,0,5841,0,678204968,0,678204976,0,0,0,0,0,0,0,0,4096,256,131072,4,15|4,0,20000000,262144,77,0,0,0,0,96,0,80,0,13,10,0,1,96,0|198,1000138427,5,2883584,0,2621440,0,2621440,0,3379127,0,11,10,315710264,0,315710264,0,2048,326241189,0,14294046,0,0,0,0,0
1786346040054|1017|twoplusone_fA_r1|rotating|132,1378943233,33558272,12534299,6490712,12534299,0,12534299,0,22589,0,11289,0,0,0,0,5841,365645104,0,4096,0,0,0,11289,0,685963414,0,685963422,0,0,0,0,0,0,0,0,0,4096,256,131072,4,15|4,0,20000000,262144,77,0,0,0,0,96,0,80,0,13,10,0,1,96,0|198,311264137,5,2802988,0,2883584,0,2883584,0,3143255,0,10,11,613315901,0,613315901,0,2080,631643947,0,14277230,0,0,0,0,0
1786346045057|1017|twoplusone_fA_r1|fixed|134,1378943233,16781056,18675661,9438992,0,9438992,0,9438992,0,17008,0,8496,0,0,16824,0,0,275303536,0,4096,0,0,0,8496,0,982017870,0,982017886,0,0,0,0,0,0,0,0,4096,256,131072,4,15|4,0,20000000,262144,77,0,0,0,0,136,0,120,0,18,15,0,1,136,0|200,1320250739,5,4194304,0,3932160,0,3932160,0,4925719,0,16,15,459214848,0,459214848,0,2048,474532557,0,20312091,0,0,0,0,0
1786346045057|1017|twoplusone_fA_r1|rotating|134,1378943233,33558272,18750686,9438992,18750686,0,18750686,0,33800,0,16892,0,0,0,0,8496,547123528,0,4096,0,0,0,16892,0,1006121237,0,1006121245,0,0,0,0,0,0,0,0,0,4096,256,131072,4,15|4,0,20000000,262144,77,0,0,0,0,136,0,120,0,18,15,0,1,136,0|200,631441367,5,4186076,0,4194304,0,4194304,0,4697404,0,15,16,916718085,0,916718085,0,2080,944205709,0,20287789,0,0,0,0,0
1786346055654|1018|oneplustwo_f1_rA|fixed|138,1378943233,16780817,6221571,3270444,6221571,0,6221571,0,11206,0,5599,0,0,0,0,2944,181359297,0,4096,0,0,0,5600,0,363651161,0,363651169,0,0,0,0,0,0,0,0,0,4096,256,131072,4,15|4,0,20000000,262144,77,0,0,0,0,56,0,40,0,8,5,0,1,56,0|208,1998611696,5,1401124,0,1310720,0,1310720,0,1568212,0,5,5,305981648,0,305981648,0,2080,315167968,0,8279476,0,0,0,0,0
1786346055654|1018|oneplustwo_f1_rA|rotating|138,1378943233,33558272,6290889,3339539,0,3339539,0,3339539,0,6020,0,3007,0,0,5662,0,0,97438616,0,4096,0,0,0,3007,0,367185642,0,367185650,0,0,0,0,0,0,0,0,4096,256,131072,4,15|4,0,20000000,262144,77,0,0,0,0,56,0,40,0,8,5,0,1,56,0|208,1309527876,5,1510296,0,1310720,0,1310720,0,1703786,0,5,5,165189289,0,165189289,0,2080,170025660,0,8266542,0,0,0,0,0
1786346060658|1018|oneplustwo_f1_rA|fixed|140,1378943233,16781056,12439864,6487142,12439864,0,12439864,0,22409,0,11199,0,0,0,0,5841,362729592,0,4096,0,0,0,11199,0,683933161,0,683933169,0,0,0,0,0,0,0,0,0,4096,256,131072,4,15|4,0,20000000,262144,77,0,0,0,0,96,0,80,0,13,10,0,1,96,0|210,2318861153,5,2782484,0,2883584,0,2883584,0,3122629,0,10,11,609142280,0,609142280,0,2080,627787975,0,14303989,0,0,0,0,0
1786346060658|1018|oneplustwo_f1_rA|rotating|140,1378943233,33558272,12515841,6487142,0,6487142,0,6487142,0,11693,0,5841,0,0,11267,0,0,189272168,0,4096,0,0,0,5841,0,681308191,0,681308199,0,0,0,0,0,0,0,0,4096,256,131072,4,15|4,0,20000000,262144,77,0,0,0,0,96,0,80,0,13,10,0,1,96,0|210,1630038712,5,2883584,0,2621440,0,2621440,0,3270536,0,11,10,315752445,0,315752445,0,2048,326283374,0,14277215,0,0,0,0,0
1786346065665|1018|oneplustwo_f1_rA|fixed|142,1378943233,16781056,18662861,9433159,18662861,0,18662861,0,33626,0,16805,0,0,0,0,8496,544304544,0,4096,0,0,0,16805,0,1004583185,0,1004583193,0,0,0,0,0,0,0,0,0,4096,256,131072,4,15|4,0,20000000,262144,77,0,0,0,0,136,0,120,0,18,15,0,1,136,0|212,2639533386,5,4167304,0,4194304,0,4194304,0,4678474,0,15,16,912724654,0,912724654,0,2080,940830590,0,20328682,0,0,0,0,0
1786346065665|1018|oneplustwo_f1_rA|rotating|142,1378943233,33558272,18731358,9433159,0,9433159,0,9433159,0,17008,0,8496,0,0,16866,0,0,275304360,0,4096,0,0,0,8496,0,985446298,0,985446306,0,0,0,0,0,0,0,0,4096,256,131072,4,15|4,0,20000000,262144,77,0,0,0,0,136,0,120,0,18,15,0,1,136,0|212,1950234409,5,4194304,0,3932160,0,3932160,0,4758027,0,16,15,459275261,0,459275261,0,2048,474592976,0,20291259,0,0,0,0,0
1786346076239|1019|twoplusone_fA_r4|fixed|146,1378943233,16781056,0,3546689,0,3546689,0,3546689,0,11230,0,5612,0,0,0,0,17495216,113184336,4096,4096,0,0,2659,5612,344621260,362752995,344621268,362753003,0,0,0,0,0,0,0,0,4096,256,131072,4,15|4,0,20000000,262144,77,0,0,0,0,56,0,40,0,8,5,0,1,56,0|220,3316339329,5,1488560,0,1310720,0,1310720,0,1731594,0,5,5,162691706,0,162691706,0,2080,167522640,0,8273872,0,0,0,0,0
1786346076239|1019|twoplusone_fA_r4|rotating|146,1378943233,33557316,0,3615520,0,0,0,0,0,0,0,0,0,0,0,5674,0,0,0,0,0,0,0,0,0,0,0,0,0,0,0,0,0,0,0,0,4096,256,131072,4,15|4,0,20000000,262144,77,0,0,0,0,56,0,40,0,8,5,0,1,56,0|220,2627051889,5,1415944,0,1310720,0,1310720,0,1582688,0,5,5,309054068,0,309054068,0,2080,318221547,0,8266785,0,0,0,0,0
1786346081252|1019|twoplusone_fA_r4|fixed|148,1378943233,16781056,0,7026481,0,7026481,0,7026481,0,22473,0,11231,0,0,0,0,35466520,224737920,4096,4096,0,0,5390,11231,683501817,683501817,683501825,683501825,0,0,0,0,0,0,0,0,4096,256,131072,4,15|4,0,20000000,262144,77,0,0,0,0,96,0,80,0,13,10,0,1,96,0|222,3636907005,5,2883584,0,2621440,0,2621440,0,3377246,0,11,10,315711040,0,315711040,0,2048,326241966,0,14294803,0,0,0,0,0
1786346081252|1019|twoplusone_fA_r4|rotating|148,1378943233,33557316,0,7032764,0,0,0,0,0,0,0,0,0,0,0,11293,0,0,0,0,0,0,0,0,0,0,0,0,0,0,0,0,0,0,0,0,4096,256,131072,4,15|4,0,20000000,262144,77,0,0,0,0,96,0,80,0,13,10,0,1,96,0|222,2947730906,5,2801256,0,2883584,0,2883584,0,3139195,0,10,11,612957321,0,612957321,0,2080,631284934,0,14277484,0,0,0,0,0
1786346086262|1019|twoplusone_fA_r4|fixed|150,1378943233,16780339,0,10272505,0,10272505,0,10272505,0,33708,0,16846,0,0,0,0,54939308,330243564,4096,4096,0,0,8350,16846,1004050402,1004050402,1004050410,1004050410,0,0,0,0,0,0,0,0,4096,256,131072,4,15|4,0,20000000,262144,77,0,0,0,0,136,0,120,0,18,15,0,1,136,0|224,3957550164,5,4194304,0,3932160,0,3932160,0,4925034,0,16,15,459215593,0,459215593,0,2048,474533304,0,20313233,0,0,0,0,0
1786346086262|1019|twoplusone_fA_r4|rotating|150,1378943233,33557316,0,10279265,0,0,0,0,0,0,0,0,0,0,0,16914,0,0,0,0,0,0,0,0,0,0,0,0,0,0,0,0,0,0,0,0,4096,256,131072,4,15|4,0,20000000,262144,77,0,0,0,0,136,0,120,0,18,15,0,1,136,0|224,3268708784,5,4188052,0,4194304,0,4194304,0,4697897,0,15,16,917158863,0,917158863,0,2080,944646979,0,20288411,0,0,0,0,0
1786346096801|1020|oneplustwo_f4_rA|fixed|154,1378943233,16780100,0,3331864,0,0,0,0,0,0,0,0,0,0,0,3486,0,0,0,0,0,0,0,0,0,0,0,0,0,0,0,0,0,0,0,0,4096,256,131072,4,15|4,0,20000000,262144,77,0,0,0,0,56,0,40,0,8,5,0,1,56,0|232,337457348,6,1403592,0,1310720,0,1310720,0,1570340,0,5,5,306512635,0,306512635,0,2080,315699570,0,8279857,0,0,0,0,0
1786346096801|1020|oneplustwo_f4_rA|rotating|154,1378943233,33555882,0,3401700,0,3401700,0,3401700,0,7106,0,3549,0,0,0,0,3520480,101199029,4096,4096,0,0,535,3550,344803293,366371195,344803301,366371203,0,0,0,0,0,0,0,0,4096,256,131072,4,15|4,0,20000000,262144,77,0,0,0,0,56,0,40,0,8,5,0,1,56,0|232,3943066263,5,1512768,0,1310720,0,1310720,0,1706440,0,5,5,165438826,0,165438826,0,2080,170275814,0,8274665,0,0,0,0,0
1786346101810|1020|oneplustwo_f4_rA|fixed|156,1378943233,16780100,0,6595967,0,0,0,0,0,0,0,0,0,0,0,6923,0,0,0,0,0,0,0,0,0,0,0,0,0,0,0,0,0,0,0,0,4096,256,131072,4,15|4,0,20000000,262144,77,0,0,0,0,96,0,80,0,13,10,0,1,96,0|234,657870699,6,2786192,0,2883584,0,2883584,0,3126209,0,10,11,609837117,0,609837117,0,2080,628483736,0,14304075,0,0,0,0,0
1786346101810|1020|oneplustwo_f4_rA|rotating|156,1378943233,33558272,0,6597173,0,6597173,0,6597173,0,13881,0,6935,0,0,0,0,7198728,196471360,4096,4096,0,0,1094,6935,686745309,686745309,686745317,686745317,0,0,0,0,0,0,0,0,4096,256,131072,4,15|4,0,20000000,262144,77,0,0,0,0,96,0,80,0,13,10,0,1,96,0|234,4263677697,5,2883584,0,2621440,0,2621440,0,3270388,0,11,10,315737990,0,315737990,0,2048,326268920,0,14293321,0,0,0,0,0
1786346106822|1020|oneplustwo_f4_rA|fixed|158,1378943233,16780100,0,9603139,0,0,0,0,0,0,0,0,0,0,0,10172,0,0,0,0,0,0,0,0,0,0,0,0,0,0,0,0,0,0,0,0,4096,256,131072,4,15|4,0,20000000,262144,77,0,0,0,0,136,0,120,0,18,15,0,1,136,0|236,977560971,6,4166072,0,4194304,0,4194304,0,4677467,0,15,16,912438964,0,912438964,0,2080,940544587,0,20328530,0,0,0,0,0
1786346106822|1020|oneplustwo_f4_rA|rotating|158,1378943233,33558272,0,9604156,0,9604156,0,9604156,0,20380,0,10182,0,0,0,0,11094344,286399128,4096,4096,0,0,1686,10182,1006781620,1006781620,1006781628,1006781628,0,0,0,0,0,0,0,0,4096,256,131072,4,15|4,0,20000000,262144,77,0,0,0,0,136,0,120,0,18,15,0,1,136,0|236,288567934,6,4194304,0,3932160,0,3932160,0,4758648,0,16,15,459256657,0,459256657,0,2048,474574375,0,20311278,0,0,0,0,0
1786346117360|1021|twoplusone_fC_r1|fixed|162,1378943233,16778188,6227300,0,0,0,0,0,0,0,0,0,0,0,5608,0,0,0,0,0,0,0,0,0,0,0,0,0,0,0,0,0,0,0,0,0,4096,256,131072,4,15|4,0,20000000,262144,77,0,0,0,0,56,0,40,0,8,5,0,1,56,0|244,1653158676,6,1488068,0,1310720,0,1310720,0,1732159,0,5,5,162652939,0,162652939,0,2080,167483749,0,8275333,0,0,0,0,0
1786346117360|1021|twoplusone_fC_r1|rotating|162,1378943233,33558272,6296395,0,6296395,0,6296395,0,11348,0,5671,0,0,0,0,0,183682088,0,4096,0,0,0,5671,0,364347803,0,364347811,0,0,0,0,0,0,0,0,0,4096,256,131072,4,15|4,0,20000000,262144,77,0,0,0,0,56,0,40,0,8,5,0,1,56,0|244,963983584,6,1416192,0,1310720,0,1310720,0,1583904,0,5,5,309133421,0,309133421,0,2080,318300966,0,8266534,0,0,0,0,0
1786346122369|1021|twoplusone_fC_r1|fixed|164,1378943233,16781056,12455712,0,0,0,0,0,0,0,0,0,0,0,11217,0,0,0,0,0,0,0,0,0,0,0,0,0,0,0,0,0,0,0,0,0,4096,256,131072,4,15|4,0,20000000,262144,77,0,0,0,0,96,0,80,0,13,10,0,1,96,0|246,1973518779,6,2883584,0,2621440,0,2621440,0,3379563,0,11,10,315706592,0,315706592,0,2048,326237515,0,14294209,0,0,0,0,0
1786346122369|1021|twoplusone_fC_r1|rotating|164,1378943233,33558033,12530235,0,12530235,0,12530235,0,22581,0,11284,0,0,0,0,0,365490356,0,4096,0,0,0,11285,0,685090277,0,685090285,0,0,0,0,0,0,0,0,0,4096,256,131072,4,15|4,0,20000000,262144,77,0,0,0,0,96,0,80,0,13,10,0,1,96,0|246,1284699542,6,2801752,0,2883584,0,2883584,0,3142314,0,10,11,613073387,0,613073387,0,2080,631401126,0,14277405,0,0,0,0,0
1786346127380|1021|twoplusone_fC_r1|fixed|166,1378943233,16781056,18689535,0,0,0,0,0,0,0,0,0,0,0,16832,0,0,0,0,0,0,0,0,0,0,0,0,0,0,0,0,0,0,0,0,0,4096,256,131072,4,15|4,0,20000000,262144,77,0,0,0,0,136,0,120,0,18,15,0,1,136,0|248,2294429866,6,4194304,0,3932160,0,3932160,0,4927753,0,16,15,459214653,0,459214653,0,2048,474532360,0,20311583,0,0,0,0,0
1786346127380|1021|twoplusone_fC_r1|rotating|166,1378943233,33558033,18760001,0,18760001,0,18760001,0,33808,0,16895,0,0,0,0,0,547230896,0,4096,0,0,0,16896,0,1005702519,0,1005702479,0,0,0,0,0,0,0,0,0,4096,256,131072,4,15|4,0,20000000,262144,77,0,0,0,0,136,0,120,0,18,15,0,1,136,0|248,1605277631,6,4186820,0,4194304,0,4194304,0,4699622,0,15,16,916873123,0,916873123,0,2080,944360934,0,20290753,0,0,0,0,0
1786346137982|1022|oneplustwo_f1_rC|fixed|170,1378943233,16781056,6229202,0,6229202,0,6229202,0,11218,0,5606,0,0,0,0,0,181576360,0,4096,0,0,0,5606,0,363805297,0,363805305,0,0,0,0,0,0,0,0,0,4096,256,131072,4,15|4,0,20000000,262144,77,0,0,0,0,56,0,40,0,8,5,0,1,56,0|256,2972746512,6,1402360,0,1310720,0,1310720,0,1569707,0,5,5,306255186,0,306255186,0,2080,315441815,0,8279404,0,0,0,0,0
1786346137982|1022|oneplustwo_f1_rC|rotating|170,1378943233,33555404,6306204,0,0,0,0,0,0,0,0,0,0,0,5675,0,0,0,0,0,0,0,0,0,0,0,0,0,0,0,0,0,0,0,0,0,4096,256,131072,4,15|4,0,20000000,262144,77,0,0,0,0,56,0,40,0,8,5,0,1,56,0|256,2283810176,6,1514248,0,1310720,0,1310720,0,1708539,0,5,5,165597964,0,165597964,0,2080,170435323,0,8273123,0,0,0,0,0
1786346142997|1022|oneplustwo_f1_rC|fixed|172,1378943233,16780817,12467539,0,12467539,0,12467539,0,22455,0,11221,0,0,0,0,0,363447187,0,4096,0,0,0,11222,0,684980584,0,684980592,0,0,0,0,0,0,0,0,0,4096,256,131072,4,15|4,0,20000000,262144,77,0,0,0,0,96,0,80,0,13,10,0,1,96,0|258,3294120911,6,2788660,0,2883584,0,2883584,0,3130349,0,10,11,610539438,0,610539438,0,2080,629186678,0,14303998,0,0,0,0,0
1786346142997|1022|oneplustwo_f1_rC|rotating|172,1378943233,33558272,12536426,0,0,0,0,0,0,0,0,0,0,0,11283,0,0,0,0,0,0,0,0,0,0,0,0,0,0,0,0,0,0,0,0,0,4096,256,131072,4,15|4,0,20000000,262144,77,0,0,0,0,96,0,80,0,13,10,0,1,96,0|258,2604693467,6,2883584,0,2621440,0,2621440,0,3271260,0,11,10,315736149,0,315736149,0,2048,326267080,0,14289858,0,0,0,0,0
1786346148006|1022|oneplustwo_f1_rC|fixed|174,1378943233,16781056,18685312,0,18685312,0,18685312,0,33662,0,16823,0,0,0,0,0,544888544,0,4096,0,0,0,16823,0,1005383969,0,1005383985,0,0,0,0,0,0,0,0,0,4096,256,131072,4,15|4,0,20000000,262144,77,0,0,0,0,136,0,120,0,18,15,0,1,136,0|260,3614336825,6,4171012,0,4194304,0,4194304,0,4683755,0,15,16,913666343,0,913666343,0,2080,941773208,0,20328447,0,0,0,0,0
1786346148006|1022|oneplustwo_f1_rC|rotating|174,1378943233,33558272,18761700,0,0,0,0,0,0,0,0,0,0,0,16892,0,0,0,0,0,0,0,0,0,0,0,0,0,0,0,0,0,0,0,0,0,4096,256,131072,4,15|4,0,20000000,262144,77,0,0,0,0,136,0,120,0,18,15,0,1,136,0|260,2925367548,6,4194304,0,3932160,0,3932160,0,4758842,0,16,15,459257450,0,459257450,0,2048,474575167,0,20305190,0,0,0,0,0
1786346158519|1023|twoplusone_fC_r2|fixed|178,1378943233,16778188,0,6242900,0,0,0,0,0,0,0,0,0,0,0,5621,0,0,0,0,0,0,0,0,0,0,0,0,0,0,0,0,0,0,0,0,4096,256,131072,4,15|4,0,20000000,262144,77,0,0,0,0,56,0,40,0,8,5,0,1,56,0|268,4288500274,6,1497452,0,1310720,0,1310720,0,1742716,0,5,5,163691964,0,163691964,0,2080,168525121,0,8274636,0,0,0,0,0
1786346158519|1023|twoplusone_fC_r2|rotating|178,1378943233,33557794,0,6323619,0,6323619,0,6323619,0,11396,0,5694,0,0,0,0,0,184441011,0,4096,0,0,0,5695,0,365891244,0,365891252,0,0,0,0,0,0,0,0,4096,256,131072,4,15|4,0,20000000,262144,77,0,0,0,0,56,0,40,0,8,5,0,1,56,0|268,3600660374,6,1426812,0,1310720,0,1310720,0,1595941,0,5,5,311503768,0,311503768,0,2080,320673967,0,8266697,0,0,0,0,0
1786346163519|1023|twoplusone_fC_r2|fixed|180,1378943233,16781056,0,12440049,0,0,0,0,0,0,0,0,0,0,0,11205,0,0,0,0,0,0,0,0,0,0,0,0,0,0,0,0,0,0,0,0,4096,256,131072,4,15|4,0,20000000,262144,77,0,0,0,0,96,0,80,0,13,10,0,1,96,0|270,312282958,7,2883584,0,2621440,0,2621440,0,3378257,0,11,10,315708252,0,315708252,0,2048,326239174,0,14294619,0,0,0,0,0
1786346163519|1023|twoplusone_fC_r2|rotating|180,1378943233,33557794,0,12512576,0,12512576,0,12512576,0,22553,0,11270,0,0,0,0,0,365056792,0,4096,0,0,0,11271,0,684559301,0,684559261,0,0,0,0,0,0,0,0,4096,256,131072,4,15|4,0,20000000,262144,77,0,0,0,0,96,0,80,0,13,10,0,1,96,0|270,3918230409,6,2798540,0,2883584,0,2883584,0,3137753,0,10,11,612301378,0,612301378,0,2080,630628313,0,14277422,0,0,0,0,0
1786346168531|1023|twoplusone_fC_r2|fixed|182,1378943233,16778188,0,18673023,0,0,0,0,0,0,0,0,0,0,0,16822,0,0,0,0,0,0,0,0,0,0,0,0,0,0,0,0,0,0,0,0,4096,256,131072,4,15|4,0,20000000,262144,77,0,0,0,0,136,0,120,0,18,15,0,1,136,0|272,633255973,7,4194304,0,3932160,0,3932160,0,4925764,0,16,15,459213716,0,459213716,0,2048,474531423,0,20312465,0,0,0,0,0
1786346168531|1023|twoplusone_fC_r2|rotating|182,1378943233,33557794,0,18738343,0,18738343,0,18738343,0,33780,0,16881,0,0,0,0,0,546779776,0,4096,0,0,0,16882,0,1005144269,0,1005144229,0,0,0,0,0,0,0,0,4096,256,131072,4,15|4,0,20000000,262144,77,0,0,0,0,136,0,120,0,18,15,0,1,136,0|272,4238972336,6,4184100,0,4194304,0,4194304,0,4695022,0,15,16,916266984,0,916266984,0,2080,943754115,0,20288604,0,0,0,0,0
1786346179085|1024|oneplustwo_f2_rC|fixed|186,1378943233,16781056,0,6239823,0,6239823,0,6239823,0,11234,0,5614,0,0,0,0,0,181834264,0,4096,0,0,0,5614,0,361803739,0,361803747,0,0,0,0,0,0,0,0,4096,256,131072,4,15|4,0,20000000,262144,77,0,0,0,0,56,0,40,0,8,5,0,1,56,0|280,1308710154,7,1404580,0,1310720,0,1310720,0,1572515,0,5,5,306739804,0,306739804,0,2080,315926988,0,8279779,0,0,0,0,0
1786346179085|1024|oneplustwo_f2_rC|rotating|186,1378943233,33558272,0,6311007,0,0,0,0,0,0,0,0,0,0,0,5678,0,0,0,0,0,0,0,0,0,0,0,0,0,0,0,0,0,0,0,0,4096,256,131072,4,15|4,0,20000000,262144,77,0,0,0,0,56,0,40,0,8,5,0,1,56,0|280,620239171,7,1522648,0,1310720,0,1310720,0,1718499,0,5,5,166547845,0,166547845,0,2080,171387303,0,8274138,0,0,0,0,0
1786346184086|1024|oneplustwo_f2_rC|fixed|188,1378943233,16780578,0,12467755,0,12467755,0,12467755,0,22457,0,11222,0,0,0,0,0,363493976,0,4096,0,0,0,11223,0,682608407,0,682608399,0,0,0,0,0,0,0,0,4096,256,131072,4,15|4,0,20000000,262144,77,0,0,0,0,96,0,80,0,13,10,0,1,96,0|282,1629924998,7,2789896,0,2883584,0,2883584,0,3131552,0,10,11,610864983,0,610864983,0,2080,629512531,0,14304142,0,0,0,0,0
1786346184086|1024|oneplustwo_f2_rC|rotating|188,1378943233,33558272,0,12549871,0,0,0,0,0,0,0,0,0,0,0,11296,0,0,0,0,0,0,0,0,0,0,0,0,0,0,0,0,0,0,0,0,4096,256,131072,4,15|4,0,20000000,262144,77,0,0,0,0,96,0,80,0,13,10,0,1,96,0|282,942055941,7,2883584,0,2621440,0,2621440,0,3270898,0,11,10,315736224,0,315736224,0,2048,326267152,0,14292738,0,0,0,0,0
1786346189097|1024|oneplustwo_f2_rC|fixed|190,1378943233,16781056,0,18680129,0,18680129,0,18680129,0,33650,0,16817,0,0,0,0,0,544693392,0,4096,0,0,0,16817,0,1002601442,0,1002601450,0,0,0,0,0,0,0,0,4096,256,131072,4,15|4,0,20000000,262144,77,0,0,0,0,136,0,120,0,18,15,0,1,136,0|284,1949278980,7,4168540,0,4194304,0,4194304,0,4681343,0,15,16,913130658,0,913130658,0,2080,941236902,0,20328799,0,0,0,0,0
1786346189097|1024|oneplustwo_f2_rC|rotating|190,1378943233,33558272,0,18760741,0,0,0,0,0,0,0,0,0,0,0,16890,0,0,0,0,0,0,0,0,0,0,0,0,0,0,0,0,0,0,0,0,4096,256,131072,4,15|4,0,20000000,262144,77,0,0,0,0,136,0,120,0,18,15,0,1,136,0|284,1261497287,7,4194304,0,3932160,0,3932160,0,4759129,0,16,15,459255937,0,459255937,0,2048,474573651,0,20309861,0,0,0,0,0
