captured_ms|sequence|label|role|data_ro|dirm0|oen0
1785899399438|0|SAFE_BOOT|fixed|1346371075|8193|8193
1785899399438|0|SAFE_BOOT|rotating|1346371075|8193|8193
1785899399570|1001|phy_lane0_f2r_counter_100f_active|fixed|1350565379|8193|8193
1785899399570|1001|phy_lane0_f2r_counter_100f_active|rotating|1346362883|8193|8193
1785899400304|1001|phy_lane0_f2r_counter_100f_terminal|fixed|1350565379|8193|8193
1785899400304|1001|phy_lane0_f2r_counter_100f_terminal|rotating|1350565379|8193|8193
1785899401422|1002|phy_lane0_f2r_prbs_10000f_active|fixed|1346371075|8193|8193
1785899401422|1002|phy_lane0_f2r_prbs_10000f_active|rotating|1346362883|8193|8193
1785899406553|1002|phy_lane0_f2r_prbs_10000f|fixed|1346371074|8193|8193
1785899406553|1002|phy_lane0_f2r_prbs_10000f|rotating|1346362883|8193|8193
1785899411253|1002|phy_lane0_f2r_prbs_10000f_terminal|fixed|1346371075|8193|8193
1785899411253|1002|phy_lane0_f2r_prbs_10000f_terminal|rotating|1346371075|8193|8193
1785899411505|1003|phy_lane0_r2f_counter_100f_active|fixed|1346362883|8193|8193
1785899411505|1003|phy_lane0_r2f_counter_100f_active|rotating|1346371075|8193|8193
1785899411879|1003|phy_lane0_r2f_counter_100f_terminal|fixed|1346371075|8193|8193
1785899411879|1003|phy_lane0_r2f_counter_100f_terminal|rotating|1346371075|8193|8193
1785899413014|1004|phy_lane0_r2f_prbs_10000f_active|fixed|1346362883|8193|8193
1785899413014|1004|phy_lane0_r2f_prbs_10000f_active|rotating|1350565379|8193|8193
1785899418132|1004|phy_lane0_r2f_prbs_10000f|fixed|1346362883|8193|8193
1785899418132|1004|phy_lane0_r2f_prbs_10000f|rotating|1350565378|8193|8193
1785899422861|1004|phy_lane0_r2f_prbs_10000f_terminal|fixed|1350565379|8193|8193
1785899422861|1004|phy_lane0_r2f_prbs_10000f_terminal|rotating|1350565379|8193|8193
1785899423102|1005|phy_lane1_f2r_counter_100f_active|fixed|1346371075|8193|8193
1785899423102|1005|phy_lane1_f2r_counter_100f_active|rotating|1346362883|8193|8193
1785899423501|1005|phy_lane1_f2r_counter_100f_terminal|fixed|1346371075|8193|8193
1785899423501|1005|phy_lane1_f2r_counter_100f_terminal|rotating|1350565379|8193|8193
1785899424632|1006|phy_lane1_f2r_prbs_10000f_active|fixed|1346371075|8193|8193
1785899424632|1006|phy_lane1_f2r_prbs_10000f_active|rotating|1346362883|8193|8193
1785899429751|1006|phy_lane1_f2r_prbs_10000f|fixed|1346371074|8193|8193
1785899429751|1006|phy_lane1_f2r_prbs_10000f|rotating|1350557187|8193|8193
1785899434465|1006|phy_lane1_f2r_prbs_10000f_terminal|fixed|1346371075|8193|8193
1785899434465|1006|phy_lane1_f2r_prbs_10000f_terminal|rotating|1346371075|8193|8193
1785899434711|1007|phy_lane1_r2f_counter_100f_active|fixed|1350557187|8193|8193
1785899434711|1007|phy_lane1_r2f_counter_100f_active|rotating|1350565379|8193|8193
1785899435183|1007|phy_lane1_r2f_counter_100f_terminal|fixed|1350565379|8193|8193
1785899435183|1007|phy_lane1_r2f_counter_100f_terminal|rotating|1350565379|8193|8193
1785899436318|1008|phy_lane1_r2f_prbs_10000f_active|fixed|1350557187|8193|8193
1785899436318|1008|phy_lane1_r2f_prbs_10000f_active|rotating|1346371075|8193|8193
1785899441453|1008|phy_lane1_r2f_prbs_10000f|fixed|1346362883|8193|8193
1785899441453|1008|phy_lane1_r2f_prbs_10000f|rotating|1350565378|8193|8193
1785899446127|1008|phy_lane1_r2f_prbs_10000f_terminal|fixed|1346371075|8193|8193
1785899446127|1008|phy_lane1_r2f_prbs_10000f_terminal|rotating|1346371075|8193|8193
1785899446350|1009|phy_lane2_f2r_counter_100f_active|fixed|1350565379|8193|8193
1785899446350|1009|phy_lane2_f2r_counter_100f_active|rotating|1350557187|8193|8193
1785899446773|1009|phy_lane2_f2r_counter_100f_terminal|fixed|1346371075|8193|8193
1785899446773|1009|phy_lane2_f2r_counter_100f_terminal|rotating|1350565379|8193|8193
1785899447889|1010|phy_lane2_f2r_prbs_10000f_active|fixed|1350565379|8193|8193
1785899447889|1010|phy_lane2_f2r_prbs_10000f_active|rotating|1346362883|8193|8193
1785899453013|1010|phy_lane2_f2r_prbs_10000f|fixed|1350565378|8193|8193
1785899453013|1010|phy_lane2_f2r_prbs_10000f|rotating|1346362883|8193|8193
1785899457766|1010|phy_lane2_f2r_prbs_10000f_terminal|fixed|1346371075|8193|8193
1785899457766|1010|phy_lane2_f2r_prbs_10000f_terminal|rotating|1346371075|8193|8193
1785899458009|1011|phy_lane2_r2f_counter_100f_active|fixed|1346362883|8193|8193
1785899458009|1011|phy_lane2_r2f_counter_100f_active|rotating|1346371075|8193|8193
1785899458380|1011|phy_lane2_r2f_counter_100f_terminal|fixed|1346371075|8193|8193
1785899458380|1011|phy_lane2_r2f_counter_100f_terminal|rotating|1350565379|8193|8193
1785899459472|1012|phy_lane2_r2f_prbs_10000f_active|fixed|1350557187|8193|8193
1785899459472|1012|phy_lane2_r2f_prbs_10000f_active|rotating|1346371075|8193|8193
1785899464609|1012|phy_lane2_r2f_prbs_10000f|fixed|1346362883|8193|8193
1785899464609|1012|phy_lane2_r2f_prbs_10000f|rotating|1350565378|8193|8193
1785899469280|1012|phy_lane2_r2f_prbs_10000f_terminal|fixed|1346371075|8193|8193
1785899469280|1012|phy_lane2_r2f_prbs_10000f_terminal|rotating|1350565379|8193|8193
1785899469514|1013|phy_lane3_f2r_counter_100f_active|fixed|1350565379|8193|8193
1785899469514|1013|phy_lane3_f2r_counter_100f_active|rotating|1346362883|8193|8193
1785899469938|1013|phy_lane3_f2r_counter_100f_terminal|fixed|1346371075|8193|8193
1785899469938|1013|phy_lane3_f2r_counter_100f_terminal|rotating|1350565379|8193|8193
1785899471059|1014|phy_lane3_f2r_prbs_10000f_active|fixed|1350565379|8193|8193
1785899471059|1014|phy_lane3_f2r_prbs_10000f_active|rotating|1350557187|8193|8193
1785899476177|1014|phy_lane3_f2r_prbs_10000f|fixed|1346371074|8193|8193
1785899476177|1014|phy_lane3_f2r_prbs_10000f|rotating|1346362883|8193|8193
1785899480891|1014|phy_lane3_f2r_prbs_10000f_terminal|fixed|1346371075|8193|8193
1785899480891|1014|phy_lane3_f2r_prbs_10000f_terminal|rotating|1350565379|8193|8193
1785899481143|1015|phy_lane3_r2f_counter_100f_active|fixed|1346362883|8193|8193
1785899481143|1015|phy_lane3_r2f_counter_100f_active|rotating|1350565379|8193|8193
1785899481575|1015|phy_lane3_r2f_counter_100f_terminal|fixed|1346371075|8193|8193
1785899481575|1015|phy_lane3_r2f_counter_100f_terminal|rotating|1346371075|8193|8193
1785899482683|1016|phy_lane3_r2f_prbs_10000f_active|fixed|1346362883|8193|8193
1785899482683|1016|phy_lane3_r2f_prbs_10000f_active|rotating|1346371075|8193|8193
1785899487787|1016|phy_lane3_r2f_prbs_10000f|fixed|1350557187|8193|8193
1785899487787|1016|phy_lane3_r2f_prbs_10000f|rotating|1346371074|8193|8193
1785899492523|1016|phy_lane3_r2f_prbs_10000f_terminal|fixed|1346371075|8193|8193
1785899492523|1016|phy_lane3_r2f_prbs_10000f_terminal|rotating|1350565379|8193|8193
1785899493019|1017|P10_3F-PER_LANE_PHY_endpoint_shutdown_terminal|fixed|1350565379|8193|8193
1785899493019|1017|P10_3F-PER_LANE_PHY_endpoint_shutdown_terminal|rotating|1346371075|8193|8193
