captured_ms|sequence|label|role|data_ro|dirm0|oen0
1785874677615|0|SAFE_BOOT|fixed|1346371075|8193|8193
1785874677615|0|SAFE_BOOT|rotating|1350565379|8193|8193
1785874677767|1001|regression64_f2r_active|fixed|1346371075|8193|8193
1785874677767|1001|regression64_f2r_active|rotating|1346362883|8193|8193
1785874682921|1001|regression64_f2r|fixed|1346371074|8193|8193
1785874682921|1001|regression64_f2r|rotating|1350557187|8193|8193
1785874687901|1001|regression64_f2r|fixed|1350565378|8193|8193
1785874687901|1001|regression64_f2r|rotating|1346362883|8193|8193
1785874692925|1001|regression64_f2r|fixed|1350565378|8193|8193
1785874692925|1001|regression64_f2r|rotating|1350557187|8193|8193
1785874697937|1001|regression64_f2r|fixed|1346371074|8193|8193
1785874697937|1001|regression64_f2r|rotating|1346362883|8193|8193
1785874702928|1001|regression64_f2r|fixed|1346371074|8193|8193
1785874702928|1001|regression64_f2r|rotating|1350557187|8193|8193
1785874707978|1001|regression64_f2r|fixed|1350565378|8193|8193
1785874707978|1001|regression64_f2r|rotating|1346362883|8193|8193
1785874713049|1001|regression64_f2r|fixed|1350565378|8193|8193
1785874713049|1001|regression64_f2r|rotating|1350557187|8193|8193
1785874717996|1001|regression64_f2r|fixed|1350565378|8193|8193
1785874717996|1001|regression64_f2r|rotating|1350557187|8193|8193
1785874722994|1001|regression64_f2r|fixed|1346371074|8193|8193
1785874722994|1001|regression64_f2r|rotating|1350557187|8193|8193
1785874727986|1001|regression64_f2r|fixed|1350565378|8193|8193
1785874727986|1001|regression64_f2r|rotating|1350557187|8193|8193
1785874733015|1001|regression64_f2r|fixed|1346371074|8193|8193
1785874733015|1001|regression64_f2r|rotating|1350557187|8193|8193
1785874738039|1001|regression64_f2r|fixed|1346371074|8193|8193
1785874738039|1001|regression64_f2r|rotating|1350557187|8193|8193
1785874743021|1001|regression64_f2r|fixed|1350565378|8193|8193
1785874743021|1001|regression64_f2r|rotating|1350557187|8193|8193
1785874748042|1001|regression64_f2r|fixed|1350565378|8193|8193
1785874748042|1001|regression64_f2r|rotating|1346362883|8193|8193
1785874753059|1001|regression64_f2r|fixed|1346371074|8193|8193
1785874753059|1001|regression64_f2r|rotating|1350557187|8193|8193
1785874758037|1001|regression64_f2r|fixed|1346371074|8193|8193
1785874758037|1001|regression64_f2r|rotating|1350557187|8193|8193
1785874763032|1001|regression64_f2r|fixed|1346371074|8193|8193
1785874763032|1001|regression64_f2r|rotating|1350557187|8193|8193
1785874768047|1001|regression64_f2r|fixed|1350565378|8193|8193
1785874768047|1001|regression64_f2r|rotating|1346362883|8193|8193
1785874773053|1001|regression64_f2r|fixed|1346371074|8193|8193
1785874773053|1001|regression64_f2r|rotating|1350557187|8193|8193
1785874778069|1001|regression64_f2r|fixed|1346371074|8193|8193
1785874778069|1001|regression64_f2r|rotating|1346362883|8193|8193
1785874783071|1001|regression64_f2r|fixed|1350565378|8193|8193
1785874783071|1001|regression64_f2r|rotating|1346362883|8193|8193
1785874788090|1001|regression64_f2r|fixed|1350565378|8193|8193
1785874788090|1001|regression64_f2r|rotating|1346362883|8193|8193
1785874793120|1001|regression64_f2r|fixed|1350565378|8193|8193
1785874793120|1001|regression64_f2r|rotating|1350557187|8193|8193
1785874793633|1001|regression64_f2r_terminal|fixed|1350565379|8193|8193
1785874793633|1001|regression64_f2r_terminal|rotating|1346371075|8193|8193
1785874793962|1002|regression64_r2f_active|fixed|1346362883|8193|8193
1785874793962|1002|regression64_r2f_active|rotating|1350565379|8193|8193
1785874799113|1002|regression64_r2f|fixed|1346362883|8193|8193
1785874799113|1002|regression64_r2f|rotating|1350565378|8193|8193
1785874804057|1002|regression64_r2f|fixed|1350557187|8193|8193
1785874804057|1002|regression64_r2f|rotating|1346371074|8193|8193
1785874809079|1002|regression64_r2f|fixed|1346362883|8193|8193
1785874809079|1002|regression64_r2f|rotating|1350565378|8193|8193
1785874814101|1002|regression64_r2f|fixed|1350557187|8193|8193
1785874814101|1002|regression64_r2f|rotating|1346371074|8193|8193
1785874819095|1002|regression64_r2f|fixed|1346362883|8193|8193
1785874819095|1002|regression64_r2f|rotating|1346371074|8193|8193
1785874824104|1002|regression64_r2f|fixed|1350557187|8193|8193
1785874824104|1002|regression64_r2f|rotating|1346371074|8193|8193
1785874829123|1002|regression64_r2f|fixed|1346362883|8193|8193
1785874829123|1002|regression64_r2f|rotating|1350565378|8193|8193
1785874834105|1002|regression64_r2f|fixed|1346362883|8193|8193
1785874834105|1002|regression64_r2f|rotating|1346371074|8193|8193
1785874839164|1002|regression64_r2f|fixed|1346362883|8193|8193
1785874839164|1002|regression64_r2f|rotating|1346371074|8193|8193
1785874844148|1002|regression64_r2f|fixed|1346362883|8193|8193
1785874844148|1002|regression64_r2f|rotating|1346371074|8193|8193
1785874849156|1002|regression64_r2f|fixed|1346362883|8193|8193
1785874849156|1002|regression64_r2f|rotating|1346371074|8193|8193
1785874854154|1002|regression64_r2f|fixed|1346362883|8193|8193
1785874854154|1002|regression64_r2f|rotating|1350565378|8193|8193
1785874859153|1002|regression64_r2f|fixed|1346362883|8193|8193
1785874859153|1002|regression64_r2f|rotating|1346371074|8193|8193
1785874864187|1002|regression64_r2f|fixed|1346362883|8193|8193
1785874864187|1002|regression64_r2f|rotating|1346371074|8193|8193
1785874869172|1002|regression64_r2f|fixed|1350557187|8193|8193
1785874869172|1002|regression64_r2f|rotating|1350565378|8193|8193
1785874874183|1002|regression64_r2f|fixed|1350557187|8193|8193
1785874874183|1002|regression64_r2f|rotating|1350565378|8193|8193
1785874879197|1002|regression64_r2f|fixed|1350557187|8193|8193
1785874879197|1002|regression64_r2f|rotating|1346371074|8193|8193
1785874884220|1002|regression64_r2f|fixed|1350557187|8193|8193
1785874884220|1002|regression64_r2f|rotating|1346371074|8193|8193
1785874889226|1002|regression64_r2f|fixed|1346362883|8193|8193
1785874889226|1002|regression64_r2f|rotating|1346371074|8193|8193
1785874894218|1002|regression64_r2f|fixed|1346362883|8193|8193
1785874894218|1002|regression64_r2f|rotating|1350565378|8193|8193
1785874899245|1002|regression64_r2f|fixed|1350557187|8193|8193
1785874899245|1002|regression64_r2f|rotating|1350565378|8193|8193
1785874904225|1002|regression64_r2f|fixed|1350557187|8193|8193
1785874904225|1002|regression64_r2f|rotating|1350565378|8193|8193
1785874909044|1002|regression64_r2f_terminal|fixed|1346371075|8193|8193
1785874909044|1002|regression64_r2f_terminal|rotating|1350565379|8193|8193
1785874909587|1003|P10_3F-TWO_LANE_REGRESSION_endpoint_shutdown_terminal|fixed|1350565379|8193|8193
1785874909587|1003|P10_3F-TWO_LANE_REGRESSION_endpoint_shutdown_terminal|rotating|1350565379|8193|8193
