captured_ms|sequence|label|role|admission_snapshot_words_csv|ps_runtime_words_csv|pl_perf_snapshot_words_csv
1785957780726|1001|dma_reset_fixed_5_clean64|fixed|2,1378943233,16777471,6138237,6053233,6068485,6053233,6068485,6053233,5811,5789,5788,5788,0,0,739,0,178688315,178345278,4096,4096,0,0,5789,5789,361033690,361033703,361033698,361033711,0,0,0,0,0,0,0,0,4096,256,131072,4,15|4,0,67108864,262144,256,0,0,0,0,96,0,84,0,24,21,0,1,96,0|4,1071839209,0,5757952,0,0,0,0,0,6102393,0,21,0,319851123,0,319851123,0,2080,313088775,0,9633248,0,0,0,0,0
1785957780726|1001|dma_reset_fixed_5_clean64|rotating|2,1378943233,33558272,6202256,6116677,70408,0,70408,0,1492,0,746,0,0,0,5849,5849,4766136,0,4096,0,0,0,746,0,345026422,0,345026430,0,0,0,0,0,0,0,0,0,4096,256,131072,4,15|4,0,67108864,262144,256,0,0,0,0,100,0,88,0,25,22,0,1,100,0|4,391632408,0,0,0,5767168,0,5767168,0,17744,0,0,22,0,0,0,0,0,0,0,6895347,0,0,0,0,0
1785957785740|1001|dma_reset_fixed_5_clean64|fixed|4,1378943233,16777471,12414197,12242566,12273001,12242566,12273001,12242566,11755,11710,11709,11709,0,0,1496,0,361436324,360716296,4096,4096,0,0,11710,11710,681970098,681970111,681970106,681970087,0,0,0,0,0,0,0,0,4096,256,131072,4,15|4,0,67108864,262144,256,0,0,0,0,188,0,176,0,47,44,0,1,188,0|6,1391685334,0,11565952,0,0,0,0,0,12270257,0,44,0,638245248,0,638245248,0,2080,629629088,0,12628736,0,0,0,0,0
1785957785740|1001|dma_reset_fixed_5_clean64|rotating|4,1378943233,33558272,12464131,12291919,141764,0,141764,0,3004,0,1502,0,0,0,11756,11756,9596192,0,4096,0,0,0,1502,0,665402384,0,665402392,0,0,0,0,0,0,0,0,0,4096,256,131072,4,15|4,0,67108864,262144,256,0,0,0,0,188,0,176,0,47,44,0,1,188,0|6,711806170,0,0,0,11534336,0,11534336,0,35559,0,0,44,0,0,0,0,0,0,0,6950623,0,0,0,0,0
1785957790751|1001|dma_reset_fixed_5_clean64|fixed|6,1378943233,16777471,18712578,18453018,18499742,18453018,18499742,18453018,17714,17647,17646,17646,0,0,2255,0,544713180,543634023,4096,4096,0,0,17647,17647,1003678887,1003678908,1003678895,1003678916,0,0,0,0,0,0,0,0,4096,256,131072,4,15|4,0,67108864,262144,256,0,0,0,0,276,0,264,0,69,66,0,1,276,0|8,1713923584,0,17427968,0,0,0,0,0,18490969,0,66,0,959017994,0,959017994,0,2080,948705366,0,15483056,0,0,0,0,0
1785957790751|1001|dma_reset_fixed_5_clean64|rotating|6,1378943233,33558272,18781069,18520559,213592,0,213592,0,4526,0,2263,0,0,0,17711,17711,14458200,0,4096,0,0,0,2263,0,988113163,0,988113171,0,0,0,0,0,0,0,0,0,4096,256,131072,4,15|4,0,67108864,262144,256,0,0,0,0,276,0,264,0,69,66,0,1,276,0|8,1034205030,0,0,0,17301504,0,17301504,0,53492,0,0,66,0,0,0,0,0,0,0,6998937,0,0,0,0,0
1785957795751|1001|dma_reset_fixed_5_clean64|fixed|8,1378943233,16781056,24956120,24610660,24672308,24610660,24672308,24610660,23622,23533,23533,23533,0,0,3007,0,726417448,724980176,4096,4096,0,0,23533,23533,1322657628,1322657969,1322657636,1322657977,0,0,0,0,0,0,0,0,4096,256,131072,4,15|4,0,67108864,262144,256,0,0,0,0,364,0,352,0,91,88,0,1,364,0|10,2033925673,0,23250464,0,0,0,0,0,24667285,0,88,0,1277564459,0,1277564459,0,2080,1265534062,0,18350192,0,0,0,0,0
1785957795751|1001|dma_reset_fixed_5_clean64|rotating|8,1378943233,33558272,25050475,24703921,284849,0,284849,0,6036,0,3018,0,0,0,23622,23622,19281784,0,4096,0,0,0,3018,0,1308258139,0,1308258147,0,0,0,0,0,0,0,0,0,4096,256,131072,4,15|4,0,67108864,262144,256,0,0,0,0,364,0,352,0,91,88,0,1,364,0|10,1354502400,0,0,0,23068672,0,23068672,0,71318,0,0,88,0,0,0,0,0,0,0,7050784,0,0,0,0,0
1785957800765|1001|dma_reset_fixed_5_clean64|fixed|10,1378943233,16777471,31233733,30800692,30878567,30800692,30878567,30800692,29563,29452,29451,29451,0,0,3763,0,909113116,907316727,4096,4096,0,0,29452,29452,1643372934,1643372947,1643372942,1643372955,0,0,0,0,0,0,0,0,4096,256,131072,4,15|4,0,67108864,262144,256,0,0,0,0,452,0,440,0,113,110,0,1,452,0|12,2354155918,0,29072960,0,0,0,0,0,30847911,0,110,0,1596339080,0,1596339080,0,2080,1582600834,0,21207408,0,0,0,0,0
1785957800765|1001|dma_reset_fixed_5_clean64|rotating|10,1378943233,33558272,31308160,30874360,356009,0,356009,0,7544,0,3772,0,0,0,29522,29522,24099072,0,4096,0,0,0,3772,0,1627963444,0,1627963452,0,0,0,0,0,0,0,0,0,4096,256,131072,4,15|4,0,67108864,262144,256,0,0,0,0,456,0,444,0,114,111,0,1,456,0|12,1674375933,0,0,0,29097984,0,29097984,0,89120,0,0,111,0,0,0,0,0,0,0,7111269,0,0,0,0,0
1785957805767|1001|dma_reset_fixed_5_clean64|fixed|12,1378943233,16781056,37503640,36984355,37077127,36984355,37077127,36984355,35496,35363,35363,35363,0,0,4519,0,1091585944,1089430128,4096,4096,0,0,35363,35363,1963681059,1963681416,1963681067,1963681424,0,0,0,0,0,0,0,0,4096,256,131072,4,15|4,0,67108864,262144,256,0,0,0,0,544,0,532,0,136,133,0,1,544,0|14,2674689535,0,34904672,0,0,0,0,0,37032161,0,133,0,1915414769,0,1915414769,0,2080,1899833921,0,24196777,0,0,0,0,0
1785957805767|1001|dma_reset_fixed_5_clean64|rotating|12,1378943233,33558272,37602512,37081274,427649,0,427649,0,9062,0,4531,0,0,0,35456,35456,28948320,0,4096,0,0,0,4531,0,1949622597,0,1949622605,0,0,0,0,0,0,0,0,0,4096,256,131072,4,15|4,0,67108864,262144,256,0,0,0,0,544,0,532,0,136,133,0,1,544,0|14,1996694554,0,0,0,34865152,0,34865152,0,107054,0,0,133,0,0,0,0,0,0,0,7149558,0,0,0,0,0
1785957810778|1001|dma_reset_fixed_5_clean64|fixed|14,1378943233,16777471,43780565,43174267,43282602,43174267,43282602,43174267,41437,41281,41280,41280,0,0,5276,0,1274248617,1271717796,4096,4096,0,0,41281,41281,2284463274,2284463295,2284463282,2284463303,0,0,0,0,0,0,0,0,4096,256,131072,4,15|4,0,67108864,262144,256,0,0,0,0,632,0,620,0,158,155,0,1,632,0|16,2995328256,0,40735072,0,0,0,0,0,43221742,0,155,0,2234595890,0,2234595890,0,2050,2217312139,0,27050744,0,0,0,0,0
1785957810778|1001|dma_reset_fixed_5_clean64|rotating|14,1378943233,33558272,43876704,43269489,499004,0,499004,0,10574,0,5287,0,0,0,41371,41371,33778352,0,4096,0,0,0,5287,0,2270184183,0,2270184191,0,0,0,0,0,0,0,0,0,4096,256,131072,4,15|4,0,67108864,262144,256,0,0,0,0,632,0,620,0,158,155,0,1,632,0|16,2321138208,0,0,0,40632320,0,40632320,0,125103,0,0,155,0,0,0,0,0,0,0,7187964,0,0,0,0,0
1785957815814|1001|dma_reset_fixed_5_clean64|fixed|16,1378943233,16777471,50085893,49392911,49516196,49392911,49516196,49392911,47405,47227,47226,47226,0,0,6036,0,1457776184,1454885789,4096,4096,0,0,47227,47227,2606619437,2606619426,2606619429,2606619434,0,0,0,0,0,0,0,0,4096,256,131072,4,15|4,0,67108864,262144,256,0,0,0,0,720,0,708,0,180,177,0,1,720,0|18,3317569405,0,46597088,0,0,0,0,0,49441523,0,177,0,2555371535,0,2555371535,0,2080,2536389537,0,29906843,0,0,0,0,0
1785957815814|1001|dma_reset_fixed_5_clean64|rotating|16,1378943233,33558272,50162623,49468718,570543,0,570543,0,12090,0,6045,0,0,0,47298,47298,38621104,0,4096,0,0,0,6045,0,2591607421,0,2591607429,0,0,0,0,0,0,0,0,0,4096,256,131072,4,15|4,0,67108864,262144,256,0,0,0,0,720,0,708,0,180,177,0,1,720,0|18,2637653192,0,0,0,46399488,0,46399488,0,142729,0,0,177,0,0,0,0,0,0,0,7235664,0,0,0,0,0
1785957820818|1001|dma_reset_fixed_5_clean64|fixed|18,1378943233,16777471,56357657,55578080,55716703,55578080,55716703,55578080,53340,53139,53138,53138,0,0,6791,0,1640270576,1637022200,4096,4096,0,0,53139,53139,2926977805,2926977810,2926977773,2926977786,0,0,0,0,0,0,0,0,4096,256,131072,4,15|4,0,67108864,262144,256,0,0,0,0,808,0,796,0,202,199,0,1,808,0|20,3638056872,0,52427488,0,0,0,0,0,55628075,0,199,0,2874401402,0,2874401402,0,2080,2853709707,0,32767604,0,0,0,0,0
1785957820818|1001|dma_reset_fixed_5_clean64|rotating|18,1378943233,33558272,56447391,55666146,641989,0,641989,0,13604,0,6802,0,0,0,53223,53223,43457560,0,4096,0,0,0,6802,0,2912409196,0,2912409204,0,0,0,0,0,0,0,0,0,4096,256,131072,4,15|4,0,67108864,262144,256,0,0,0,0,812,0,800,0,203,200,0,1,812,0|20,2958812306,0,0,0,52428800,0,52428800,0,160615,0,0,200,0,0,0,0,0,0,0,7288153,0,0,0,0,0
1785957825832|1001|dma_reset_fixed_5_clean64|fixed|20,1378943233,16777471,62633313,61766573,61920915,61766573,61920915,61766573,59280,59056,59055,59055,0,0,7548,0,1822924360,1819301411,4096,4096,0,0,59056,59056,3247731935,3247731932,3247731943,3247731948,0,0,0,0,0,0,0,0,4096,256,131072,4,15|4,0,67108864,262144,256,0,0,0,0,900,0,888,0,225,222,0,1,900,0|22,3958458847,0,58251296,0,0,0,0,0,61809860,0,222,0,3193347425,0,3193347425,0,2080,3170813353,0,35755051,0,0,0,0,0
1785957825832|1001|dma_reset_fixed_5_clean64|rotating|20,1378943233,33558272,62708687,61841076,713250,0,713250,0,15114,0,7557,0,0,0,59126,59126,48281256,0,4096,0,0,0,7557,0,3232543722,0,3232543730,0,0,0,0,0,0,0,0,0,4096,256,131072,4,15|4,0,67108864,262144,256,0,0,0,0,900,0,888,0,225,222,0,1,900,0|22,3278714852,0,0,0,58195968,0,58195968,0,178407,0,0,222,0,0,0,0,0,0,0,7329622,0,0,0,0,0
1785957830841|1001|dma_reset_fixed_5_clean64|fixed|22,1378943233,16777471,68909396,67955362,68125643,67955362,68125643,67955362,65220,64974,64973,64973,0,0,8304,0,2005595520,2001612179,4096,4096,0,0,64974,64974,3568385572,3568385577,3568385580,3568385585,0,0,0,0,0,0,0,0,4096,256,131072,4,15|4,0,67108864,262144,256,0,0,0,0,988,0,976,0,247,244,0,1,988,0|24,4279201550,0,64081696,0,0,0,0,0,68000357,0,244,0,3512632528,0,3512632528,0,2080,3488402817,0,38601754,0,0,0,0,0
1785957830841|1001|dma_reset_fixed_5_clean64|rotating|22,1378943233,33558272,68983363,68028531,784605,0,784605,0,16626,0,8313,0,0,0,65043,65043,53111288,0,4096,0,0,0,8313,0,3553098041,0,3553098049,0,0,0,0,0,0,0,0,0,4096,256,131072,4,15|4,0,67108864,262144,256,0,0,0,0,988,0,976,0,247,244,0,1,988,0|24,3599004740,0,0,0,63963136,0,63963136,0,196245,0,0,244,0,0,0,0,0,0,0,7372654,0,0,0,0,0
