sample|module|direction|lane_mask|tail_cycles|sender_raw|sender_raw_while_tx|sender_blanked_raw|sender_blanked_frame|sender_blanked_crc_valid|sender_local_source_reject|sender_accepted_remote|receiver_raw|receiver_accepted_remote|sender_last_txd_rise|sender_last_txd_fall|sender_first_rxd_after_tx|sender_last_rxd_after_tx|sender_overlap_violation|sender_admission_violation|sender_non_target_accepted|sender_cross_lane_accepted|receiver_overlap_violation|receiver_admission_violation|receiver_non_target_accepted|receiver_cross_lane_accepted
0|R0|1|1|0|1|1|1|0|0|0|0|1|0|3289138473|3289138478|0|0|0|0|0|0|0|0|0|0
1|R0|1|1|0|1|1|1|0|0|0|0|1|0|3297011932|3297011937|0|0|0|0|0|0|0|0|0|0
2|R0|1|1|0|1|1|1|0|0|0|0|1|0|3304046917|3304046922|0|0|0|0|0|0|0|0|0|0
3|R0|1|1|0|1|1|1|0|0|0|0|1|0|3312244854|3312244859|0|0|0|0|0|0|0|0|0|0
4|R0|1|1|0|1|1|1|0|0|0|0|1|0|3321188183|3321188188|0|0|0|0|0|0|0|0|0|0
5|R0|1|1|0|1|1|1|0|0|0|0|1|0|3328775798|3328775803|0|0|0|0|0|0|0|0|0|0
6|R0|1|1|0|1|1|1|0|0|0|0|1|0|3336462879|3336462884|0|0|0|0|0|0|0|0|0|0
7|R0|1|1|0|1|1|1|0|0|0|0|1|0|3342961202|3342961207|0|0|0|0|0|0|0|0|0|0
8|R0|1|1|0|1|1|1|0|0|0|0|1|0|3351779237|3351779242|0|0|0|0|0|0|0|0|0|0
9|R0|1|1|0|1|1|1|0|0|0|0|1|0|3359039301|3359039306|0|0|0|0|0|0|0|0|0|0
10|R0|1|1|0|1|1|1|0|0|0|0|1|0|3367375404|3367375409|0|0|0|0|0|0|0|0|0|0
11|R0|1|1|0|1|1|1|0|0|0|0|1|0|3374976009|3374976014|0|0|0|0|0|0|0|0|0|0
12|R0|1|1|0|1|1|1|0|0|0|0|1|0|3385448700|3385448705|0|0|0|0|0|0|0|0|0|0
13|R0|1|1|0|1|1|1|0|0|0|0|1|0|3393389603|3393389608|0|0|0|0|0|0|0|0|0|0
14|R0|1|1|0|1|1|1|0|0|0|0|1|0|3401787447|3401787452|0|0|0|0|0|0|0|0|0|0
15|R0|1|1|0|1|1|1|0|0|0|0|1|0|3409834367|3409834372|0|0|0|0|0|0|0|0|0|0
16|R0|1|1|0|1|1|1|0|0|0|0|1|0|3419622702|3419622707|0|0|0|0|0|0|0|0|0|0
17|R0|1|1|0|1|1|1|0|0|0|0|1|0|3426805614|3426805619|0|0|0|0|0|0|0|0|0|0
18|R0|1|1|0|1|1|1|0|0|0|0|1|0|3434727493|3434727498|0|0|0|0|0|0|0|0|0|0
19|R0|1|1|0|1|1|1|0|0|0|0|1|0|3444532654|3444532659|0|0|0|0|0|0|0|0|0|0
20|R0|1|1|0|1|1|1|0|0|0|0|1|0|3450976809|3450976814|0|0|0|0|0|0|0|0|0|0
21|R0|1|1|0|1|1|1|0|0|0|0|1|0|3460398879|3460398884|0|0|0|0|0|0|0|0|0|0
22|R0|1|1|0|1|1|1|0|0|0|0|1|0|3469066574|3469066579|0|0|0|0|0|0|0|0|0|0
23|R0|1|1|0|1|1|1|0|0|0|0|1|0|3477743231|3477743236|0|0|0|0|0|0|0|0|0|0
24|R0|1|1|0|1|1|1|0|0|0|0|1|0|3486021806|3486021811|0|0|0|0|0|0|0|0|0|0
25|R0|1|1|0|1|1|1|0|0|0|0|1|0|3493233507|3493233512|0|0|0|0|0|0|0|0|0|0
26|R0|1|1|0|1|1|1|0|0|0|0|1|0|3499780154|3499780159|0|0|0|0|0|0|0|0|0|0
27|R0|1|1|0|1|1|1|0|0|0|0|1|0|3507531479|3507531484|0|0|0|0|0|0|0|0|0|0
28|R0|1|1|0|1|1|1|0|0|0|0|1|0|3516034641|3516034646|0|0|0|0|0|0|0|0|0|0
29|R0|1|1|0|1|1|1|0|0|0|0|1|0|3525996466|3525996471|0|0|0|0|0|0|0|0|0|0
30|R0|1|1|0|1|1|1|0|0|0|0|1|0|3532857832|3532857837|0|0|0|0|0|0|0|0|0|0
31|R0|1|1|0|1|1|1|0|0|0|0|1|0|3539452622|3539452627|0|0|0|0|0|0|0|0|0|0
32|R0|1|1|0|1|1|1|0|0|0|0|1|0|3550513230|3550513235|0|0|0|0|0|0|0|0|0|0
33|R0|1|1|0|1|1|1|0|0|0|0|1|0|3558312892|3558312897|0|0|0|0|0|0|0|0|0|0
34|R0|1|1|0|1|1|1|0|0|0|0|1|0|3565428163|3565428168|0|0|0|0|0|0|0|0|0|0
35|R0|1|1|0|1|1|1|0|0|0|0|1|0|3573218070|3573218075|0|0|0|0|0|0|0|0|0|0
36|R0|1|1|0|1|1|1|0|0|0|0|1|0|3582929334|3582929339|0|0|0|0|0|0|0|0|0|0
37|R0|1|1|0|1|1|1|0|0|0|0|1|0|3591837349|3591837354|0|0|0|0|0|0|0|0|0|0
38|R0|1|1|0|1|1|1|0|0|0|0|1|0|3600719669|3600719674|0|0|0|0|0|0|0|0|0|0
39|R0|1|1|0|1|1|1|0|0|0|0|1|0|3608985824|3608985829|0|0|0|0|0|0|0|0|0|0
40|R0|1|1|0|1|1|1|0|0|0|0|1|0|3615053713|3615053718|0|0|0|0|0|0|0|0|0|0
41|R0|1|1|0|1|1|1|0|0|0|0|1|0|3622760067|3622760072|0|0|0|0|0|0|0|0|0|0
42|R0|1|1|0|1|1|1|0|0|0|0|1|0|3631182894|3631182899|0|0|0|0|0|0|0|0|0|0
43|R0|1|1|0|1|1|1|0|0|0|0|1|0|3639503212|3639503217|0|0|0|0|0|0|0|0|0|0
44|R0|1|1|0|1|1|1|0|0|0|0|1|0|3649445754|3649445759|0|0|0|0|0|0|0|0|0|0
45|R0|1|1|0|1|1|1|0|0|0|0|1|0|3655555290|3655555295|0|0|0|0|0|0|0|0|0|0
46|R0|1|1|0|1|1|1|0|0|0|0|1|0|3663097781|3663097786|0|0|0|0|0|0|0|0|0|0
47|R0|1|1|0|1|1|1|0|0|0|0|1|0|3670007322|3670007327|0|0|0|0|0|0|0|0|0|0
48|R0|1|1|0|1|1|1|0|0|0|0|1|0|3678703516|3678703521|0|0|0|0|0|0|0|0|0|0
49|R0|1|1|0|1|1|1|0|0|0|0|1|0|3686805052|3686805057|0|0|0|0|0|0|0|0|0|0
50|R0|1|1|0|1|1|1|0|0|0|0|1|0|3696111420|3696111425|0|0|0|0|0|0|0|0|0|0
51|R0|1|1|0|1|1|1|0|0|0|0|1|0|3704727034|3704727039|0|0|0|0|0|0|0|0|0|0
52|R0|1|1|0|1|1|1|0|0|0|0|1|0|3711755456|3711755461|0|0|0|0|0|0|0|0|0|0
53|R0|1|1|0|1|1|1|0|0|0|0|1|0|3720377792|3720377797|0|0|0|0|0|0|0|0|0|0
54|R0|1|1|0|1|1|1|0|0|0|0|1|0|3728643191|3728643196|0|0|0|0|0|0|0|0|0|0
55|R0|1|1|0|1|1|1|0|0|0|0|1|0|3735870830|3735870835|0|0|0|0|0|0|0|0|0|0
56|R0|1|1|0|1|1|1|0|0|0|0|1|0|3746388502|3746388507|0|0|0|0|0|0|0|0|0|0
57|R0|1|1|0|1|1|1|0|0|0|0|1|0|3754204122|3754204127|0|0|0|0|0|0|0|0|0|0
58|R0|1|1|0|1|1|1|0|0|0|0|1|0|3762019982|3762019987|0|0|0|0|0|0|0|0|0|0
59|R0|1|1|0|1|1|1|0|0|0|0|1|0|3769292581|3769292586|0|0|0|0|0|0|0|0|0|0
60|R0|1|1|0|1|1|1|0|0|0|0|1|0|3778409407|3778409412|0|0|0|0|0|0|0|0|0|0
61|R0|1|1|0|1|1|1|0|0|0|0|1|0|3786713358|3786713363|0|0|0|0|0|0|0|0|0|0
62|R0|1|1|0|1|1|1|0|0|0|0|1|0|3793960549|3793960554|0|0|0|0|0|0|0|0|0|0
63|R0|1|1|0|1|1|1|0|0|0|0|1|0|3802608291|3802608296|0|0|0|0|0|0|0|0|0|0
64|R0|1|1|0|1|1|1|0|0|0|0|1|0|3810616809|3810616814|0|0|0|0|0|0|0|0|0|0
65|R0|1|1|0|1|1|1|0|0|0|0|1|0|3819094266|3819094271|0|0|0|0|0|0|0|0|0|0
66|R0|1|1|0|1|1|1|0|0|0|0|1|0|3825190934|3825190939|0|0|0|0|0|0|0|0|0|0
67|R0|1|1|0|1|1|1|0|0|0|0|1|0|3832534482|3832534487|0|0|0|0|0|0|0|0|0|0
68|R0|1|1|0|1|1|1|0|0|0|0|1|0|3843360598|3843360603|0|0|0|0|0|0|0|0|0|0
69|R0|1|1|0|1|1|1|0|0|0|0|1|0|3851732341|3851732346|0|0|0|0|0|0|0|0|0|0
70|R0|1|1|0|1|1|1|0|0|0|0|1|0|3860039523|3860039528|0|0|0|0|0|0|0|0|0|0
71|R0|1|1|0|1|1|1|0|0|0|0|1|0|3866492831|3866492836|0|0|0|0|0|0|0|0|0|0
72|R0|1|1|0|1|1|1|0|0|0|0|1|0|3873598367|3873598372|0|0|0|0|0|0|0|0|0|0
73|R0|1|1|0|1|1|1|0|0|0|0|1|0|3881442876|3881442881|0|0|0|0|0|0|0|0|0|0
74|R0|1|1|0|1|1|1|0|0|0|0|1|0|3888831146|3888831151|0|0|0|0|0|0|0|0|0|0
75|R0|1|1|0|1|1|1|0|0|0|0|1|0|3897009829|3897009834|0|0|0|0|0|0|0|0|0|0
76|R0|1|1|0|1|1|1|0|0|0|0|1|0|3905950262|3905950267|0|0|0|0|0|0|0|0|0|0
77|R0|1|1|0|1|1|1|0|0|0|0|1|0|3913939345|3913939350|0|0|0|0|0|0|0|0|0|0
78|R0|1|1|0|1|1|1|0|0|0|0|1|0|3922381562|3922381567|0|0|0|0|0|0|0|0|0|0
79|R0|1|1|0|1|1|1|0|0|0|0|1|0|3930390034|3930390039|0|0|0|0|0|0|0|0|0|0
80|R0|1|1|0|1|1|1|0|0|0|0|1|0|3938331071|3938331076|0|0|0|0|0|0|0|0|0|0
81|R0|1|1|0|1|1|1|0|0|0|0|1|0|3945722563|3945722568|0|0|0|0|0|0|0|0|0|0
82|R0|1|1|0|1|1|1|0|0|0|0|1|0|3953027301|3953027306|0|0|0|0|0|0|0|0|0|0
83|R0|1|1|0|1|1|1|0|0|0|0|1|0|3961720046|3961720051|0|0|0|0|0|0|0|0|0|0
84|R0|1|1|0|1|1|1|0|0|0|0|1|0|3970133270|3970133275|0|0|0|0|0|0|0|0|0|0
85|R0|1|1|0|1|1|1|0|0|0|0|1|0|3978013896|3978013901|0|0|0|0|0|0|0|0|0|0
86|R0|1|1|0|1|1|1|0|0|0|0|1|0|3985129088|3985129093|0|0|0|0|0|0|0|0|0|0
87|R0|1|1|0|1|1|1|0|0|0|0|1|0|3993834646|3993834651|0|0|0|0|0|0|0|0|0|0
88|R0|1|1|0|1|1|1|0|0|0|0|1|0|4003979619|4003979624|0|0|0|0|0|0|0|0|0|0
89|R0|1|1|0|1|1|1|0|0|0|0|1|0|4011737669|4011737674|0|0|0|0|0|0|0|0|0|0
90|R0|1|1|0|1|1|1|0|0|0|0|1|0|4020995912|4020995917|0|0|0|0|0|0|0|0|0|0
91|R0|1|1|0|1|1|1|0|0|0|0|1|0|4026861279|4026861284|0|0|0|0|0|0|0|0|0|0
92|R0|1|1|0|1|1|1|0|0|0|0|1|0|4036916264|4036916269|0|0|0|0|0|0|0|0|0|0
93|R0|1|1|0|1|1|1|0|0|0|0|1|0|4045220503|4045220508|0|0|0|0|0|0|0|0|0|0
94|R0|1|1|0|1|1|1|0|0|0|0|1|0|4052997541|4052997546|0|0|0|0|0|0|0|0|0|0
95|R0|1|1|0|1|1|1|0|0|0|0|1|0|4060748885|4060748890|0|0|0|0|0|0|0|0|0|0
96|R0|1|1|0|1|1|1|0|0|0|0|1|0|4070707514|4070707519|0|0|0|0|0|0|0|0|0|0
97|R0|1|1|0|1|1|1|0|0|0|0|1|0|4078719098|4078719103|0|0|0|0|0|0|0|0|0|0
98|R0|1|1|0|1|1|1|0|0|0|0|1|0|4088131502|4088131507|0|0|0|0|0|0|0|0|0|0
99|R0|1|1|0|1|1|1|0|0|0|0|1|0|4096812328|4096812333|0|0|0|0|0|0|0|0|0|0
100|R0|1|1|0|1|1|1|0|0|0|0|1|0|4102629733|4102629738|0|0|0|0|0|0|0|0|0|0
101|R0|1|1|0|1|1|1|0|0|0|0|1|0|4110496863|4110496868|0|0|0|0|0|0|0|0|0|0
102|R0|1|1|0|1|1|1|0|0|0|0|1|0|4117223272|4117223277|0|0|0|0|0|0|0|0|0|0
103|R0|1|1|0|1|1|1|0|0|0|0|1|0|4123666940|4123666945|0|0|0|0|0|0|0|0|0|0
104|R0|1|1|0|1|1|1|0|0|0|0|1|0|4131961591|4131961596|0|0|0|0|0|0|0|0|0|0
105|R0|1|1|0|1|1|1|0|0|0|0|1|0|4141139464|4141139469|0|0|0|0|0|0|0|0|0|0
106|R0|1|1|0|1|1|1|0|0|0|0|1|0|4148830024|4148830029|0|0|0|0|0|0|0|0|0|0
107|R0|1|1|0|1|1|1|0|0|0|0|1|0|4157002243|4157002248|0|0|0|0|0|0|0|0|0|0
108|R0|1|1|0|1|1|1|0|0|0|0|1|0|4166613861|4166613866|0|0|0|0|0|0|0|0|0|0
109|R0|1|1|0|1|1|1|0|0|0|0|1|0|4173661820|4173661825|0|0|0|0|0|0|0|0|0|0
110|R0|1|1|0|1|1|1|0|0|0|0|1|0|4181904744|4181904749|0|0|0|0|0|0|0|0|0|0
111|R0|1|1|0|1|1|1|0|0|0|0|1|0|4191045289|4191045294|0|0|0|0|0|0|0|0|0|0
112|R0|1|1|0|1|1|1|0|0|0|0|1|0|4199281765|4199281770|0|0|0|0|0|0|0|0|0|0
113|R0|1|1|0|1|1|1|0|0|0|0|1|0|4208164741|4208164746|0|0|0|0|0|0|0|0|0|0
114|R0|1|1|0|1|1|1|0|0|0|0|1|0|4215929088|4215929093|0|0|0|0|0|0|0|0|0|0
115|R0|1|1|0|1|1|1|0|0|0|0|1|0|4226554162|4226554167|0|0|0|0|0|0|0|0|0|0
116|R0|1|1|0|1|1|1|0|0|0|0|1|0|4236811570|4236811575|0|0|0|0|0|0|0|0|0|0
117|R0|1|1|0|1|1|1|0|0|0|0|1|0|4244987022|4244987027|0|0|0|0|0|0|0|0|0|0
118|R0|1|1|0|1|1|1|0|0|0|0|1|0|4252369100|4252369105|0|0|0|0|0|0|0|0|0|0
119|R0|1|1|0|1|1|1|0|0|0|0|1|0|4260657654|4260657659|0|0|0|0|0|0|0|0|0|0
120|R0|1|1|0|1|1|1|0|0|0|0|1|0|4268919848|4268919853|0|0|0|0|0|0|0|0|0|0
121|R0|1|1|0|1|1|1|0|0|0|0|1|0|4277333038|4277333043|0|0|0|0|0|0|0|0|0|0
122|R0|1|1|0|1|1|1|0|0|0|0|1|0|4284326254|4284326259|0|0|0|0|0|0|0|0|0|0
123|R0|1|1|0|1|1|1|0|0|0|0|1|0|4293562193|4293562198|0|0|0|0|0|0|0|0|0|0
124|R0|1|1|0|1|1|1|0|0|0|0|1|0|5832160|5832165|0|0|0|0|0|0|0|0|0|0
125|R0|1|1|0|1|1|1|0|0|0|0|1|0|13766679|13766684|0|0|0|0|0|0|0|0|0|0
126|R0|1|1|0|1|1|1|0|0|0|0|1|0|21280380|21280385|0|0|0|0|0|0|0|0|0|0
127|R0|1|1|0|1|1|1|0|0|0|0|1|0|31087982|31087987|0|0|0|0|0|0|0|0|0|0
128|R0|1|1|0|1|1|1|0|0|0|0|1|0|37085097|37085102|0|0|0|0|0|0|0|0|0|0
129|R0|1|1|0|1|1|1|0|0|0|0|1|0|44926682|44926687|0|0|0|0|0|0|0|0|0|0
130|R0|1|1|0|1|1|1|0|0|0|0|1|0|52646143|52646148|0|0|0|0|0|0|0|0|0|0
131|R0|1|1|0|1|1|1|0|0|0|0|1|0|60972594|60972599|0|0|0|0|0|0|0|0|0|0
132|R0|1|1|0|1|1|1|0|0|0|0|1|0|68842819|68842824|0|0|0|0|0|0|0|0|0|0
133|R0|1|1|0|1|1|1|0|0|0|0|1|0|78444841|78444846|0|0|0|0|0|0|0|0|0|0
134|R0|1|1|0|1|1|1|0|0|0|0|1|0|86780922|86780927|0|0|0|0|0|0|0|0|0|0
135|R0|1|1|0|1|1|1|0|0|0|0|1|0|96418245|96418250|0|0|0|0|0|0|0|0|0|0
136|R0|1|1|0|1|1|1|0|0|0|0|1|0|103588320|103588325|0|0|0|0|0|0|0|0|0|0
137|R0|1|1|0|1|1|1|0|0|0|0|1|0|112435295|112435300|0|0|0|0|0|0|0|0|0|0
138|R0|1|1|0|1|1|1|0|0|0|0|1|0|121581038|121581043|0|0|0|0|0|0|0|0|0|0
139|R0|1|1|0|1|1|1|0|0|0|0|1|0|129859292|129859297|0|0|0|0|0|0|0|0|0|0
140|R0|1|1|0|1|1|1|0|0|0|0|1|0|137196442|137196447|0|0|0|0|0|0|0|0|0|0
141|R0|1|1|0|1|1|1|0|0|0|0|1|0|145375098|145375103|0|0|0|0|0|0|0|0|0|0
142|R0|1|1|0|1|1|1|0|0|0|0|1|0|154707301|154707306|0|0|0|0|0|0|0|0|0|0
143|R0|1|1|0|1|1|1|0|0|0|0|1|0|162102254|162102259|0|0|0|0|0|0|0|0|0|0
144|R0|1|1|0|1|1|1|0|0|0|0|1|0|168764406|168764411|0|0|0|0|0|0|0|0|0|0
145|R0|1|1|0|1|1|1|0|0|0|0|1|0|176342254|176342259|0|0|0|0|0|0|0|0|0|0
146|R0|1|1|0|1|1|1|0|0|0|0|1|0|184344204|184344209|0|0|0|0|0|0|0|0|0|0
147|R0|1|1|0|1|1|1|0|0|0|0|1|0|193637746|193637751|0|0|0|0|0|0|0|0|0|0
148|R0|1|1|0|1|1|1|0|0|0|0|1|0|201119196|201119201|0|0|0|0|0|0|0|0|0|0
149|R0|1|1|0|1|1|1|0|0|0|0|1|0|209397710|209397715|0|0|0|0|0|0|0|0|0|0
150|R0|1|1|0|1|1|1|0|0|0|0|1|0|219112140|219112145|0|0|0|0|0|0|0|0|0|0
151|R0|1|1|0|1|1|1|0|0|0|0|1|0|226979104|226979109|0|0|0|0|0|0|0|0|0|0
152|R0|1|1|0|1|1|1|0|0|0|0|1|0|235732910|235732915|0|0|0|0|0|0|0|0|0|0
153|R0|1|1|0|1|1|1|0|0|0|0|1|0|243712383|243712388|0|0|0|0|0|0|0|0|0|0
154|R0|1|1|0|1|1|1|0|0|0|0|1|0|252723226|252723231|0|0|0|0|0|0|0|0|0|0
155|R0|1|1|0|1|1|1|0|0|0|0|1|0|260596684|260596689|0|0|0|0|0|0|0|0|0|0
156|R0|1|1|0|1|1|1|0|0|0|0|1|0|269331177|269331182|0|0|0|0|0|0|0|0|0|0
157|R0|1|1|0|1|1|1|0|0|0|0|1|0|277599816|277599821|0|0|0|0|0|0|0|0|0|0
158|R0|1|1|0|1|1|1|0|0|0|0|1|0|286048622|286048627|0|0|0|0|0|0|0|0|0|0
159|R0|1|1|0|1|1|1|0|0|0|0|1|0|294070120|294070125|0|0|0|0|0|0|0|0|0|0
160|R0|1|1|0|1|1|1|0|0|0|0|1|0|301953334|301953339|0|0|0|0|0|0|0|0|0|0
161|R0|1|1|0|1|1|1|0|0|0|0|1|0|308352014|308352019|0|0|0|0|0|0|0|0|0|0
162|R0|1|1|0|1|1|1|0|0|0|0|1|0|317539569|317539574|0|0|0|0|0|0|0|0|0|0
163|R0|1|1|0|1|1|1|0|0|0|0|1|0|325393710|325393715|0|0|0|0|0|0|0|0|0|0
164|R0|1|1|0|1|1|1|0|0|0|0|1|0|333396069|333396074|0|0|0|0|0|0|0|0|0|0
165|R0|1|1|0|1|1|1|0|0|0|0|1|0|343666336|343666341|0|0|0|0|0|0|0|0|0|0
166|R0|1|1|0|1|1|1|0|0|0|0|1|0|351131895|351131900|0|0|0|0|0|0|0|0|0|0
167|R0|1|1|0|1|1|1|0|0|0|0|1|0|358867324|358867329|0|0|0|0|0|0|0|0|0|0
168|R0|1|1|0|1|1|1|0|0|0|0|1|0|366750527|366750532|0|0|0|0|0|0|0|0|0|0
169|R0|1|1|0|1|1|1|0|0|0|0|1|0|374495432|374495437|0|0|0|0|0|0|0|0|0|0
170|R0|1|1|0|1|1|1|0|0|0|0|1|0|383374505|383374510|0|0|0|0|0|0|0|0|0|0
171|R0|1|1|0|1|1|1|0|0|0|0|1|0|389920997|389921002|0|0|0|0|0|0|0|0|0|0
172|R0|1|1|0|1|1|1|0|0|0|0|1|0|396477205|396477210|0|0|0|0|0|0|0|0|0|0
173|R0|1|1|0|1|1|1|0|0|0|0|1|0|404350641|404350646|0|0|0|0|0|0|0|0|0|0
174|R0|1|1|0|1|1|1|0|0|0|0|1|0|411446527|411446532|0|0|0|0|0|0|0|0|0|0
175|R0|1|1|0|1|1|1|0|0|0|0|1|0|419397059|419397064|0|0|0|0|0|0|0|0|0|0
176|R0|1|1|0|1|1|1|0|0|0|0|1|0|427322158|427322163|0|0|0|0|0|0|0|0|0|0
177|R0|1|1|0|1|1|1|0|0|0|0|1|0|435147569|435147574|0|0|0|0|0|0|0|0|0|0
178|R0|1|1|0|1|1|1|0|0|0|0|1|0|445090143|445090148|0|0|0|0|0|0|0|0|0|0
179|R0|1|1|0|1|1|1|0|0|0|0|1|0|453018220|453018225|0|0|0|0|0|0|0|0|0|0
180|R0|1|1|0|1|1|1|0|0|0|0|1|0|460608913|460608918|0|0|0|0|0|0|0|0|0|0
181|R0|1|1|0|1|1|1|0|0|0|0|1|0|467010812|467010817|0|0|0|0|0|0|0|0|0|0
182|R0|1|1|0|1|1|1|0|0|0|0|1|0|475677841|475677846|0|0|0|0|0|0|0|0|0|0
183|R0|1|1|0|1|1|1|0|0|0|0|1|0|483605893|483605898|0|0|0|0|0|0|0|0|0|0
184|R0|1|1|0|1|1|1|0|0|0|0|1|0|492028718|492028723|0|0|0|0|0|0|0|0|0|0
185|R0|1|1|0|1|1|1|0|0|0|0|1|0|499153539|499153544|0|0|0|0|0|0|0|0|0|0
186|R0|1|1|0|1|1|1|0|0|0|0|1|0|507390284|507390289|0|0|0|0|0|0|0|0|0|0
187|R0|1|1|0|1|1|1|0|0|0|0|1|0|516211694|516211699|0|0|0|0|0|0|0|0|0|0
188|R0|1|1|0|1|1|1|0|0|0|0|1|0|524943296|524943301|0|0|0|0|0|0|0|0|0|0
189|R0|1|1|0|1|1|1|0|0|0|0|1|0|534384636|534384641|0|0|0|0|0|0|0|0|0|0
190|R0|1|1|0|1|1|1|0|0|0|0|1|0|542913653|542913658|0|0|0|0|0|0|0|0|0|0
191|R0|1|1|0|1|1|1|0|0|0|0|1|0|551587107|551587112|0|0|0|0|0|0|0|0|0|0
192|R0|1|1|0|1|1|1|0|0|0|0|1|0|559274492|559274497|0|0|0|0|0|0|0|0|0|0
193|R0|1|1|0|1|1|1|0|0|0|0|1|0|566254725|566254730|0|0|0|0|0|0|0|0|0|0
194|R0|1|1|0|1|1|1|0|0|0|0|1|0|575275158|575275163|0|0|0|0|0|0|0|0|0|0
195|R0|1|1|0|1|1|1|0|0|0|0|1|0|584440442|584440447|0|0|0|0|0|0|0|0|0|0
196|R0|1|1|0|1|1|1|0|0|0|0|1|0|592474696|592474701|0|0|0|0|0|0|0|0|0|0
197|R0|1|1|0|1|1|1|0|0|0|0|1|0|602812430|602812435|0|0|0|0|0|0|0|0|0|0
198|R0|1|1|0|1|1|1|0|0|0|0|1|0|611019994|611019999|0|0|0|0|0|0|0|0|0|0
199|R0|1|1|0|1|1|1|0|0|0|0|1|0|618251118|618251123|0|0|0|0|0|0|0|0|0|0
200|R0|1|1|0|1|1|1|0|0|0|0|1|0|629327834|629327839|0|0|0|0|0|0|0|0|0|0
201|R0|1|1|0|1|1|1|0|0|0|0|1|0|638502501|638502506|0|0|0|0|0|0|0|0|0|0
202|R0|1|1|0|1|1|1|0|0|0|0|1|0|644853004|644853009|0|0|0|0|0|0|0|0|0|0
203|R0|1|1|0|1|1|1|0|0|0|0|1|0|651187432|651187437|0|0|0|0|0|0|0|0|0|0
204|R0|1|1|0|1|1|1|0|0|0|0|1|0|658466633|658466638|0|0|0|0|0|0|0|0|0|0
205|R0|1|1|0|1|1|1|0|0|0|0|1|0|667589897|667589902|0|0|0|0|0|0|0|0|0|0
206|R0|1|1|0|1|1|1|0|0|0|0|1|0|675026812|675026817|0|0|0|0|0|0|0|0|0|0
207|R0|1|1|0|1|1|1|0|0|0|0|1|0|683658824|683658829|0|0|0|0|0|0|0|0|0|0
208|R0|1|1|0|1|1|1|0|0|0|0|1|0|690426998|690427003|0|0|0|0|0|0|0|0|0|0
209|R0|1|1|0|1|1|1|0|0|0|0|1|0|699710908|699710913|0|0|0|0|0|0|0|0|0|0
210|R0|1|1|0|1|1|1|0|0|0|0|1|0|707121928|707121933|0|0|0|0|0|0|0|0|0|0
211|R0|1|1|0|1|1|1|0|0|0|0|1|0|714137507|714137512|0|0|0|0|0|0|0|0|0|0
212|R0|1|1|0|1|1|1|0|0|0|0|1|0|721628745|721628750|0|0|0|0|0|0|0|0|0|0
213|R0|1|1|0|1|1|1|0|0|0|0|1|0|727847519|727847524|0|0|0|0|0|0|0|0|0|0
214|R0|1|1|0|1|1|1|0|0|0|0|1|0|737308869|737308874|0|0|0|0|0|0|0|0|0|0
215|R0|1|1|0|1|1|1|0|0|0|0|1|0|745118318|745118323|0|0|0|0|0|0|0|0|0|0
216|R0|1|1|0|1|1|1|0|0|0|0|1|0|752082487|752082492|0|0|0|0|0|0|0|0|0|0
217|R0|1|1|0|1|1|1|0|0|0|0|1|0|759107692|759107697|0|0|0|0|0|0|0|0|0|0
218|R0|1|1|0|1|1|1|0|0|0|0|1|0|767055016|767055021|0|0|0|0|0|0|0|0|0|0
219|R0|1|1|0|1|1|1|0|0|0|0|1|0|774093219|774093224|0|0|0|0|0|0|0|0|0|0
220|R0|1|1|0|1|1|1|0|0|0|0|1|0|781934780|781934785|0|0|0|0|0|0|0|0|0|0
221|R0|1|1|0|1|1|1|0|0|0|0|1|0|790026902|790026907|0|0|0|0|0|0|0|0|0|0
222|R0|1|1|0|1|1|1|0|0|0|0|1|0|799969449|799969454|0|0|0|0|0|0|0|0|0|0
223|R0|1|1|0|1|1|1|0|0|0|0|1|0|807120233|807120238|0|0|0|0|0|0|0|0|0|0
224|R0|1|1|0|1|1|1|0|0|0|0|1|0|815537480|815537485|0|0|0|0|0|0|0|0|0|0
225|R0|1|1|0|1|1|1|0|0|0|0|1|0|822459881|822459886|0|0|0|0|0|0|0|0|0|0
226|R0|1|1|0|1|1|1|0|0|0|0|1|0|831287548|831287553|0|0|0|0|0|0|0|0|0|0
227|R0|1|1|0|1|1|1|0|0|0|0|1|0|838396305|838396310|0|0|0|0|0|0|0|0|0|0
228|R0|1|1|0|1|1|1|0|0|0|0|1|0|845029765|845029770|0|0|0|0|0|0|0|0|0|0
229|R0|1|1|0|1|1|1|0|0|0|0|1|0|852215626|852215631|0|0|0|0|0|0|0|0|0|0
230|R0|1|1|0|1|1|1|0|0|0|0|1|0|861852951|861852956|0|0|0|0|0|0|0|0|0|0
231|R0|1|1|0|1|1|1|0|0|0|0|1|0|868283770|868283775|0|0|0|0|0|0|0|0|0|0
232|R0|1|1|0|1|1|1|0|0|0|0|1|0|876198953|876198958|0|0|0|0|0|0|0|0|0|0
233|R0|1|1|0|1|1|1|0|0|0|0|1|0|884323290|884323295|0|0|0|0|0|0|0|0|0|0
234|R0|1|1|0|1|1|1|0|0|0|0|1|0|894532540|894532545|0|0|0|0|0|0|0|0|0|0
235|R0|1|1|0|1|1|1|0|0|0|0|1|0|903308803|903308808|0|0|0|0|0|0|0|0|0|0
236|R0|1|1|0|1|1|1|0|0|0|0|1|0|910645678|910645683|0|0|0|0|0|0|0|0|0|0
237|R0|1|1|0|1|1|1|0|0|0|0|1|0|918856950|918856955|0|0|0|0|0|0|0|0|0|0
238|R0|1|1|0|1|1|1|0|0|0|0|1|0|929313562|929313567|0|0|0|0|0|0|0|0|0|0
239|R0|1|1|0|1|1|1|0|0|0|0|1|0|936881746|936881751|0|0|0|0|0|0|0|0|0|0
240|R0|1|1|0|1|1|1|0|0|0|0|1|0|946188137|946188142|0|0|0|0|0|0|0|0|0|0
241|R0|1|1|0|1|1|1|0|0|0|0|1|0|954084808|954084813|0|0|0|0|0|0|0|0|0|0
242|R0|1|1|0|1|1|1|0|0|0|0|1|0|960062856|960062861|0|0|0|0|0|0|0|0|0|0
243|R0|1|1|0|1|1|1|0|0|0|0|1|0|967271212|967271217|0|0|0|0|0|0|0|0|0|0
244|R0|1|1|0|1|1|1|0|0|0|0|1|0|974636997|974637002|0|0|0|0|0|0|0|0|0|0
245|R0|1|1|0|1|1|1|0|0|0|0|1|0|983214930|983214935|0|0|0|0|0|0|0|0|0|0
246|R0|1|1|0|1|1|1|0|0|0|0|1|0|993115721|993115726|0|0|0|0|0|0|0|0|0|0
247|R0|1|1|0|1|1|1|0|0|0|0|1|0|1001644579|1001644584|0|0|0|0|0|0|0|0|0|0
248|R0|1|1|0|1|1|1|0|0|0|0|1|0|1008779018|1008779023|0|0|0|0|0|0|0|0|0|0
249|R0|1|1|0|1|1|1|0|0|0|0|1|0|1017173553|1017173558|0|0|0|0|0|0|0|0|0|0
250|R0|1|1|0|1|1|1|0|0|0|0|1|0|1022630853|1022630858|0|0|0|0|0|0|0|0|0|0
251|R0|1|1|0|1|1|1|0|0|0|0|1|0|1030555676|1030555681|0|0|0|0|0|0|0|0|0|0
252|R0|1|1|0|1|1|1|0|0|0|0|1|0|1036498133|1036498138|0|0|0|0|0|0|0|0|0|0
253|R0|1|1|0|1|1|1|0|0|0|0|1|0|1042562687|1042562692|0|0|0|0|0|0|0|0|0|0
254|R0|1|1|0|1|1|1|0|0|0|0|1|0|1051753692|1051753697|0|0|0|0|0|0|0|0|0|0
255|R0|1|1|0|1|1|1|0|0|0|0|1|0|1057602984|1057602989|0|0|0|0|0|0|0|0|0|0
256|R0|1|1|0|1|1|1|0|0|0|0|1|0|1065110124|1065110129|0|0|0|0|0|0|0|0|0|0
257|R0|1|1|0|1|1|1|0|0|0|0|1|0|1073289046|1073289051|0|0|0|0|0|0|0|0|0|0
258|R0|1|1|0|1|1|1|0|0|0|0|1|0|1081493413|1081493418|0|0|0|0|0|0|0|0|0|0
259|R0|1|1|0|1|1|1|0|0|0|0|1|0|1089036174|1089036179|0|0|0|0|0|0|0|0|0|0
260|R0|1|1|0|1|1|1|0|0|0|0|1|0|1095964995|1095965000|0|0|0|0|0|0|0|0|0|0
261|R0|1|1|0|1|1|1|0|0|0|0|1|0|1105303528|1105303533|0|0|0|0|0|0|0|0|0|0
262|R0|1|1|0|1|1|1|0|0|0|0|1|0|1112020302|1112020307|0|0|0|0|0|0|0|0|0|0
263|R0|1|1|0|1|1|1|0|0|0|0|1|0|1120378879|1120378884|0|0|0|0|0|0|0|0|0|0
264|R0|1|1|0|1|1|1|0|0|0|0|1|0|1126832191|1126832196|0|0|0|0|0|0|0|0|0|0
265|R0|1|1|0|1|1|1|0|0|0|0|1|0|1134988375|1134988380|0|0|0|0|0|0|0|0|0|0
266|R0|1|1|0|1|1|1|0|0|0|0|1|0|1142055616|1142055621|0|0|0|0|0|0|0|0|0|0
267|R0|1|1|0|1|1|1|0|0|0|0|1|0|1152393333|1152393338|0|0|0|0|0|0|0|0|0|0
268|R0|1|1|0|1|1|1|0|0|0|0|1|0|1159788287|1159788292|0|0|0|0|0|0|0|0|0|0
269|R0|1|1|0|1|1|1|0|0|0|0|1|0|1169245722|1169245727|0|0|0|0|0|0|0|0|0|0
270|R0|1|1|0|1|1|1|0|0|0|0|1|0|1178873429|1178873434|0|0|0|0|0|0|0|0|0|0
271|R0|1|1|0|1|1|1|0|0|0|0|1|0|1186139753|1186139758|0|0|0|0|0|0|0|0|0|0
272|R0|1|1|0|1|1|1|0|0|0|0|1|0|1194254426|1194254431|0|0|0|0|0|0|0|0|0|0
273|R0|1|1|0|1|1|1|0|0|0|0|1|0|1200971208|1200971213|0|0|0|0|0|0|0|0|0|0
274|R0|1|1|0|1|1|1|0|0|0|0|1|0|1209787164|1209787169|0|0|0|0|0|0|0|0|0|0
275|R0|1|1|0|1|1|1|0|0|0|0|1|0|1216394844|1216394849|0|0|0|0|0|0|0|0|0|0
276|R0|1|1|0|1|1|1|0|0|0|0|1|0|1223378300|1223378305|0|0|0|0|0|0|0|0|0|0
277|R0|1|1|0|1|1|1|0|0|0|0|1|0|1230965902|1230965907|0|0|0|0|0|0|0|0|0|0
278|R0|1|1|0|1|1|1|0|0|0|0|1|0|1239058071|1239058076|0|0|0|0|0|0|0|0|0|0
279|R0|1|1|0|1|1|1|0|0|0|0|1|0|1248306624|1248306629|0|0|0|0|0|0|0|0|0|0
280|R0|1|1|0|1|1|1|0|0|0|0|1|0|1256228232|1256228237|0|0|0|0|0|0|0|0|0|0
281|R0|1|1|0|1|1|1|0|0|0|0|1|0|1264802549|1264802554|0|0|0|0|0|0|0|0|0|0
282|R0|1|1|0|1|1|1|0|0|0|0|1|0|1271493737|1271493742|0|0|0|0|0|0|0|0|0|0
283|R0|1|1|0|1|1|1|0|0|0|0|1|0|1279784831|1279784836|0|0|0|0|0|0|0|0|0|0
284|R0|1|1|0|1|1|1|0|0|0|0|1|0|1286845425|1286845430|0|0|0|0|0|0|0|0|0|0
285|R0|1|1|0|1|1|1|0|0|0|0|1|0|1292264174|1292264179|0|0|0|0|0|0|0|0|0|0
286|R0|1|1|0|1|1|1|0|0|0|0|1|0|1298826748|1298826753|0|0|0|0|0|0|0|0|0|0
287|R0|1|1|0|1|1|1|0|0|0|0|1|0|1307342766|1307342771|0|0|0|0|0|0|0|0|0|0
288|R0|1|1|0|1|1|1|0|0|0|0|1|0|1315527944|1315527949|0|0|0|0|0|0|0|0|0|0
289|R0|1|1|0|1|1|1|0|0|0|0|1|0|1324837544|1324837549|0|0|0|0|0|0|0|0|0|0
290|R0|1|1|0|1|1|1|0|0|0|0|1|0|1332203478|1332203483|0|0|0|0|0|0|0|0|0|0
291|R0|1|1|0|1|1|1|0|0|0|0|1|0|1340240768|1340240773|0|0|0|0|0|0|0|0|0|0
292|R0|1|1|0|1|1|1|0|0|0|0|1|0|1349277303|1349277308|0|0|0|0|0|0|0|0|0|0
293|R0|1|1|0|1|1|1|0|0|0|0|1|0|1356848750|1356848755|0|0|0|0|0|0|0|0|0|0
294|R0|1|1|0|1|1|1|0|0|0|0|1|0|1365300508|1365300513|0|0|0|0|0|0|0|0|0|0
295|R0|1|1|0|1|1|1|0|0|0|0|1|0|1374054271|1374054276|0|0|0|0|0|0|0|0|0|0
296|R0|1|1|0|1|1|1|0|0|0|0|1|0|1381497155|1381497160|0|0|0|0|0|0|0|0|0|0
297|R0|1|1|0|1|1|1|0|0|0|0|1|0|1389785184|1389785189|0|0|0|0|0|0|0|0|0|0
298|R0|1|1|0|1|1|1|0|0|0|0|1|0|1398606408|1398606413|0|0|0|0|0|0|0|0|0|0
299|R0|1|1|0|1|1|1|0|0|0|0|1|0|1407421494|1407421499|0|0|0|0|0|0|0|0|0|0
300|R0|1|1|0|1|1|1|0|0|0|0|1|0|1415459098|1415459103|0|0|0|0|0|0|0|0|0|0
301|R0|1|1|0|1|1|1|0|0|0|0|1|0|1423332808|1423332813|0|0|0|0|0|0|0|0|0|0
302|R0|1|1|0|1|1|1|0|0|0|0|1|0|1431807666|1431807671|0|0|0|0|0|0|0|0|0|0
303|R0|1|1|0|1|1|1|0|0|0|0|1|0|1438807250|1438807255|0|0|0|0|0|0|0|0|0|0
304|R0|1|1|0|1|1|1|0|0|0|0|1|0|1446638920|1446638925|0|0|0|0|0|0|0|0|0|0
305|R0|1|1|0|1|1|1|0|0|0|0|1|0|1455244881|1455244886|0|0|0|0|0|0|0|0|0|0
306|R0|1|1|0|1|1|1|0|0|0|0|1|0|1464262117|1464262122|0|0|0|0|0|0|0|0|0|0
307|R0|1|1|0|1|1|1|0|0|0|0|1|0|1471531651|1471531656|0|0|0|0|0|0|0|0|0|0
308|R0|1|1|0|1|1|1|0|0|0|0|1|0|1479620375|1479620380|0|0|0|0|0|0|0|0|0|0
309|R0|1|1|0|1|1|1|0|0|0|0|1|0|1488717938|1488717943|0|0|0|0|0|0|0|0|0|0
310|R0|1|1|0|1|1|1|0|0|0|0|1|0|1498192035|1498192040|0|0|0|0|0|0|0|0|0|0
311|R0|1|1|0|1|1|1|0|0|0|0|1|0|1505496776|1505496781|0|0|0|0|0|0|0|0|0|0
312|R0|1|1|0|1|1|1|0|0|0|0|1|0|1513910646|1513910651|0|0|0|0|0|0|0|0|0|0
313|R0|1|1|0|1|1|1|0|0|0|0|1|0|1521829320|1521829325|0|0|0|0|0|0|0|0|0|0
314|R0|1|1|0|1|1|1|0|0|0|0|1|0|1532308430|1532308435|0|0|0|0|0|0|0|0|0|0
315|R0|1|1|0|1|1|1|0|0|0|0|1|0|1539895898|1539895903|0|0|0|0|0|0|0|0|0|0
316|R0|1|1|0|1|1|1|0|0|0|0|1|0|1549787043|1549787048|0|0|0|0|0|0|0|0|0|0
317|R0|1|1|0|1|1|1|0|0|0|0|1|0|1557782554|1557782559|0|0|0|0|0|0|0|0|0|0
318|R0|1|1|0|1|1|1|0|0|0|0|1|0|1566706650|1566706655|0|0|0|0|0|0|0|0|0|0
319|R0|1|1|0|1|1|1|0|0|0|0|1|0|1574346275|1574346280|0|0|0|0|0|0|0|0|0|0
320|R0|1|1|0|1|1|1|0|0|0|0|1|0|1580992366|1580992371|0|0|0|0|0|0|0|0|0|0
321|R0|1|1|0|1|1|1|0|0|0|0|1|0|1588059351|1588059356|0|0|0|0|0|0|0|0|0|0
322|R0|1|1|0|1|1|1|0|0|0|0|1|0|1597783414|1597783419|0|0|0|0|0|0|0|0|0|0
323|R0|1|1|0|1|1|1|0|0|0|0|1|0|1606321992|1606321997|0|0|0|0|0|0|0|0|0|0
324|R0|1|1|0|1|1|1|0|0|0|0|1|0|1614234021|1614234026|0|0|0|0|0|0|0|0|0|0
325|R0|1|1|0|1|1|1|0|0|0|0|1|0|1622708261|1622708266|0|0|0|0|0|0|0|0|0|0
326|R0|1|1|0|1|1|1|0|0|0|0|1|0|1631770473|1631770478|0|0|0|0|0|0|0|0|0|0
327|R0|1|1|0|1|1|1|0|0|0|0|1|0|1639676017|1639676022|0|0|0|0|0|0|0|0|0|0
328|R0|1|1|0|1|1|1|0|0|0|0|1|0|1646842866|1646842871|0|0|0|0|0|0|0|0|0|0
329|R0|1|1|0|1|1|1|0|0|0|0|1|0|1653540351|1653540356|0|0|0|0|0|0|0|0|0|0
330|R0|1|1|0|1|1|1|0|0|0|0|1|0|1663052374|1663052379|0|0|0|0|0|0|0|0|0|0
331|R0|1|1|0|1|1|1|0|0|0|0|1|0|1670232055|1670232060|0|0|0|0|0|0|0|0|0|0
332|R0|1|1|0|1|1|1|0|0|0|0|1|0|1678889439|1678889444|0|0|0|0|0|0|0|0|0|0
333|R0|1|1|0|1|1|1|0|0|0|0|1|0|1685879459|1685879464|0|0|0|0|0|0|0|0|0|0
334|R0|1|1|0|1|1|1|0|0|0|0|1|0|1694967459|1694967464|0|0|0|0|0|0|0|0|0|0
335|R0|1|1|0|1|1|1|0|0|0|0|1|0|1702831296|1702831301|0|0|0|0|0|0|0|0|0|0
336|R0|1|1|0|1|1|1|0|0|0|0|1|0|1710367359|1710367364|0|0|0|0|0|0|0|0|0|0
337|R0|1|1|0|1|1|1|0|0|0|0|1|0|1718032277|1718032282|0|0|0|0|0|0|0|0|0|0
338|R0|1|1|0|1|1|1|0|0|0|0|1|0|1729250610|1729250615|0|0|0|0|0|0|0|0|0|0
339|R0|1|1|0|1|1|1|0|0|0|0|1|0|1739067862|1739067867|0|0|0|0|0|0|0|0|0|0
340|R0|1|1|0|1|1|1|0|0|0|0|1|0|1746061110|1746061115|0|0|0|0|0|0|0|0|0|0
341|R0|1|1|0|1|1|1|0|0|0|0|1|0|1755512081|1755512086|0|0|0|0|0|0|0|0|0|0
342|R0|1|1|0|1|1|1|0|0|0|0|1|0|1762791488|1762791493|0|0|0|0|0|0|0|0|0|0
343|R0|1|1|0|1|1|1|0|0|0|0|1|0|1769411866|1769411871|0|0|0|0|0|0|0|0|0|0
344|R0|1|1|0|1|1|1|0|0|0|0|1|0|1777368832|1777368837|0|0|0|0|0|0|0|0|0|0
345|R0|1|1|0|1|1|1|0|0|0|0|1|0|1787218225|1787218230|0|0|0|0|0|0|0|0|0|0
346|R0|1|1|0|1|1|1|0|0|0|0|1|0|1795570586|1795570591|0|0|0|0|0|0|0|0|0|0
347|R0|1|1|0|1|1|1|0|0|0|0|1|0|1804430519|1804430524|0|0|0|0|0|0|0|0|0|0
348|R0|1|1|0|1|1|1|0|0|0|0|1|0|1811979418|1811979423|0|0|0|0|0|0|0|0|0|0
349|R0|1|1|0|1|1|1|0|0|0|0|1|0|1821459295|1821459300|0|0|0|0|0|0|0|0|0|0
350|R0|1|1|0|1|1|1|0|0|0|0|1|0|1830380142|1830380147|0|0|0|0|0|0|0|0|0|0
351|R0|1|1|0|1|1|1|0|0|0|0|1|0|1837871365|1837871370|0|0|0|0|0|0|0|0|0|0
352|R0|1|1|0|1|1|1|0|0|0|0|1|0|1844761594|1844761599|0|0|0|0|0|0|0|0|0|0
353|R0|1|1|0|1|1|1|0|0|0|0|1|0|1855369224|1855369229|0|0|0|0|0|0|0|0|0|0
354|R0|1|1|0|1|1|1|0|0|0|0|1|0|1861308471|1861308476|0|0|0|0|0|0|0|0|0|0
355|R0|1|1|0|1|1|1|0|0|0|0|1|0|1868051125|1868051130|0|0|0|0|0|0|0|0|0|0
356|R0|1|1|0|1|1|1|0|0|0|0|1|0|1875400831|1875400836|0|0|0|0|0|0|0|0|0|0
357|R0|1|1|0|1|1|1|0|0|0|0|1|0|1883078876|1883078881|0|0|0|0|0|0|0|0|0|0
358|R0|1|1|0|1|1|1|0|0|0|0|1|0|1890569960|1890569965|0|0|0|0|0|0|0|0|0|0
359|R0|1|1|0|1|1|1|0|0|0|0|1|0|1899632182|1899632187|0|0|0|0|0|0|0|0|0|0
360|R0|1|1|0|1|1|1|0|0|0|0|1|0|1906059822|1906059827|0|0|0|0|0|0|0|0|0|0
361|R0|1|1|0|1|1|1|0|0|0|0|1|0|1913814652|1913814657|0|0|0|0|0|0|0|0|0|0
362|R0|1|1|0|1|1|1|0|0|0|0|1|0|1924245564|1924245569|0|0|0|0|0|0|0|0|0|0
363|R0|1|1|0|1|1|1|0|0|0|0|1|0|1932459811|1932459816|0|0|0|0|0|0|0|0|0|0
364|R0|1|1|0|1|1|1|0|0|0|0|1|0|1941907560|1941907565|0|0|0|0|0|0|0|0|0|0
365|R0|1|1|0|1|1|1|0|0|0|0|1|0|1951374623|1951374628|0|0|0|0|0|0|0|0|0|0
366|R0|1|1|0|1|1|1|0|0|0|0|1|0|1959061704|1959061709|0|0|0|0|0|0|0|0|0|0
367|R0|1|1|0|1|1|1|0|0|0|0|1|0|1968207450|1968207455|0|0|0|0|0|0|0|0|0|0
368|R0|1|1|0|1|1|1|0|0|0|0|1|0|1975457701|1975457706|0|0|0|0|0|0|0|0|0|0
369|R0|1|1|0|1|1|1|0|0|0|0|1|0|1982720672|1982720677|0|0|0|0|0|0|0|0|0|0
370|R0|1|1|0|1|1|1|0|0|0|0|1|0|1991609390|1991609395|0|0|0|0|0|0|0|0|0|0
371|R0|1|1|0|1|1|1|0|0|0|0|1|0|1998692424|1998692429|0|0|0|0|0|0|0|0|0|0
372|R0|1|1|0|1|1|1|0|0|0|0|1|0|2006540270|2006540275|0|0|0|0|0|0|0|0|0|0
373|R0|1|1|0|1|1|1|0|0|0|0|1|0|2014841064|2014841069|0|0|0|0|0|0|0|0|0|0
374|R0|1|1|0|1|1|1|0|0|0|0|1|0|2023399493|2023399498|0|0|0|0|0|0|0|0|0|0
375|R0|1|1|0|1|1|1|0|0|0|0|1|0|2031305334|2031305339|0|0|0|0|0|0|0|0|0|0
376|R0|1|1|0|1|1|1|0|0|0|0|1|0|2040717749|2040717754|0|0|0|0|0|0|0|0|0|0
377|R0|1|1|0|1|1|1|0|0|0|0|1|0|2048825713|2048825718|0|0|0|0|0|0|0|0|0|0
378|R0|1|1|0|1|1|1|0|0|0|0|1|0|2057059249|2057059254|0|0|0|0|0|0|0|0|0|0
379|R0|1|1|0|1|1|1|0|0|0|0|1|0|2065883839|2065883844|0|0|0|0|0|0|0|0|0|0
380|R0|1|1|0|1|1|1|0|0|0|0|1|0|2072912268|2072912273|0|0|0|0|0|0|0|0|0|0
381|R0|1|1|0|1|1|1|0|0|0|0|1|0|2082880526|2082880531|0|0|0|0|0|0|0|0|0|0
382|R0|1|1|0|1|1|1|0|0|0|0|1|0|2090895336|2090895341|0|0|0|0|0|0|0|0|0|0
383|R0|1|1|0|1|1|1|0|0|0|0|1|0|2100551926|2100551931|0|0|0|0|0|0|0|0|0|0
384|R0|1|1|0|1|1|1|0|0|0|0|1|0|2109212521|2109212526|0|0|0|0|0|0|0|0|0|0
385|R0|1|1|0|1|1|1|0|0|0|0|1|0|2118114097|2118114102|0|0|0|0|0|0|0|0|0|0
386|R0|1|1|0|1|1|1|0|0|0|0|1|0|2126373097|2126373102|0|0|0|0|0|0|0|0|0|0
387|R0|1|1|0|1|1|1|0|0|0|0|1|0|2134401027|2134401032|0|0|0|0|0|0|0|0|0|0
388|R0|1|1|0|1|1|1|0|0|0|0|1|0|2141622362|2141622367|0|0|0|0|0|0|0|0|0|0
389|R0|1|1|0|1|1|1|0|0|0|0|1|0|2150074117|2150074122|0|0|0|0|0|0|0|0|0|0
390|R0|1|1|0|1|1|1|0|0|0|0|1|0|2158015016|2158015021|0|0|0|0|0|0|0|0|0|0
391|R0|1|1|0|1|1|1|0|0|0|0|1|0|2164892392|2164892397|0|0|0|0|0|0|0|0|0|0
392|R0|1|1|0|1|1|1|0|0|0|0|1|0|2173919276|2173919281|0|0|0|0|0|0|0|0|0|0
393|R0|1|1|0|1|1|1|0|0|0|0|1|0|2183395994|2183395999|0|0|0|0|0|0|0|0|0|0
394|R0|1|1|0|1|1|1|0|0|0|0|1|0|2190080639|2190080644|0|0|0|0|0|0|0|0|0|0
395|R0|1|1|0|1|1|1|0|0|0|0|1|0|2196871445|2196871450|0|0|0|0|0|0|0|0|0|0
396|R0|1|1|0|1|1|1|0|0|0|0|1|0|2203780988|2203780993|0|0|0|0|0|0|0|0|0|0
397|R0|1|1|0|1|1|1|0|0|0|0|1|0|2212461141|2212461146|0|0|0|0|0|0|0|0|0|0
398|R0|1|1|0|1|1|1|0|0|0|0|1|0|2221070330|2221070335|0|0|0|0|0|0|0|0|0|0
399|R0|1|1|0|1|1|1|0|0|0|0|1|0|2229271756|2229271761|0|0|0|0|0|0|0|0|0|0
400|R0|1|1|0|1|1|1|0|0|0|0|1|0|2237235427|2237235432|0|0|0|0|0|0|0|0|0|0
401|R0|1|1|0|1|1|1|0|0|0|0|1|0|2246047176|2246047181|0|0|0|0|0|0|0|0|0|0
402|R0|1|1|0|1|1|1|0|0|0|0|1|0|2253381221|2253381226|0|0|0|0|0|0|0|0|0|0
403|R0|1|1|0|1|1|1|0|0|0|0|1|0|2260978341|2260978346|0|0|0|0|0|0|0|0|0|0
404|R0|1|1|0|1|1|1|0|0|0|0|1|0|2269687139|2269687144|0|0|0|0|0|0|0|0|0|0
405|R0|1|1|0|1|1|1|0|0|0|0|1|0|2279356611|2279356616|0|0|0|0|0|0|0|0|0|0
406|R0|1|1|0|1|1|1|0|0|0|0|1|0|2285761781|2285761786|0|0|0|0|0|0|0|0|0|0
407|R0|1|1|0|1|1|1|0|0|0|0|1|0|2293583822|2293583827|0|0|0|0|0|0|0|0|0|0
408|R0|1|1|0|1|1|1|0|0|0|0|1|0|2301007669|2301007674|0|0|0|0|0|0|0|0|0|0
409|R0|1|1|0|1|1|1|0|0|0|0|1|0|2311239409|2311239414|0|0|0|0|0|0|0|0|0|0
410|R0|1|1|0|1|1|1|0|0|0|0|1|0|2319212750|2319212755|0|0|0|0|0|0|0|0|0|0
411|R0|1|1|0|1|1|1|0|0|0|0|1|0|2325862056|2325862061|0|0|0|0|0|0|0|0|0|0
412|R0|1|1|0|1|1|1|0|0|0|0|1|0|2334362015|2334362020|0|0|0|0|0|0|0|0|0|0
413|R0|1|1|0|1|1|1|0|0|0|0|1|0|2342425274|2342425279|0|0|0|0|0|0|0|0|0|0
414|R0|1|1|0|1|1|1|0|0|0|0|1|0|2350250510|2350250515|0|0|0|0|0|0|0|0|0|0
415|R0|1|1|0|1|1|1|0|0|0|0|1|0|2358811509|2358811514|0|0|0|0|0|0|0|0|0|0
416|R0|1|1|0|1|1|1|0|0|0|0|1|0|2366055200|2366055205|0|0|0|0|0|0|0|0|0|0
417|R0|1|1|0|1|1|1|0|0|0|0|1|0|2374822079|2374822084|0|0|0|0|0|0|0|0|0|0
418|R0|1|1|0|1|1|1|0|0|0|0|1|0|2382708488|2382708493|0|0|0|0|0|0|0|0|0|0
419|R0|1|1|0|1|1|1|0|0|0|0|1|0|2390019752|2390019757|0|0|0|0|0|0|0|0|0|0
420|R0|1|1|0|1|1|1|0|0|0|0|1|0|2398275523|2398275528|0|0|0|0|0|0|0|0|0|0
421|R0|1|1|0|1|1|1|0|0|0|0|1|0|2406679068|2406679073|0|0|0|0|0|0|0|0|0|0
422|R0|1|1|0|1|1|1|0|0|0|0|1|0|2415192149|2415192154|0|0|0|0|0|0|0|0|0|0
423|R0|1|1|0|1|1|1|0|0|0|0|1|0|2423634261|2423634266|0|0|0|0|0|0|0|0|0|0
424|R0|1|1|0|1|1|1|0|0|0|0|1|0|2432244547|2432244552|0|0|0|0|0|0|0|0|0|0
425|R0|1|1|0|1|1|1|0|0|0|0|1|0|2439250495|2439250500|0|0|0|0|0|0|0|0|0|0
426|R0|1|1|0|1|1|1|0|0|0|0|1|0|2446262853|2446262858|0|0|0|0|0|0|0|0|0|0
427|R0|1|1|0|1|1|1|0|0|0|0|1|0|2455684899|2455684904|0|0|0|0|0|0|0|0|0|0
428|R0|1|1|0|1|1|1|0|0|0|0|1|0|2463992067|2463992072|0|0|0|0|0|0|0|0|0|0
429|R0|1|1|0|1|1|1|0|0|0|0|1|0|2470670312|2470670317|0|0|0|0|0|0|0|0|0|0
430|R0|1|1|0|1|1|1|0|0|0|0|1|0|2478286990|2478286995|0|0|0|0|0|0|0|0|0|0
431|R0|1|1|0|1|1|1|0|0|0|0|1|0|2486170217|2486170222|0|0|0|0|0|0|0|0|0|0
432|R0|1|1|0|1|1|1|0|0|0|0|1|0|2493230780|2493230785|0|0|0|0|0|0|0|0|0|0
433|R0|1|1|0|1|1|1|0|0|0|0|1|0|2502977344|2502977349|0|0|0|0|0|0|0|0|0|0
434|R0|1|1|0|1|1|1|0|0|0|0|1|0|2510159985|2510159990|0|0|0|0|0|0|0|0|0|0
435|R0|1|1|0|1|1|1|0|0|0|0|1|0|2518075854|2518075859|0|0|0|0|0|0|0|0|0|0
436|R0|1|1|0|1|1|1|0|0|0|0|1|0|2524975752|2524975757|0|0|0|0|0|0|0|0|0|0
437|R0|1|1|0|1|1|1|0|0|0|0|1|0|2533276735|2533276740|0|0|0|0|0|0|0|0|0|0
438|R0|1|1|0|1|1|1|0|0|0|0|1|0|2542075893|2542075898|0|0|0|0|0|0|0|0|0|0
439|R0|1|1|0|1|1|1|0|0|0|0|1|0|2550238455|2550238460|0|0|0|0|0|0|0|0|0|0
440|R0|1|1|0|1|1|1|0|0|0|0|1|0|2558395240|2558395245|0|0|0|0|0|0|0|0|0|0
441|R0|1|1|0|1|1|1|0|0|0|0|1|0|2565709617|2565709622|0|0|0|0|0|0|0|0|0|0
442|R0|1|1|0|1|1|1|0|0|0|0|1|0|2574514789|2574514794|0|0|0|0|0|0|0|0|0|0
443|R0|1|1|0|1|1|1|0|0|0|0|1|0|2582224654|2582224659|0|0|0|0|0|0|0|0|0|0
444|R0|1|1|0|1|1|1|0|0|0|0|1|0|2591772085|2591772090|0|0|0|0|0|0|0|0|0|0
445|R0|1|1|0|1|1|1|0|0|0|0|1|0|2601232714|2601232719|0|0|0|0|0|0|0|0|0|0
446|R0|1|1|0|1|1|1|0|0|0|0|1|0|2608964800|2608964805|0|0|0|0|0|0|0|0|0|0
447|R0|1|1|0|1|1|1|0|0|0|0|1|0|2616651871|2616651876|0|0|0|0|0|0|0|0|0|0
448|R0|1|1|0|1|1|1|0|0|0|0|1|0|2626006524|2626006529|0|0|0|0|0|0|0|0|0|0
449|R0|1|1|0|1|1|1|0|0|0|0|1|0|2632912869|2632912874|0|0|0|0|0|0|0|0|0|0
450|R0|1|1|0|1|1|1|0|0|0|0|1|0|2640060442|2640060447|0|0|0|0|0|0|0|0|0|0
451|R0|1|1|0|1|1|1|0|0|0|0|1|0|2648033713|2648033718|0|0|0|0|0|0|0|0|0|0
452|R0|1|1|0|1|1|1|0|0|0|0|1|0|2657465416|2657465421|0|0|0|0|0|0|0|0|0|0
453|R0|1|1|0|1|1|1|0|0|0|0|1|0|2663462540|2663462545|0|0|0|0|0|0|0|0|0|0
454|R0|1|1|0|1|1|1|0|0|0|0|1|0|2670002600|2670002605|0|0|0|0|0|0|0|0|0|0
455|R0|1|1|0|1|1|1|0|0|0|0|1|0|2677757134|2677757139|0|0|0|0|0|0|0|0|0|0
456|R0|1|1|0|1|1|1|0|0|0|0|1|0|2685534190|2685534195|0|0|0|0|0|0|0|0|0|0
457|R0|1|1|0|1|1|1|0|0|0|0|1|0|2694050207|2694050212|0|0|0|0|0|0|0|0|0|0
458|R0|1|1|0|1|1|1|0|0|0|0|1|0|2701872210|2701872215|0|0|0|0|0|0|0|0|0|0
459|R0|1|1|0|1|1|1|0|0|0|0|1|0|2709517514|2709517519|0|0|0|0|0|0|0|0|0|0
460|R0|1|1|0|1|1|1|0|0|0|0|1|0|2718820722|2718820727|0|0|0|0|0|0|0|0|0|0
461|R0|1|1|0|1|1|1|0|0|0|0|1|0|2725800951|2725800956|0|0|0|0|0|0|0|0|0|0
462|R0|1|1|0|1|1|1|0|0|0|0|1|0|2733883226|2733883231|0|0|0|0|0|0|0|0|0|0
463|R0|1|1|0|1|1|1|0|0|0|0|1|0|2743151045|2743151050|0|0|0|0|0|0|0|0|0|0
464|R0|1|1|0|1|1|1|0|0|0|0|1|0|2752049388|2752049393|0|0|0|0|0|0|0|0|0|0
465|R0|1|1|0|1|1|1|0|0|0|0|1|0|2759470076|2759470081|0|0|0|0|0|0|0|0|0|0
466|R0|1|1|0|1|1|1|0|0|0|0|1|0|2767186060|2767186065|0|0|0|0|0|0|0|0|0|0
467|R0|1|1|0|1|1|1|0|0|0|0|1|0|2773758245|2773758250|0|0|0|0|0|0|0|0|0|0
468|R0|1|1|0|1|1|1|0|0|0|0|1|0|2782094912|2782094917|0|0|0|0|0|0|0|0|0|0
469|R0|1|1|0|1|1|1|0|0|0|0|1|0|2789049422|2789049427|0|0|0|0|0|0|0|0|0|0
470|R0|1|1|0|1|1|1|0|0|0|0|1|0|2796569448|2796569453|0|0|0|0|0|0|0|0|0|0
471|R0|1|1|0|1|1|1|0|0|0|0|1|0|2804099231|2804099236|0|0|0|0|0|0|0|0|0|0
472|R0|1|1|0|1|1|1|0|0|0|0|1|0|2815706085|2815706090|0|0|0|0|0|0|0|0|0|0
473|R0|1|1|0|1|1|1|0|0|0|0|1|0|2821558578|2821558583|0|0|0|0|0|0|0|0|0|0
474|R0|1|1|0|1|1|1|0|0|0|0|1|0|2830485832|2830485837|0|0|0|0|0|0|0|0|0|0
475|R0|1|1|0|1|1|1|0|0|0|0|1|0|2838356200|2838356205|0|0|0|0|0|0|0|0|0|0
476|R0|1|1|0|1|1|1|0|0|0|0|1|0|2846258656|2846258661|0|0|0|0|0|0|0|0|0|0
477|R0|1|1|0|1|1|1|0|0|0|0|1|0|2854883909|2854883914|0|0|0|0|0|0|0|0|0|0
478|R0|1|1|0|1|1|1|0|0|0|0|1|0|2861035200|2861035205|0|0|0|0|0|0|0|0|0|0
479|R0|1|1|0|1|1|1|0|0|0|0|1|0|2868375272|2868375277|0|0|0|0|0|0|0|0|0|0
480|R0|1|1|0|1|1|1|0|0|0|0|1|0|2877528040|2877528045|0|0|0|0|0|0|0|0|0|0
481|R0|1|1|0|1|1|1|0|0|0|0|1|0|2883952698|2883952703|0|0|0|0|0|0|0|0|0|0
482|R0|1|1|0|1|1|1|0|0|0|0|1|0|2891871098|2891871103|0|0|0|0|0|0|0|0|0|0
483|R0|1|1|0|1|1|1|0|0|0|0|1|0|2899863637|2899863642|0|0|0|0|0|0|0|0|0|0
484|R0|1|1|0|1|1|1|0|0|0|0|1|0|2908964393|2908964398|0|0|0|0|0|0|0|0|0|0
485|R0|1|1|0|1|1|1|0|0|0|0|1|0|2916943854|2916943859|0|0|0|0|0|0|0|0|0|0
486|R0|1|1|0|1|1|1|0|0|0|0|1|0|2925141806|2925141811|0|0|0|0|0|0|0|0|0|0
487|R0|1|1|0|1|1|1|0|0|0|0|1|0|2931370216|2931370221|0|0|0|0|0|0|0|0|0|0
488|R0|1|1|0|1|1|1|0|0|0|0|1|0|2937254847|2937254852|0|0|0|0|0|0|0|0|0|0
489|R0|1|1|0|1|1|1|0|0|0|0|1|0|2945873686|2945873691|0|0|0|0|0|0|0|0|0|0
490|R0|1|1|0|1|1|1|0|0|0|0|1|0|2954374367|2954374372|0|0|0|0|0|0|0|0|0|0
491|R0|1|1|0|1|1|1|0|0|0|0|1|0|2962270554|2962270559|0|0|0|0|0|0|0|0|0|0
492|R0|1|1|0|1|1|1|0|0|0|0|1|0|2970003150|2970003155|0|0|0|0|0|0|0|0|0|0
493|R0|1|1|0|1|1|1|0|0|0|0|1|0|2978737919|2978737924|0|0|0|0|0|0|0|0|0|0
494|R0|1|1|0|1|1|1|0|0|0|0|1|0|2985467546|2985467551|0|0|0|0|0|0|0|0|0|0
495|R0|1|1|0|1|1|1|0|0|0|0|1|0|2993032663|2993032668|0|0|0|0|0|0|0|0|0|0
496|R0|1|1|0|1|1|1|0|0|0|0|1|0|3000051452|3000051457|0|0|0|0|0|0|0|0|0|0
497|R0|1|1|0|1|1|1|0|0|0|0|1|0|3008265486|3008265491|0|0|0|0|0|0|0|0|0|0
498|R0|1|1|0|1|1|1|0|0|0|0|1|0|3016199996|3016200001|0|0|0|0|0|0|0|0|0|0
499|R0|1|1|0|1|1|1|0|0|0|0|1|0|3023752124|3023752129|0|0|0|0|0|0|0|0|0|0
500|R0|1|1|0|1|1|1|0|0|0|0|1|0|3031468104|3031468109|0|0|0|0|0|0|0|0|0|0
501|R0|1|1|0|1|1|1|0|0|0|0|1|0|3040507808|3040507813|0|0|0|0|0|0|0|0|0|0
502|R0|1|1|0|1|1|1|0|0|0|0|1|0|3048256223|3048256228|0|0|0|0|0|0|0|0|0|0
503|R0|1|1|0|1|1|1|0|0|0|0|1|0|3056139534|3056139539|0|0|0|0|0|0|0|0|0|0
504|R0|1|1|0|1|1|1|0|0|0|0|1|0|3064353522|3064353527|0|0|0|0|0|0|0|0|0|0
505|R0|1|1|0|1|1|1|0|0|0|0|1|0|3074954737|3074954742|0|0|0|0|0|0|0|0|0|0
506|R0|1|1|0|1|1|1|0|0|0|0|1|0|3083615310|3083615315|0|0|0|0|0|0|0|0|0|0
507|R0|1|1|0|1|1|1|0|0|0|0|1|0|3091611148|3091611153|0|0|0|0|0|0|0|0|0|0
508|R0|1|1|0|1|1|1|0|0|0|0|1|0|3100284662|3100284667|0|0|0|0|0|0|0|0|0|0
509|R0|1|1|0|1|1|1|0|0|0|0|1|0|3106619093|3106619098|0|0|0|0|0|0|0|0|0|0
510|R0|1|1|0|1|1|1|0|0|0|0|1|0|3115466030|3115466035|0|0|0|0|0|0|0|0|0|0
511|R0|1|1|0|1|1|1|0|0|0|0|1|0|3123027802|3123027807|0|0|0|0|0|0|0|0|0|0
512|R0|1|1|0|1|1|1|0|0|0|0|1|0|3130056215|3130056220|0|0|0|0|0|0|0|0|0|0
513|R0|1|1|0|1|1|1|0|0|0|0|1|0|3137933180|3137933185|0|0|0|0|0|0|0|0|0|0
514|R0|1|1|0|1|1|1|0|0|0|0|1|0|3145115813|3145115818|0|0|0|0|0|0|0|0|0|0
515|R0|1|1|0|1|1|1|0|0|0|0|1|0|3153227776|3153227781|0|0|0|0|0|0|0|0|0|0
516|R0|1|1|0|1|1|1|0|0|0|0|1|0|3160943761|3160943766|0|0|0|0|0|0|0|0|0|0
517|R0|1|1|0|1|1|1|0|0|0|0|1|0|3170240590|3170240595|0|0|0|0|0|0|0|0|0|0
518|R0|1|1|0|1|1|1|0|0|0|0|1|0|3178133448|3178133453|0|0|0|0|0|0|0|0|0|0
519|R0|1|1|0|1|1|1|0|0|0|0|1|0|3186157884|3186157889|0|0|0|0|0|0|0|0|0|0
520|R0|1|1|0|1|1|1|0|0|0|0|1|0|3192627249|3192627254|0|0|0|0|0|0|0|0|0|0
521|R0|1|1|0|1|1|1|0|0|0|0|1|0|3202962476|3202962481|0|0|0|0|0|0|0|0|0|0
522|R0|1|1|0|1|1|1|0|0|0|0|1|0|3209968442|3209968447|0|0|0|0|0|0|0|0|0|0
523|R0|1|1|0|1|1|1|0|0|0|0|1|0|3217116037|3217116042|0|0|0|0|0|0|0|0|0|0
524|R0|1|1|0|1|1|1|0|0|0|0|1|0|3223868159|3223868164|0|0|0|0|0|0|0|0|0|0
525|R0|1|1|0|1|1|1|0|0|0|0|1|0|3232545384|3232545389|0|0|0|0|0|0|0|0|0|0
526|R0|1|1|0|1|1|1|0|0|0|0|1|0|3240489763|3240489768|0|0|0|0|0|0|0|0|0|0
527|R0|1|1|0|1|1|1|0|0|0|0|1|0|3248453411|3248453416|0|0|0|0|0|0|0|0|0|0
528|R0|1|1|0|1|1|1|0|0|0|0|1|0|3257310138|3257310143|0|0|0|0|0|0|0|0|0|0
529|R0|1|1|0|1|1|1|0|0|0|0|1|0|3265893682|3265893687|0|0|0|0|0|0|0|0|0|0
530|R0|1|1|0|1|1|1|0|0|0|0|1|0|3274798444|3274798449|0|0|0|0|0|0|0|0|0|0
531|R0|1|1|0|1|1|1|0|0|0|0|1|0|3282479263|3282479268|0|0|0|0|0|0|0|0|0|0
532|R0|1|1|0|1|1|1|0|0|0|0|1|0|3291075904|3291075909|0|0|0|0|0|0|0|0|0|0
533|R0|1|1|0|1|1|1|0|0|0|0|1|0|3299932476|3299932481|0|0|0|0|0|0|0|0|0|0
534|R0|1|1|0|1|1|1|0|0|0|0|1|0|3308194656|3308194661|0|0|0|0|0|0|0|0|0|0
535|R0|1|1|0|1|1|1|0|0|0|0|1|0|3315849742|3315849747|0|0|0|0|0|0|0|0|0|0
536|R0|1|1|0|1|1|1|0|0|0|0|1|0|3324481425|3324481430|0|0|0|0|0|0|0|0|0|0
537|R0|1|1|0|1|1|1|0|0|0|0|1|0|3331943587|3331943592|0|0|0|0|0|0|0|0|0|0
538|R0|1|1|0|1|1|1|0|0|0|0|1|0|3340083939|3340083944|0|0|0|0|0|0|0|0|0|0
539|R0|1|1|0|1|1|1|0|0|0|0|1|0|3348362222|3348362227|0|0|0|0|0|0|0|0|0|0
540|R0|1|1|0|1|1|1|0|0|0|0|1|0|3357051747|3357051752|0|0|0|0|0|0|0|0|0|0
541|R0|1|1|0|1|1|1|0|0|0|0|1|0|3365538847|3365538852|0|0|0|0|0|0|0|0|0|0
542|R0|1|1|0|1|1|1|0|0|0|0|1|0|3373496081|3373496086|0|0|0|0|0|0|0|0|0|0
543|R0|1|1|0|1|1|1|0|0|0|0|1|0|3381690787|3381690792|0|0|0|0|0|0|0|0|0|0
544|R0|1|1|0|1|1|1|0|0|0|0|1|0|3387877430|3387877435|0|0|0|0|0|0|0|0|0|0
545|R0|1|1|0|1|1|1|0|0|0|0|1|0|3396579776|3396579781|0|0|0|0|0|0|0|0|0|0
546|R0|1|1|0|1|1|1|0|0|0|0|1|0|3403919854|3403919859|0|0|0|0|0|0|0|0|0|0
547|R0|1|1|0|1|1|1|0|0|0|0|1|0|3411921806|3411921811|0|0|0|0|0|0|0|0|0|0
548|R0|1|1|0|1|1|1|0|0|0|0|1|0|3419936620|3419936625|0|0|0|0|0|0|0|0|0|0
549|R0|1|1|0|1|1|1|0|0|0|0|1|0|3428626487|3428626492|0|0|0|0|0|0|0|0|0|0
550|R0|1|1|0|1|1|1|0|0|0|0|1|0|3435330405|3435330410|0|0|0|0|0|0|0|0|0|0
551|R0|1|1|0|1|1|1|0|0|0|0|1|0|3443133146|3443133151|0|0|0|0|0|0|0|0|0|0
552|R0|1|1|0|1|1|1|0|0|0|0|1|0|3449939871|3449939876|0|0|0|0|0|0|0|0|0|0
553|R0|1|1|0|1|1|1|0|0|0|0|1|0|3458899276|3458899281|0|0|0|0|0|0|0|0|0|0
554|R0|1|1|0|1|1|1|0|0|0|0|1|0|3466133637|3466133642|0|0|0|0|0|0|0|0|0|0
555|R0|1|1|0|1|1|1|0|0|0|0|1|0|3473612188|3473612193|0|0|0|0|0|0|0|0|0|0
556|R0|1|1|0|1|1|1|0|0|0|0|1|0|3482346670|3482346675|0|0|0|0|0|0|0|0|0|0
557|R0|1|1|0|1|1|1|0|0|0|0|1|0|3489914848|3489914853|0|0|0|0|0|0|0|0|0|0
558|R0|1|1|0|1|1|1|0|0|0|0|1|0|3498228456|3498228461|0|0|0|0|0|0|0|0|0|0
559|R0|1|1|0|1|1|1|0|0|0|0|1|0|3507518798|3507518803|0|0|0|0|0|0|0|0|0|0
560|R0|1|1|0|1|1|1|0|0|0|0|1|0|3515633187|3515633192|0|0|0|0|0|0|0|0|0|0
561|R0|1|1|0|1|1|1|0|0|0|0|1|0|3524409777|3524409782|0|0|0|0|0|0|0|0|0|0
562|R0|1|1|0|1|1|1|0|0|0|0|1|0|3532607697|3532607702|0|0|0|0|0|0|0|0|0|0
563|R0|1|1|0|1|1|1|0|0|0|0|1|0|3540623240|3540623245|0|0|0|0|0|0|0|0|0|0
564|R0|1|1|0|1|1|1|0|0|0|0|1|0|3547442815|3547442820|0|0|0|0|0|0|0|0|0|0
565|R0|1|1|0|1|1|1|0|0|0|0|1|0|3555567141|3555567146|0|0|0|0|0|0|0|0|0|0
566|R0|1|1|0|1|1|1|0|0|0|0|1|0|3563328110|3563328115|0|0|0|0|0|0|0|0|0|0
567|R0|1|1|0|1|1|1|0|0|0|0|1|0|3571596974|3571596979|0|0|0|0|0|0|0|0|0|0
568|R0|1|1|0|1|1|1|0|0|0|0|1|0|3580418994|3580418999|0|0|0|0|0|0|0|0|0|0
569|R0|1|1|0|1|1|1|0|0|0|0|1|0|3587527738|3587527743|0|0|0|0|0|0|0|0|0|0
570|R0|1|1|0|1|1|1|0|0|0|0|1|0|3595121905|3595121910|0|0|0|0|0|0|0|0|0|0
571|R0|1|1|0|1|1|1|0|0|0|0|1|0|3602667912|3602667917|0|0|0|0|0|0|0|0|0|0
572|R0|1|1|0|1|1|1|0|0|0|0|1|0|3609654569|3609654574|0|0|0|0|0|0|0|0|0|0
573|R0|1|1|0|1|1|1|0|0|0|0|1|0|3618870993|3618870998|0|0|0|0|0|0|0|0|0|0
574|R0|1|1|0|1|1|1|0|0|0|0|1|0|3626304252|3626304257|0|0|0|0|0|0|0|0|0|0
575|R0|1|1|0|1|1|1|0|0|0|0|1|0|3635029114|3635029119|0|0|0|0|0|0|0|0|0|0
576|R0|1|1|0|1|1|1|0|0|0|0|1|0|3643658175|3643658180|0|0|0|0|0|0|0|0|0|0
577|R0|1|1|0|1|1|1|0|0|0|0|1|0|3650705868|3650705873|0|0|0|0|0|0|0|0|0|0
578|R0|1|1|0|1|1|1|0|0|0|0|1|0|3659337530|3659337535|0|0|0|0|0|0|0|0|0|0
579|R0|1|1|0|1|1|1|0|0|0|0|1|0|3667442298|3667442303|0|0|0|0|0|0|0|0|0|0
580|R0|1|1|0|1|1|1|0|0|0|0|1|0|3675859546|3675859551|0|0|0|0|0|0|0|0|0|0
581|R0|1|1|0|1|1|1|0|0|0|0|1|0|3682100790|3682100795|0|0|0|0|0|0|0|0|0|0
582|R0|1|1|0|1|1|1|0|0|0|0|1|0|3691484297|3691484302|0|0|0|0|0|0|0|0|0|0
583|R0|1|1|0|1|1|1|0|0|0|0|1|0|3698943578|3698943583|0|0|0|0|0|0|0|0|0|0
584|R0|1|1|0|1|1|1|0|0|0|0|1|0|3707312412|3707312417|0|0|0|0|0|0|0|0|0|0
585|R0|1|1|0|1|1|1|0|0|0|0|1|0|3713675903|3713675908|0|0|0|0|0|0|0|0|0|0
586|R0|1|1|0|1|1|1|0|0|0|0|1|0|3720897097|3720897102|0|0|0|0|0|0|0|0|0|0
587|R0|1|1|0|1|1|1|0|0|0|0|1|0|3728105759|3728105764|0|0|0|0|0|0|0|0|0|0
588|R0|1|1|0|1|1|1|0|0|0|0|1|0|3736143328|3736143333|0|0|0|0|0|0|0|0|0|0
589|R0|1|1|0|1|1|1|0|0|0|0|1|0|3744659473|3744659478|0|0|0|0|0|0|0|0|0|0
590|R0|1|1|0|1|1|1|0|0|0|0|1|0|3753111214|3753111219|0|0|0|0|0|0|0|0|0|0
591|R0|1|1|0|1|1|1|0|0|0|0|1|0|3759143665|3759143670|0|0|0|0|0|0|0|0|0|0
592|R0|1|1|0|1|1|1|0|0|0|0|1|0|3766294463|3766294468|0|0|0|0|0|0|0|0|0|0
593|R0|1|1|0|1|1|1|0|0|0|0|1|0|3774447409|3774447414|0|0|0|0|0|0|0|0|0|0
594|R0|1|1|0|1|1|1|0|0|0|0|1|0|3781977055|3781977060|0|0|0|0|0|0|0|0|0|0
595|R0|1|1|0|1|1|1|0|0|0|0|1|0|3789587260|3789587265|0|0|0|0|0|0|0|0|0|0
596|R0|1|1|0|1|1|1|0|0|0|0|1|0|3797599116|3797599121|0|0|0|0|0|0|0|0|0|0
597|R0|1|1|0|1|1|1|0|0|0|0|1|0|3806269480|3806269485|0|0|0|0|0|0|0|0|0|0
598|R0|1|1|0|1|1|1|0|0|0|0|1|0|3812735854|3812735859|0|0|0|0|0|0|0|0|0|0
599|R0|1|1|0|1|1|1|0|0|0|0|1|0|3819751580|3819751585|0|0|0|0|0|0|0|0|0|0
600|R0|1|1|0|1|1|1|0|0|0|0|1|0|3829183278|3829183283|0|0|0|0|0|0|0|0|0|0
601|R0|1|1|0|1|1|1|0|0|0|0|1|0|3838168474|3838168479|0|0|0|0|0|0|0|0|0|0
602|R0|1|1|0|1|1|1|0|0|0|0|1|0|3846009806|3846009811|0|0|0|0|0|0|0|0|0|0
603|R0|1|1|0|1|1|1|0|0|0|0|1|0|3853680817|3853680822|0|0|0|0|0|0|0|0|0|0
604|R0|1|1|0|1|1|1|0|0|0|0|1|0|3860664261|3860664266|0|0|0|0|0|0|0|0|0|0
605|R0|1|1|0|1|1|1|0|0|0|0|1|0|3867911228|3867911233|0|0|0|0|0|0|0|0|0|0
606|R0|1|1|0|1|1|1|0|0|0|0|1|0|3873972567|3873972572|0|0|0|0|0|0|0|0|0|0
607|R0|1|1|0|1|1|1|0|0|0|0|1|0|3881194076|3881194081|0|0|0|0|0|0|0|0|0|0
608|R0|1|1|0|1|1|1|0|0|0|0|1|0|3890497251|3890497256|0|0|0|0|0|0|0|0|0|0
609|R0|1|1|0|1|1|1|0|0|0|0|1|0|3897831072|3897831077|0|0|0|0|0|0|0|0|0|0
610|R0|1|1|0|1|1|1|0|0|0|0|1|0|3908573626|3908573631|0|0|0|0|0|0|0|0|0|0
611|R0|1|1|0|1|1|1|0|0|0|0|1|0|3916145068|3916145073|0|0|0|0|0|0|0|0|0|0
612|R0|1|1|0|1|1|1|0|0|0|0|1|0|3923414729|3923414734|0|0|0|0|0|0|0|0|0|0
613|R0|1|1|0|1|1|1|0|0|0|0|1|0|3933026354|3933026359|0|0|0|0|0|0|0|0|0|0
614|R0|1|1|0|1|1|1|0|0|0|0|1|0|3940109544|3940109549|0|0|0|0|0|0|0|0|0|0
615|R0|1|1|0|1|1|1|0|0|0|0|1|0|3947009452|3947009457|0|0|0|0|0|0|0|0|0|0
616|R0|1|1|0|1|1|1|0|0|0|0|1|0|3955188110|3955188115|0|0|0|0|0|0|0|0|0|0
617|R0|1|1|0|1|1|1|0|0|0|0|1|0|3964311354|3964311359|0|0|0|0|0|0|0|0|0|0
618|R0|1|1|0|1|1|1|0|0|0|0|1|0|3971921317|3971921322|0|0|0|0|0|0|0|0|0|0
619|R0|1|1|0|1|1|1|0|0|0|0|1|0|3979749765|3979749770|0|0|0|0|0|0|0|0|0|0
620|R0|1|1|0|1|1|1|0|0|0|0|1|0|3987700334|3987700339|0|0|0|0|0|0|0|0|0|0
621|R0|1|1|0|1|1|1|0|0|0|0|1|0|3997800535|3997800540|0|0|0|0|0|0|0|0|0|0
622|R0|1|1|0|1|1|1|0|0|0|0|1|0|4006281196|4006281201|0|0|0|0|0|0|0|0|0|0
623|R0|1|1|0|1|1|1|0|0|0|0|1|0|4014810065|4014810070|0|0|0|0|0|0|0|0|0|0
624|R0|1|1|0|1|1|1|0|0|0|0|1|0|4022668259|4022668264|0|0|0|0|0|0|0|0|0|0
625|R0|1|1|0|1|1|1|0|0|0|0|1|0|4029680631|4029680636|0|0|0|0|0|0|0|0|0|0
626|R0|1|1|0|1|1|1|0|0|0|0|1|0|4038681809|4038681814|0|0|0|0|0|0|0|0|0|0
627|R0|1|1|0|1|1|1|0|0|0|0|1|0|4047236375|4047236380|0|0|0|0|0|0|0|0|0|0
628|R0|1|1|0|1|1|1|0|0|0|0|1|0|4055181279|4055181284|0|0|0|0|0|0|0|0|0|0
629|R0|1|1|0|1|1|1|0|0|0|0|1|0|4061470984|4061470989|0|0|0|0|0|0|0|0|0|0
630|R0|1|1|0|1|1|1|0|0|0|0|1|0|4069518190|4069518195|0|0|0|0|0|0|0|0|0|0
631|R0|1|1|0|1|1|1|0|0|0|0|1|0|4077924969|4077924974|0|0|0|0|0|0|0|0|0|0
632|R0|1|1|0|1|1|1|0|0|0|0|1|0|4087321329|4087321334|0|0|0|0|0|0|0|0|0|0
633|R0|1|1|0|1|1|1|0|0|0|0|1|0|4094928078|4094928083|0|0|0|0|0|0|0|0|0|0
634|R0|1|1|0|1|1|1|0|0|0|0|1|0|4102040040|4102040045|0|0|0|0|0|0|0|0|0|0
635|R0|1|1|0|1|1|1|0|0|0|0|1|0|4109364374|4109364379|0|0|0|0|0|0|0|0|0|0
636|R0|1|1|0|1|1|1|0|0|0|0|1|0|4116283546|4116283551|0|0|0|0|0|0|0|0|0|0
637|R0|1|1|0|1|1|1|0|0|0|0|1|0|4123954551|4123954556|0|0|0|0|0|0|0|0|0|0
638|R0|1|1|0|1|1|1|0|0|0|0|1|0|4131661183|4131661188|0|0|0|0|0|0|0|0|0|0
639|R0|1|1|0|1|1|1|0|0|0|0|1|0|4138535397|4138535402|0|0|0|0|0|0|0|0|0|0
640|R0|1|1|0|1|1|1|0|0|0|0|1|0|4145852972|4145852977|0|0|0|0|0|0|0|0|0|0
641|R0|1|1|0|1|1|1|0|0|0|0|1|0|4153341000|4153341005|0|0|0|0|0|0|0|0|0|0
642|R0|1|1|0|1|1|1|0|0|0|0|1|0|4160298734|4160298739|0|0|0|0|0|0|0|0|0|0
643|R0|1|1|0|1|1|1|0|0|0|0|1|0|4168059711|4168059716|0|0|0|0|0|0|0|0|0|0
644|R0|1|1|0|1|1|1|0|0|0|0|1|0|4177491409|4177491414|0|0|0|0|0|0|0|0|0|0
645|R0|1|1|0|1|1|1|0|0|0|0|1|0|4185538574|4185538579|0|0|0|0|0|0|0|0|0|0
646|R0|1|1|0|1|1|1|0|0|0|0|1|0|4194119255|4194119260|0|0|0|0|0|0|0|0|0|0
647|R0|1|1|0|1|1|1|0|0|0|0|1|0|4201295465|4201295470|0|0|0|0|0|0|0|0|0|0
648|R0|1|1|0|1|1|1|0|0|0|0|1|0|4208262851|4208262856|0|0|0|0|0|0|0|0|0|0
649|R0|1|1|0|1|1|1|0|0|0|0|1|0|4217007071|4217007076|0|0|0|0|0|0|0|0|0|0
650|R0|1|1|0|1|1|1|0|0|0|0|1|0|4226172082|4226172087|0|0|0|0|0|0|0|0|0|0
651|R0|1|1|0|1|1|1|0|0|0|0|1|0|4235157184|4235157189|0|0|0|0|0|0|0|0|0|0
652|R0|1|1|0|1|1|1|0|0|0|0|1|0|4241498042|4241498047|0|0|0|0|0|0|0|0|0|0
653|R0|1|1|0|1|1|1|0|0|0|0|1|0|4248176266|4248176271|0|0|0|0|0|0|0|0|0|0
654|R0|1|1|0|1|1|1|0|0|0|0|1|0|4254176558|4254176563|0|0|0|0|0|0|0|0|0|0
655|R0|1|1|0|1|1|1|0|0|0|0|1|0|4262750400|4262750405|0|0|0|0|0|0|0|0|0|0
656|R0|1|1|0|1|1|1|0|0|0|0|1|0|4270868008|4270868013|0|0|0|0|0|0|0|0|0|0
657|R0|1|1|0|1|1|1|0|0|0|0|1|0|4279458165|4279458170|0|0|0|0|0|0|0|0|0|0
658|R0|1|1|0|1|1|1|0|0|0|0|1|0|4285885768|4285885773|0|0|0|0|0|0|0|0|0|0
659|R0|1|1|0|1|1|1|0|0|0|0|1|0|4294154376|4294154381|0|0|0|0|0|0|0|0|0|0
660|R0|1|1|0|1|1|1|0|0|0|0|1|0|6286220|6286225|0|0|0|0|0|0|0|0|0|0
661|R0|1|1|0|1|1|1|0|0|0|0|1|0|15560502|15560507|0|0|0|0|0|0|0|0|0|0
662|R0|1|1|0|1|1|1|0|0|0|0|1|0|23674943|23674948|0|0|0|0|0|0|0|0|0|0
663|R0|1|1|0|1|1|1|0|0|0|0|1|0|30841530|30841535|0|0|0|0|0|0|0|0|0|0
664|R0|1|1|0|1|1|1|0|0|0|0|1|0|39421786|39421791|0|0|0|0|0|0|0|0|0|0
665|R0|1|1|0|1|1|1|0|0|0|0|1|0|46774725|46774730|0|0|0|0|0|0|0|0|0|0
666|R0|1|1|0|1|1|1|0|0|0|0|1|0|53870623|53870628|0|0|0|0|0|0|0|0|0|0
667|R0|1|1|0|1|1|1|0|0|0|0|1|0|61069315|61069320|0|0|0|0|0|0|0|0|0|0
668|R0|1|1|0|1|1|1|0|0|0|0|1|0|68274542|68274547|0|0|0|0|0|0|0|0|0|0
669|R0|1|1|0|1|1|1|0|0|0|0|1|0|76273269|76273274|0|0|0|0|0|0|0|0|0|0
670|R0|1|1|0|1|1|1|0|0|0|0|1|0|83523523|83523528|0|0|0|0|0|0|0|0|0|0
671|R0|1|1|0|1|1|1|0|0|0|0|1|0|92017219|92017224|0|0|0|0|0|0|0|0|0|0
672|R0|1|1|0|1|1|1|0|0|0|0|1|0|99064886|99064891|0|0|0|0|0|0|0|0|0|0
673|R0|1|1|0|1|1|1|0|0|0|0|1|0|108349527|108349532|0|0|0|0|0|0|0|0|0|0
674|R0|1|1|0|1|1|1|0|0|0|0|1|0|116573173|116573178|0|0|0|0|0|0|0|0|0|0
675|R0|1|1|0|1|1|1|0|0|0|0|1|0|124436963|124436968|0|0|0|0|0|0|0|0|0|0
676|R0|1|1|0|1|1|1|0|0|0|0|1|0|131677710|131677715|0|0|0|0|0|0|0|0|0|0
677|R0|1|1|0|1|1|1|0|0|0|0|1|0|140290894|140290899|0|0|0|0|0|0|0|0|0|0
678|R0|1|1|0|1|1|1|0|0|0|0|1|0|146500186|146500191|0|0|0|0|0|0|0|0|0|0
679|R0|1|1|0|1|1|1|0|0|0|0|1|0|152532753|152532758|0|0|0|0|0|0|0|0|0|0
680|R0|1|1|0|1|1|1|0|0|0|0|1|0|160435112|160435117|0|0|0|0|0|0|0|0|0|0
681|R0|1|1|0|1|1|1|0|0|0|0|1|0|170149535|170149540|0|0|0|0|0|0|0|0|0|0
682|R0|1|1|0|1|1|1|0|0|0|0|1|0|180198245|180198250|0|0|0|0|0|0|0|0|0|0
683|R0|1|1|0|1|1|1|0|0|0|0|1|0|187104543|187104548|0|0|0|0|0|0|0|0|0|0
684|R0|1|1|0|1|1|1|0|0|0|0|1|0|194782230|194782235|0|0|0|0|0|0|0|0|0|0
685|R0|1|1|0|1|1|1|0|0|0|0|1|0|201511839|201511844|0|0|0|0|0|0|0|0|0|0
686|R0|1|1|0|1|1|1|0|0|0|0|1|0|209941239|209941244|0|0|0|0|0|0|0|0|0|0
687|R0|1|1|0|1|1|1|0|0|0|0|1|0|216931112|216931117|0|0|0|0|0|0|0|0|0|0
688|R0|1|1|0|1|1|1|0|0|0|0|1|0|224865736|224865741|0|0|0|0|0|0|0|0|0|0
689|R0|1|1|0|1|1|1|0|0|0|0|1|0|231958446|231958451|0|0|0|0|0|0|0|0|0|0
690|R0|1|1|0|1|1|1|0|0|0|0|1|0|240869681|240869686|0|0|0|0|0|0|0|0|0|0
691|R0|1|1|0|1|1|1|0|0|0|0|1|0|248087935|248087940|0|0|0|0|0|0|0|0|0|0
692|R0|1|1|0|1|1|1|0|0|0|0|1|0|255865119|255865124|0|0|0|0|0|0|0|0|0|0
693|R0|1|1|0|1|1|1|0|0|0|0|1|0|262507999|262508004|0|0|0|0|0|0|0|0|0|0
694|R0|1|1|0|1|1|1|0|0|0|0|1|0|272682062|272682067|0|0|0|0|0|0|0|0|0|0
695|R0|1|1|0|1|1|1|0|0|0|0|1|0|280841704|280841709|0|0|0|0|0|0|0|0|0|0
696|R0|1|1|0|1|1|1|0|0|0|0|1|0|288782856|288782861|0|0|0|0|0|0|0|0|0|0
697|R0|1|1|0|1|1|1|0|0|0|0|1|0|298478734|298478739|0|0|0|0|0|0|0|0|0|0
698|R0|1|1|0|1|1|1|0|0|0|0|1|0|305751345|305751350|0|0|0|0|0|0|0|0|0|0
699|R0|1|1|0|1|1|1|0|0|0|0|1|0|313669754|313669759|0|0|0|0|0|0|0|0|0|0
700|R0|1|1|0|1|1|1|0|0|0|0|1|0|321350400|321350405|0|0|0|0|0|0|0|0|0|0
701|R0|1|1|0|1|1|1|0|0|0|0|1|0|329144200|329144205|0|0|0|0|0|0|0|0|0|0
702|R0|1|1|0|1|1|1|0|0|0|0|1|0|335844874|335844879|0|0|0|0|0|0|0|0|0|0
703|R0|1|1|0|1|1|1|0|0|0|0|1|0|344197187|344197192|0|0|0|0|0|0|0|0|0|0
704|R0|1|1|0|1|1|1|0|0|0|0|1|0|351424812|351424817|0|0|0|0|0|0|0|0|0|0
705|R0|1|1|0|1|1|1|0|0|0|0|1|0|359044416|359044421|0|0|0|0|0|0|0|0|0|0
706|R0|1|1|0|1|1|1|0|0|0|0|1|0|368797394|368797399|0|0|0|0|0|0|0|0|0|0
707|R0|1|1|0|1|1|1|0|0|0|0|1|0|375996375|375996380|0|0|0|0|0|0|0|0|0|0
708|R0|1|1|0|1|1|1|0|0|0|0|1|0|383998641|383998646|0|0|0|0|0|0|0|0|0|0
709|R0|1|1|0|1|1|1|0|0|0|0|1|0|392576474|392576479|0|0|0|0|0|0|0|0|0|0
710|R0|1|1|0|1|1|1|0|0|0|0|1|0|400713375|400713380|0|0|0|0|0|0|0|0|0|0
711|R0|1|1|0|1|1|1|0|0|0|0|1|0|408679976|408679981|0|0|0|0|0|0|0|0|0|0
712|R0|1|1|0|1|1|1|0|0|0|0|1|0|415942949|415942954|0|0|0|0|0|0|0|0|0|0
713|R0|1|1|0|1|1|1|0|0|0|0|1|0|426245370|426245375|0|0|0|0|0|0|0|0|0|0
714|R0|1|1|0|1|1|1|0|0|0|0|1|0|434437804|434437809|0|0|0|0|0|0|0|0|0|0
715|R0|1|1|0|1|1|1|0|0|0|0|1|0|442430367|442430372|0|0|0|0|0|0|0|0|0|0
716|R0|1|1|0|1|1|1|0|0|0|0|1|0|449407377|449407382|0|0|0|0|0|0|0|0|0|0
717|R0|1|1|0|1|1|1|0|0|0|0|1|0|457140090|457140095|0|0|0|0|0|0|0|0|0|0
718|R0|1|1|0|1|1|1|0|0|0|0|1|0|463930764|463930769|0|0|0|0|0|0|0|0|0|0
719|R0|1|1|0|1|1|1|0|0|0|0|1|0|472684529|472684534|0|0|0|0|0|0|0|0|0|0
720|R0|1|1|0|1|1|1|0|0|0|0|1|0|481541106|481541111|0|0|0|0|0|0|0|0|0|0
721|R0|1|1|0|1|1|1|0|0|0|0|1|0|488052238|488052243|0|0|0|0|0|0|0|0|0|0
722|R0|1|1|0|1|1|1|0|0|0|0|1|0|499032567|499032572|0|0|0|0|0|0|0|0|0|0
723|R0|1|1|0|1|1|1|0|0|0|0|1|0|506517215|506517220|0|0|0|0|0|0|0|0|0|0
724|R0|1|1|0|1|1|1|0|0|0|0|1|0|514506298|514506303|0|0|0|0|0|0|0|0|0|0
725|R0|1|1|0|1|1|1|0|0|0|0|1|0|523015953|523015958|0|0|0|0|0|0|0|0|0|0
726|R0|1|1|0|1|1|1|0|0|0|0|1|0|530134330|530134335|0|0|0|0|0|0|0|0|0|0
727|R0|1|1|0|1|1|1|0|0|0|0|1|0|537965980|537965985|0|0|0|0|0|0|0|0|0|0
728|R0|1|1|0|1|1|1|0|0|0|0|1|0|545527753|545527758|0|0|0|0|0|0|0|0|0|0
729|R0|1|1|0|1|1|1|0|0|0|0|1|0|554593864|554593869|0|0|0|0|0|0|0|0|0|0
730|R0|1|1|0|1|1|1|0|0|0|0|1|0|560680904|560680909|0|0|0|0|0|0|0|0|0|0
731|R0|1|1|0|1|1|1|0|0|0|0|1|0|568217143|568217148|0|0|0|0|0|0|0|0|0|0
732|R0|1|1|0|1|1|1|0|0|0|0|1|0|576193660|576193665|0|0|0|0|0|0|0|0|0|0
733|R0|1|1|0|1|1|1|0|0|0|0|1|0|585557887|585557892|0|0|0|0|0|0|0|0|0|0
734|R0|1|1|0|1|1|1|0|0|0|0|1|0|591853823|591853828|0|0|0|0|0|0|0|0|0|0
735|R0|1|1|0|1|1|1|0|0|0|0|1|0|599056026|599056031|0|0|0|0|0|0|0|0|0|0
736|R0|1|1|0|1|1|1|0|0|0|0|1|0|607263583|607263588|0|0|0|0|0|0|0|0|0|0
737|R0|1|1|0|1|1|1|0|0|0|0|1|0|613810074|613810079|0|0|0|0|0|0|0|0|0|0
738|R0|1|1|0|1|1|1|0|0|0|0|1|0|623653024|623653029|0|0|0|0|0|0|0|0|0|0
739|R0|1|1|0|1|1|1|0|0|0|0|1|0|632294326|632294331|0|0|0|0|0|0|0|0|0|0
740|R0|1|1|0|1|1|1|0|0|0|0|1|0|639615295|639615300|0|0|0|0|0|0|0|0|0|0
741|R0|1|1|0|1|1|1|0|0|0|0|1|0|647170638|647170643|0|0|0|0|0|0|0|0|0|0
742|R0|1|1|0|1|1|1|0|0|0|0|1|0|655847397|655847402|0|0|0|0|0|0|0|0|0|0
743|R0|1|1|0|1|1|1|0|0|0|0|1|0|663675875|663675880|0|0|0|0|0|0|0|0|0|0
744|R0|1|1|0|1|1|1|0|0|0|0|1|0|669711500|669711505|0|0|0|0|0|0|0|0|0|0
745|R0|1|1|0|1|1|1|0|0|0|0|1|0|676582499|676582504|0|0|0|0|0|0|0|0|0|0
746|R0|1|1|0|1|1|1|0|0|0|0|1|0|683646266|683646271|0|0|0|0|0|0|0|0|0|0
747|R0|1|1|0|1|1|1|0|0|0|0|1|0|691321285|691321290|0|0|0|0|0|0|0|0|0|0
748|R0|1|1|0|1|1|1|0|0|0|0|1|0|699085617|699085622|0|0|0|0|0|0|0|0|0|0
749|R0|1|1|0|1|1|1|0|0|0|0|1|0|707016872|707016877|0|0|0|0|0|0|0|0|0|0
750|R0|1|1|0|1|1|1|0|0|0|0|1|0|715774335|715774340|0|0|0|0|0|0|0|0|0|0
751|R0|1|1|0|1|1|1|0|0|0|0|1|0|723577078|723577083|0|0|0|0|0|0|0|0|0|0
752|R0|1|1|0|1|1|1|0|0|0|0|1|0|729567717|729567722|0|0|0|0|0|0|0|0|0|0
753|R0|1|1|0|1|1|1|0|0|0|0|1|0|736952821|736952826|0|0|0|0|0|0|0|0|0|0
754|R0|1|1|0|1|1|1|0|0|0|0|1|0|746336346|746336351|0|0|0|0|0|0|0|0|0|0
755|R0|1|1|0|1|1|1|0|0|0|0|1|0|754457151|754457156|0|0|0|0|0|0|0|0|0|0
756|R0|1|1|0|1|1|1|0|0|0|0|1|0|761787813|761787818|0|0|0|0|0|0|0|0|0|0
757|R0|1|1|0|1|1|1|0|0|0|0|1|0|769908640|769908645|0|0|0|0|0|0|0|0|0|0
758|R0|1|1|0|1|1|1|0|0|0|0|1|0|780262446|780262451|0|0|0|0|0|0|0|0|0|0
759|R0|1|1|0|1|1|1|0|0|0|0|1|0|787801722|787801727|0|0|0|0|0|0|0|0|0|0
760|R0|1|1|0|1|1|1|0|0|0|0|1|0|795685093|795685098|0|0|0|0|0|0|0|0|0|0
761|R0|1|1|0|1|1|1|0|0|0|0|1|0|802154476|802154481|0|0|0|0|0|0|0|0|0|0
762|R0|1|1|0|1|1|1|0|0|0|0|1|0|810705818|810705823|0|0|0|0|0|0|0|0|0|0
763|R0|1|1|0|1|1|1|0|0|0|0|1|0|819504561|819504566|0|0|0|0|0|0|0|0|0|0
764|R0|1|1|0|1|1|1|0|0|0|0|1|0|826831926|826831931|0|0|0|0|0|0|0|0|0|0
765|R0|1|1|0|1|1|1|0|0|0|0|1|0|833304502|833304507|0|0|0|0|0|0|0|0|0|0
766|R0|1|1|0|1|1|1|0|0|0|0|1|0|841756997|841757002|0|0|0|0|0|0|0|0|0|0
767|R0|1|1|0|1|1|1|0|0|0|0|1|0|848795071|848795076|0|0|0|0|0|0|0|0|0|0
768|R0|1|1|0|1|1|1|0|0|0|0|1|0|854888520|854888525|0|0|0|0|0|0|0|0|0|0
769|R0|1|1|0|1|1|1|0|0|0|0|1|0|862106766|862106771|0|0|0|0|0|0|0|0|0|0
770|R0|1|1|0|1|1|1|0|0|0|0|1|0|870150481|870150486|0|0|0|0|0|0|0|0|0|0
771|R0|1|1|0|1|1|1|0|0|0|0|1|0|879286588|879286593|0|0|0|0|0|0|0|0|0|0
772|R0|1|1|0|1|1|1|0|0|0|0|1|0|887616918|887616923|0|0|0|0|0|0|0|0|0|0
773|R0|1|1|0|1|1|1|0|0|0|0|1|0|895352319|895352324|0|0|0|0|0|0|0|0|0|0
774|R0|1|1|0|1|1|1|0|0|0|0|1|0|902496442|902496447|0|0|0|0|0|0|0|0|0|0
775|R0|1|1|0|1|1|1|0|0|0|0|1|0|910822876|910822881|0|0|0|0|0|0|0|0|0|0
776|R0|1|1|0|1|1|1|0|0|0|0|1|0|920286789|920286794|0|0|0|0|0|0|0|0|0|0
777|R0|1|1|0|1|1|1|0|0|0|0|1|0|929461457|929461462|0|0|0|0|0|0|0|0|0|0
778|R0|1|1|0|1|1|1|0|0|0|0|1|0|938170239|938170244|0|0|0|0|0|0|0|0|0|0
779|R0|1|1|0|1|1|1|0|0|0|0|1|0|945308032|945308037|0|0|0|0|0|0|0|0|0|0
780|R0|1|1|0|1|1|1|0|0|0|0|1|0|951144613|951144618|0|0|0|0|0|0|0|0|0|0
781|R0|1|1|0|1|1|1|0|0|0|0|1|0|960283985|960283990|0|0|0|0|0|0|0|0|0|0
782|R0|1|1|0|1|1|1|0|0|0|0|1|0|968642554|968642559|0|0|0|0|0|0|0|0|0|0
783|R0|1|1|0|1|1|1|0|0|0|0|1|0|977916805|977916810|0|0|0|0|0|0|0|0|0|0
784|R0|1|1|0|1|1|1|0|0|0|0|1|0|985012704|985012709|0|0|0|0|0|0|0|0|0|0
785|R0|1|1|0|1|1|1|0|0|0|0|1|0|992867016|992867021|0|0|0|0|0|0|0|0|0|0
786|R0|1|1|0|1|1|1|0|0|0|0|1|0|1000708302|1000708307|0|0|0|0|0|0|0|0|0|0
787|R0|1|1|0|1|1|1|0|0|0|0|1|0|1007817326|1007817331|0|0|0|0|0|0|0|0|0|0
788|R0|1|1|0|1|1|1|0|0|0|0|1|0|1016220876|1016220881|0|0|0|0|0|0|0|0|0|0
789|R0|1|1|0|1|1|1|0|0|0|0|1|0|1024894318|1024894323|0|0|0|0|0|0|0|0|0|0
790|R0|1|1|0|1|1|1|0|0|0|0|1|0|1033230399|1033230404|0|0|0|0|0|0|0|0|0|0
791|R0|1|1|0|1|1|1|0|0|0|0|1|0|1041467132|1041467137|0|0|0|0|0|0|0|0|0|0
792|R0|1|1|0|1|1|1|0|0|0|0|1|0|1046278664|1046278669|0|0|0|0|0|0|0|0|0|0
793|R0|1|1|0|1|1|1|0|0|0|0|1|0|1053416575|1053416580|0|0|0|0|0|0|0|0|0|0
794|R0|1|1|0|1|1|1|0|0|0|0|1|0|1061839406|1061839411|0|0|0|0|0|0|0|0|0|0
795|R0|1|1|0|1|1|1|0|0|0|0|1|0|1070641381|1070641386|0|0|0|0|0|0|0|0|0|0
796|R0|1|1|0|1|1|1|0|0|0|0|1|0|1078437701|1078437706|0|0|0|0|0|0|0|0|0|0
797|R0|1|1|0|1|1|1|0|0|0|0|1|0|1087043702|1087043707|0|0|0|0|0|0|0|0|0|0
798|R0|1|1|0|1|1|1|0|0|0|0|1|0|1096051278|1096051283|0|0|0|0|0|0|0|0|0|0
799|R0|1|1|0|1|1|1|0|0|0|0|1|0|1106385809|1106385814|0|0|0|0|0|0|0|0|0|0
800|R0|1|1|0|1|1|1|0|0|0|0|1|0|1113195890|1113195895|0|0|0|0|0|0|0|0|0|0
801|R0|1|1|0|1|1|1|0|0|0|0|1|0|1120963423|1120963428|0|0|0|0|0|0|0|0|0|0
802|R0|1|1|0|1|1|1|0|0|0|0|1|0|1131497247|1131497252|0|0|0|0|0|0|0|0|0|0
803|R0|1|1|0|1|1|1|0|0|0|0|1|0|1137786693|1137786698|0|0|0|0|0|0|0|0|0|0
804|R0|1|1|0|1|1|1|0|0|0|0|1|0|1145435237|1145435242|0|0|0|0|0|0|0|0|0|0
805|R0|1|1|0|1|1|1|0|0|0|0|1|0|1153806647|1153806652|0|0|0|0|0|0|0|0|0|0
806|R0|1|1|0|1|1|1|0|0|0|0|1|0|1164057664|1164057669|0|0|0|0|0|0|0|0|0|0
807|R0|1|1|0|1|1|1|0|0|0|0|1|0|1172663624|1172663629|0|0|0|0|0|0|0|0|0|0
808|R0|1|1|0|1|1|1|0|0|0|0|1|0|1179968380|1179968385|0|0|0|0|0|0|0|0|0|0
809|R0|1|1|0|1|1|1|0|0|0|0|1|0|1187449951|1187449956|0|0|0|0|0|0|0|0|0|0
810|R0|1|1|0|1|1|1|0|0|0|0|1|0|1195304136|1195304141|0|0|0|0|0|0|0|0|0|0
811|R0|1|1|0|1|1|1|0|0|0|0|1|0|1203749439|1203749444|0|0|0|0|0|0|0|0|0|0
812|R0|1|1|0|1|1|1|0|0|0|0|1|0|1212034408|1212034413|0|0|0|0|0|0|0|0|0|0
813|R0|1|1|0|1|1|1|0|0|0|0|1|0|1219188119|1219188124|0|0|0|0|0|0|0|0|0|0
814|R0|1|1|0|1|1|1|0|0|0|0|1|0|1226882716|1226882721|0|0|0|0|0|0|0|0|0|0
815|R0|1|1|0|1|1|1|0|0|0|0|1|0|1234778633|1234778638|0|0|0|0|0|0|0|0|0|0
816|R0|1|1|0|1|1|1|0|0|0|0|1|0|1242000081|1242000086|0|0|0|0|0|0|0|0|0|0
817|R0|1|1|0|1|1|1|0|0|0|0|1|0|1249989448|1249989453|0|0|0|0|0|0|0|0|0|0
818|R0|1|1|0|1|1|1|0|0|0|0|1|0|1258933375|1258933380|0|0|0|0|0|0|0|0|0|0
819|R0|1|1|0|1|1|1|0|0|0|0|1|0|1265319351|1265319356|0|0|0|0|0|0|0|0|0|0
820|R0|1|1|0|1|1|1|0|0|0|0|1|0|1272293184|1272293189|0|0|0|0|0|0|0|0|0|0
821|R0|1|1|0|1|1|1|0|0|0|0|1|0|1279575708|1279575713|0|0|0|0|0|0|0|0|0|0
822|R0|1|1|0|1|1|1|0|0|0|0|1|0|1287526286|1287526291|0|0|0|0|0|0|0|0|0|0
823|R0|1|1|0|1|1|1|0|0|0|0|1|0|1295113768|1295113773|0|0|0|0|0|0|0|0|0|0
824|R0|1|1|0|1|1|1|0|0|0|0|1|0|1302097352|1302097357|0|0|0|0|0|0|0|0|0|0
825|R0|1|1|0|1|1|1|0|0|0|0|1|0|1310754760|1310754765|0|0|0|0|0|0|0|0|0|0
826|R0|1|1|0|1|1|1|0|0|0|0|1|0|1318866149|1318866154|0|0|0|0|0|0|0|0|0|0
827|R0|1|1|0|1|1|1|0|0|0|0|1|0|1329120334|1329120339|0|0|0|0|0|0|0|0|0|0
828|R0|1|1|0|1|1|1|0|0|0|0|1|0|1335194515|1335194520|0|0|0|0|0|0|0|0|0|0
829|R0|1|1|0|1|1|1|0|0|0|0|1|0|1341618912|1341618917|0|0|0|0|0|0|0|0|0|0
830|R0|1|1|0|1|1|1|0|0|0|0|1|0|1352814490|1352814495|0|0|0|0|0|0|0|0|0|0
831|R0|1|1|0|1|1|1|0|0|0|0|1|0|1361667854|1361667859|0|0|0|0|0|0|0|0|0|0
832|R0|1|1|0|1|1|1|0|0|0|0|1|0|1369223418|1369223423|0|0|0|0|0|0|0|0|0|0
833|R0|1|1|0|1|1|1|0|0|0|0|1|0|1377087839|1377087844|0|0|0|0|0|0|0|0|0|0
834|R0|1|1|0|1|1|1|0|0|0|0|1|0|1384100210|1384100215|0|0|0|0|0|0|0|0|0|0
835|R0|1|1|0|1|1|1|0|0|0|0|1|0|1392266300|1392266305|0|0|0|0|0|0|0|0|0|0
836|R0|1|1|0|1|1|1|0|0|0|0|1|0|1400335967|1400335972|0|0|0|0|0|0|0|0|0|0
837|R0|1|1|0|1|1|1|0|0|0|0|1|0|1407097713|1407097718|0|0|0|0|0|0|0|0|0|0
838|R0|1|1|0|1|1|1|0|0|0|0|1|0|1415003246|1415003251|0|0|0|0|0|0|0|0|0|0
839|R0|1|1|0|1|1|1|0|0|0|0|1|0|1424676145|1424676150|0|0|0|0|0|0|0|0|0|0
840|R0|1|1|0|1|1|1|0|0|0|0|1|0|1432652380|1432652385|0|0|0|0|0|0|0|0|0|0
841|R0|1|1|0|1|1|1|0|0|0|0|1|0|1441251916|1441251921|0|0|0|0|0|0|0|0|0|0
842|R0|1|1|0|1|1|1|0|0|0|0|1|0|1449134970|1449134975|0|0|0|0|0|0|0|0|0|0
843|R0|1|1|0|1|1|1|0|0|0|0|1|0|1457159395|1457159400|0|0|0|0|0|0|0|0|0|0
844|R0|1|1|0|1|1|1|0|0|0|0|1|0|1464348497|1464348502|0|0|0|0|0|0|0|0|0|0
845|R0|1|1|0|1|1|1|0|0|0|0|1|0|1471489653|1471489658|0|0|0|0|0|0|0|0|0|0
846|R0|1|1|0|1|1|1|0|0|0|0|1|0|1479514225|1479514230|0|0|0|0|0|0|0|0|0|0
847|R0|1|1|0|1|1|1|0|0|0|0|1|0|1488454490|1488454495|0|0|0|0|0|0|0|0|0|0
848|R0|1|1|0|1|1|1|0|0|0|0|1|0|1495405829|1495405834|0|0|0|0|0|0|0|0|0|0
849|R0|1|1|0|1|1|1|0|0|0|0|1|0|1502684855|1502684860|0|0|0|0|0|0|0|0|0|0
850|R0|1|1|0|1|1|1|0|0|0|0|1|0|1510147182|1510147187|0|0|0|0|0|0|0|0|0|0
851|R0|1|1|0|1|1|1|0|0|0|0|1|0|1519157989|1519157994|0|0|0|0|0|0|0|0|0|0
852|R0|1|1|0|1|1|1|0|0|0|0|1|0|1526093242|1526093247|0|0|0|0|0|0|0|0|0|0
853|R0|1|1|0|1|1|1|0|0|0|0|1|0|1533144282|1533144287|0|0|0|0|0|0|0|0|0|0
854|R0|1|1|0|1|1|1|0|0|0|0|1|0|1540137354|1540137359|0|0|0|0|0|0|0|0|0|0
855|R0|1|1|0|1|1|1|0|0|0|0|1|0|1549450170|1549450175|0|0|0|0|0|0|0|0|0|0
856|R0|1|1|0|1|1|1|0|0|0|0|1|0|1556626668|1556626673|0|0|0|0|0|0|0|0|0|0
857|R0|1|1|0|1|1|1|0|0|0|0|1|0|1564159516|1564159521|0|0|0|0|0|0|0|0|0|0
858|R0|1|1|0|1|1|1|0|0|0|0|1|0|1572087557|1572087562|0|0|0|0|0|0|0|0|0|0
859|R0|1|1|0|1|1|1|0|0|0|0|1|0|1579736072|1579736077|0|0|0|0|0|0|0|0|0|0
860|R0|1|1|0|1|1|1|0|0|0|0|1|0|1587481582|1587481587|0|0|0|0|0|0|0|0|0|0
861|R0|1|1|0|1|1|1|0|0|0|0|1|0|1595686069|1595686074|0|0|0|0|0|0|0|0|0|0
862|R0|1|1|0|1|1|1|0|0|0|0|1|0|1602251825|1602251830|0|0|0|0|0|0|0|0|0|0
863|R0|1|1|0|1|1|1|0|0|0|0|1|0|1609003921|1609003926|0|0|0|0|0|0|0|0|0|0
864|R0|1|1|0|1|1|1|0|0|0|0|1|0|1616402094|1616402099|0|0|0|0|0|0|0|0|0|0
865|R0|1|1|0|1|1|1|0|0|0|0|1|0|1625949449|1625949454|0|0|0|0|0|0|0|0|0|0
866|R0|1|1|0|1|1|1|0|0|0|0|1|0|1633344137|1633344142|0|0|0|0|0|0|0|0|0|0
867|R0|1|1|0|1|1|1|0|0|0|0|1|0|1640819226|1640819231|0|0|0|0|0|0|0|0|0|0
868|R0|1|1|0|1|1|1|0|0|0|0|1|0|1648904703|1648904708|0|0|0|0|0|0|0|0|0|0
869|R0|1|1|0|1|1|1|0|0|0|0|1|0|1656110076|1656110081|0|0|0|0|0|0|0|0|0|0
870|R0|1|1|0|1|1|1|0|0|0|0|1|0|1663970798|1663970803|0|0|0|0|0|0|0|0|0|0
871|R0|1|1|0|1|1|1|0|0|0|0|1|0|1673046126|1673046131|0|0|0|0|0|0|0|0|0|0
872|R0|1|1|0|1|1|1|0|0|0|0|1|0|1681511328|1681511333|0|0|0|0|0|0|0|0|0|0
873|R0|1|1|0|1|1|1|0|0|0|0|1|0|1689317292|1689317297|0|0|0|0|0|0|0|0|0|0
874|R0|1|1|0|1|1|1|0|0|0|0|1|0|1696339295|1696339300|0|0|0|0|0|0|0|0|0|0
875|R0|1|1|0|1|1|1|0|0|0|0|1|0|1704315537|1704315542|0|0|0|0|0|0|0|0|0|0
876|R0|1|1|0|1|1|1|0|0|0|0|1|0|1712201934|1712201939|0|0|0|0|0|0|0|0|0|0
877|R0|1|1|0|1|1|1|0|0|0|0|1|0|1719879368|1719879373|0|0|0|0|0|0|0|0|0|0
878|R0|1|1|0|1|1|1|0|0|0|0|1|0|1728797032|1728797037|0|0|0|0|0|0|0|0|0|0
879|R0|1|1|0|1|1|1|0|0|0|0|1|0|1739266495|1739266500|0|0|0|0|0|0|0|0|0|0
880|R0|1|1|0|1|1|1|0|0|0|0|1|0|1746143894|1746143899|0|0|0|0|0|0|0|0|0|0
881|R0|1|1|0|1|1|1|0|0|0|0|1|0|1754239222|1754239227|0|0|0|0|0|0|0|0|0|0
882|R0|1|1|0|1|1|1|0|0|0|0|1|0|1761351180|1761351185|0|0|0|0|0|0|0|0|0|0
883|R0|1|1|0|1|1|1|0|0|0|0|1|0|1769867304|1769867309|0|0|0|0|0|0|0|0|0|0
884|R0|1|1|0|1|1|1|0|0|0|0|1|0|1778045957|1778045962|0|0|0|0|0|0|0|0|0|0
885|R0|1|1|0|1|1|1|0|0|0|0|1|0|1787101724|1787101729|0|0|0|0|0|0|0|0|0|0
886|R0|1|1|0|1|1|1|0|0|0|0|1|0|1795257893|1795257898|0|0|0|0|0|0|0|0|0|0
887|R0|1|1|0|1|1|1|0|0|0|0|1|0|1803365859|1803365864|0|0|0|0|0|0|0|0|0|0
888|R0|1|1|0|1|1|1|0|0|0|0|1|0|1811804782|1811804787|0|0|0|0|0|0|0|0|0|0
889|R0|1|1|0|1|1|1|0|0|0|0|1|0|1818682341|1818682346|0|0|0|0|0|0|0|0|0|0
890|R0|1|1|0|1|1|1|0|0|0|0|1|0|1825585500|1825585505|0|0|0|0|0|0|0|0|0|0
891|R0|1|1|0|1|1|1|0|0|0|0|1|0|1832771374|1832771379|0|0|0|0|0|0|0|0|0|0
892|R0|1|1|0|1|1|1|0|0|0|0|1|0|1838691322|1838691327|0|0|0|0|0|0|0|0|0|0
893|R0|1|1|0|1|1|1|0|0|0|0|1|0|1846067040|1846067045|0|0|0|0|0|0|0|0|0|0
894|R0|1|1|0|1|1|1|0|0|0|0|1|0|1855254551|1855254556|0|0|0|0|0|0|0|0|0|0
895|R0|1|1|0|1|1|1|0|0|0|0|1|0|1861669311|1861669316|0|0|0|0|0|0|0|0|0|0
896|R0|1|1|0|1|1|1|0|0|0|0|1|0|1871001381|1871001386|0|0|0|0|0|0|0|0|0|0
897|R0|1|1|0|1|1|1|0|0|0|0|1|0|1878316055|1878316060|0|0|0|0|0|0|0|0|0|0
898|R0|1|1|0|1|1|1|0|0|0|0|1|0|1887291790|1887291795|0|0|0|0|0|0|0|0|0|0
899|R0|1|1|0|1|1|1|0|0|0|0|1|0|1896328302|1896328307|0|0|0|0|0|0|0|0|0|0
900|R0|1|1|0|1|1|1|0|0|0|0|1|0|1904834661|1904834666|0|0|0|0|0|0|0|0|0|0
901|R0|1|1|0|1|1|1|0|0|0|0|1|0|1913038981|1913038986|0|0|0|0|0|0|0|0|0|0
902|R0|1|1|0|1|1|1|0|0|0|0|1|0|1922808063|1922808068|0|0|0|0|0|0|0|0|0|0
903|R0|1|1|0|1|1|1|0|0|0|0|1|0|1932169041|1932169046|0|0|0|0|0|0|0|0|0|0
904|R0|1|1|0|1|1|1|0|0|0|0|1|0|1939560837|1939560842|0|0|0|0|0|0|0|0|0|0
905|R0|1|1|0|1|1|1|0|0|0|0|1|0|1947215918|1947215923|0|0|0|0|0|0|0|0|0|0
906|R0|1|1|0|1|1|1|0|0|0|0|1|0|1953486389|1953486394|0|0|0|0|0|0|0|0|0|0
907|R0|1|1|0|1|1|1|0|0|0|0|1|0|1963236250|1963236255|0|0|0|0|0|0|0|0|0|0
908|R0|1|1|0|1|1|1|0|0|0|0|1|0|1970611903|1970611908|0|0|0|0|0|0|0|0|0|0
909|R0|1|1|0|1|1|1|0|0|0|0|1|0|1977370437|1977370442|0|0|0|0|0|0|0|0|0|0
910|R0|1|1|0|1|1|1|0|0|0|0|1|0|1985510682|1985510687|0|0|0|0|0|0|0|0|0|0
911|R0|1|1|0|1|1|1|0|0|0|0|1|0|1994515045|1994515050|0|0|0|0|0|0|0|0|0|0
912|R0|1|1|0|1|1|1|0|0|0|0|1|0|2003966066|2003966071|0|0|0|0|0|0|0|0|0|0
913|R0|1|1|0|1|1|1|0|0|0|0|1|0|2011023383|2011023388|0|0|0|0|0|0|0|0|0|0
914|R0|1|1|0|1|1|1|0|0|0|0|1|0|2019298559|2019298564|0|0|0|0|0|0|0|0|0|0
915|R0|1|1|0|1|1|1|0|0|0|0|1|0|2028540933|2028540938|0|0|0|0|0|0|0|0|0|0
916|R0|1|1|0|1|1|1|0|0|0|0|1|0|2037474618|2037474623|0|0|0|0|0|0|0|0|0|0
917|R0|1|1|0|1|1|1|0|0|0|0|1|0|2045287158|2045287163|0|0|0|0|0|0|0|0|0|0
918|R0|1|1|0|1|1|1|0|0|0|0|1|0|2052235249|2052235254|0|0|0|0|0|0|0|0|0|0
919|R0|1|1|0|1|1|1|0|0|0|0|1|0|2062033490|2062033495|0|0|0|0|0|0|0|0|0|0
920|R0|1|1|0|1|1|1|0|0|0|0|1|0|2068965527|2068965532|0|0|0|0|0|0|0|0|0|0
921|R0|1|1|0|1|1|1|0|0|0|0|1|0|2076639717|2076639722|0|0|0|0|0|0|0|0|0|0
922|R0|1|1|0|1|1|1|0|0|0|0|1|0|2083523740|2083523745|0|0|0|0|0|0|0|0|0|0
923|R0|1|1|0|1|1|1|0|0|0|0|1|0|2092583240|2092583245|0|0|0|0|0|0|0|0|0|0
924|R0|1|1|0|1|1|1|0|0|0|0|1|0|2100238184|2100238189|0|0|0|0|0|0|0|0|0|0
925|R0|1|1|0|1|1|1|0|0|0|0|1|0|2106318784|2106318789|0|0|0|0|0|0|0|0|0|0
926|R0|1|1|0|1|1|1|0|0|0|0|1|0|2114006135|2114006140|0|0|0|0|0|0|0|0|0|0
927|R0|1|1|0|1|1|1|0|0|0|0|1|0|2121654670|2121654675|0|0|0|0|0|0|0|0|0|0
928|R0|1|1|0|1|1|1|0|0|0|0|1|0|2129431854|2129431859|0|0|0|0|0|0|0|0|0|0
929|R0|1|1|0|1|1|1|0|0|0|0|1|0|2136367103|2136367108|0|0|0|0|0|0|0|0|0|0
930|R0|1|1|0|1|1|1|0|0|0|0|1|0|2144619854|2144619859|0|0|0|0|0|0|0|0|0|0
931|R0|1|1|0|1|1|1|0|0|0|0|1|0|2154029806|2154029811|0|0|0|0|0|0|0|0|0|0
932|R0|1|1|0|1|1|1|0|0|0|0|1|0|2160148959|2160148964|0|0|0|0|0|0|0|0|0|0
933|R0|1|1|0|1|1|1|0|0|0|0|1|0|2168533247|2168533252|0|0|0|0|0|0|0|0|0|0
934|R0|1|1|0|1|1|1|0|0|0|0|1|0|2177078166|2177078171|0|0|0|0|0|0|0|0|0|0
935|R0|1|1|0|1|1|1|0|0|0|0|1|0|2184312511|2184312516|0|0|0|0|0|0|0|0|0|0
936|R0|1|1|0|1|1|1|0|0|0|0|1|0|2192960252|2192960257|0|0|0|0|0|0|0|0|0|0
937|R0|1|1|0|1|1|1|0|0|0|0|1|0|2200891505|2200891510|0|0|0|0|0|0|0|0|0|0
938|R0|1|1|0|1|1|1|0|0|0|0|1|0|2209195603|2209195608|0|0|0|0|0|0|0|0|0|0
939|R0|1|1|0|1|1|1|0|0|0|0|1|0|2216031214|2216031219|0|0|0|0|0|0|0|0|0|0
940|R0|1|1|0|1|1|1|0|0|0|0|1|0|2224007583|2224007588|0|0|0|0|0|0|0|0|0|0
941|R0|1|1|0|1|1|1|0|0|0|0|1|0|2231652881|2231652886|0|0|0|0|0|0|0|0|0|0
942|R0|1|1|0|1|1|1|0|0|0|0|1|0|2240445292|2240445297|0|0|0|0|0|0|0|0|0|0
943|R0|1|1|0|1|1|1|0|0|0|0|1|0|2248257660|2248257665|0|0|0|0|0|0|0|0|0|0
944|R0|1|1|0|1|1|1|0|0|0|0|1|0|2256587317|2256587322|0|0|0|0|0|0|0|0|0|0
945|R0|1|1|0|1|1|1|0|0|0|0|1|0|2263169134|2263169139|0|0|0|0|0|0|0|0|0|0
946|R0|1|1|0|1|1|1|0|0|0|0|1|0|2270239543|2270239548|0|0|0|0|0|0|0|0|0|0
947|R0|1|1|0|1|1|1|0|0|0|0|1|0|2279214995|2279215000|0|0|0|0|0|0|0|0|0|0
948|R0|1|1|0|1|1|1|0|0|0|0|1|0|2288383223|2288383228|0|0|0|0|0|0|0|0|0|0
949|R0|1|1|0|1|1|1|0|0|0|0|1|0|2296128403|2296128408|0|0|0|0|0|0|0|0|0|0
950|R0|1|1|0|1|1|1|0|0|0|0|1|0|2303632494|2303632499|0|0|0|0|0|0|0|0|0|0
951|R0|1|1|0|1|1|1|0|0|0|0|1|0|2311515560|2311515565|0|0|0|0|0|0|0|0|0|0
952|R0|1|1|0|1|1|1|0|0|0|0|1|0|2320346440|2320346445|0|0|0|0|0|0|0|0|0|0
953|R0|1|1|0|1|1|1|0|0|0|0|1|0|2327192008|2327192013|0|0|0|0|0|0|0|0|0|0
954|R0|1|1|0|1|1|1|0|0|0|0|1|0|2333577841|2333577846|0|0|0|0|0|0|0|0|0|0
955|R0|1|1|0|1|1|1|0|0|0|0|1|0|2343343688|2343343693|0|0|0|0|0|0|0|0|0|0
956|R0|1|1|0|1|1|1|0|0|0|0|1|0|2352566551|2352566556|0|0|0|0|0|0|0|0|0|0
957|R0|1|1|0|1|1|1|0|0|0|0|1|0|2360456067|2360456072|0|0|0|0|0|0|0|0|0|0
958|R0|1|1|0|1|1|1|0|0|0|0|1|0|2369219465|2369219470|0|0|0|0|0|0|0|0|0|0
959|R0|1|1|0|1|1|1|0|0|0|0|1|0|2376354042|2376354047|0|0|0|0|0|0|0|0|0|0
960|R0|1|1|0|1|1|1|0|0|0|0|1|0|2384516716|2384516721|0|0|0|0|0|0|0|0|0|0
961|R0|1|1|0|1|1|1|0|0|0|0|1|0|2392499470|2392499475|0|0|0|0|0|0|0|0|0|0
962|R0|1|1|0|1|1|1|0|0|0|0|1|0|2399405946|2399405951|0|0|0|0|0|0|0|0|0|0
963|R0|1|1|0|1|1|1|0|0|0|0|1|0|2406382961|2406382966|0|0|0|0|0|0|0|0|0|0
964|R0|1|1|0|1|1|1|0|0|0|0|1|0|2415445169|2415445174|0|0|0|0|0|0|0|0|0|0
965|R0|1|1|0|1|1|1|0|0|0|0|1|0|2422689166|2422689171|0|0|0|0|0|0|0|0|0|0
966|R0|1|1|0|1|1|1|0|0|0|0|1|0|2429489489|2429489494|0|0|0|0|0|0|0|0|0|0
967|R0|1|1|0|1|1|1|0|0|0|0|1|0|2437311493|2437311498|0|0|0|0|0|0|0|0|0|0
968|R0|1|1|0|1|1|1|0|0|0|0|1|0|2447299031|2447299036|0|0|0|0|0|0|0|0|0|0
969|R0|1|1|0|1|1|1|0|0|0|0|1|0|2454382222|2454382227|0|0|0|0|0|0|0|0|0|0
970|R0|1|1|0|1|1|1|0|0|0|0|1|0|2462223510|2462223515|0|0|0|0|0|0|0|0|0|0
971|R0|1|1|0|1|1|1|0|0|0|0|1|0|2470071260|2470071265|0|0|0|0|0|0|0|0|0|0
972|R0|1|1|0|1|1|1|0|0|0|0|1|0|2479072433|2479072438|0|0|0|0|0|0|0|0|0|0
973|R0|1|1|0|1|1|1|0|0|0|0|1|0|2487986853|2487986858|0|0|0|0|0|0|0|0|0|0
974|R0|1|1|0|1|1|1|0|0|0|0|1|0|2495083020|2495083025|0|0|0|0|0|0|0|0|0|0
975|R0|1|1|0|1|1|1|0|0|0|0|1|0|2501632727|2501632732|0|0|0|0|0|0|0|0|0|0
976|R0|1|1|0|1|1|1|0|0|0|0|1|0|2513613160|2513613165|0|0|0|0|0|0|0|0|0|0
977|R0|1|1|0|1|1|1|0|0|0|0|1|0|2520622345|2520622350|0|0|0|0|0|0|0|0|0|0
978|R0|1|1|0|1|1|1|0|0|0|0|1|0|2529430728|2529430733|0|0|0|0|0|0|0|0|0|0
979|R0|1|1|0|1|1|1|0|0|0|0|1|0|2537281655|2537281660|0|0|0|0|0|0|0|0|0|0
980|R0|1|1|0|1|1|1|0|0|0|0|1|0|2545980983|2545980988|0|0|0|0|0|0|0|0|0|0
981|R0|1|1|0|1|1|1|0|0|0|0|1|0|2554834368|2554834373|0|0|0|0|0|0|0|0|0|0
982|R0|1|1|0|1|1|1|0|0|0|0|1|0|2563228282|2563228287|0|0|0|0|0|0|0|0|0|0
983|R0|1|1|0|1|1|1|0|0|0|0|1|0|2572955589|2572955594|0|0|0|0|0|0|0|0|0|0
984|R0|1|1|0|1|1|1|0|0|0|0|1|0|2581096572|2581096577|0|0|0|0|0|0|0|0|0|0
985|R0|1|1|0|1|1|1|0|0|0|0|1|0|2589827895|2589827900|0|0|0|0|0|0|0|0|0|0
986|R0|1|1|0|1|1|1|0|0|0|0|1|0|2598404956|2598404961|0|0|0|0|0|0|0|0|0|0
987|R0|1|1|0|1|1|1|0|0|0|0|1|0|2607624700|2607624705|0|0|0|0|0|0|0|0|0|0
988|R0|1|1|0|1|1|1|0|0|0|0|1|0|2613788881|2613788886|0|0|0|0|0|0|0|0|0|0
989|R0|1|1|0|1|1|1|0|0|0|0|1|0|2621135662|2621135667|0|0|0|0|0|0|0|0|0|0
990|R0|1|1|0|1|1|1|0|0|0|0|1|0|2628466133|2628466138|0|0|0|0|0|0|0|0|0|0
991|R0|1|1|0|1|1|1|0|0|0|0|1|0|2637290618|2637290623|0|0|0|0|0|0|0|0|0|0
992|R0|1|1|0|1|1|1|0|0|0|0|1|0|2646927921|2646927926|0|0|0|0|0|0|0|0|0|0
993|R0|1|1|0|1|1|1|0|0|0|0|1|0|2654184604|2654184609|0|0|0|0|0|0|0|0|0|0
994|R0|1|1|0|1|1|1|0|0|0|0|1|0|2661309463|2661309468|0|0|0|0|0|0|0|0|0|0
995|R0|1|1|0|1|1|1|0|0|0|0|1|0|2669831890|2669831895|0|0|0|0|0|0|0|0|0|0
996|R0|1|1|0|1|1|1|0|0|0|0|1|0|2679025832|2679025837|0|0|0|0|0|0|0|0|0|0
997|R0|1|1|0|1|1|1|0|0|0|0|1|0|2686629372|2686629377|0|0|0|0|0|0|0|0|0|0
998|R0|1|1|0|1|1|1|0|0|0|0|1|0|2695556648|2695556653|0|0|0|0|0|0|0|0|0|0
999|R0|1|1|0|1|1|1|0|0|0|0|1|0|2703414175|2703414180|0|0|0|0|0|0|0|0|0|0
