captured_ms|sequence|label|role|admission_snapshot_words_csv|ps_runtime_words_csv|pl_perf_snapshot_words_csv
1785868880814|1001|degrade_static_unavailable_1|fixed|2,1378943233,16781056,0,4296215,0,35185,0,35185,0,762,0,381,0,0,0,4074,0,2433848,0,4096,0,0,0,381,0,452132670,0,452132678,0,0,0,0,0,0,0,0,4096,256,131072,4,15|9,0,0,0,0,0,0,0,0,0,0,0,0,0,0,0,0,0,0|2,1211876481,0,0,0,0,0,0,0,8911,0,0,0,0,0,0,0,0,0,0,887351742,0,0,0,0,0
1785868880814|1001|degrade_static_unavailable_1|rotating|2,1378943233,33558272,0,4372099,0,4336271,0,4336271,0,4148,0,4147,0,0,0,388,0,128008944,0,4096,0,0,0,4147,0,436499472,0,436499480,0,0,0,0,0,0,0,0,4096,256,131072,4,15|9,0,0,0,0,0,0,0,0,0,0,0,0,0,0,0,0,0,0|2,490905862,0,3122080,0,0,0,0,0,3299587,0,0,0,231262405,0,231262405,0,2080,231932689,0,258861801,0,0,0,0,0
1785868889586|1002|degrade_static_unavailable_2|fixed|6,1378943233,16777949,4303098,0,4267819,0,4267819,0,4083,0,4081,0,0,0,382,0,125976602,0,4096,0,0,0,4082,0,1014056308,0,1014056316,0,0,0,0,0,0,0,0,0,4096,256,131072,4,15|9,0,0,0,0,0,0,0,0,0,0,0,0,0,0,0,0,0,0|4,1773266771,0,3058848,0,4194304,0,4194304,0,3234938,0,0,1,226700962,0,226700962,0,2080,227357670,0,1136197183,0,0,0,0,0
1785868889586|1002|degrade_static_unavailable_2|rotating|6,1378943233,33558033,4375763,0,35920,0,35920,0,778,0,389,0,0,0,4150,0,2482074,0,4096,0,0,0,389,0,997669963,0,997669971,0,0,0,0,0,0,0,0,0,4096,256,131072,4,15|9,0,0,0,0,0,0,0,0,0,0,0,0,0,0,0,0,0,0|4,1050599824,0,4194304,0,0,0,0,0,9048,0,1,0,310732279,0,310732279,0,2048,312001852,0,410509435,0,0,0,0,0
1785868898410|1003|degrade_static_unavailable_4|fixed|10,1378943233,16778427,4306220,4271857,4270941,4271857,4270941,4271857,4086,4085,4084,4084,0,0,382,0,126072906,126069824,4096,4096,0,0,4085,4085,1578940807,1578940815,1578940815,1578940791,0,0,0,0,0,0,0,0,4096,256,131072,4,15|9,0,0,0,0,0,0,0,0,0,0,0,0,0,0,0,0,0,0|6,2338117302,0,7253152,0,4194304,0,4194304,0,3237141,0,1,1,537565604,0,537565604,0,2080,539491885,0,1388760167,0,0,0,0,0
1785868898410|1003|degrade_static_unavailable_4|rotating|10,1378943233,33558272,4380676,4344857,35920,0,35920,0,778,0,389,0,0,0,4155,4154,2484912,0,4096,0,0,0,389,0,1562388340,0,1562388348,0,0,0,0,0,0,0,0,0,4096,256,131072,4,15|9,0,0,0,0,0,0,0,0,0,0,0,0,0,0,0,0,0,0|6,1616197309,0,4194304,0,4194304,0,4194304,0,9071,0,1,1,310732279,0,310732279,0,2048,312001852,0,565985945,0,0,0,0,0
1785868907229|1004|degrade_static_unavailable_8|fixed|14,1378943233,16779383,4308500,4272406,4273129,4272406,4273129,4272406,4088,4086,4086,4085,0,0,383,0,126137168,126110587,4096,4096,0,0,4087,4086,2143330909,2143330938,2143330917,2143330946,0,0,0,0,0,0,0,0,4096,256,131072,4,15|9,0,0,0,0,0,0,0,0,0,0,0,0,0,0,0,0,0,0|8,2902544161,0,11455360,0,4194304,0,4194304,0,3239108,0,2,1,848443351,0,848443351,0,2080,851640901,0,1640884400,0,0,0,0,0
1785868907229|1004|degrade_static_unavailable_8|rotating|14,1378943233,33558272,4384954,4348051,35920,0,35920,0,778,0,389,0,0,0,4159,4158,2484912,0,4096,0,0,0,389,0,2126667963,0,2126667971,0,0,0,0,0,0,0,0,0,4096,256,131072,4,15|9,0,0,0,0,0,0,0,0,0,0,0,0,0,0,0,0,0,0|8,2180559462,0,4194304,0,8388608,0,8388608,0,9071,0,1,2,310732279,0,310732279,0,2048,312001852,0,718902414,0,0,0,0,0
1785868916005|1005|degrade_static_unavailable_3|fixed|18,1378943233,16781056,0,0,0,0,0,0,0,0,0,0,0,0,0,0,0,0,0,0,0,0,0,0,0,0,0,0,0,0,0,0,0,0,0,0,4096,256,131072,4,15|9,0,0,0,0,0,0,0,0,0,0,0,0,0,0,0,0,0,0|10,3464308179,0,12582912,0,4194304,0,4194304,0,5137,0,3,1,932196981,0,932196981,0,2048,936005699,0,1793518108,0,0,0,0,0
1785868916005|1005|degrade_static_unavailable_3|rotating|18,1378943233,33558272,0,0,0,0,0,0,0,0,0,0,0,0,0,0,0,0,0,0,0,0,0,0,0,0,0,0,0,0,0,0,0,0,0,0,4096,256,131072,4,15|9,0,0,0,0,0,0,0,0,0,0,0,0,0,0,0,0,0,0|10,2742301717,0,5600476,0,12582912,0,12582912,0,1500367,0,1,3,541821045,0,541821045,0,2072,543396325,0,968746647,0,0,0,0,0
1785868921006|1005|degrade_static_unavailable_3|fixed|20,1378943233,16781056,0,0,0,0,0,0,0,0,0,0,0,0,0,0,0,0,0,0,0,0,0,0,0,0,0,0,0,0,0,0,0,0,0,0,4096,256,131072,4,15|9,0,0,0,0,0,0,0,0,0,0,0,0,0,0,0,0,0,0|12,3784212712,0,12582912,0,4194304,0,4194304,0,7099,0,3,1,932196981,0,932196981,0,2048,936005699,0,1793518108,0,0,0,0,0
1785868921006|1005|degrade_static_unavailable_3|rotating|20,1378943233,33558272,0,0,0,0,0,0,0,0,0,0,0,0,0,0,0,0,0,0,0,0,0,0,0,0,0,0,0,0,0,0,0,0,0,0,4096,256,131072,4,15|9,0,0,0,0,0,0,0,0,0,0,0,0,0,0,0,0,0,0|12,3061759395,0,5639504,0,12582912,0,12582912,0,1582987,0,1,3,861268966,0,861268966,0,2073,862854003,0,968746647,0,0,0,0,0
1785868926019|1005|degrade_static_unavailable_3|fixed|22,1378943233,16781056,0,0,0,0,0,0,0,0,0,0,0,0,0,0,0,0,0,0,0,0,0,0,0,0,0,0,0,0,0,0,0,0,0,0,4096,256,131072,4,15|9,0,0,0,0,0,0,0,0,0,0,0,0,0,0,0,0,0,0|14,4105354382,0,12582912,0,4194304,0,4194304,0,9152,0,3,1,932196981,0,932196981,0,2048,936005699,0,1793518108,0,0,0,0,0
1785868926019|1005|degrade_static_unavailable_3|rotating|22,1378943233,33558272,0,0,0,0,0,0,0,0,0,0,0,0,0,0,0,0,0,0,0,0,0,0,0,0,0,0,0,0,0,0,0,0,0,0,4096,256,131072,4,15|9,0,0,0,0,0,0,0,0,0,0,0,0,0,0,0,0,0,0|14,3382747838,0,5709156,0,12582912,0,12582912,0,1698227,0,1,3,1182239996,0,1182239996,0,2073,1183841567,0,968746647,0,0,0,0,0
1785868931025|1005|degrade_static_unavailable_3|fixed|24,1378943233,16781056,0,0,0,0,0,0,0,0,0,0,0,0,0,0,0,0,0,0,0,0,0,0,0,0,0,0,0,0,0,0,0,0,0,0,4096,256,131072,4,15|9,0,0,0,0,0,0,0,0,0,0,0,0,0,0,0,0,0,0|16,130548658,1,12582912,0,4194304,0,4194304,0,11090,0,3,1,932196981,0,932196981,0,2048,936005699,0,1793518108,0,0,0,0,0
1785868931025|1005|degrade_static_unavailable_3|rotating|24,1378943233,33558272,0,0,0,0,0,0,0,0,0,0,0,0,0,0,0,0,0,0,0,0,0,0,0,0,0,0,0,0,0,0,0,0,0,0,4096,256,131072,4,15|9,0,0,0,0,0,0,0,0,0,0,0,0,0,0,0,0,0,0|16,3702681063,0,5748676,0,12582912,0,12582912,0,1780812,0,1,3,1502163341,0,1502163341,0,2074,1503774792,0,968746647,0,0,0,0,0
1785868936036|1005|degrade_static_unavailable_3|fixed|26,1378943233,16781056,0,0,0,0,0,0,0,0,0,0,0,0,0,0,0,0,0,0,0,0,0,0,0,0,0,0,0,0,0,0,0,0,0,0,4096,256,131072,4,15|9,0,0,0,0,0,0,0,0,0,0,0,0,0,0,0,0,0,0|18,451242063,1,12582912,0,4194304,0,4194304,0,15994,0,3,1,932196981,0,932196981,0,2048,936005699,0,1793518108,0,0,0,0,0
1785868936036|1005|degrade_static_unavailable_3|rotating|26,1378943233,33558272,0,0,0,0,0,0,0,0,0,0,0,0,0,0,0,0,0,0,0,0,0,0,0,0,0,0,0,0,0,0,0,0,0,0,4096,256,131072,4,15|9,0,0,0,0,0,0,0,0,0,0,0,0,0,0,0,0,0,0|18,4024401036,0,6488440,0,12582912,0,12582912,0,2606638,0,1,3,1823698373,0,1823698373,0,2080,1825476105,0,968746647,0,0,0,0,0
1785868941048|1005|degrade_static_unavailable_3|fixed|28,1378943233,16781056,0,0,0,0,0,0,0,0,0,0,0,0,0,0,0,0,0,0,0,0,0,0,0,0,0,0,0,0,0,0,0,0,0,0,4096,256,131072,4,15|9,0,0,0,0,0,0,0,0,0,0,0,0,0,0,0,0,0,0|20,772106588,1,12582912,0,4194304,0,4194304,0,21458,0,3,1,932196981,0,932196981,0,2048,936005699,0,1793518108,0,0,0,0,0
1785868941048|1005|degrade_static_unavailable_3|rotating|28,1378943233,33558272,0,0,0,0,0,0,0,0,0,0,0,0,0,0,0,0,0,0,0,0,0,0,0,0,0,0,0,0,0,0,0,0,0,0,4096,256,131072,4,15|9,0,0,0,0,0,0,0,0,0,0,0,0,0,0,0,0,0,0|20,50896018,1,7431488,0,12582912,0,12582912,0,3643583,0,1,3,2144924889,0,2144924889,0,2052,2146913913,0,968746647,0,0,0,0,0
1785868946058|1005|degrade_static_unavailable_3|fixed|30,1378943233,16781056,0,0,0,0,0,0,0,0,0,0,0,0,0,0,0,0,0,0,0,0,0,0,0,0,0,0,0,0,0,0,0,0,0,0,4096,256,131072,4,15|9,0,0,0,0,0,0,0,0,0,0,0,0,0,0,0,0,0,0|22,1093194748,1,12582912,0,4194304,0,4194304,0,23610,0,3,1,932196981,0,932196981,0,2048,936005699,0,1793518108,0,0,0,0,0
1785868946058|1005|degrade_static_unavailable_3|rotating|30,1378943233,33558272,0,0,0,0,0,0,0,0,0,0,0,0,0,0,0,0,0,0,0,0,0,0,0,0,0,0,0,0,0,0,0,0,0,0,4096,256,131072,4,15|9,0,0,0,0,0,0,0,0,0,0,0,0,0,0,0,0,0,0|22,371683428,1,7509292,0,12582912,0,12582912,0,3766152,0,1,3,2465692848,0,2465692848,0,2076,2467700423,0,968746647,0,0,0,0,0
1785868951067|1005|degrade_static_unavailable_3|fixed|32,1378943233,16781056,0,0,0,0,0,0,0,0,0,0,0,0,0,0,0,0,0,0,0,0,0,0,0,0,0,0,0,0,0,0,0,0,0,0,4096,256,131072,4,15|9,0,0,0,0,0,0,0,0,0,0,0,0,0,0,0,0,0,0|24,1414446642,1,12582912,0,4194304,0,4194304,0,26335,0,3,1,932196981,0,932196981,0,2048,936005699,0,1793518108,0,0,0,0,0
1785868951067|1005|degrade_static_unavailable_3|rotating|32,1378943233,33558272,0,0,0,0,0,0,0,0,0,0,0,0,0,0,0,0,0,0,0,0,0,0,0,0,0,0,0,0,0,0,0,0,0,0,4096,256,131072,4,15|9,0,0,0,0,0,0,0,0,0,0,0,0,0,0,0,0,0,0|24,692544495,1,7703928,0,12582912,0,12582912,0,4017666,0,1,3,2786505256,0,2786505256,0,2080,2788557260,0,968746647,0,0,0,0,0
1785868956078|1005|degrade_static_unavailable_3|fixed|34,1378943233,16781056,0,0,0,0,0,0,0,0,0,0,0,0,0,0,0,0,0,0,0,0,0,0,0,0,0,0,0,0,0,0,0,0,0,0,4096,256,131072,4,15|9,0,0,0,0,0,0,0,0,0,0,0,0,0,0,0,0,0,0|26,1734070162,1,12582912,0,4194304,0,4194304,0,29350,0,3,1,932196981,0,932196981,0,2048,936005699,0,1793518108,0,0,0,0,0
1785868956078|1005|degrade_static_unavailable_3|rotating|34,1378943233,33558272,0,0,0,0,0,0,0,0,0,0,0,0,0,0,0,0,0,0,0,0,0,0,0,0,0,0,0,0,0,0,0,0,0,0,4096,256,131072,4,15|9,0,0,0,0,0,0,0,0,0,0,0,0,0,0,0,0,0,0|26,1010996200,1,8078132,0,12582912,0,12582912,0,4450670,0,1,3,3104863410,0,3104863410,0,2074,3106998935,0,968746647,0,0,0,0,0
1785868966531|1006|degrade_static_unavailable_7|fixed|38,1378943233,16781056,0,0,0,0,0,0,0,0,0,0,0,0,0,0,0,0,0,0,0,0,0,0,0,0,0,0,0,0,0,0,0,0,0,0,4096,256,131072,4,15|9,0,0,0,0,0,0,0,0,0,0,0,0,0,0,0,0,0,0|28,2402972877,1,12582912,0,8388608,0,8388608,0,3009,0,3,2,932196981,0,932196981,0,2048,936005699,0,1949040880,0,0,0,0,0
1785868966531|1006|degrade_static_unavailable_7|rotating|38,1378943233,33558272,0,0,0,0,0,0,0,0,0,0,0,0,0,0,0,0,0,0,0,0,0,0,0,0,0,0,0,0,0,0,0,0,0,0,4096,256,131072,4,15|9,0,0,0,0,0,0,0,0,0,0,0,0,0,0,0,0,0,0|28,1680080363,1,9455648,0,12582912,0,12582912,0,1121723,0,2,3,3520354249,0,3520354249,0,2080,3523530613,0,1221247018,0,0,0,0,0
1785868971544|1006|degrade_static_unavailable_7|fixed|40,1378943233,16781056,0,0,0,0,0,0,0,0,0,0,0,0,0,0,0,0,0,0,0,0,0,0,0,0,0,0,0,0,0,0,0,0,0,0,4096,256,131072,4,15|9,0,0,0,0,0,0,0,0,0,0,0,0,0,0,0,0,0,0|30,2724130575,1,12582912,0,8388608,0,8388608,0,7283,0,3,2,932196981,0,932196981,0,2048,936005699,0,1949040880,0,0,0,0,0
1785868971544|1006|degrade_static_unavailable_7|rotating|40,1378943233,33556360,0,0,0,0,0,0,0,0,0,0,0,0,0,0,0,0,0,0,0,0,0,0,0,0,0,0,0,0,0,0,0,0,0,0,4096,256,131072,4,15|9,0,0,0,0,0,0,0,0,0,0,0,0,0,0,0,0,0,0|30,2001020721,1,10925792,0,12582912,0,12582912,0,2683877,0,2,3,3840927071,0,3840927071,0,2080,3844419077,0,1221247018,0,0,0,0,0
1785868976553|1006|degrade_static_unavailable_7|fixed|42,1378943233,16781056,0,0,0,0,0,0,0,0,0,0,0,0,0,0,0,0,0,0,0,0,0,0,0,0,0,0,0,0,0,0,0,0,0,0,4096,256,131072,4,15|9,0,0,0,0,0,0,0,0,0,0,0,0,0,0,0,0,0,0|32,3044524005,1,12582912,0,8388608,0,8388608,0,11505,0,3,2,932196981,0,932196981,0,2048,936005699,0,1949040880,0,0,0,0,0
1785868976553|1006|degrade_static_unavailable_7|rotating|42,1378943233,33556360,0,0,0,0,0,0,0,0,0,0,0,0,0,0,0,0,0,0,0,0,0,0,0,0,0,0,0,0,0,0,0,0,0,0,4096,256,131072,4,15|9,0,0,0,0,0,0,0,0,0,0,0,0,0,0,0,0,0,0|32,2322385635,1,12403840,0,12582912,0,12582912,0,4246332,0,2,3,4161922473,0,4161922473,0,2080,4165731818,0,1221247018,0,0,0,0,0
1785868984762|1007|degrade_static_recovery_maskF|fixed|46,1378943233,16777471,4427938,4379483,4379756,4379483,4379756,4379483,4191,4190,4189,4189,0,0,523,0,129328504,129327067,4096,4096,0,0,4190,4190,2810551007,2810550980,2810550967,2810550988,0,0,0,0,0,0,0,0,4096,256,131072,4,15|9,0,0,0,0,0,0,0,0,0,0,0,0,0,0,0,0,0,0|34,3569936882,1,16772032,0,12582912,0,12582912,0,4429750,0,3,3,1158813411,0,1158813411,0,2048,1163521508,0,2203641148,0,0,0,0,0
1785868984762|1007|degrade_static_recovery_maskF|rotating|46,1378943233,33558272,4487448,4437184,48925,0,48925,0,1062,0,531,0,0,0,4246,4245,3391992,0,4096,0,0,0,531,0,2793406002,0,2793406010,0,0,0,0,0,0,0,0,0,4096,256,131072,4,15|9,0,0,0,0,0,0,0,0,0,0,0,0,0,0,0,0,0,0|34,2846968934,1,12582912,0,16777216,0,16777216,0,12231,0,3,4,4200103068,0,4200103068,0,2048,4205072036,0,1380933679,0,0,0,0,0
1785869002913|1008|degrade_inflight_lane0|fixed|50,1378943233,16779144,203592,6168707,151718,6168707,151718,6168707,146,5901,145,5901,0,0,563,0,4475736,182152768,4096,4096,0,0,145,5901,3651246798,3972224483,3651246806,3972224491,0,0,0,0,0,0,0,0,4096,256,131072,4,15|9,0,0,0,0,0,0,0,0,0,0,0,0,0,0,0,0,0,0|36,436789288,2,21221240,0,12582912,0,12582912,0,4702881,0,4,3,1489306135,0,1489306135,0,2080,1495280642,0,3033536896,0,0,0,0,0
1785869002913|1008|degrade_inflight_lane0|rotating|50,1378943233,33558272,204145,6240697,52427,0,52427,0,1132,0,569,0,0,0,145,5964,3634768,0,4096,0,0,0,569,0,3955434206,0,3955434214,0,0,0,0,0,0,0,0,0,4096,256,131072,4,15|9,0,0,0,0,0,0,0,0,0,0,0,0,0,0,0,0,0,0|36,4008877567,1,12582912,0,16777216,0,16777216,0,13199,0,3,4,4200103068,0,4200103068,0,2048,4205072036,0,1824484080,0,0,0,0,0
1785869007923|1008|degrade_inflight_lane0|fixed|52,1378943233,16777710,253828,12181649,151718,12181649,151718,12181649,146,11652,145,11651,0,0,1107,0,4475736,359650985,4096,4096,0,0,145,11652,3651246798,4292908693,3651246806,4292908701,0,0,0,0,0,0,0,0,4096,256,131072,4,15|9,0,0,0,0,0,0,0,0,0,0,0,0,0,0,0,0,0,0|38,757998620,2,25490884,0,12582912,0,12582912,0,9220696,0,4,3,1809448056,0,1809448056,0,2080,1816335119,0,3033536896,0,0,0,0,0
1785869007923|1008|degrade_inflight_lane0|rotating|52,1378943233,33558272,254563,12274417,102845,0,102845,0,2219,0,1115,0,0,0,145,11729,7122584,0,4096,0,0,0,1115,0,4277431544,0,4277431552,0,0,0,0,0,0,0,0,0,4096,256,131072,4,15|9,0,0,0,0,0,0,0,0,0,0,0,0,0,0,0,0,0,0|38,35412296,2,12582912,0,16777216,0,16777216,0,25780,0,3,4,4200103068,0,4200103068,0,2048,4205072036,0,1824484080,0,0,0,0,0
1785869012936|1008|degrade_inflight_lane0|fixed|54,1378943233,16777710,302965,18066260,151718,18066260,151718,18066260,146,17278,145,17277,0,0,1643,0,4475736,533324749,4096,4096,0,0,145,17278,3651246798,318782007,3651246806,318782015,0,0,0,0,0,0,0,0,4096,256,131072,4,15|9,0,0,0,0,0,0,0,0,0,0,0,0,0,0,0,0,0,0|40,1077340180,2,29635792,0,12582912,0,12582912,0,13612580,0,4,3,2127753389,0,2127753389,0,2080,2135520706,0,3033536896,0,0,0,0,0
1785869012936|1008|degrade_inflight_lane0|rotating|54,1378943233,33558272,303514,18132514,151796,0,151796,0,3277,0,1649,0,0,0,145,17320,10533696,0,4096,0,0,0,1649,0,301684582,0,301684590,0,0,0,0,0,0,0,0,0,4096,256,131072,4,15|9,0,0,0,0,0,0,0,0,0,0,0,0,0,0,0,0,0,0|40,355059084,2,12582912,0,16777216,0,16777216,0,38040,0,3,4,4200103068,0,4200103068,0,2048,4205072036,0,1824484080,0,0,0,0,0
1785869017942|1008|degrade_inflight_lane0|fixed|56,1378943233,16777216,348660,23627242,151718,23627242,151718,23627242,146,22600,145,22600,0,0,2143,0,4475736,697616232,4096,4096,0,0,146,22601,3651246798,612283482,3651246806,612283490,0,0,0,0,0,0,0,0,4096,256,131072,4,15|9,0,0,0,0,0,0,0,0,0,0,0,0,0,0,0,0,0,0|42,1398575393,2,33554432,0,12582912,0,12582912,0,17758182,0,5,3,2418092776,0,2418092776,0,2048,2427157329,0,3062979917,0,0,0,0,0
1785869017942|1008|degrade_inflight_lane0|rotating|56,1378943233,33558272,348660,23627263,196942,0,196942,0,4265,0,2143,0,0,0,145,22579,13689384,0,4096,0,0,0,2143,0,592171835,0,592171843,0,0,0,0,0,0,0,0,0,4096,256,131072,4,15|9,0,0,0,0,0,0,0,0,0,0,0,0,0,0,0,0,0,0|42,675824835,2,12582912,0,33554432,0,33554432,0,49235,0,3,5,4200103068,0,4200103068,0,2048,4205072036,0,1857111294,0,0,0,0,0
1785869026307|1009|degrade_recovery_after_lane0|fixed|60,1378943233,16777471,4422809,4374188,4374627,4374188,4374627,4374188,4186,4185,4184,4184,0,0,523,0,129171830,129170385,4096,4096,0,0,4185,4185,1174580630,1174580667,1174580638,1174580675,0,0,0,0,0,0,0,0,4096,256,131072,4,15|9,0,0,0,0,0,0,0,0,0,0,0,0,0,0,0,0,0,0|44,1935676338,2,37748736,0,12582912,0,12582912,0,4437801,0,6,3,2644820104,0,2644820104,0,2048,2655098830,0,3371986029,0,0,0,0,0
1785869026307|1009|degrade_recovery_after_lane0|rotating|60,1378943233,33558272,4487589,4437186,48925,0,48925,0,1062,0,531,0,0,0,4246,4245,3391992,0,4096,0,0,0,531,0,1157707908,0,1157707916,0,0,0,0,0,0,0,0,0,4096,256,131072,4,15|9,0,0,0,0,0,0,0,0,0,0,0,0,0,0,0,0,0,0|44,1215028911,2,12582912,0,37748736,0,37748736,0,12231,0,3,6,4200103068,0,4200103068,0,2048,4205072036,0,2071714102,0,0,0,0,0
1785869044524|1010|degrade_inflight_lane1|fixed|64,1378943233,16781056,6266828,143239,51689,0,51689,0,1122,0,561,0,0,0,5945,137,3583680,0,4096,0,0,0,561,0,2340206650,0,2340206658,0,0,0,0,0,0,0,0,0,4096,256,131072,4,15|9,0,0,0,0,0,0,0,0,0,0,0,0,0,0,0,0,0,0|46,3099806757,2,37748736,0,12582912,0,12582912,0,13015,0,6,3,2644820104,0,2644820104,0,2048,2655098830,0,3820288132,0,0,0,0,0
1785869044524|1010|degrade_inflight_lane1|rotating|64,1378943233,33555165,6340933,143239,6288595,143239,6288595,143239,6017,137,6015,137,0,0,568,0,185676104,4228896,4096,4096,0,0,6016,137,2324280604,2000071025,2324280596,2000071033,0,0,0,0,0,0,0,0,4096,256,131072,4,15|9,0,0,0,0,0,0,0,0,0,0,0,0,0,0,0,0,0,0|46,2377203161,2,17104000,0,37748736,0,37748736,0,4779277,0,3,6,237458694,1,237458694,1,2080,243398315,1,2900434303,0,0,0,0,0
1785869049533|1010|degrade_inflight_lane1|fixed|66,1378943233,16781056,12396759,143239,102037,0,102037,0,2212,0,1106,0,0,0,11757,137,7065136,0,4096,0,0,0,1106,0,2660810945,0,2660810953,0,0,0,0,0,0,0,0,0,4096,256,131072,4,15|9,0,0,0,0,0,0,0,0,0,0,0,0,0,0,0,0,0,0|48,3420466003,2,37748736,0,12582912,0,12582912,0,25601,0,6,3,2644820104,0,2644820104,0,2048,2655098830,0,3820288132,0,0,0,0,0
1785869049533|1010|degrade_inflight_lane1|rotating|66,1378943233,33555165,12481284,143239,12378505,143239,12378505,143239,11839,137,11838,137,0,0,1114,0,365411749,4228896,4096,4096,0,0,11838,137,2645390408,2000071025,2645390416,2000071033,0,0,0,0,0,0,0,0,4096,256,131072,4,15|9,0,0,0,0,0,0,0,0,0,0,0,0,0,0,0,0,0,0|48,2698242836,2,21419584,0,37748736,0,37748736,0,9345502,0,3,6,557419473,1,557419473,1,2080,564285656,1,2900434303,0,0,0,0,0
1785869054542|1010|degrade_inflight_lane1|fixed|68,1378943233,16781056,18524721,143239,152253,0,152253,0,3302,0,1651,0,0,0,17570,137,10546544,0,4096,0,0,0,1651,0,2981411070,0,2981411086,0,0,0,0,0,0,0,0,0,4096,256,131072,4,15|9,0,0,0,0,0,0,0,0,0,0,0,0,0,0,0,0,0,0|50,3740973809,2,37748736,0,12582912,0,12582912,0,38153,0,6,3,2644820104,0,2644820104,0,2048,2655098830,0,3820288132,0,0,0,0,0
1785869054542|1010|degrade_inflight_lane1|rotating|68,1378943233,33557077,18597392,143239,18444597,143239,18444597,143239,17641,137,17639,137,0,0,1657,0,544484755,4228896,4096,4096,0,0,17640,137,2965323384,2000071025,2965323392,2000071033,0,0,0,0,0,0,0,0,4096,256,131072,4,15|9,0,0,0,0,0,0,0,0,0,0,0,0,0,0,0,0,0,0|50,3018961832,2,25727264,0,37748736,0,37748736,0,13906350,0,3,6,877061549,1,877061549,1,2080,884852597,1,2900434303,0,0,0,0,0
1785869059550|1010|degrade_inflight_lane1|fixed|70,1378943233,16781056,23818041,143239,195474,0,195474,0,4246,0,2123,0,0,0,22596,137,13561680,0,4096,0,0,0,2123,0,3258855296,0,3258855304,0,0,0,0,0,0,0,0,0,4096,256,131072,4,15|9,0,0,0,0,0,0,0,0,0,0,0,0,0,0,0,0,0,0|52,4061701848,2,37748736,0,29360128,0,29360128,0,48868,0,6,4,2644820104,0,2644820104,0,2048,2655098830,0,3866341451,0,0,0,0,0
1785869059550|1010|degrade_inflight_lane1|rotating|70,1378943233,33554432,23818041,143239,23622567,143239,23622567,143239,22597,137,22596,137,0,0,2123,0,697492208,4228896,4096,4096,0,0,22597,138,3238679962,2000071025,3238679970,2000071033,0,0,0,0,0,0,0,0,4096,256,131072,4,15|9,0,0,0,0,0,0,0,0,0,0,0,0,0,0,0,0,0,0|52,3339233065,2,29360128,0,37748736,0,37748736,0,17753076,0,4,6,1146536680,1,1146536680,1,2048,1155472688,1,2949952804,0,0,0,0,0
1785869067497|1011|degrade_recovery_after_lane1|fixed|74,1378943233,16781056,4424692,4374073,48089,0,48089,0,1044,0,522,0,0,0,4181,4181,3334504,0,4096,0,0,0,522,0,3810530140,0,3810530148,0,0,0,0,0,0,0,0,0,4096,256,131072,4,15|9,0,0,0,0,0,0,0,0,0,0,0,0,0,0,0,0,0,0|54,275979123,3,37748736,0,29360128,0,29360128,0,12207,0,6,4,2644820104,0,2644820104,0,2048,2655098830,0,4050966627,0,0,0,0,0
1785869067497|1011|degrade_recovery_after_lane1|rotating|74,1378943233,33554432,4492630,4440136,4443708,4440136,4443708,4440136,4247,4245,4246,4245,0,0,531,0,131065816,131035504,4096,4096,0,0,4247,4246,3794113921,3794060909,3794113929,3794060917,0,0,0,0,0,0,0,0,4096,256,131072,4,15|9,0,0,0,0,0,0,0,0,0,0,0,0,0,0,0,0,0,0|54,3848351047,2,33554432,0,37748736,0,37748736,0,4441798,0,5,6,1373264009,1,1373264009,1,2048,1383414190,1,3230975949,0,0,0,0,0
1785869085567|1012|degrade_inflight_lane2|fixed|78,1378943233,16778905,6204068,6151876,6152203,6151876,6152203,6151876,5882,5880,5880,5880,0,0,563,0,181506650,181504312,4096,4096,0,0,5881,5880,672589953,672573105,672589961,672573113,0,0,0,0,0,0,0,0,4096,256,131072,4,15|9,0,0,0,0,0,0,0,0,0,0,0,0,0,0,0,0,0,0|56,1432867868,3,42185600,0,33554432,0,33554432,0,4697456,0,6,5,2974847408,0,2974847408,0,2080,2986074299,0,581615347,1,0,0,0,0
1785869085567|1012|degrade_inflight_lane2|rotating|78,1378943233,33558272,6294585,6241802,52606,0,52606,0,1133,0,571,0,0,0,5966,5957,3647464,0,4096,0,0,0,571,0,656745392,0,656745400,0,0,0,0,0,0,0,0,0,4096,256,131072,4,15|9,0,0,0,0,0,0,0,0,0,0,0,0,0,0,0,0,0,0|56,710812891,3,33554432,0,37748736,0,37748736,0,13267,0,5,6,1373264009,1,1373264009,1,2048,1383414190,1,3669548217,0,0,0,0,0
1785869090573|1012|degrade_inflight_lane2|fixed|80,1378943233,16781056,12332482,12229928,12230268,12229928,12230268,12229928,11687,11686,11686,11686,0,0,1108,0,360723296,360724080,4096,4096,0,0,11686,11686,992748306,992796687,992748314,992796695,0,0,0,0,0,0,0,0,4096,256,131072,4,15|9,0,0,0,0,0,0,0,0,0,0,0,0,0,0,0,0,0,0|58,1752170899,3,46477472,0,33554432,0,33554432,0,9243001,0,6,5,3293077471,0,3293077471,0,2080,3305220403,0,581615347,1,0,0,0,0
1785869090573|1012|degrade_inflight_lane2|rotating|80,1378943233,33558272,12406328,12303219,102772,0,102772,0,2219,0,1114,0,0,0,11756,11747,7116168,0,4096,0,0,0,1114,0,976169203,0,976169211,0,0,0,0,0,0,0,0,0,4096,256,131072,4,15|9,0,0,0,0,0,0,0,0,0,0,0,0,0,0,0,0,0,0|58,1029522203,3,33554432,0,37748736,0,37748736,0,25762,0,5,6,1373264009,1,1373264009,1,2048,1383414190,1,3669548217,0,0,0,0,0
1785869095584|1012|degrade_inflight_lane2|fixed|82,1378943233,16778427,18474595,18321381,18322151,18321381,18322151,18321381,17508,17506,17506,17505,0,0,1653,0,540382955,540357231,4096,4096,0,0,17507,17506,1313752303,1313752283,1313752311,1313752291,0,0,0,0,0,0,0,0,4096,256,131072,4,15|9,0,0,0,0,0,0,0,0,0,0,0,0,0,0,0,0,0,0|60,2073203132,3,50793056,0,33554432,0,33554432,0,13812811,0,6,5,3613030808,0,3613030808,0,2080,3626094842,0,581615347,1,0,0,0,0
1785869095584|1012|degrade_inflight_lane2|rotating|82,1378943233,33558272,18540252,18386582,152987,0,152987,0,3309,0,1659,0,0,0,17568,17558,10597656,0,4096,0,0,0,1659,0,1296773727,0,1296773735,0,0,0,0,0,0,0,0,0,4096,256,131072,4,15|9,0,0,0,0,0,0,0,0,0,0,0,0,0,0,0,0,0,0|60,1350058336,3,33554432,0,37748736,0,37748736,0,38314,0,5,6,1373264009,1,1373264009,1,2048,1383414190,1,3669548217,0,0,0,0,0
1785869100588|1012|degrade_inflight_lane2|fixed|84,1378943233,16777216,23846070,23651374,23649777,23651374,23649777,23651374,22602,22601,22601,22601,0,0,2132,0,697648384,697648728,4096,4096,0,0,22602,22602,1594746342,1594746935,1594746358,1594746943,0,0,0,0,0,0,0,0,4096,256,131072,4,15|9,0,0,0,0,0,0,0,0,0,0,0,0,0,0,0,0,0,0|62,2393448018,3,54525952,0,33554432,0,33554432,0,17771836,0,7,5,3890284969,0,3890284969,0,2048,3904302359,0,623511718,1,0,0,0,0
1785869100588|1012|degrade_inflight_lane2|rotating|84,1378943233,33558272,23846070,23651381,196293,0,196293,0,4255,0,2132,0,0,0,22601,22592,13619184,0,4096,0,0,0,2132,0,1574592652,0,1574592660,0,0,0,0,0,0,0,0,0,4096,256,131072,4,15|9,0,0,0,0,0,0,0,0,0,0,0,0,0,0,0,0,0,0|62,1670973392,3,33554432,0,54525952,0,54525952,0,49073,0,5,7,1373264009,1,1373264009,1,2048,1383414190,1,3714903171,0,0,0,0,0
1785869108654|1013|degrade_recovery_after_lane2|fixed|88,1378943233,16781056,4421267,4371952,4373178,4371952,4373178,4371952,4180,4179,4179,4179,0,0,522,0,128996888,128997552,4096,4096,0,0,4179,4179,2150234362,2150234687,2150234370,2150234695,0,0,0,0,0,0,0,0,4096,256,131072,4,15|9,0,0,0,0,0,0,0,0,0,0,0,0,0,0,0,0,0,0|64,2909754374,3,58707168,0,33554432,0,33554432,0,4425751,0,7,5,4116453229,0,4116453229,0,2048,4131368301,0,912603657,1,0,0,0,0
1785869108654|1013|degrade_recovery_after_lane2|rotating|88,1378943233,33558272,4492226,4441037,48925,0,48925,0,1062,0,531,0,0,0,4246,4245,3391992,0,4096,0,0,0,531,0,2133675965,0,2133675973,0,0,0,0,0,0,0,0,0,4096,256,131072,4,15|9,0,0,0,0,0,0,0,0,0,0,0,0,0,0,0,0,0,0|64,2188586317,3,33554432,0,58720256,0,58720256,0,12231,0,5,8,1373264009,1,1373264009,1,2048,1383414190,1,3906238620,0,0,0,0,0
1785869126805|1014|degrade_inflight_lane3|fixed|92,1378943233,16780100,5978744,5927246,5928344,5927246,5928344,5927246,5672,5671,5671,5671,0,0,547,0,175052120,175052384,4096,4096,0,0,5671,5671,3311763615,3311764162,3311763623,3311764170,0,0,0,0,0,0,0,0,4096,256,131072,4,15|9,0,0,0,0,0,0,0,0,0,0,0,0,0,0,0,0,0,0|66,4071009737,3,62989900,0,33554432,0,33554432,0,4519032,0,8,5,152020384,1,152020384,1,2080,168167061,1,1741934957,1,0,0,0,0
1785869126805|1014|degrade_inflight_lane3|rotating|92,1378943233,33558272,6050387,5998351,50950,0,50950,0,1094,0,553,0,0,0,5739,5723,3532512,0,4096,0,0,0,553,0,3294819217,0,3294819225,0,0,0,0,0,0,0,0,0,4096,256,131072,4,15|9,0,0,0,0,0,0,0,0,0,0,0,0,0,0,0,0,0,0|66,3348186967,3,33554432,0,58720256,0,58720256,0,12806,0,5,8,1373264009,1,1373264009,1,2048,1383414190,1,51683499,1,0,0,0,0
1785869131820|1014|degrade_inflight_lane3|fixed|94,1378943233,16780339,12115371,12013153,12014536,12013153,12014536,12013153,11492,11491,11490,11490,0,0,1093,0,354676203,354676288,4096,4096,0,0,11491,11491,3632707589,3632707624,3632707597,3632707616,0,0,0,0,0,0,0,0,4096,256,131072,4,15|9,0,0,0,0,0,0,0,0,0,0,0,0,0,0,0,0,0,0|68,98283963,4,67321292,0,33554432,0,33554432,0,9101991,0,8,5,473179058,1,473179058,1,2080,490252403,1,1741934957,1,0,0,0,0
1785869131820|1014|degrade_inflight_lane3|rotating|94,1378943233,33558272,12202776,12099936,101483,0,101483,0,2188,0,1100,0,0,0,11573,11558,7026728,0,4096,0,0,0,1100,0,3616596034,0,3616596042,0,0,0,0,0,0,0,0,0,4096,256,131072,4,15|9,0,0,0,0,0,0,0,0,0,0,0,0,0,0,0,0,0,0|68,3670048896,3,33554432,0,58720256,0,58720256,0,25463,0,5,8,1373264009,1,1373264009,1,2048,1383414190,1,51683499,1,0,0,0,0
1785869136835|1014|degrade_inflight_lane3|fixed|96,1378943233,16780339,18255408,18102193,18104224,18102193,18104224,18102193,17315,17314,17313,17313,0,0,1639,0,534420106,534420563,4096,4096,0,0,17314,17314,3953844601,3953844592,3953844609,3953844600,0,0,0,0,0,0,0,0,4096,256,131072,4,15|9,0,0,0,0,0,0,0,0,0,0,0,0,0,0,0,0,0,0|70,418145348,4,71621068,0,33554432,0,33554432,0,13651090,0,8,5,791965499,1,791965499,1,2080,809958748,1,1741934957,1,0,0,0,0
1785869136835|1014|degrade_inflight_lane3|rotating|96,1378943233,33558272,18330250,18176533,151732,0,151732,0,3278,0,1645,0,0,0,17384,17369,10508224,0,4096,0,0,0,1645,0,3937200547,0,3937200555,0,0,0,0,0,0,0,0,0,4096,256,131072,4,15|9,0,0,0,0,0,0,0,0,0,0,0,0,0,0,0,0,0,0|70,3991269790,3,33554432,0,58720256,0,58720256,0,38046,0,5,8,1373264009,1,1373264009,1,2048,1383414190,1,51683499,1,0,0,0,0
1785869141847|1014|degrade_inflight_lane3|fixed|98,1378943233,16777216,23823224,23623472,23626651,23623472,23626651,23623472,22599,22598,22598,22598,0,0,2135,0,697554768,697554824,4096,4096,0,0,22599,22599,4245278138,4245281370,4245278154,4245281378,0,0,0,0,0,0,0,0,4096,256,131072,4,15|9,0,0,0,0,0,0,0,0,0,0,0,0,0,0,0,0,0,0|72,737989009,4,75497472,0,33554432,0,33554432,0,17756621,0,9,5,1079700169,1,1079700169,1,2048,1098784723,1,1772808407,1,0,0,0,0
1785869141847|1014|degrade_inflight_lane3|rotating|98,1378943233,33558272,23823224,23623492,196573,0,196573,0,4258,0,2135,0,0,0,22598,22583,13638296,0,4096,0,0,0,2135,0,4225124646,0,4225124654,0,0,0,0,0,0,0,0,0,4096,256,131072,4,15|9,0,0,0,0,0,0,0,0,0,0,0,0,0,0,0,0,0,0|72,15768085,4,33554432,0,75497472,0,75497472,0,49143,0,5,9,1373264009,1,1373264009,1,2048,1383414190,1,86268448,1,0,0,0,0
1785869149980|1015|degrade_recovery_after_lane3|fixed|102,1378943233,16781056,4435970,4387031,4387695,4387031,4387695,4387031,4194,4193,4193,4193,0,0,524,0,129429440,129429184,4096,4096,0,0,4193,4193,500221167,500221516,500221183,500221524,0,0,0,0,0,0,0,0,4096,256,131072,4,15|9,0,0,0,0,0,0,0,0,0,0,0,0,0,0,0,0,0,0|74,1259486081,4,79686592,0,33554432,0,33554432,0,4435451,0,9,5,1306363425,1,1306363425,1,2048,1326347358,1,2066594089,1,0,0,0,0
1785869149980|1015|degrade_recovery_after_lane3|rotating|102,1378943233,33558272,4492068,4441459,48925,0,48925,0,1062,0,531,0,0,0,4246,4245,3391992,0,4096,0,0,0,531,0,482911480,0,482911488,0,0,0,0,0,0,0,0,0,4096,256,131072,4,15|9,0,0,0,0,0,0,0,0,0,0,0,0,0,0,0,0,0,0|74,536382699,4,33554432,0,79691776,0,79691776,0,12231,0,5,10,1373264009,1,1373264009,1,2048,1383414190,1,282104826,1,0,0,0,0
