captured_ms|sequence|label|role|admission_snapshot_words_csv|ps_runtime_words_csv|pl_perf_snapshot_words_csv
1785915659780|1002|sustained_300s_f2r_00001_16777216|fixed|4,1378943233,16777471,6546965,6461019,6476839,6461019,6476839,6461019,11670,11648,5823,5823,0,0,743,0,179793208,179450067,4096,4096,0,0,5824,5824,667912949,667912962,667912957,667912970,0,0,0,0,0,0,0,0,4096,256,131072,4,15|4,0,16777216,262144,64,0,0,0,0,100,0,88,0,25,22,0,1,100,0|10,1474657517,0,5790880,0,0,0,0,0,6514669,0,22,0,320568535,0,320568535,0,2080,315073648,0,7896420,0,0,0,0,0
1785915659780|1002|sustained_300s_f2r_00001_16777216|rotating|4,1378943233,33558272,6625018,6537424,71072,0,71072,0,1506,0,753,0,0,0,5893,5893,4810872,0,4096,0,0,0,753,0,643631576,0,643631584,0,0,0,0,0,0,0,0,0,4096,256,131072,4,15|4,0,16777216,262144,64,0,0,0,0,100,0,88,0,25,22,0,1,100,0|10,707340580,0,0,0,5767168,0,5767168,0,17910,0,0,22,0,0,0,0,0,0,0,5038117,0,0,0,0,0
1785915664790|1002|sustained_300s_f2r_00001_16777216|fixed|6,1378943233,16777471,13193389,13018865,13051814,13018865,13051814,13018865,23523,23478,11738,11738,0,0,1500,0,362395424,361676739,4096,4096,0,0,11739,11739,988550352,988550365,988550360,988550373,0,0,0,0,0,0,0,0,4096,256,131072,4,15|4,0,16777216,262144,64,0,0,0,0,188,0,176,0,47,44,0,1,188,0|12,1795229833,0,11621280,0,0,0,0,0,13074220,0,44,0,639683251,0,639683251,0,2080,632473704,0,10762144,0,0,0,0,0
1785915664790|1002|sustained_300s_f2r_00001_16777216|rotating|6,1378943233,33558272,13274556,13099172,142427,0,142427,0,3018,0,1509,0,0,0,11811,11811,9640920,0,4096,0,0,0,1509,0,964204915,0,964204931,0,0,0,0,0,0,0,0,0,4096,256,131072,4,15|4,0,16777216,262144,64,0,0,0,0,188,0,176,0,47,44,0,1,188,0|12,1028884569,0,0,0,11534336,0,11534336,0,35795,0,0,44,0,0,0,0,0,0,0,5082758,0,0,0,0,0
1785915675111|1003|sustained_300s_f2r_00002_67108864|fixed|10,1378943233,16777471,6542989,6457134,6472863,6457134,6472863,6457134,5847,5826,5824,5824,0,0,743,0,179713320,179370352,4096,4096,0,0,5825,5825,1649182390,1649182403,1649182398,1649182379,0,0,0,0,0,0,0,0,4096,256,131072,4,15|4,0,67108864,262144,256,0,0,0,0,100,0,88,0,25,22,0,1,100,0|20,2456321092,0,5798784,0,0,0,0,0,6519031,0,22,0,320991347,0,320991347,0,2080,315497743,0,7896770,0,0,0,0,0
1785915675111|1003|sustained_300s_f2r_00002_67108864|rotating|10,1378943233,33558272,6647268,6559479,71355,0,71355,0,1512,0,756,0,0,0,5917,5917,4830056,0,4096,0,0,0,756,0,1626160406,0,1626160414,0,0,0,0,0,0,0,0,0,4096,256,131072,4,15|4,0,67108864,262144,256,0,0,0,0,100,0,88,0,25,22,0,1,100,0|20,1689122551,0,0,0,5767168,0,5767168,0,17933,0,0,22,0,0,0,0,0,0,0,5022249,0,0,0,0,0
1785915680124|1003|sustained_300s_f2r_00002_67108864|fixed|12,1378943233,16777471,13192289,13017903,13050714,13017903,13050714,13017903,11789,11744,11742,11742,0,0,1500,0,362331840,361613509,4096,4096,0,0,11743,11743,1970005493,1970005474,1970005469,1970005482,0,0,0,0,0,0,0,0,4096,256,131072,4,15|4,0,67108864,262144,256,0,0,0,0,188,0,176,0,47,44,0,1,188,0|22,2776451929,0,11621280,0,0,0,0,0,13068160,0,44,0,639666560,0,639666560,0,2080,632456623,0,10762470,0,0,0,0,0
1785915680124|1003|sustained_300s_f2r_00002_67108864|rotating|12,1378943233,33558272,13287068,13111615,142616,0,142616,0,3022,0,1511,0,0,0,11827,11827,9653688,0,4096,0,0,0,1511,0,1946303962,0,1946303970,0,0,0,0,0,0,0,0,0,4096,256,131072,4,15|4,0,67108864,262144,256,0,0,0,0,188,0,176,0,47,44,0,1,188,0|22,2009427309,0,0,0,11534336,0,11534336,0,35748,0,0,44,0,0,0,0,0,0,0,5067052,0,0,0,0,0
1785915685145|1003|sustained_300s_f2r_00002_67108864|fixed|14,1378943233,16777471,19853625,19591159,19640505,19591159,19640505,19591159,17741,17674,17672,17672,0,0,2258,0,545313128,544235763,4096,4096,0,0,17673,17673,2291336949,2291336930,2291336925,2291336938,0,0,0,0,0,0,0,0,4096,256,131072,4,15|4,0,67108864,262144,256,0,0,0,0,276,0,264,0,69,66,0,1,276,0|24,3097770871,0,17467488,0,0,0,0,0,19640856,0,66,0,959523950,0,959523950,0,2080,950603586,0,13627355,0,0,0,0,0
1785915685145|1003|sustained_300s_f2r_00002_67108864|rotating|14,1378943233,33558272,19935692,19672366,213970,0,213970,0,4534,0,2267,0,0,0,17746,17746,14483720,0,4096,0,0,0,2267,0,2266876482,0,2266876490,0,0,0,0,0,0,0,0,0,4096,256,131072,4,15|4,0,67108864,262144,256,0,0,0,0,276,0,264,0,69,66,0,1,276,0|24,2332302148,0,0,0,17301504,0,17301504,0,53727,0,0,66,0,0,0,0,0,0,0,5107774,0,0,0,0,0
1785915690155|1003|sustained_300s_f2r_00002_67108864|fixed|16,1378943233,16781056,26521276,26170694,26236521,26170694,26236521,26170694,23698,23609,23608,23608,0,0,3017,0,728448448,727012288,4096,4096,0,0,23608,23608,2612932049,2612932382,2612932057,2612932390,0,0,0,0,0,0,0,0,4096,256,131072,4,15|4,0,67108864,262144,256,0,0,0,0,364,0,352,0,91,88,0,1,364,0|26,3419908890,0,23321600,0,0,0,0,0,26231303,0,88,0,1280198441,0,1280198441,0,2080,1269568529,0,16493058,0,0,0,0,0
1785915690155|1003|sustained_300s_f2r_00002_67108864|rotating|16,1378943233,33558272,26620039,26267716,285790,0,285790,0,6056,0,3028,0,0,0,23696,23696,19345696,0,4096,0,0,0,3028,0,2589401823,0,2589401831,0,0,0,0,0,0,0,0,0,4096,256,131072,4,15|4,0,67108864,262144,256,0,0,0,0,368,0,356,0,92,89,0,1,368,0|26,2654699932,0,0,0,23330816,0,23330816,0,71660,0,0,89,0,0,0,0,0,0,0,5157000,0,0,0,0,0
1785915695159|1003|sustained_300s_f2r_00002_67108864|fixed|18,1378943233,16777471,33141362,32703376,32785541,32703376,32785541,32703376,29613,29503,29500,29500,0,0,3770,0,910269920,908474467,4096,4096,0,0,29501,29501,2932257909,2932257922,2932257917,2932257930,0,0,0,0,0,0,0,0,4096,256,131072,4,15|4,0,67108864,262144,256,0,0,0,0,456,0,444,0,114,111,0,1,456,0|28,3739745806,0,29137504,0,0,0,0,0,32771058,0,111,0,1598581381,0,1598581381,0,2080,1586098899,0,19489001,0,0,0,0,0
1785915695159|1003|sustained_300s_f2r_00002_67108864|rotating|18,1378943233,33558272,33232803,32793082,356861,0,356861,0,7562,0,3781,0,0,0,29582,29582,24156592,0,4096,0,0,0,3781,0,2908685808,0,2908685816,0,0,0,0,0,0,0,0,0,4096,256,131072,4,15|4,0,67108864,262144,256,0,0,0,0,456,0,444,0,114,111,0,1,456,0|28,2974812921,0,0,0,29097984,0,29097984,0,89475,0,0,111,0,0,0,0,0,0,0,5199591,0,0,0,0,0
1785915700171|1003|sustained_300s_f2r_00002_67108864|fixed|20,1378943233,16777471,39783978,39257294,39356707,39257294,39356707,39257294,35555,35422,35419,35419,0,0,4527,0,1092899301,1090728496,4096,4096,0,0,35420,35420,3253108055,3253108036,3253108063,3253108044,0,0,0,0,0,0,0,0,4096,256,131072,4,15|4,0,67108864,262144,256,0,0,0,0,544,0,532,0,136,133,0,1,544,0|30,4060915321,0,34983712,0,0,0,0,0,39334775,0,133,0,1918289344,0,1918289344,0,2080,1904095587,0,22354734,0,0,0,0,0
1785915700171|1003|sustained_300s_f2r_00002_67108864|rotating|20,1378943233,33558272,39895216,39367378,428406,0,428406,0,9078,0,4539,0,0,0,35518,35518,28999424,0,4096,0,0,0,4539,0,3230118721,0,3230118729,0,0,0,0,0,0,0,0,0,4096,256,131072,4,15|4,0,67108864,262144,256,0,0,0,0,544,0,532,0,136,133,0,1,544,0|30,3294085282,0,0,0,34865152,0,34865152,0,107243,0,0,133,0,0,0,0,0,0,0,5246008,0,0,0,0,0
1785915705179|1003|sustained_300s_f2r_00002_67108864|fixed|22,1378943233,16777471,46422733,45808293,45924201,45808293,45924201,45808293,41491,41336,41333,41333,0,0,5282,0,1275394736,1272864886,4096,4096,0,0,41334,41334,3573591284,3573591265,3573591260,3573591273,0,0,0,0,0,0,0,0,4096,256,131072,4,15|4,0,67108864,262144,256,0,0,0,0,632,0,620,0,158,155,0,1,632,0|32,85153518,1,40782496,0,0,0,0,0,45858805,0,155,0,2236045141,0,2236045141,0,2080,2220129934,0,25220460,0,0,0,0,0
1785915705179|1003|sustained_300s_f2r_00002_67108864|rotating|22,1378943233,33558272,46499704,45884393,499382,0,499382,0,10582,0,5291,0,0,0,41402,41402,33803888,0,4096,0,0,0,5291,0,3548972991,0,3548972999,0,0,0,0,0,0,0,0,0,4096,256,131072,4,15|4,0,67108864,262144,256,0,0,0,0,632,0,620,0,158,155,0,1,632,0|32,3612883519,0,0,0,40632320,0,40632320,0,124986,0,0,155,0,0,0,0,0,0,0,5288371,0,0,0,0,0
1785915710206|1003|sustained_300s_f2r_00002_67108864|fixed|24,1378943233,16781056,53087455,52385039,52517286,52385039,52517286,52385039,47450,47274,47271,47271,0,0,6041,0,1458593976,1455705336,4096,4096,0,0,47271,47271,3895296741,3895297074,3895296749,3895297082,0,0,0,0,0,0,0,0,4096,256,131072,4,15|4,0,67108864,262144,256,0,0,0,0,720,0,708,0,180,177,0,1,720,0|34,407840800,1,46652416,0,0,0,0,0,52455472,0,177,0,2557264943,0,2557264943,0,2080,2539643614,0,28086131,0,0,0,0,0
1785915710206|1003|sustained_300s_f2r_00002_67108864|rotating|24,1378943233,33558272,53198619,52494269,571391,0,571391,0,12108,0,6054,0,0,0,47369,47369,38678632,0,4096,0,0,0,6054,0,3872357839,0,3872357847,0,0,0,0,0,0,0,0,0,4096,256,131072,4,15|4,0,67108864,262144,256,0,0,0,0,724,0,712,0,181,178,0,1,724,0|34,3935848022,0,0,0,46661632,0,46661632,0,142966,0,0,178,0,0,0,0,0,0,0,5334523,0,0,0,0,0
1785915715209|1003|sustained_300s_f2r_00002_67108864|fixed|26,1378943233,16777471,59729391,58939355,59087875,58939355,59087875,58939355,53386,53188,53184,53184,0,0,6797,0,1641053329,1637805404,4096,4096,0,0,53185,53185,4215737314,4215737295,4215737322,4215737303,0,0,0,0,0,0,0,0,4096,256,131072,4,15|4,0,67108864,262144,256,0,0,0,0,812,0,800,0,203,200,0,1,812,0|36,730470272,1,52523648,0,0,0,0,0,59051741,0,200,0,2878426607,0,2878426607,0,2080,2858964526,0,31082135,0,0,0,0,0
1785915715209|1003|sustained_300s_f2r_00002_67108864|rotating|26,1378943233,33558272,59872569,59080313,643031,0,643031,0,13626,0,6813,0,0,0,53311,53311,43527864,0,4096,0,0,0,6813,0,4194220499,0,4194220515,0,0,0,0,0,0,0,0,0,4096,256,131072,4,15|4,0,67108864,262144,256,0,0,0,0,812,0,800,0,203,200,0,1,812,0|36,4259198164,0,0,0,52428800,0,52428800,0,160970,0,0,200,0,0,0,0,0,0,0,5380672,0,0,0,0,0
1785915720221|1003|sustained_300s_f2r_00002_67108864|fixed|28,1378943233,16777471,66372959,65494340,65660087,65494340,65660087,65494340,59322,59101,59097,59097,0,0,7553,0,1823514676,1819891391,4096,4096,0,0,59098,59098,241320625,241320606,241320633,241320614,0,0,0,0,0,0,0,0,4096,256,131072,4,15|4,0,67108864,262144,256,0,0,0,0,900,0,888,0,225,222,0,1,900,0|38,1047824656,1,58290816,0,0,0,0,0,65543609,0,222,0,3194339199,0,3194339199,0,2080,3173148923,0,33947818,0,0,0,0,0
1785915720221|1003|sustained_300s_f2r_00002_67108864|rotating|28,1378943233,33558272,66453188,65573705,713724,0,713724,0,15124,0,7562,0,0,0,59169,59169,48313176,0,4096,0,0,0,7562,0,216818168,0,216818176,0,0,0,0,0,0,0,0,0,4096,256,131072,4,15|4,0,67108864,262144,256,0,0,0,0,900,0,888,0,225,222,0,1,900,0|38,280825258,1,0,0,58195968,0,58195968,0,178572,0,0,222,0,0,0,0,0,0,0,5424454,0,0,0,0,0
1785915725221|1003|sustained_300s_f2r_00002_67108864|fixed|30,1378943233,16777471,73023740,72057194,72239418,72057194,72239418,72057194,65268,65025,65021,65021,0,0,8310,0,2006302411,2002320080,4096,4096,0,0,65022,65022,562319362,562319375,562319370,562319351,0,0,0,0,0,0,0,0,4096,256,131072,4,15|4,0,67108864,262144,256,0,0,0,0,988,0,976,0,247,244,0,1,988,0|40,1369391069,1,64137024,0,0,0,0,0,72118174,0,244,0,3514444060,0,3514444060,0,2080,3491542526,0,36813534,0,0,0,0,0
1785915725221|1003|sustained_300s_f2r_00002_67108864|rotating|30,1378943233,33558272,73105756,72138336,785172,0,785172,0,16638,0,8319,0,0,0,65094,65094,53149592,0,4096,0,0,0,8319,0,537821303,0,537821311,0,0,0,0,0,0,0,0,0,4096,256,131072,4,15|4,0,67108864,262144,256,0,0,0,0,988,0,976,0,247,244,0,1,988,0|40,601189051,1,0,0,63963136,0,63963136,0,196409,0,0,244,0,0,0,0,0,0,0,5463950,0,0,0,0,0
1785915738123|1005|sustained_300s_f2r_00004_16777216|fixed|36,1378943233,16777471,6123449,6038856,6053417,6038856,6053417,6038856,5834,5812,5811,5811,0,0,742,0,179383264,179042411,4096,4096,0,0,5812,5812,1387185042,1387185031,1387185050,1387185039,0,0,0,0,0,0,0,0,4096,256,131072,4,15|4,0,16777216,262144,64,0,0,0,0,96,0,84,0,24,21,0,1,100,0|54,2193589613,1,5775072,0,0,0,0,0,6082212,0,22,0,319993281,0,319993281,0,2080,314075373,0,8459717,0,0,0,0,0
1785915738123|1005|sustained_300s_f2r_00004_16777216|rotating|36,1378943233,33558272,6192429,6106337,70882,0,70882,0,1502,0,751,0,0,0,5877,5877,4798072,0,4096,0,0,0,751,0,1362704581,0,1362704589,0,0,0,0,0,0,0,0,0,4096,256,131072,4,15|4,0,16777216,262144,64,0,0,0,0,100,0,88,0,25,22,0,1,100,0|54,1427500773,1,0,0,5767168,0,5767168,0,17910,0,0,22,0,0,0,0,0,0,0,5563376,0,0,0,0,0
1785915743135|1005|sustained_300s_f2r_00004_16777216|fixed|38,1378943233,16777471,12358758,12186445,12217278,12186445,12217278,12186445,11774,11730,11728,11728,0,0,1499,0,362027400,361309513,4096,4096,0,0,11729,11729,1707920490,1707920487,1707920450,1707920495,0,0,0,0,0,0,0,0,4096,256,131072,4,15|4,0,16777216,262144,64,0,0,0,0,188,0,176,0,47,44,0,1,188,0|56,2513578557,1,11589664,0,0,0,0,0,12218400,0,44,0,638528577,0,638528577,0,2080,630911580,0,11306476,0,0,0,0,0
1785915743135|1005|sustained_300s_f2r_00004_16777216|rotating|38,1378943233,33558272,12407224,12234468,141953,0,141953,0,3008,0,1504,0,0,0,11774,11774,9608984,0,4096,0,0,0,1504,0,1681969690,0,1681969698,0,0,0,0,0,0,0,0,0,4096,256,131072,4,15|4,0,16777216,262144,64,0,0,0,0,188,0,176,0,47,44,0,1,188,0|56,1745343095,1,0,0,11534336,0,11534336,0,35606,0,0,44,0,0,0,0,0,0,0,5606908,0,0,0,0,0
1785915753513|1006|sustained_300s_f2r_00005_67108864|fixed|42,1378943233,16777471,6142259,6058589,6072507,6058589,6072507,6058589,5809,5788,5786,5786,0,0,739,0,178606033,178264316,4096,4096,0,0,5787,5787,2372367840,2372367845,2372367848,2372367853,0,0,0,0,0,0,0,0,4096,256,131072,4,15|4,0,67108864,262144,256,0,0,0,0,96,0,84,0,24,21,0,1,96,0|64,3178820038,1,5750048,0,0,0,0,0,6105963,0,21,0,319685316,0,319685316,0,2080,312900691,0,9653806,0,0,0,0,0
1785915753513|1006|sustained_300s_f2r_00005_67108864|rotating|42,1378943233,33558272,6225705,6140505,70692,0,70692,0,1498,0,749,0,0,0,5864,5864,4785304,0,4096,0,0,0,749,0,2348386957,0,2348386973,0,0,0,0,0,0,0,0,0,4096,256,131072,4,15|4,0,67108864,262144,256,0,0,0,0,100,0,88,0,25,22,0,1,100,0|64,2411702708,1,0,0,5767168,0,5767168,0,17791,0,0,22,0,0,0,0,0,0,0,6888495,0,0,0,0,0
1785915758519|1006|sustained_300s_f2r_00005_67108864|fixed|44,1378943233,16777471,12416505,12246171,12275499,12246171,12275499,12246171,11742,11697,11695,11695,0,0,1494,0,361014760,360314325,4096,4096,0,0,11696,11696,2692579822,2692579771,2692579782,2692579787,0,0,0,0,0,0,0,0,4096,256,131072,4,15|4,0,67108864,262144,256,0,0,0,0,188,0,176,0,47,44,0,1,188,0|66,3500538999,1,11597568,0,0,0,0,0,12319047,0,44,0,639942397,0,639942397,0,2080,631311123,0,12650616,0,0,0,0,0
1785915758519|1006|sustained_300s_f2r_00005_67108864|rotating|44,1378943233,33558272,12564555,12391654,142710,0,142710,0,3024,0,1512,0,0,0,11834,11834,9660088,0,4096,0,0,0,1512,0,2671968748,0,2671968756,0,0,0,0,0,0,0,0,0,4096,256,131072,4,15|4,0,67108864,262144,256,0,0,0,0,188,0,176,0,47,44,0,1,188,0|66,2737797674,1,0,0,11534336,0,11534336,0,35913,0,0,44,0,0,0,0,0,0,0,6935627,0,0,0,0,0
1785915763519|1006|sustained_300s_f2r_00005_67108864|fixed|46,1378943233,16777471,18683153,18424787,18470885,18424787,18470885,18424787,17669,17601,17598,17598,0,0,2249,0,543232193,542156860,4096,4096,0,0,17599,17599,3012579812,3012579809,3012579820,3012579817,0,0,0,0,0,0,0,0,4096,256,131072,4,15|4,0,67108864,262144,256,0,0,0,0,276,0,264,0,69,66,0,1,276,0|68,3821133353,1,17427968,0,0,0,0,0,18512823,0,66,0,959079151,0,959079151,0,2080,948737400,0,15512157,0,0,0,0,0
1785915763519|1006|sustained_300s_f2r_00005_67108864|rotating|46,1378943233,33558272,18825694,18565661,213876,0,213876,0,4532,0,2266,0,0,0,17732,17732,14477336,0,4096,0,0,0,2266,0,2991678361,0,2991678369,0,0,0,0,0,0,0,0,0,4096,256,131072,4,15|4,0,67108864,262144,256,0,0,0,0,276,0,264,0,69,66,0,1,276,0|68,3055786642,1,0,0,17301504,0,17301504,0,53609,0,0,66,0,0,0,0,0,0,0,6984229,0,0,0,0,0
1785915768519|1006|sustained_300s_f2r_00005_67108864|fixed|48,1378943233,16781056,24952042,24607504,24668513,24607504,24668513,24607504,23597,23506,23504,23504,0,0,3004,0,725522392,724086744,4096,4096,0,0,23504,23504,3332572583,3332572932,3332572591,3332572940,0,0,0,0,0,0,0,0,4096,256,131072,4,15|4,0,67108864,262144,256,0,0,0,0,364,0,352,0,91,88,0,1,364,0|70,4138767565,1,23210944,0,0,0,0,0,24648767,0,88,0,1275267619,0,1275267619,0,2080,1263203596,0,18375311,0,0,0,0,0
1785915768519|1006|sustained_300s_f2r_00005_67108864|rotating|48,1378943233,33558272,25026931,24681607,284284,0,284284,0,6024,0,3012,0,0,0,23574,23574,19243504,0,4096,0,0,0,3012,0,3307951454,0,3307951462,0,0,0,0,0,0,0,0,0,4096,256,131072,4,15|4,0,67108864,262144,256,0,0,0,0,364,0,352,0,91,88,0,1,364,0|70,3373616937,1,0,0,23068672,0,23068672,0,71305,0,0,88,0,0,0,0,0,0,0,7026483,0,0,0,0,0
1785915773535|1006|sustained_300s_f2r_00005_67108864|fixed|50,1378943233,16777471,31243399,30812584,30888422,30812584,30888422,30812584,29546,29433,29430,29430,0,0,3761,0,908468760,906671037,4096,4096,0,0,29431,29431,3653723180,3653723169,3653723132,3653723177,0,0,0,0,0,0,0,0,4096,256,131072,4,15|4,0,67108864,262144,256,0,0,0,0,452,0,440,0,113,110,0,1,452,0|72,167189449,2,29088768,0,0,0,0,0,30896977,0,110,0,1597187343,0,1597187343,0,2080,1583424685,0,21235192,0,0,0,0,0
1785915773535|1006|sustained_300s_f2r_00005_67108864|rotating|50,1378943233,33558272,31375159,30942019,356483,0,356483,0,7554,0,3777,0,0,0,29555,29555,24131008,0,4096,0,0,0,3777,0,3632188371,0,3632188379,0,0,0,0,0,0,0,0,0,4096,256,131072,4,15|4,0,67108864,262144,256,0,0,0,0,456,0,444,0,114,111,0,1,456,0|72,3699986930,1,0,0,29097984,0,29097984,0,89475,0,0,111,0,0,0,0,0,0,0,7075536,0,0,0,0,0
1785915778539|1006|sustained_300s_f2r_00005_67108864|fixed|52,1378943233,16777471,37555294,37037124,37128687,37037124,37128687,37037124,35513,35379,35375,35375,0,0,4520,0,1091981064,1089822944,4096,4096,0,0,35376,35376,3975853040,3975853037,3975852992,3975853029,0,0,0,0,0,0,0,0,4096,256,131072,4,15|4,0,67108864,262144,256,0,0,0,0,544,0,532,0,136,133,0,1,544,0|74,487878034,2,34920480,0,0,0,0,0,37089617,0,133,0,1916418000,0,1916418000,0,2080,1900811096,0,24226205,0,0,0,0,0
1785915778539|1006|sustained_300s_f2r_00005_67108864|rotating|52,1378943233,33558272,37674826,37154542,428028,0,428028,0,9070,0,4535,0,0,0,35488,35488,28973856,0,4096,0,0,0,4535,0,3953617909,0,3953617925,0,0,0,0,0,0,0,0,0,4096,256,131072,4,15|4,0,67108864,262144,256,0,0,0,0,544,0,532,0,136,133,0,1,544,0|74,4018387269,1,0,0,34865152,0,34865152,0,107196,0,0,133,0,0,0,0,0,0,0,7121282,0,0,0,0,0
1785915783549|1006|sustained_300s_f2r_00005_67108864|fixed|54,1378943233,16777471,43797156,43190959,43299477,43190959,43299477,43190959,41418,41261,41257,41257,0,0,5273,0,1273532305,1270998252,4096,4096,0,0,41258,41258,4294702956,4294702945,4294702964,4294702953,0,0,0,0,0,0,0,0,4096,256,131072,4,15|4,0,67108864,262144,256,0,0,0,0,632,0,620,0,158,155,0,1,632,0|76,806869352,2,40719264,0,0,0,0,0,43249550,0,155,0,2233959622,0,2233959622,0,2080,2216632169,0,27091030,0,0,0,0,0
1785915783549|1006|sustained_300s_f2r_00005_67108864|rotating|54,1378943233,33558272,43890263,43283045,498721,0,498721,0,10568,0,5284,0,0,0,41345,41345,33759168,0,4096,0,0,0,5284,0,4271181998,0,4271182006,0,0,0,0,0,0,0,0,0,4096,256,131072,4,15|4,0,67108864,262144,256,0,0,0,0,632,0,620,0,158,155,0,1,632,0|76,39693403,2,0,0,40632320,0,40632320,0,124798,0,0,155,0,0,0,0,0,0,0,7172740,0,0,0,0,0
1785915788560|1006|sustained_300s_f2r_00005_67108864|fixed|56,1378943233,16781056,50079202,49386200,49510167,49386200,49510167,49386200,47360,47181,47177,47177,0,0,6029,0,1456261648,1453369992,4096,4096,0,0,47177,47177,320479833,320480158,320479841,320480166,0,0,0,0,0,0,0,0,4096,256,131072,4,15|4,0,67108864,262144,256,0,0,0,0,720,0,708,0,180,177,0,1,720,0|78,1127771871,2,46557568,0,0,0,0,0,49447481,0,177,0,2553402565,0,2553402565,0,2080,2534377888,0,29941015,0,0,0,0,0
1785915788560|1006|sustained_300s_f2r_00005_67108864|rotating|56,1378943233,33558272,50184774,49490357,570262,0,570262,0,12084,0,6042,0,0,0,47276,47276,38601960,0,4096,0,0,0,6042,0,297631842,0,297631850,0,0,0,0,0,0,0,0,0,4096,256,131072,4,15|4,0,67108864,262144,256,0,0,0,0,720,0,708,0,180,177,0,1,724,0|78,362795201,2,0,0,46661632,0,46661632,0,142800,0,0,178,0,0,0,0,0,0,0,7219857,0,0,0,0,0
1785915793635|1006|sustained_300s_f2r_00005_67108864|fixed|58,1378943233,16781056,56444173,55663478,55802845,55663478,55802845,55663478,53377,53176,53172,53172,0,0,6795,0,1641316232,1638066008,4096,4096,0,0,53172,53172,645290407,645290756,645290415,645290764,0,0,0,0,0,0,0,0,4096,256,131072,4,15|4,0,67108864,262144,256,0,0,0,0,812,0,800,0,203,200,0,1,812,0|80,1456271520,2,52531552,0,0,0,0,0,55793201,0,200,0,2880408718,0,2880408718,0,2080,2859573687,0,32928682,0,0,0,0,0
1785915793635|1006|sustained_300s_f2r_00005_67108864|rotating|58,1378943233,33558272,56613349,55830066,643314,0,643314,0,13632,0,6816,0,0,0,53331,53331,43547032,0,4096,0,0,0,6816,0,625735846,0,625735854,0,0,0,0,0,0,0,0,0,4096,256,131072,4,15|4,0,67108864,262144,256,0,0,0,0,812,0,800,0,203,200,0,1,812,0|80,690963568,2,0,0,52428800,0,52428800,0,161040,0,0,200,0,0,0,0,0,0,0,7272019,0,0,0,0,0
1785915798638|1006|sustained_300s_f2r_00005_67108864|fixed|60,1378943233,16777471,62714828,61846409,62002146,61846409,62002146,61846409,59306,59082,59077,59077,0,0,7551,0,1823613240,1819987411,4096,4096,0,0,59078,59078,965431636,965431649,965431644,965431657,0,0,0,0,0,0,0,0,4096,256,131072,4,15|4,0,67108864,262144,256,0,0,0,0,900,0,888,0,225,222,0,1,900,0|82,1774331463,2,58314528,0,0,0,0,0,61938161,0,222,0,3197022917,0,3197022917,0,2080,3174474752,0,35782698,0,0,0,0,0
1785915798638|1006|sustained_300s_f2r_00005_67108864|rotating|60,1378943233,33558272,62855205,61985212,714196,0,714196,0,15134,0,7567,0,0,0,59209,59209,48345144,0,4096,0,0,0,7567,0,944148643,0,944148651,0,0,0,0,0,0,0,0,0,4096,256,131072,4,15|4,0,67108864,262144,256,0,0,0,0,900,0,888,0,225,222,0,1,900,0|82,1008579237,2,0,0,58195968,0,58195968,0,178713,0,0,222,0,0,0,0,0,0,0,7320798,0,0,0,0,0
1785915803649|1006|sustained_300s_f2r_00005_67108864|fixed|62,1378943233,16781056,69017827,68062049,68233600,68062049,68233600,68062049,65265,65019,65015,65015,0,0,8309,0,2006886568,2002901416,4096,4096,0,0,65015,65015,1287129113,1287129454,1287129121,1287129462,0,0,0,0,0,0,0,0,4096,256,131072,4,15|4,0,67108864,262144,256,0,0,0,0,988,0,976,0,247,244,0,1,988,0|84,2094528935,2,64137024,0,0,0,0,0,68124146,0,244,0,3515764765,0,3515764765,0,2080,3491511047,0,38637618,0,0,0,0,0
1785915803649|1006|sustained_300s_f2r_00005_67108864|rotating|62,1378943233,33558272,69114519,68157743,785359,0,785359,0,16642,0,8321,0,0,0,65106,65106,53162344,0,4096,0,0,0,8321,0,1263851650,0,1263851658,0,0,0,0,0,0,0,0,0,4096,256,131072,4,15|4,0,67108864,262144,256,0,0,0,0,992,0,980,0,248,245,0,1,992,0|84,1333151233,2,0,0,64225280,0,64225280,0,196788,0,0,245,0,0,0,0,0,0,0,7361168,0,0,0,0,0
1785915817569|1008|sustained_300s_f2r_00007_16777216|fixed|68,1378943233,16777471,6546886,6460810,6476666,6460810,6476666,6460810,5850,5828,5827,5827,0,0,744,0,179814566,179471593,4096,4096,0,0,5828,5828,2176964911,2176964924,2176964919,2176964932,0,0,0,0,0,0,0,0,4096,256,131072,4,15|4,0,16777216,262144,64,0,0,0,0,100,0,88,0,25,22,0,1,100,0|98,2984601822,2,5814592,0,0,0,0,0,6532653,0,22,0,321658356,0,321658356,0,2080,316168158,0,7896815,0,0,0,0,0
1785915817569|1008|sustained_300s_f2r_00007_16777216|rotating|68,1378943233,33558272,6641899,6554077,71260,0,71260,0,1510,0,755,0,0,0,5912,5912,4823656,0,4096,0,0,0,755,0,2153343154,0,2153343162,0,0,0,0,0,0,0,0,0,4096,256,131072,4,15|4,0,16777216,262144,64,0,0,0,0,100,0,88,0,25,22,0,1,100,0|98,2217290916,2,0,0,5767168,0,5767168,0,17957,0,0,22,0,0,0,0,0,0,0,5022751,0,0,0,0,0
1785915822571|1008|sustained_300s_f2r_00007_16777216|fixed|70,1378943233,16781056,13180264,13005973,13038784,13005973,13038784,13005973,11778,11733,11733,11733,0,0,1499,0,362033448,361315368,4096,4096,0,0,11733,11733,2497086179,2497086512,2497086187,2497086520,0,0,0,0,0,0,0,0,4096,256,131072,4,15|4,0,16777216,262144,64,0,0,0,0,192,0,180,0,48,45,0,1,192,0|100,3315623686,2,11828096,0,0,0,0,0,13302893,0,45,0,651176844,0,651176844,0,2080,643876445,0,10892814,0,0,0,0,0
1785915822571|1008|sustained_300s_f2r_00007_16777216|rotating|70,1378943233,33558272,13523920,13345195,145162,0,145162,0,3076,0,1538,0,0,0,12038,12038,9826208,0,4096,0,0,0,1538,0,2485323378,0,2485323386,0,0,0,0,0,0,0,0,0,4096,256,131072,4,15|4,0,16777216,262144,64,0,0,0,0,192,0,180,0,48,45,0,1,192,0|100,2549354904,2,0,0,11796480,0,11796480,0,36432,0,0,45,0,0,0,0,0,0,0,5061379,0,0,0,0,0
1785915832922|1009|sustained_300s_f2r_00008_16777216|fixed|74,1378943233,16777471,6181615,6096201,6111489,6096201,6111489,6096201,5847,5825,5824,5824,0,0,743,0,179783847,179440474,4096,4096,0,0,5825,5825,3159597611,3159597608,3159597619,3159597616,0,0,0,0,0,0,0,0,4096,256,131072,4,15|4,0,16777216,262144,64,0,0,0,0,100,0,88,0,25,22,0,1,100,0|108,3966093854,2,5790880,0,0,0,0,0,6142291,0,22,0,320405778,0,320405778,0,2080,314854239,0,7976870,0,0,0,0,0
1785915832922|1009|sustained_300s_f2r_00008_16777216|rotating|74,1378943233,33558272,6250043,6163100,70977,0,70977,0,1504,0,752,0,0,0,5888,5888,4804472,0,4096,0,0,0,752,0,3134860909,0,3134860917,0,0,0,0,0,0,0,0,0,4096,256,131072,4,15|4,0,16777216,262144,64,0,0,0,0,100,0,88,0,25,22,0,1,100,0|108,3199003535,2,0,0,5767168,0,5767168,0,17910,0,0,22,0,0,0,0,0,0,0,5127319,0,0,0,0,0
1785915837927|1009|sustained_300s_f2r_00008_16777216|fixed|76,1378943233,16777471,12466205,12293005,12324535,12293005,12324535,12293005,11796,11751,11750,11750,0,0,1501,0,362713064,361994659,4096,4096,0,0,11751,11751,3480826474,3480826463,3480826450,3480826471,0,0,0,0,0,0,0,0,4096,256,131072,4,15|4,0,16777216,262144,64,0,0,0,0,188,0,176,0,47,44,0,1,188,0|110,4289025022,2,11660800,0,0,0,0,0,12375272,0,44,0,641869466,0,641869466,0,2080,634622584,0,10831762,0,0,0,0,0
1785915837927|1009|sustained_300s_f2r_00008_16777216|rotating|76,1378943233,33558272,12583979,12409368,142994,0,142994,0,3030,0,1515,0,0,0,11861,11861,9679272,0,4096,0,0,0,1515,0,3458431794,0,3458431802,0,0,0,0,0,0,0,0,0,4096,256,131072,4,15|4,0,16777216,262144,64,0,0,0,0,188,0,176,0,47,44,0,1,188,0|110,3523227306,2,0,0,11534336,0,11534336,0,35936,0,0,44,0,0,0,0,0,0,0,5176800,0,0,0,0,0
1785915853144|1011|sustained_300s_f2r_00010_16777216|fixed|82,1378943233,16777471,6146132,6061316,6076286,6061316,6076286,6061316,5819,5797,5796,5796,0,0,740,0,178910479,178569354,4096,4096,0,0,5797,5797,158893545,158893558,158893553,158893566,0,0,0,0,0,0,0,0,4096,256,131072,4,15|4,0,16777216,262144,64,0,0,0,0,100,0,88,0,25,22,0,1,100,0|124,967828806,3,5806688,0,0,0,0,0,6154955,0,22,0,322660299,0,322660299,0,2080,315782360,0,9754695,0,0,0,0,0
1785915853144|1011|sustained_300s_f2r_00010_16777216|rotating|82,1378943233,33558272,6280630,6193657,71355,0,71355,0,1512,0,756,0,0,0,5922,5922,4830056,0,4096,0,0,0,756,0,137386607,0,137386615,0,0,0,0,0,0,0,0,0,4096,256,131072,4,15|4,0,16777216,262144,64,0,0,0,0,100,0,88,0,25,22,0,1,100,0|124,201623711,3,0,0,5767168,0,5767168,0,18004,0,0,22,0,0,0,0,0,0,0,6893957,0,0,0,0,0
1785915858152|1011|sustained_300s_f2r_00010_16777216|fixed|84,1378943233,16777471,12418452,12246288,12277256,12246288,12277256,12246288,11755,11711,11709,11709,0,0,1496,0,361443096,360725406,4096,4096,0,0,11710,11710,479412104,479412085,479412088,479412093,0,0,0,0,0,0,0,0,4096,256,131072,4,15|4,0,16777216,262144,64,0,0,0,0,188,0,176,0,47,44,0,1,188,0|126,1286343299,3,11597568,0,0,0,0,0,12303159,0,44,0,639727072,0,639727072,0,2080,631156792,0,12589615,0,0,0,0,0
1785915858152|1011|sustained_300s_f2r_00010_16777216|rotating|84,1378943233,33558272,12524534,12351076,142427,0,142427,0,3018,0,1509,0,0,0,11809,11809,9640920,0,4096,0,0,0,1509,0,456639819,0,456639835,0,0,0,0,0,0,0,0,0,4096,256,131072,4,15|4,0,16777216,262144,64,0,0,0,0,188,0,176,0,47,44,0,1,188,0|126,519666108,3,0,0,11534336,0,11534336,0,35701,0,0,44,0,0,0,0,0,0,0,6940949,0,0,0,0,0
1785915868565|1012|sustained_300s_f2r_00011_16777216|fixed|88,1378943233,16781056,6571838,6484621,6501240,6484621,6501240,6484621,11726,11704,5852,5852,0,0,748,0,180662944,180303728,4096,4096,0,0,5852,5852,1147113176,1147091741,1147113184,1147091749,0,0,0,0,0,0,0,0,4096,256,131072,4,15|4,0,16777216,262144,64,0,0,0,0,100,0,88,0,25,22,0,1,100,0|134,1954488027,3,5830400,0,0,0,0,0,6551823,0,22,0,322705731,0,322705731,0,2080,317207883,0,7907837,0,0,0,0,0
1785915868565|1012|sustained_300s_f2r_00011_16777216|rotating|88,1378943233,33558272,6676727,6588437,71640,0,71640,0,1518,0,759,0,0,0,5945,5945,4849240,0,4096,0,0,0,759,0,1123909036,0,1123909044,0,0,0,0,0,0,0,0,0,4096,256,131072,4,15|4,0,16777216,262144,64,0,0,0,0,100,0,88,0,25,22,0,1,100,0|134,1190310676,3,0,0,5767168,0,5767168,0,18193,0,0,22,0,0,0,0,0,0,0,5014288,0,0,0,0,0
1785915873579|1012|sustained_300s_f2r_00011_16777216|fixed|90,1378943233,16777471,13195367,13020659,13053697,13020659,13053697,13020659,23544,23498,11749,11748,0,0,1501,0,362711343,361992586,4096,4096,0,0,11749,11749,1466803788,1466804089,1466803796,1466804097,0,0,0,0,0,0,0,0,4096,256,131072,4,15|4,0,16777216,262144,64,0,0,0,0,188,0,176,0,47,44,0,1,188,0|136,2273290519,3,11629184,0,0,0,0,0,13071755,0,44,0,640058527,0,640058527,0,2080,632827084,0,10785708,0,0,0,0,0
1785915873579|1012|sustained_300s_f2r_00011_16777216|rotating|90,1378943233,33558272,13277369,13101789,142522,0,142522,0,3020,0,1510,0,0,0,11822,11822,9647304,0,4096,0,0,0,1510,0,1442345694,0,1442345702,0,0,0,0,0,0,0,0,0,4096,256,131072,4,15|4,0,16777216,262144,64,0,0,0,0,188,0,176,0,47,44,0,1,188,0|136,1505795259,3,0,0,11534336,0,11534336,0,35748,0,0,44,0,0,0,0,0,0,0,5056938,0,0,0,0,0
1785915888470|1014|sustained_300s_f2r_00013_16777216|fixed|96,1378943233,16777471,6180511,6095135,6110291,6095135,6110291,6095135,5850,5828,5827,5827,0,0,744,0,179874361,179531008,4096,4096,0,0,5828,5828,2419918998,2419919003,2419919006,2419918963,0,0,0,0,0,0,0,0,4096,256,131072,4,15|4,0,16777216,262144,64,0,0,0,0,100,0,88,0,25,22,0,1,100,0|150,3226341492,3,5790880,0,0,0,0,0,6139583,0,22,0,320474783,0,320474783,0,2080,314939875,0,7960241,0,0,0,0,0
1785915888470|1014|sustained_300s_f2r_00013_16777216|rotating|96,1378943233,33558033,6249381,6162502,71072,0,71072,0,1506,0,753,0,0,0,5892,5892,4809205,0,4096,0,0,0,753,0,2395453679,0,2395453687,0,0,0,0,0,0,0,0,0,4096,256,131072,4,15|4,0,16777216,262144,64,0,0,0,0,100,0,88,0,25,22,0,1,100,0|150,2458597042,3,0,0,5767168,0,5767168,0,17862,0,0,22,0,0,0,0,0,0,0,5123950,0,0,0,0,0
1785915893475|1014|sustained_300s_f2r_00013_16777216|fixed|98,1378943233,16777471,12447838,12275088,12306263,12275088,12306263,12275088,11782,11738,11736,11736,0,0,1500,0,362272155,361553710,4096,4096,0,0,11737,11737,2740206883,2740206896,2740206891,2740206904,0,0,0,0,0,0,0,0,4096,256,131072,4,15|4,0,16777216,262144,64,0,0,0,0,188,0,176,0,47,44,0,1,188,0|152,3547883527,3,11637088,0,0,0,0,0,12347045,0,44,0,640555266,0,640555266,0,2080,633337687,0,10797370,0,0,0,0,0
1785915893475|1014|sustained_300s_f2r_00013_16777216|rotating|98,1378943233,33558272,12563262,12389248,142805,0,142805,0,3026,0,1513,0,0,0,11844,11844,9666488,0,4096,0,0,0,1513,0,2717717497,0,2717717505,0,0,0,0,0,0,0,0,0,4096,256,131072,4,15|4,0,16777216,262144,64,0,0,0,0,188,0,176,0,47,44,0,1,188,0|152,2781514880,3,0,0,11534336,0,11534336,0,35843,0,0,44,0,0,0,0,0,0,0,5165327,0,0,0,0,0
1785915903980|1015|sustained_300s_f2r_00014_16777216|fixed|102,1378943233,16777471,6139450,6054754,6069230,6054754,6069230,6054754,5849,5827,5826,5826,0,0,744,0,179852526,179511625,4096,4096,0,0,5827,5827,3412529303,3412529300,3412529311,3412529308,0,0,0,0,0,0,0,0,4096,256,131072,4,15|4,0,16777216,262144,64,0,0,0,0,100,0,88,0,25,22,0,1,100,0|160,4219968904,3,5806688,0,0,0,0,0,6118340,0,22,0,321796812,0,321796812,0,2080,315924974,0,8419852,0,0,0,0,0
1785915903980|1015|sustained_300s_f2r_00014_16777216|rotating|102,1378943233,33558272,6229313,6142894,71260,0,71260,0,1510,0,755,0,0,0,5912,5912,4823656,0,4096,0,0,0,755,0,3388955231,0,3388955239,0,0,0,0,0,0,0,0,0,4096,256,131072,4,15|4,0,16777216,262144,64,0,0,0,0,100,0,88,0,25,22,0,1,100,0|160,3460464470,3,0,0,5767168,0,5767168,0,18380,0,0,22,0,0,0,0,0,0,0,5583998,0,0,0,0,0
1785915908991|1015|sustained_300s_f2r_00014_16777216|fixed|104,1378943233,16777471,12387727,12215177,12245963,12215177,12245963,12215177,11806,11760,11759,11759,0,0,1502,0,362974600,362257051,4096,4096,0,0,11760,11760,3734115617,3734115638,3734115625,3734115646,0,0,0,0,0,0,0,0,4096,256,131072,4,15|4,0,16777216,262144,64,0,0,0,0,188,0,176,0,47,44,0,1,188,0|162,246598486,4,11652896,0,0,0,0,0,12282056,0,44,0,641932138,0,641932138,0,2080,634354016,0,11280594,0,0,0,0,0
1785915908991|1015|sustained_300s_f2r_00014_16777216|rotating|104,1378943233,33558272,12489550,12315952,142900,0,142900,0,3028,0,1514,0,0,0,11856,11856,9672880,0,4096,0,0,0,1514,0,3710812907,0,3710812915,0,0,0,0,0,0,0,0,0,4096,256,131072,4,15|4,0,16777216,262144,64,0,0,0,0,188,0,176,0,47,44,0,1,188,0|162,3775908980,3,0,0,11534336,0,11534336,0,35936,0,0,44,0,0,0,0,0,0,0,5631175,0,0,0,0,0
1785915959794|1027|sustained_300s_r2f_00001_16777216|fixed|130,1378943233,16781056,6624797,6537447,70961,0,70961,0,1506,0,753,0,0,0,5899,5899,4810872,0,4096,0,0,0,753,0,2693897630,0,2693897638,0,0,0,0,0,0,0,0,0,4096,256,131072,4,15|4,0,16777216,262144,64,0,0,0,0,100,0,88,0,25,22,0,1,100,0|236,3502363825,4,0,0,5767168,0,5767168,0,17976,0,0,22,0,0,0,0,0,0,0,5024681,0,0,0,0,0
1785915959794|1027|sustained_300s_r2f_00001_16777216|rotating|130,1378943233,33554687,6756491,6667697,6684115,6667697,6684115,6667697,12057,12035,6016,6016,0,0,768,0,185737608,185378139,4096,4096,0,0,6017,6017,2672516793,2672516806,2672516801,2672516814,0,0,0,0,0,0,0,0,4096,256,131072,4,15|4,0,16777216,262144,64,0,0,0,0,100,0,88,0,25,22,0,1,100,0|236,2737948955,4,6012192,0,0,0,0,0,6756880,0,22,0,332550347,0,332550347,0,2080,327105558,0,7893809,0,0,0,0,0
1785915964816|1027|sustained_300s_r2f_00001_16777216|fixed|132,1378943233,16781056,13193819,13019355,141449,0,141449,0,3002,0,1501,0,0,0,11747,11747,9589800,0,4096,0,0,0,1501,0,3011033988,0,3011033996,0,0,0,0,0,0,0,0,0,4096,256,131072,4,15|4,0,16777216,262144,64,0,0,0,0,188,0,176,0,47,44,0,1,188,0|238,3818978454,4,0,0,11534336,0,11534336,0,35574,0,0,44,0,0,0,0,0,0,0,5066924,0,0,0,0,0
1785915964816|1027|sustained_300s_r2f_00001_16777216|rotating|132,1378943233,33554687,13290837,13115309,13148352,13115309,13148352,13115309,23713,23669,11834,11833,0,0,1512,0,365335221,364616528,4096,4096,0,0,11834,11834,2987793179,2987793232,2987793187,2987793240,0,0,0,0,0,0,0,0,4096,256,131072,4,15|4,0,16777216,262144,64,0,0,0,0,188,0,176,0,47,44,0,1,188,0|238,3052151746,4,11724032,0,0,0,0,0,13181785,0,44,0,645325178,0,645325178,0,2080,638138946,0,10760861,0,0,0,0,0
1785915975052|1028|sustained_300s_r2f_00002_67108864|fixed|136,1378943233,16781056,6542905,6457093,70018,0,70018,0,1486,0,743,0,0,0,5825,5825,4746960,0,4096,0,0,0,743,0,3666179971,0,3666179979,0,0,0,0,0,0,0,0,0,4096,256,131072,4,15|4,0,67108864,262144,256,0,0,0,0,100,0,88,0,25,22,0,1,100,0|246,179262343,5,0,0,5767168,0,5767168,0,17716,0,0,22,0,0,0,0,0,0,0,5024126,0,0,0,0,0
1785915975052|1028|sustained_300s_r2f_00002_67108864|rotating|136,1378943233,33554687,6654057,6566295,6582814,6566295,6582814,6566295,5947,5924,5923,5923,0,0,756,0,182784499,182425214,4096,4096,0,0,5924,5924,3643920274,3643920255,3643920282,3643920263,0,0,0,0,0,0,0,0,4096,256,131072,4,15|4,0,67108864,262144,256,0,0,0,0,100,0,88,0,25,22,0,1,100,0|246,3706792160,4,5877824,0,0,0,0,0,6602511,0,22,0,325032761,0,325032761,0,2080,319570988,0,7881895,0,0,0,0,0
1785915980063|1028|sustained_300s_r2f_00002_67108864|fixed|138,1378943233,16781056,13186269,13012030,141354,0,141354,0,3000,0,1500,0,0,0,11738,11738,9583400,0,4096,0,0,0,1500,0,3986963664,0,3986963672,0,0,0,0,0,0,0,0,0,4096,256,131072,4,15|4,0,67108864,262144,256,0,0,0,0,188,0,176,0,47,44,0,1,188,0|248,498794338,5,0,0,11534336,0,11534336,0,35480,0,0,44,0,0,0,0,0,0,0,5060743,0,0,0,0,0
1785915980063|1028|sustained_300s_r2f_00002_67108864|rotating|138,1378943233,33554687,13262345,13087335,13120236,13087335,13120236,13087335,11852,11807,11806,11806,0,0,1508,0,364287536,363569211,4096,4096,0,0,11807,11807,3962668849,3962668830,3962668857,3962668838,0,0,0,0,0,0,0,0,4096,256,131072,4,15|4,0,67108864,262144,256,0,0,0,0,188,0,176,0,47,44,0,1,188,0|248,4027583319,4,11708224,0,0,0,0,0,13165675,0,44,0,644366320,0,644366320,0,2080,637211356,0,10726150,0,0,0,0,0
1785915985065|1028|sustained_300s_r2f_00002_67108864|fixed|140,1378943233,16781056,19849116,19587059,212785,0,212785,0,4516,0,2258,0,0,0,17673,17673,14426232,0,4096,0,0,0,2258,0,13408246,0,13408254,0,0,0,0,0,0,0,0,0,4096,256,131072,4,15|4,0,67108864,262144,256,0,0,0,0,276,0,264,0,69,66,0,1,276,0|250,820606420,5,0,0,17301504,0,17301504,0,53361,0,0,66,0,0,0,0,0,0,0,5107360,0,0,0,0,0
1785915985065|1028|sustained_300s_r2f_00002_67108864|rotating|140,1378943233,33554687,19930750,19667815,19717114,19667815,19717114,19667815,17814,17746,17745,17745,0,0,2267,0,547556830,546479457,4096,4096,0,0,17746,17746,4284477547,4284477560,4284477555,4284477568,0,0,0,0,0,0,0,0,4096,256,131072,4,15|4,0,67108864,262144,256,0,0,0,0,276,0,264,0,69,66,0,1,276,0|250,52510976,5,17530720,0,0,0,0,0,19706308,0,66,0,962805649,0,962805649,0,2080,953955139,0,13571063,0,0,0,0,0
1785915990082|1028|sustained_300s_r2f_00002_67108864|fixed|142,1378943233,16781056,26475703,26126038,283840,0,283840,0,6024,0,3012,0,0,0,23572,23572,19243504,0,4096,0,0,0,3012,0,333100272,0,333100288,0,0,0,0,0,0,0,0,0,4096,256,131072,4,15|4,0,67108864,262144,256,0,0,0,0,364,0,352,0,91,88,0,1,364,0|252,1139878289,5,0,0,23068672,0,23068672,0,71101,0,0,88,0,0,0,0,0,0,0,5157908,0,0,0,0,0
1785915990082|1028|sustained_300s_r2f_00002_67108864|rotating|142,1378943233,33554687,26552228,26201699,26267542,26201699,26267542,26201699,23731,23641,23640,23640,0,0,3021,0,729447136,728010723,4096,4096,0,0,23641,23641,308926027,308926040,308926035,308926048,0,0,0,0,0,0,0,0,4096,256,131072,4,15|4,0,67108864,262144,256,0,0,0,0,368,0,356,0,92,89,0,1,368,0|252,372756461,5,23346624,0,0,0,0,0,26253973,0,89,0,1281597158,0,1281597158,0,2080,1270916687,0,16544397,0,0,0,0,0
1785915995089|1028|sustained_300s_r2f_00002_67108864|fixed|144,1378943233,16781056,33120572,32683342,355080,0,355080,0,7536,0,3768,0,0,0,29487,29487,24073496,0,4096,0,0,0,3768,0,653652342,0,653652350,0,0,0,0,0,0,0,0,0,4096,256,131072,4,15|5,0,67108864,262144,256,0,0,0,0,456,0,444,0,114,111,0,1,456,0|254,1460452857,5,0,0,29097984,0,29097984,0,88934,0,0,111,0,0,0,0,0,0,0,5200935,0,0,0,0,0
1785915995089|1028|sustained_300s_r2f_00002_67108864|rotating|144,1378943233,33554687,33212509,32773533,32856392,32773533,32856392,32773533,29682,29569,29568,29568,0,0,3779,0,912373807,910562040,4096,4096,0,0,29569,29569,630263655,630263668,630263663,630263644,0,0,0,0,0,0,0,0,4096,256,131072,4,15|4,0,67108864,262144,256,0,0,0,0,456,0,444,0,114,111,0,1,456,0|254,693086967,5,29177024,0,0,0,0,0,32807669,0,111,0,1600470064,0,1600470064,0,2080,1588096030,0,19389024,0,0,0,0,0
1785916000114|1028|sustained_300s_r2f_00002_67108864|fixed|146,1378943233,16781056,39786265,39260383,426605,0,426605,0,9054,0,4527,0,0,0,35420,35420,28922736,0,4096,0,0,0,4527,0,975295915,0,975295923,0,0,0,0,0,0,0,0,0,4096,256,131072,4,15|4,0,67108864,262144,256,0,0,0,0,544,0,532,0,136,133,0,1,544,0|256,1782096178,5,0,0,34865152,0,34865152,0,106792,0,0,133,0,0,0,0,0,0,0,5239788,0,0,0,0,0
1785916000114|1028|sustained_300s_r2f_00002_67108864|rotating|146,1378943233,33554687,39873117,39346365,39445664,39346365,39445664,39346365,35633,35499,35497,35497,0,0,4536,0,1095318880,1093148073,4096,4096,0,0,35498,35498,951514073,951514054,951514049,951514062,0,0,0,0,0,0,0,0,4096,256,131072,4,15|4,0,67108864,262144,256,0,0,0,0,544,0,532,0,136,133,0,1,544,0|256,1016196301,5,35054848,0,0,0,0,0,39418578,0,133,0,1922109942,0,1922109942,0,2080,1908052459,0,22233719,0,0,0,0,0
1785916005121|1028|sustained_300s_r2f_00002_67108864|fixed|148,1378943233,16781056,46447897,45833989,498036,0,498036,0,10570,0,5285,0,0,0,41351,41351,33765552,0,4096,0,0,0,5285,0,1296707508,0,1296707516,0,0,0,0,0,0,0,0,0,4096,256,131072,4,15|4,0,67108864,262144,256,0,0,0,0,632,0,620,0,158,155,0,1,632,0|258,2103240569,5,0,0,40632320,0,40632320,0,124627,0,0,155,0,0,0,0,0,0,0,5282545,0,0,0,0,0
1785916005121|1028|sustained_300s_r2f_00002_67108864|rotating|148,1378943233,33558272,46517502,45902917,46018805,45902917,46018805,45902917,41570,41414,41413,41413,0,0,5292,0,1277839528,1275309928,4096,4096,0,0,41413,41413,1272016933,1272017266,1272016941,1272017274,0,0,0,0,0,0,0,0,4096,256,131072,4,15|4,0,67108864,262144,256,0,0,0,0,632,0,620,0,158,155,0,1,632,0|258,1334920605,5,40853632,0,0,0,0,0,45937990,0,155,0,2239384550,0,2239384550,0,2080,2223626725,0,25078337,0,0,0,0,0
1785916010129|1028|sustained_300s_r2f_00002_67108864|fixed|150,1378943233,16781056,53080309,52378950,569090,0,569090,0,12078,0,6039,0,0,0,47254,47254,38582816,0,4096,0,0,0,6039,0,1616400012,0,1616400020,0,0,0,0,0,0,0,0,0,4096,256,131072,4,15|4,0,67108864,262144,256,0,0,0,0,720,0,708,0,180,177,0,1,720,0|260,2423925882,5,0,0,46399488,0,46399488,0,142460,0,0,177,0,0,0,0,0,0,0,5327168,0,0,0,0,0
1785916010129|1028|sustained_300s_r2f_00002_67108864|rotating|150,1378943233,33554687,53196356,52492973,52625949,52492973,52625949,52492973,47539,47361,47358,47358,0,0,6053,0,1461283541,1458378336,4096,4096,0,0,47359,47359,1594276286,1594276267,1594276294,1594276275,0,0,0,0,0,0,0,0,4096,256,131072,4,15|4,0,67108864,262144,256,0,0,0,0,724,0,712,0,181,178,0,1,724,0|260,1658148128,5,46724864,0,0,0,0,0,52548312,0,178,0,2561144265,0,2561144265,0,2080,2543567793,0,28052236,0,0,0,0,0
1785916015142|1028|sustained_300s_r2f_00002_67108864|fixed|152,1378943233,16781056,59730909,58941788,640424,0,640424,0,13592,0,6796,0,0,0,53174,53174,43419224,0,4096,0,0,0,6796,0,1937381657,0,1937381665,0,0,0,0,0,0,0,0,0,4096,256,131072,4,15|5,0,67108864,262144,256,0,0,0,0,812,0,800,0,203,200,0,1,812,0|262,2743843284,5,0,0,52428800,0,52428800,0,160247,0,0,200,0,0,0,0,0,0,0,5377854,0,0,0,0,0
1785916015142|1028|sustained_300s_r2f_00002_67108864|rotating|152,1378943233,33558272,59819877,59029124,59178511,59029124,59178511,59029124,53456,53256,53254,53254,0,0,6806,0,1643205424,1639941424,4096,4096,0,0,53254,53254,1913728936,1913729269,1913728944,1913729277,0,0,0,0,0,0,0,0,4096,256,131072,4,15|4,0,67108864,262144,256,0,0,0,0,812,0,800,0,203,200,0,1,812,0|262,1976731854,5,52523648,0,0,0,0,0,59065636,0,200,0,2878278295,0,2878278295,0,2080,2859001752,0,30896583,0,0,0,0,0
1785916020158|1028|sustained_300s_r2f_00002_67108864|fixed|154,1378943233,16781056,66385448,65507763,711761,0,711761,0,15106,0,7553,0,0,0,59099,59099,48255672,0,4096,0,0,0,7553,0,2258165204,0,2258165212,0,0,0,0,0,0,0,0,0,4096,256,131072,4,15|4,0,67108864,262144,256,0,0,0,0,900,0,888,0,225,222,0,1,900,0|264,3065448853,5,0,0,58195968,0,58195968,0,178105,0,0,222,0,0,0,0,0,0,0,5410750,0,0,0,0,0
1785916020158|1028|sustained_300s_r2f_00002_67108864|rotating|154,1378943233,33554687,66468723,65590066,65756019,65590066,65756019,65590066,59398,59176,59173,59173,0,0,7563,0,1825843932,1822220639,4096,4096,0,0,59174,59174,2234462318,2234462323,2234462326,2234462331,0,0,0,0,0,0,0,0,4096,256,131072,4,15|4,0,67108864,262144,256,0,0,0,0,900,0,888,0,225,222,0,1,900,0|264,2298410893,5,58369856,0,0,0,0,0,65646379,0,222,0,3198495782,0,3198495782,0,2057,3177529500,0,33740780,0,0,0,0,0
1785916025161|1028|sustained_300s_r2f_00002_67108864|fixed|156,1378943233,16781056,73022893,72057657,782909,0,782909,0,16616,0,8308,0,0,0,65007,65007,53079344,0,4096,0,0,0,8308,0,2578287282,0,2578287290,0,0,0,0,0,0,0,0,0,4096,256,131072,4,15|4,0,67108864,262144,256,0,0,0,0,988,0,976,0,247,244,0,1,988,0|266,3384932484,5,0,0,63963136,0,63963136,0,195868,0,0,244,0,0,0,0,0,0,0,5453097,0,0,0,0,0
1785916025161|1028|sustained_300s_r2f_00002_67108864|rotating|156,1378943233,33554687,73113051,72146852,72329198,72146852,72329198,72146852,65334,65090,65087,65087,0,0,8318,0,2008341371,2004359046,4096,4096,0,0,65088,65088,2554926907,2554926888,2554926915,2554926896,0,0,0,0,0,0,0,0,4096,256,131072,4,15|4,0,67108864,262144,256,0,0,0,0,988,0,976,0,247,244,0,1,988,0|266,2617657725,5,64176544,0,0,0,0,0,72177624,0,244,0,3516290942,0,3516290942,0,2080,3493626222,0,36585191,0,0,0,0,0
1785916037994|1030|sustained_300s_r2f_00004_16777216|fixed|162,1378943233,16781056,6115938,6031604,69830,0,69830,0,1482,0,741,0,0,0,5804,5804,4734160,0,4096,0,0,0,741,0,3399743493,0,3399743501,0,0,0,0,0,0,0,0,0,4096,256,131072,4,15|4,0,16777216,262144,64,0,0,0,0,96,0,84,0,24,21,0,1,96,0|280,4206179383,5,0,0,5505024,0,5505024,0,17575,0,0,21,0,0,0,0,0,0,0,5578513,0,0,0,0,0
1785916037994|1030|sustained_300s_r2f_00004_16777216|rotating|162,1378943233,33554687,6200858,6114836,6129992,6114836,6129992,6114836,5908,5885,5884,5884,0,0,752,0,181645011,181287750,4096,4096,0,0,5885,5885,3376248032,3376248029,3376248040,3376248037,0,0,0,0,0,0,0,0,4096,256,131072,4,15|4,0,16777216,262144,64,0,0,0,0,100,0,88,0,25,22,0,1,100,0|280,3439451575,5,5838304,0,0,0,0,0,6155052,0,22,0,323709075,0,323709075,0,2080,317807611,0,8457792,0,0,0,0,0
1785916043007|1030|sustained_300s_r2f_00004_16777216|fixed|164,1378943233,16781056,12353811,12181916,141259,0,141259,0,2998,0,1499,0,0,0,11728,11728,9577000,0,4096,0,0,0,1499,0,3720977153,0,3720977161,0,0,0,0,0,0,0,0,0,4096,256,131072,4,15|4,0,16777216,262144,64,0,0,0,0,188,0,176,0,47,44,0,1,188,0|282,232234069,6,0,0,11534336,0,11534336,0,35432,0,0,44,0,0,0,0,0,0,0,5628307,0,0,0,0,0
1785916043007|1030|sustained_300s_r2f_00004_16777216|rotating|164,1378943233,33554687,12418434,12245925,12276514,12245925,12276514,12245925,11836,11791,11789,11789,0,0,1506,0,363904927,363187714,4096,4096,0,0,11790,11790,3696212834,3696212855,3696212842,3696212863,0,0,0,0,0,0,0,0,4096,256,131072,4,15|4,0,16777216,262144,64,0,0,0,0,188,0,176,0,47,44,0,1,188,0|282,3759366063,5,11660800,0,0,0,0,0,12284851,0,44,0,642167939,0,642167939,0,2080,634551467,0,11322167,0,0,0,0,0
1785916053216|1031|sustained_300s_r2f_00005_67108864|fixed|168,1378943233,16781056,6147767,6063001,69643,0,69643,0,1478,0,739,0,0,0,5790,5790,4721392,0,4096,0,0,0,739,0,79208627,0,79208635,0,0,0,0,0,0,0,0,0,4096,256,131072,4,15|4,0,67108864,262144,256,0,0,0,0,96,0,84,0,24,21,0,1,96,0|290,885505768,6,0,0,5505024,0,5505024,0,17528,0,0,21,0,0,0,0,0,0,0,6894829,0,0,0,0,0
1785916053216|1031|sustained_300s_r2f_00005_67108864|rotating|168,1378943233,33558272,6209868,6124510,6139568,6124510,6139568,6124510,5871,5850,5849,5849,0,0,746,0,180546088,180204312,4096,4096,0,0,5849,5849,54518856,54519189,54518864,54519197,0,0,0,0,0,0,0,0,4096,256,131072,4,15|4,0,67108864,262144,256,0,0,0,0,100,0,88,0,25,22,0,1,100,0|290,118164011,6,5814592,0,0,0,0,0,6170380,0,22,0,323099487,0,323099487,0,2080,316194001,0,9783941,0,0,0,0,0
1785916058273|1031|sustained_300s_r2f_00005_67108864|fixed|170,1378943233,16781056,12481030,12308566,141542,0,141542,0,3004,0,1502,0,0,0,11756,11756,9596192,0,4096,0,0,0,1502,0,402585599,0,402585607,0,0,0,0,0,0,0,0,0,4096,256,131072,4,15|4,0,67108864,262144,256,0,0,0,0,188,0,176,0,47,44,0,1,188,0|292,1211040315,6,0,0,11534336,0,11534336,0,35621,0,0,44,0,0,0,0,0,0,0,6937279,0,0,0,0,0
1785916058273|1031|sustained_300s_r2f_00005_67108864|rotating|170,1378943233,33558272,12599016,12425125,12456152,12425125,12456152,12425125,11912,11868,11867,11867,0,0,1516,0,366310008,365591584,4096,4096,0,0,11867,11867,380689395,380689736,380689403,380689744,0,0,0,0,0,0,0,0,4096,256,131072,4,15|4,0,67108864,262144,256,0,0,0,0,188,0,176,0,47,44,0,1,188,0|292,444605030,6,11747744,0,0,0,0,0,12479040,0,44,0,648057218,0,648057218,0,2080,639467967,0,12640831,0,0,0,0,0
1785916063285|1031|sustained_300s_r2f_00005_67108864|fixed|172,1378943233,16781056,18787794,18528472,213068,0,213068,0,4522,0,2261,0,0,0,17697,17697,14445416,0,4096,0,0,0,2261,0,724436344,0,724436352,0,0,0,0,0,0,0,0,0,4096,256,131072,4,15|4,0,67108864,262144,256,0,0,0,0,276,0,264,0,69,66,0,1,276,0|294,1531194958,6,0,0,17301504,0,17301504,0,53409,0,0,66,0,0,0,0,0,0,0,6978780,0,0,0,0,0
1785916063285|1031|sustained_300s_r2f_00005_67108864|rotating|172,1378943233,33554687,18875143,18614836,18661133,18614836,18661133,18614836,17847,17781,17779,17779,0,0,2271,0,548819173,547742176,4096,4096,0,0,17780,17780,701077545,701077550,701077553,701077558,0,0,0,0,0,0,0,0,4096,256,131072,4,15|4,0,67108864,262144,256,0,0,0,0,280,0,268,0,70,67,0,1,280,0|294,765968084,6,17595264,0,0,0,0,0,18684349,0,67,0,967958392,0,967958392,0,2080,957534361,0,15625772,0,0,0,0,0
1785916068285|1031|sustained_300s_r2f_00005_67108864|fixed|174,1378943233,16781056,25058792,24712582,284217,0,284217,0,6032,0,3016,0,0,0,23603,23603,19269024,0,4096,0,0,0,3016,0,1044571309,0,1044571325,0,0,0,0,0,0,0,0,0,4096,256,131072,4,15|4,0,67108864,262144,256,0,0,0,0,364,0,352,0,91,88,0,1,364,0|296,1851953307,6,0,0,23068672,0,23068672,0,71218,0,0,88,0,0,0,0,0,0,0,7026758,0,0,0,0,0
1785916068285|1031|sustained_300s_r2f_00005_67108864|rotating|174,1378943233,33554687,25134222,24786433,24849066,24786433,24849066,24786433,23765,23676,23675,23675,0,0,3026,0,730799116,729346279,4096,4096,0,0,23675,23675,1020651856,1020652181,1020651864,1020652189,0,0,0,0,0,0,0,0,4096,256,131072,4,15|4,0,67108864,262144,256,0,0,0,0,368,0,356,0,92,89,0,1,368,0|296,1084624919,6,23386144,0,0,0,0,0,24840359,0,89,0,1285167507,0,1285167507,0,2080,1273029497,0,18482330,0,0,0,0,0
1785916073295|1031|sustained_300s_r2f_00005_67108864|fixed|176,1378943233,16781056,31320187,30888383,355268,0,355268,0,7540,0,3770,0,0,0,29502,29501,24086288,0,4096,0,0,0,3770,0,1364269480,0,1364269488,0,0,0,0,0,0,0,0,0,4096,256,131072,4,15|5,0,67108864,262144,256,0,0,0,0,456,0,444,0,114,111,0,1,456,0|298,2170790138,6,0,0,29097984,0,29097984,0,88958,0,0,111,0,0,0,0,0,0,0,7074456,0,0,0,0,0
1785916073295|1031|sustained_300s_r2f_00005_67108864|rotating|176,1378943233,33554687,31410910,30977359,31054606,30977359,31054606,30977359,29700,29589,29587,29587,0,0,3781,0,913304152,911490049,4096,4096,0,0,29588,29588,1341026860,1341026849,1341026812,1341026857,0,0,0,0,0,0,0,0,4096,256,131072,4,15|4,0,67108864,262144,256,0,0,0,0,456,0,444,0,114,111,0,1,456,0|298,1404635133,6,29208640,0,0,0,0,0,31023883,0,111,0,1603722097,0,1603722097,0,2080,1589884424,0,21331360,0,0,0,0,0
1785916078298|1031|sustained_300s_r2f_00005_67108864|fixed|178,1378943233,16781056,37587913,37069718,426415,0,426415,0,9050,0,4525,0,0,0,35406,35406,28909936,0,4096,0,0,0,4525,0,1684199206,0,1684199214,0,0,0,0,0,0,0,0,0,4096,256,131072,4,15|4,0,67108864,262144,256,0,0,0,0,544,0,532,0,136,133,0,1,544,0|300,2491777572,6,0,0,34865152,0,34865152,0,106792,0,0,133,0,0,0,0,0,0,0,7124077,0,0,0,0,0
1785916078298|1031|sustained_300s_r2f_00005_67108864|rotating|178,1378943233,33555404,37677146,37157991,37249693,37157991,37249693,37157991,35625,35492,35491,35491,0,0,4536,0,1095537520,1093363992,4096,4096,0,0,35491,35491,1660906586,1660906911,1660906594,1660906919,0,0,0,0,0,0,0,0,4096,256,131072,4,15|4,0,67108864,262144,256,0,0,0,0,544,0,532,0,136,133,0,1,544,0|300,1723974448,6,35015328,0,0,0,0,0,37192905,0,133,0,1921609740,0,1921609740,0,2080,1906067884,0,24181516,0,0,0,0,0
1785916083306|1031|sustained_300s_r2f_00005_67108864|fixed|180,1378943233,16781056,43868248,43264750,497659,0,497659,0,10562,0,5281,0,0,0,41323,41323,33740032,0,4096,0,0,0,5281,0,2004766298,0,2004766306,0,0,0,0,0,0,0,0,0,4096,256,131072,4,15|4,0,67108864,262144,256,0,0,0,0,632,0,620,0,158,155,0,1,632,0|302,2812057466,6,0,0,40632320,0,40632320,0,124579,0,0,155,0,0,0,0,0,0,0,7166212,0,0,0,0,0
1785916083306|1031|sustained_300s_r2f_00005_67108864|rotating|180,1378943233,33558272,43979687,43374917,43480802,43374917,43480802,43374917,41584,41429,41428,41428,0,0,5294,0,1278799864,1276268376,4096,4096,0,0,41428,41428,1982601895,1982602236,1982601903,1982602244,0,0,0,0,0,0,0,0,4096,256,131072,4,15|4,0,67108864,262144,256,0,0,0,0,632,0,620,0,158,155,0,1,632,0|302,2046554640,6,40885248,0,0,0,0,0,43426166,0,155,0,2242722452,0,2242722452,0,2080,2225480515,0,27041146,0,0,0,0,0
1785916088333|1031|sustained_300s_r2f_00005_67108864|fixed|182,1378943233,16781056,50172774,49482266,569185,0,569185,0,12080,0,6040,0,0,0,47261,47261,38589200,0,4096,0,0,0,6040,0,2326618442,0,2326618450,0,0,0,0,0,0,0,0,0,4096,256,131072,4,15|4,0,67108864,262144,256,0,0,0,0,720,0,708,0,180,177,0,1,720,0|304,3133420781,6,0,0,46399488,0,46399488,0,142437,0,0,177,0,0,0,0,0,0,0,7206271,0,0,0,0,0
1785916088333|1031|sustained_300s_r2f_00005_67108864|rotating|182,1378943233,33554687,50261817,49570239,49691693,49570239,49691693,49570239,47525,47347,47345,47345,0,0,6050,0,1461470895,1458577778,4096,4096,0,0,47346,47346,2303268164,2303268169,2303268172,2303268177,0,0,0,0,0,0,0,0,4096,256,131072,4,15|4,0,67108864,262144,256,0,0,0,0,724,0,712,0,181,178,0,1,724,0|304,2367162954,6,46709056,0,0,0,0,0,49617061,0,178,0,2561874814,0,2561874814,0,2080,2542792374,0,30026719,0,0,0,0,0
1785916093337|1031|sustained_300s_r2f_00005_67108864|fixed|184,1378943233,16781056,56445253,55667540,640330,0,640330,0,13590,0,6795,0,0,0,53171,53170,43412832,0,4096,0,0,0,6795,0,2646753183,0,2646753191,0,0,0,0,0,0,0,0,0,4096,256,131072,4,15|4,0,67108864,262144,256,0,0,0,0,812,0,800,0,203,200,0,1,812,0|306,3455755430,6,0,0,52428800,0,52428800,0,160365,0,0,200,0,0,0,0,0,0,0,7247875,0,0,0,0,0
1785916093337|1031|sustained_300s_r2f_00005_67108864|rotating|184,1378943233,33556599,56574845,55795024,55933006,55795024,55933006,55795024,53496,53295,53293,53293,0,0,6811,0,1645049872,1641782707,4096,4096,0,0,53294,53294,2625646324,2625646321,2625646332,2625646329,0,0,0,0,0,0,0,0,4096,256,131072,4,15|4,0,67108864,262144,256,0,0,0,0,812,0,800,0,203,200,0,1,812,0|306,2689678071,6,52578976,0,0,0,0,0,55848198,0,200,0,2882922451,0,2882922451,0,2080,2862142419,0,32883860,0,0,0,0,0
1785916098340|1031|sustained_300s_r2f_00005_67108864|fixed|186,1378943233,16781056,62717757,61851270,711571,0,711571,0,15102,0,7551,0,0,0,59078,59078,48242872,0,4096,0,0,0,7551,0,2967122840,0,2967122848,0,0,0,0,0,0,0,0,0,4096,256,131072,4,15|4,0,67108864,262144,256,0,0,0,0,900,0,888,0,225,222,0,1,900,0|308,3776700899,6,0,0,58195968,0,58195968,0,178199,0,0,222,0,0,0,0,0,0,0,7291289,0,0,0,0,0
1785916098340|1031|sustained_300s_r2f_00005_67108864|rotating|186,1378943233,33558272,62849329,61981450,62136342,61981450,62136342,61981450,59427,59205,59202,59202,0,0,7566,0,1827448408,1823822344,4096,4096,0,0,59202,59202,2945818249,2945818566,2945818257,2945818574,0,0,0,0,0,0,0,0,4096,256,131072,4,15|4,0,67108864,262144,256,0,0,0,0,900,0,888,0,225,222,0,1,900,0|308,3010238647,6,58409376,0,0,0,0,0,62041440,0,222,0,3202025427,0,3202025427,0,2080,3179537377,0,35742942,0,0,0,0,0
1785916103347|1031|sustained_300s_r2f_00005_67108864|fixed|188,1378943233,16781056,68992523,68039327,782720,0,782720,0,16612,0,8306,0,0,0,64991,64991,53066576,0,4096,0,0,0,8306,0,3287252257,0,3287252265,0,0,0,0,0,0,0,0,0,4096,256,131072,4,15|4,0,67108864,262144,256,0,0,0,0,988,0,976,0,247,244,0,1,988,0|310,4094055103,6,0,0,63963136,0,63963136,0,195821,0,0,244,0,0,0,0,0,0,0,7331136,0,0,0,0,0
1785916103347|1031|sustained_300s_r2f_00005_67108864|rotating|188,1378943233,33554687,69064820,68110848,68281250,68110848,68281250,68110848,65307,65063,65059,65059,0,0,8315,0,2008250004,2004264791,4096,4096,0,0,65060,65060,3263236503,3263236508,3263236511,3263236516,0,0,0,0,0,0,0,0,4096,256,131072,4,15|4,0,67108864,262144,256,0,0,0,0,988,0,976,0,247,244,0,1,988,0|310,3326986032,6,64168640,0,0,0,0,0,68157570,0,244,0,3517332996,0,3517332996,0,2080,3493129009,0,38594670,0,0,0,0,0
1785916116226|1033|sustained_300s_r2f_00007_16777216|fixed|194,1378943233,16781056,6626024,6538520,70961,0,70961,0,1506,0,753,0,0,0,5898,5898,4810872,0,4096,0,0,0,753,0,4111672811,0,4111672819,0,0,0,0,0,0,0,0,0,4096,256,131072,4,15|4,0,16777216,262144,64,0,0,0,0,100,0,88,0,25,22,0,1,100,0|324,623645168,7,0,0,5767168,0,5767168,0,17881,0,0,22,0,0,0,0,0,0,0,5018101,0,0,0,0,0
1785916116226|1033|sustained_300s_r2f_00007_16777216|rotating|194,1378943233,33554687,6705942,6617568,6634133,6617568,6634133,6617568,5994,5970,5969,5969,0,0,762,0,184183050,183823760,4096,4096,0,0,5970,5970,4087758957,4087758970,4087758965,4087758946,0,0,0,0,0,0,0,0,4096,256,131072,4,15|4,0,16777216,262144,64,0,0,0,0,100,0,88,0,25,22,0,1,100,0|324,4151542378,6,5933152,0,0,0,0,0,6672842,0,22,0,328384534,0,328384534,0,2080,322923963,0,7892641,0,0,0,0,0
1785916121231|1033|sustained_300s_r2f_00007_16777216|fixed|196,1378943233,16781056,13287701,13112386,142392,0,142392,0,3022,0,1511,0,0,0,11828,11828,9653688,0,4096,0,0,0,1511,0,138136113,0,138136121,0,0,0,0,0,0,0,0,0,4096,256,131072,4,15|4,0,16777216,262144,64,0,0,0,0,188,0,176,0,47,44,0,1,188,0|326,945976306,7,0,0,11534336,0,11534336,0,35787,0,0,44,0,0,0,0,0,0,0,5064927,0,0,0,0,0
1785916121231|1033|sustained_300s_r2f_00007_16777216|rotating|196,1378943233,33558272,13407199,13230627,13263583,13230627,13263583,13230627,11981,11935,11935,11935,0,0,1524,0,368266360,367548280,4096,4096,0,0,11935,11935,116026072,116026405,116026080,116026413,0,0,0,0,0,0,0,0,4096,256,131072,4,15|4,0,16777216,262144,64,0,0,0,0,192,0,180,0,48,45,0,1,192,0|326,180513551,7,11828096,0,0,0,0,0,13296407,0,45,0,650849267,0,650849267,0,2080,643554686,0,10886994,0,0,0,0,0
1785916131484|1034|sustained_300s_r2f_00008_16777216|fixed|200,1378943233,16781056,6175029,6089813,69924,0,69924,0,1484,0,742,0,0,0,5816,5816,4740560,0,4096,0,0,0,742,0,793187429,0,793187437,0,0,0,0,0,0,0,0,0,4096,256,131072,4,15|5,0,16777216,262144,64,0,0,0,0,100,0,88,0,25,22,0,1,100,0|334,1600070818,7,0,0,5767168,0,5767168,0,17645,0,0,22,0,0,0,0,0,0,0,5110852,0,0,0,0,0
1785916131484|1034|sustained_300s_r2f_00008_16777216|rotating|200,1378943233,33554687,6248615,6161780,6177749,6161780,6177749,6161780,5909,5886,5885,5885,0,0,752,0,181676928,181317171,4096,4096,0,0,5886,5886,769309540,769309545,769309548,769309553,0,0,0,0,0,0,0,0,4096,256,131072,4,15|4,0,16777216,262144,64,0,0,0,0,100,0,88,0,25,22,0,1,100,0|334,832350788,7,5838304,0,0,0,0,0,6199517,0,22,0,323238742,0,323238742,0,2080,317689605,0,7984613,0,0,0,0,0
1785916136487|1034|sustained_300s_r2f_00008_16777216|fixed|202,1378943233,16781056,12448812,12276399,141165,0,141165,0,2996,0,1498,0,0,0,11727,11727,9570616,0,4096,0,0,0,1498,0,1113552618,0,1113552626,0,0,0,0,0,0,0,0,0,4096,256,131072,4,15|4,0,16777216,262144,64,0,0,0,0,188,0,176,0,47,44,0,1,188,0|336,1920428242,7,0,0,11534336,0,11534336,0,35432,0,0,44,0,0,0,0,0,0,0,5157136,0,0,0,0,0
1785916136487|1034|sustained_300s_r2f_00008_16777216|rotating|202,1378943233,33558272,12521044,12347750,12379029,12347750,12379029,12347750,11840,11795,11795,11795,0,0,1507,0,364092400,363374160,4096,4096,0,0,11795,11795,1089508909,1089509234,1089508917,1089509242,0,0,0,0,0,0,0,0,4096,256,131072,4,15|4,0,16777216,262144,64,0,0,0,0,188,0,176,0,47,44,0,1,188,0|336,1152460758,7,11660800,0,0,0,0,0,12383182,0,44,0,641893088,0,641893088,0,2080,634639353,0,10838578,0,0,0,0,0
1785916151212|1036|sustained_300s_r2f_00010_16777216|fixed|208,1378943233,16781056,6154656,6069625,69737,0,69737,0,1480,0,740,0,0,0,5797,5797,4727776,0,4096,0,0,0,740,0,2056309129,0,2056309137,0,0,0,0,0,0,0,0,0,4096,256,131072,4,15|4,0,16777216,262144,64,0,0,0,0,100,0,88,0,25,22,0,1,100,0|350,2863928539,7,0,0,5767168,0,5767168,0,17622,0,0,22,0,0,0,0,0,0,0,6883774,0,0,0,0,0
1785916151212|1036|sustained_300s_r2f_00010_16777216|rotating|208,1378943233,33554687,6276561,6189483,6205413,6189483,6205413,6189483,5935,5912,5911,5911,0,0,755,0,182485125,182127392,4096,4096,0,0,5912,5912,2034700163,2034700168,2034700171,2034700136,0,0,0,0,0,0,0,0,4096,256,131072,4,15|4,0,16777216,262144,64,0,0,0,0,100,0,88,0,25,22,0,1,100,0|350,2099099540,7,5893632,0,0,0,0,0,6253766,0,22,0,327329841,0,327329841,0,2080,320454393,0,9770871,0,0,0,0,0
1785916156218|1036|sustained_300s_r2f_00010_16777216|fixed|210,1378943233,16781056,12426662,12254079,140976,0,140976,0,2992,0,1496,0,0,0,11705,11705,9557856,0,4096,0,0,0,1496,0,2376553499,0,2376553507,0,0,0,0,0,0,0,0,0,4096,256,131072,4,15|4,0,16777216,262144,64,0,0,0,0,188,0,176,0,47,44,0,1,188,0|352,3183530294,7,0,0,11534336,0,11534336,0,35385,0,0,44,0,0,0,0,0,0,0,6920344,0,0,0,0,0
1785916156218|1036|sustained_300s_r2f_00010_16777216|rotating|210,1378943233,33554687,12521625,12347989,12379610,12347989,12379610,12347989,11840,11795,11795,11795,0,0,1507,0,364083710,363368641,4096,4096,0,0,11795,11795,2353496168,2353496493,2353496176,2353496501,0,0,0,0,0,0,0,0,4096,256,131072,4,15|4,0,16777216,262144,64,0,0,0,0,188,0,176,0,47,44,0,1,188,0|352,2417387417,7,11676608,0,0,0,0,0,12402162,0,44,0,644171974,0,644171974,0,2080,635578202,0,12630077,0,0,0,0,0
1785916166559|1037|sustained_300s_r2f_00011_16777216|fixed|214,1378943233,16781056,6553731,6467836,70112,0,70112,0,1488,0,744,0,0,0,5832,5832,4753352,0,4096,0,0,0,744,0,3038104328,0,3038104336,0,0,0,0,0,0,0,0,0,4096,256,131072,4,15|4,0,16777216,262144,64,0,0,0,0,100,0,88,0,25,22,0,1,100,0|360,3845736736,7,0,0,5767168,0,5767168,0,17716,0,0,22,0,0,0,0,0,0,0,5024841,0,0,0,0,0
1785916166559|1037|sustained_300s_r2f_00011_16777216|rotating|214,1378943233,33554687,6649607,6561877,6578364,6561877,6578364,6561877,11859,11836,5917,5917,0,0,756,0,182691104,182331635,4096,4096,0,0,5918,5918,3015092187,3015092200,3015092195,3015092208,0,0,0,0,0,0,0,0,4096,256,131072,4,15|4,0,16777216,262144,64,0,0,0,0,100,0,88,0,25,22,0,1,100,0|360,3078262849,7,5872320,0,0,0,0,0,6604157,0,22,0,325017271,0,325017271,0,2080,319543513,0,7892521,0,0,0,0,0
1785916171559|1037|sustained_300s_r2f_00011_16777216|fixed|216,1378943233,16781056,13190508,13016108,141354,0,141354,0,3000,0,1500,0,0,0,11737,11737,9583400,0,4096,0,0,0,1500,0,3358477456,0,3358477464,0,0,0,0,0,0,0,0,0,4096,256,131072,4,15|4,0,16777216,262144,64,0,0,0,0,188,0,176,0,47,44,0,1,188,0|362,4164940550,7,0,0,11534336,0,11534336,0,35456,0,0,44,0,0,0,0,0,0,0,5072088,0,0,0,0,0
1785916171559|1037|sustained_300s_r2f_00011_16777216|rotating|216,1378943233,33554687,13267620,13092441,13125511,13092441,13125511,13092441,23657,23612,11805,11805,0,0,1508,0,364461600,363742920,4096,4096,0,0,11806,11806,3334153551,3334153532,3334153527,3334153540,0,0,0,0,0,0,0,0,4096,256,131072,4,15|4,0,16777216,262144,64,0,0,0,0,188,0,176,0,47,44,0,1,188,0|362,3397783735,7,11684512,0,0,0,0,0,13144283,0,44,0,643085109,0,643085109,0,2080,635895601,0,10755620,0,0,0,0,0
1785916186145|1039|sustained_300s_r2f_00013_16777216|fixed|222,1378943233,16781056,6182024,6096735,70018,0,70018,0,1486,0,743,0,0,0,5824,5824,4746960,0,4096,0,0,0,743,0,4291654973,0,4291654981,0,0,0,0,0,0,0,0,0,4096,256,131072,4,15|5,0,16777216,262144,64,0,0,0,0,100,0,88,0,25,22,0,1,100,0|376,803719186,8,0,0,5767168,0,5767168,0,17669,0,0,22,0,0,0,0,0,0,0,5112549,0,0,0,0,0
1785916186145|1039|sustained_300s_r2f_00013_16777216|rotating|222,1378943233,33554687,6256807,6169907,6185846,6169907,6185846,6169907,5918,5895,5894,5894,0,0,753,0,181947629,181587856,4096,4096,0,0,5895,5895,4267821947,4267821960,4267821955,4267821944,0,0,0,0,0,0,0,0,4096,256,131072,4,15|4,0,16777216,262144,64,0,0,0,0,100,0,88,0,25,22,0,1,100,0|376,37148467,8,5869920,0,0,0,0,0,6232240,0,22,0,324962115,0,324962115,0,2080,319415022,0,7989348,0,0,0,0,0
1785916191153|1039|sustained_300s_r2f_00013_16777216|fixed|224,1378943233,16781056,12460118,12287441,141354,0,141354,0,3000,0,1500,0,0,0,11737,11737,9583400,0,4096,0,0,0,1500,0,317484003,0,317484011,0,0,0,0,0,0,0,0,0,4096,256,131072,4,15|4,0,16777216,262144,64,0,0,0,0,188,0,176,0,47,44,0,1,188,0|378,1124201566,8,0,0,11534336,0,11534336,0,35480,0,0,44,0,0,0,0,0,0,0,5158732,0,0,0,0,0
1785916191153|1039|sustained_300s_r2f_00013_16777216|rotating|224,1378943233,33554687,12534982,12361422,12392780,12361422,12392780,12361422,11854,11809,11808,11808,0,0,1509,0,364495001,363776516,4096,4096,0,0,11809,11809,293299833,293299846,293299841,293299854,0,0,0,0,0,0,0,0,4096,256,131072,4,15|4,0,16777216,262144,64,0,0,0,0,188,0,176,0,47,44,0,1,188,0|378,356750359,8,11684512,0,0,0,0,0,12407142,0,44,0,643110359,0,643110359,0,2080,635855344,0,10844940,0,0,0,0,0
1785916201394|1040|sustained_300s_r2f_00014_16777216|fixed|228,1378943233,16781056,6112992,6028537,69830,0,69830,0,1482,0,741,0,0,0,5808,5808,4734160,0,4096,0,0,0,741,0,972679811,0,972679819,0,0,0,0,0,0,0,0,0,4096,256,131072,4,15|4,0,16777216,262144,64,0,0,0,0,96,0,88,0,25,22,0,1,100,0|386,1779600588,8,0,0,5767168,0,5767168,0,17622,0,0,22,0,0,0,0,0,0,0,5591075,0,0,0,0,0
1785916201394|1040|sustained_300s_r2f_00014_16777216|rotating|228,1378943233,33554687,6182482,6096511,6111805,6096511,6111805,6096511,5897,5874,5874,5874,0,0,750,0,181312200,180954843,4096,4096,0,0,5874,5874,948600448,948600781,948600464,948600797,0,0,0,0,0,0,0,0,4096,256,131072,4,15|4,0,16777216,262144,64,0,0,0,0,100,0,88,0,25,22,0,1,100,0|386,1011664861,8,5830400,0,0,0,0,0,6133805,0,22,0,322991283,0,322991283,0,2080,317082275,0,8459502,0,0,0,0,0
1785916206411|1040|sustained_300s_r2f_00014_16777216|fixed|230,1378943233,16781056,12350562,12178489,141259,0,141259,0,2998,0,1499,0,0,0,11733,11733,9577000,0,4096,0,0,0,1499,0,1293918108,0,1293918116,0,0,0,0,0,0,0,0,0,4096,256,131072,4,15|4,0,16777216,262144,64,0,0,0,0,188,0,176,0,47,44,0,1,188,0|388,2100590915,8,0,0,11534336,0,11534336,0,35456,0,0,44,0,0,0,0,0,0,0,5634686,0,0,0,0,0
1785916206411|1040|sustained_300s_r2f_00014_16777216|rotating|230,1378943233,33554687,12424476,12251595,12282367,12251595,12282367,12251595,11849,11805,11803,11803,0,0,1508,0,364331720,363614659,4096,4096,0,0,11804,11804,1269901639,1269901636,1269901647,1269901644,0,0,0,0,0,0,0,0,4096,256,131072,4,15|4,0,16777216,262144,64,0,0,0,0,188,0,176,0,47,44,0,1,188,0|388,1333758857,8,11684512,0,0,0,0,0,12304327,0,44,0,643621751,0,643621751,0,2080,635999680,0,11328720,0,0,0,0,0
