captured_ms|sequence|label|role|data_ro|dirm0|oen0
1785915650050|0|SAFE_BOOT|fixed|1350565379|8193|8193
1785915650050|0|SAFE_BOOT|rotating|1346371075|8193|8193
1785915650223|1001|sustained_300s_f2r_00000_4194304_active|fixed|1350565379|8193|8193
1785915650223|1001|sustained_300s_f2r_00000_4194304_active|rotating|1350557187|8193|8193
1785915654380|1001|sustained_300s_f2r_00000_4194304_terminal|fixed|1350565379|8193|8193
1785915654380|1001|sustained_300s_f2r_00000_4194304_terminal|rotating|1350565379|8193|8193
1785915654776|1002|sustained_300s_f2r_00001_16777216_active|fixed|1346371075|8193|8193
1785915654776|1002|sustained_300s_f2r_00001_16777216_active|rotating|1346362883|8193|8193
1785915659900|1002|sustained_300s_f2r_00001_16777216|fixed|1346371074|8193|8193
1785915659900|1002|sustained_300s_f2r_00001_16777216|rotating|1346362883|8193|8193
1785915664927|1002|sustained_300s_f2r_00001_16777216|fixed|1350565378|8193|8193
1785915664927|1002|sustained_300s_f2r_00001_16777216|rotating|1346362883|8193|8193
1785915669710|1002|sustained_300s_f2r_00001_16777216_terminal|fixed|1346371075|8193|8193
1785915669710|1002|sustained_300s_f2r_00001_16777216_terminal|rotating|1346371075|8193|8193
1785915670105|1003|sustained_300s_f2r_00002_67108864_active|fixed|1346371075|8193|8193
1785915670105|1003|sustained_300s_f2r_00002_67108864_active|rotating|1350557187|8193|8193
1785915675262|1003|sustained_300s_f2r_00002_67108864|fixed|1346371074|8193|8193
1785915675262|1003|sustained_300s_f2r_00002_67108864|rotating|1350557187|8193|8193
1785915680239|1003|sustained_300s_f2r_00002_67108864|fixed|1350565378|8193|8193
1785915680239|1003|sustained_300s_f2r_00002_67108864|rotating|1350557187|8193|8193
1785915685291|1003|sustained_300s_f2r_00002_67108864|fixed|1346371074|8193|8193
1785915685291|1003|sustained_300s_f2r_00002_67108864|rotating|1350557187|8193|8193
1785915690330|1003|sustained_300s_f2r_00002_67108864|fixed|1346371074|8193|8193
1785915690330|1003|sustained_300s_f2r_00002_67108864|rotating|1350557187|8193|8193
1785915695325|1003|sustained_300s_f2r_00002_67108864|fixed|1346371074|8193|8193
1785915695325|1003|sustained_300s_f2r_00002_67108864|rotating|1346362883|8193|8193
1785915700329|1003|sustained_300s_f2r_00002_67108864|fixed|1350565378|8193|8193
1785915700329|1003|sustained_300s_f2r_00002_67108864|rotating|1350557187|8193|8193
1785915705291|1003|sustained_300s_f2r_00002_67108864|fixed|1346371074|8193|8193
1785915705291|1003|sustained_300s_f2r_00002_67108864|rotating|1346362883|8193|8193
1785915710367|1003|sustained_300s_f2r_00002_67108864|fixed|1350565378|8193|8193
1785915710367|1003|sustained_300s_f2r_00002_67108864|rotating|1350557187|8193|8193
1785915715398|1003|sustained_300s_f2r_00002_67108864|fixed|1350565378|8193|8193
1785915715398|1003|sustained_300s_f2r_00002_67108864|rotating|1346362883|8193|8193
1785915720341|1003|sustained_300s_f2r_00002_67108864|fixed|1350565378|8193|8193
1785915720341|1003|sustained_300s_f2r_00002_67108864|rotating|1346362883|8193|8193
1785915725361|1003|sustained_300s_f2r_00002_67108864|fixed|1350565378|8193|8193
1785915725361|1003|sustained_300s_f2r_00002_67108864|rotating|1346362883|8193|8193
1785915728283|1003|sustained_300s_f2r_00002_67108864_terminal|fixed|1346371075|8193|8193
1785915728283|1003|sustained_300s_f2r_00002_67108864_terminal|rotating|1346371075|8193|8193
1785915728626|1004|sustained_300s_f2r_00003_4194304_active|fixed|1350565379|8193|8193
1785915728626|1004|sustained_300s_f2r_00003_4194304_active|rotating|1346362883|8193|8193
1785915732788|1004|sustained_300s_f2r_00003_4194304_terminal|fixed|1350565379|8193|8193
1785915732788|1004|sustained_300s_f2r_00003_4194304_terminal|rotating|1346371075|8193|8193
1785915733120|1005|sustained_300s_f2r_00004_16777216_active|fixed|1350565379|8193|8193
1785915733120|1005|sustained_300s_f2r_00004_16777216_active|rotating|1350557187|8193|8193
1785915738270|1005|sustained_300s_f2r_00004_16777216|fixed|1346371074|8193|8193
1785915738270|1005|sustained_300s_f2r_00004_16777216|rotating|1346362883|8193|8193
1785915743222|1005|sustained_300s_f2r_00004_16777216|fixed|1350565378|8193|8193
1785915743222|1005|sustained_300s_f2r_00004_16777216|rotating|1346362883|8193|8193
1785915748076|1005|sustained_300s_f2r_00004_16777216_terminal|fixed|1350565379|8193|8193
1785915748076|1005|sustained_300s_f2r_00004_16777216_terminal|rotating|1346371075|8193|8193
1785915748513|1006|sustained_300s_f2r_00005_67108864_active|fixed|1350565379|8193|8193
1785915748513|1006|sustained_300s_f2r_00005_67108864_active|rotating|1346362883|8193|8193
1785915753628|1006|sustained_300s_f2r_00005_67108864|fixed|1350565378|8193|8193
1785915753628|1006|sustained_300s_f2r_00005_67108864|rotating|1346362883|8193|8193
1785915758726|1006|sustained_300s_f2r_00005_67108864|fixed|1350565378|8193|8193
1785915758726|1006|sustained_300s_f2r_00005_67108864|rotating|1350557187|8193|8193
1785915763745|1006|sustained_300s_f2r_00005_67108864|fixed|1350565378|8193|8193
1785915763745|1006|sustained_300s_f2r_00005_67108864|rotating|1346362883|8193|8193
1785915768663|1006|sustained_300s_f2r_00005_67108864|fixed|1350565378|8193|8193
1785915768663|1006|sustained_300s_f2r_00005_67108864|rotating|1346362883|8193|8193
1785915773790|1006|sustained_300s_f2r_00005_67108864|fixed|1350565378|8193|8193
1785915773790|1006|sustained_300s_f2r_00005_67108864|rotating|1346362883|8193|8193
1785915778797|1006|sustained_300s_f2r_00005_67108864|fixed|1350565378|8193|8193
1785915778797|1006|sustained_300s_f2r_00005_67108864|rotating|1350557187|8193|8193
1785915783687|1006|sustained_300s_f2r_00005_67108864|fixed|1346371074|8193|8193
1785915783687|1006|sustained_300s_f2r_00005_67108864|rotating|1346362883|8193|8193
1785915788780|1006|sustained_300s_f2r_00005_67108864|fixed|1350565378|8193|8193
1785915788780|1006|sustained_300s_f2r_00005_67108864|rotating|1350557187|8193|8193
1785915793865|1006|sustained_300s_f2r_00005_67108864|fixed|1346371074|8193|8193
1785915793865|1006|sustained_300s_f2r_00005_67108864|rotating|1350557187|8193|8193
1785915798820|1006|sustained_300s_f2r_00005_67108864|fixed|1350565378|8193|8193
1785915798820|1006|sustained_300s_f2r_00005_67108864|rotating|1350557187|8193|8193
1785915803899|1006|sustained_300s_f2r_00005_67108864|fixed|1350565378|8193|8193
1785915803899|1006|sustained_300s_f2r_00005_67108864|rotating|1346362883|8193|8193
1785915806979|1006|sustained_300s_f2r_00005_67108864_terminal|fixed|1350565379|8193|8193
1785915806979|1006|sustained_300s_f2r_00005_67108864_terminal|rotating|1350565379|8193|8193
1785915807419|1007|sustained_300s_f2r_00006_4194304_active|fixed|1346371075|8193|8193
1785915807419|1007|sustained_300s_f2r_00006_4194304_active|rotating|1350557187|8193|8193
1785915812013|1007|sustained_300s_f2r_00006_4194304_terminal|fixed|1350565379|8193|8193
1785915812013|1007|sustained_300s_f2r_00006_4194304_terminal|rotating|1350565379|8193|8193
1785915812563|1008|sustained_300s_f2r_00007_16777216_active|fixed|1346371075|8193|8193
1785915812563|1008|sustained_300s_f2r_00007_16777216_active|rotating|1346362883|8193|8193
1785915817705|1008|sustained_300s_f2r_00007_16777216|fixed|1350565378|8193|8193
1785915817705|1008|sustained_300s_f2r_00007_16777216|rotating|1346362883|8193|8193
1785915822921|1008|sustained_300s_f2r_00007_16777216|fixed|1346371074|8193|8193
1785915822921|1008|sustained_300s_f2r_00007_16777216|rotating|1346362883|8193|8193
1785915827542|1008|sustained_300s_f2r_00007_16777216_terminal|fixed|1350565379|8193|8193
1785915827542|1008|sustained_300s_f2r_00007_16777216_terminal|rotating|1350565379|8193|8193
1785915827915|1009|sustained_300s_f2r_00008_16777216_active|fixed|1346371075|8193|8193
1785915827915|1009|sustained_300s_f2r_00008_16777216_active|rotating|1350557187|8193|8193
1785915833036|1009|sustained_300s_f2r_00008_16777216|fixed|1350565378|8193|8193
1785915833036|1009|sustained_300s_f2r_00008_16777216|rotating|1346362883|8193|8193
1785915838122|1009|sustained_300s_f2r_00008_16777216|fixed|1350565378|8193|8193
1785915838122|1009|sustained_300s_f2r_00008_16777216|rotating|1346362883|8193|8193
1785915843075|1009|sustained_300s_f2r_00008_16777216_terminal|fixed|1346371075|8193|8193
1785915843075|1009|sustained_300s_f2r_00008_16777216_terminal|rotating|1346371075|8193|8193
1785915843512|1010|sustained_300s_f2r_00009_4194304_active|fixed|1346371075|8193|8193
1785915843512|1010|sustained_300s_f2r_00009_4194304_active|rotating|1346362883|8193|8193
1785915847699|1010|sustained_300s_f2r_00009_4194304_terminal|fixed|1346371075|8193|8193
1785915847699|1010|sustained_300s_f2r_00009_4194304_terminal|rotating|1350565379|8193|8193
1785915848133|1011|sustained_300s_f2r_00010_16777216_active|fixed|1346371075|8193|8193
1785915848133|1011|sustained_300s_f2r_00010_16777216_active|rotating|1346362883|8193|8193
1785915853338|1011|sustained_300s_f2r_00010_16777216|fixed|1350565378|8193|8193
1785915853338|1011|sustained_300s_f2r_00010_16777216|rotating|1346362883|8193|8193
1785915858298|1011|sustained_300s_f2r_00010_16777216|fixed|1346371074|8193|8193
1785915858298|1011|sustained_300s_f2r_00010_16777216|rotating|1346362883|8193|8193
1785915863177|1011|sustained_300s_f2r_00010_16777216_terminal|fixed|1346371075|8193|8193
1785915863177|1011|sustained_300s_f2r_00010_16777216_terminal|rotating|1350565379|8193|8193
1785915863555|1012|sustained_300s_f2r_00011_16777216_active|fixed|1350565379|8193|8193
1785915863555|1012|sustained_300s_f2r_00011_16777216_active|rotating|1350557187|8193|8193
1785915868768|1012|sustained_300s_f2r_00011_16777216|fixed|1350565378|8193|8193
1785915868768|1012|sustained_300s_f2r_00011_16777216|rotating|1350557187|8193|8193
1785915873699|1012|sustained_300s_f2r_00011_16777216|fixed|1346371074|8193|8193
1785915873699|1012|sustained_300s_f2r_00011_16777216|rotating|1350557187|8193|8193
1785915878591|1012|sustained_300s_f2r_00011_16777216_terminal|fixed|1350565379|8193|8193
1785915878591|1012|sustained_300s_f2r_00011_16777216_terminal|rotating|1346371075|8193|8193
1785915878925|1013|sustained_300s_f2r_00012_4194304_active|fixed|1350565379|8193|8193
1785915878925|1013|sustained_300s_f2r_00012_4194304_active|rotating|1346362883|8193|8193
1785915883057|1013|sustained_300s_f2r_00012_4194304_terminal|fixed|1346371075|8193|8193
1785915883057|1013|sustained_300s_f2r_00012_4194304_terminal|rotating|1346371075|8193|8193
1785915883462|1014|sustained_300s_f2r_00013_16777216_active|fixed|1346371075|8193|8193
1785915883462|1014|sustained_300s_f2r_00013_16777216_active|rotating|1346362883|8193|8193
1785915888572|1014|sustained_300s_f2r_00013_16777216|fixed|1346371074|8193|8193
1785915888572|1014|sustained_300s_f2r_00013_16777216|rotating|1350557187|8193|8193
1785915893628|1014|sustained_300s_f2r_00013_16777216|fixed|1350565378|8193|8193
1785915893628|1014|sustained_300s_f2r_00013_16777216|rotating|1346362883|8193|8193
1785915898401|1014|sustained_300s_f2r_00013_16777216_terminal|fixed|1346371075|8193|8193
1785915898401|1014|sustained_300s_f2r_00013_16777216_terminal|rotating|1350565379|8193|8193
1785915898964|1015|sustained_300s_f2r_00014_16777216_active|fixed|1346371075|8193|8193
1785915898964|1015|sustained_300s_f2r_00014_16777216_active|rotating|1346362883|8193|8193
1785915904259|1015|sustained_300s_f2r_00014_16777216|fixed|1346371074|8193|8193
1785915904259|1015|sustained_300s_f2r_00014_16777216|rotating|1350557187|8193|8193
1785915909170|1015|sustained_300s_f2r_00014_16777216|fixed|1350565378|8193|8193
1785915909170|1015|sustained_300s_f2r_00014_16777216|rotating|1346362883|8193|8193
1785915913967|1015|sustained_300s_f2r_00014_16777216_terminal|fixed|1350565379|8193|8193
1785915913967|1015|sustained_300s_f2r_00014_16777216_terminal|rotating|1350565379|8193|8193
1785915914357|1016|sustained_300s_f2r_00015_4194304_active|fixed|1346371075|8193|8193
1785915914357|1016|sustained_300s_f2r_00015_4194304_active|rotating|1346362883|8193|8193
1785915918454|1016|sustained_300s_f2r_00015_4194304_terminal|fixed|1350565379|8193|8193
1785915918454|1016|sustained_300s_f2r_00015_4194304_terminal|rotating|1346371075|8193|8193
1785915918802|1017|sustained_300s_f2r_00016_4194304_active|fixed|1346371075|8193|8193
1785915918802|1017|sustained_300s_f2r_00016_4194304_active|rotating|1346362883|8193|8193
1785915922878|1017|sustained_300s_f2r_00016_4194304_terminal|fixed|1346371075|8193|8193
1785915922878|1017|sustained_300s_f2r_00016_4194304_terminal|rotating|1350565379|8193|8193
1785915923217|1018|sustained_300s_f2r_00017_4194304_active|fixed|1346371075|8193|8193
1785915923217|1018|sustained_300s_f2r_00017_4194304_active|rotating|1346362883|8193|8193
1785915927292|1018|sustained_300s_f2r_00017_4194304_terminal|fixed|1346371075|8193|8193
1785915927292|1018|sustained_300s_f2r_00017_4194304_terminal|rotating|1350565379|8193|8193
1785915927633|1019|sustained_300s_f2r_00018_4194304_active|fixed|1346371075|8193|8193
1785915927633|1019|sustained_300s_f2r_00018_4194304_active|rotating|1346362883|8193|8193
1785915931742|1019|sustained_300s_f2r_00018_4194304_terminal|fixed|1346371075|8193|8193
1785915931742|1019|sustained_300s_f2r_00018_4194304_terminal|rotating|1346371075|8193|8193
1785915932055|1020|sustained_300s_f2r_00019_4194304_active|fixed|1350565379|8193|8193
1785915932055|1020|sustained_300s_f2r_00019_4194304_active|rotating|1350557187|8193|8193
1785915936186|1020|sustained_300s_f2r_00019_4194304_terminal|fixed|1350565379|8193|8193
1785915936186|1020|sustained_300s_f2r_00019_4194304_terminal|rotating|1346371075|8193|8193
1785915936540|1021|sustained_300s_f2r_00020_1048576_active|fixed|1350565379|8193|8193
1785915936540|1021|sustained_300s_f2r_00020_1048576_active|rotating|1346362883|8193|8193
1785915938096|1021|sustained_300s_f2r_00020_1048576_terminal|fixed|1346371075|8193|8193
1785915938096|1021|sustained_300s_f2r_00020_1048576_terminal|rotating|1346371075|8193|8193
1785915938407|1022|sustained_300s_f2r_00021_1048576_active|fixed|1346371075|8193|8193
1785915938407|1022|sustained_300s_f2r_00021_1048576_active|rotating|1350557187|8193|8193
1785915939838|1022|sustained_300s_f2r_00021_1048576_terminal|fixed|1350565379|8193|8193
1785915939838|1022|sustained_300s_f2r_00021_1048576_terminal|rotating|1346371075|8193|8193
1785915940141|1023|sustained_300s_f2r_00022_1048576_active|fixed|1350565379|8193|8193
1785915940141|1023|sustained_300s_f2r_00022_1048576_active|rotating|1350557187|8193|8193
1785915941492|1023|sustained_300s_f2r_00022_1048576_terminal|fixed|1350565379|8193|8193
1785915941492|1023|sustained_300s_f2r_00022_1048576_terminal|rotating|1346371075|8193|8193
1785915941824|1024|sustained_300s_f2r_00023_1048576_active|fixed|1350565379|8193|8193
1785915941824|1024|sustained_300s_f2r_00023_1048576_active|rotating|1350557187|8193|8193
1785915943188|1024|sustained_300s_f2r_00023_1048576_terminal|fixed|1346371075|8193|8193
1785915943188|1024|sustained_300s_f2r_00023_1048576_terminal|rotating|1346371075|8193|8193
1785915943502|1025|sustained_300s_f2r_00024_1048576_active|fixed|1350565379|8193|8193
1785915943502|1025|sustained_300s_f2r_00024_1048576_active|rotating|1346362883|8193|8193
1785915944884|1025|sustained_300s_f2r_00024_1048576_terminal|fixed|1350565379|8193|8193
1785915944884|1025|sustained_300s_f2r_00024_1048576_terminal|rotating|1350565379|8193|8193
1785915950250|1026|sustained_300s_r2f_00000_4194304_active|fixed|1350557187|8193|8193
1785915950250|1026|sustained_300s_r2f_00000_4194304_active|rotating|1346371075|8193|8193
1785915954462|1026|sustained_300s_r2f_00000_4194304_terminal|fixed|1350565379|8193|8193
1785915954462|1026|sustained_300s_r2f_00000_4194304_terminal|rotating|1346371075|8193|8193
1785915954793|1027|sustained_300s_r2f_00001_16777216_active|fixed|1346362883|8193|8193
1785915954793|1027|sustained_300s_r2f_00001_16777216_active|rotating|1346371075|8193|8193
1785915960047|1027|sustained_300s_r2f_00001_16777216|fixed|1350557187|8193|8193
1785915960047|1027|sustained_300s_r2f_00001_16777216|rotating|1346371074|8193|8193
1785915964966|1027|sustained_300s_r2f_00001_16777216|fixed|1346362883|8193|8193
1785915964966|1027|sustained_300s_r2f_00001_16777216|rotating|1346371074|8193|8193
1785915969692|1027|sustained_300s_r2f_00001_16777216_terminal|fixed|1350565379|8193|8193
1785915969692|1027|sustained_300s_r2f_00001_16777216_terminal|rotating|1346371075|8193|8193
1785915970049|1028|sustained_300s_r2f_00002_67108864_active|fixed|1350557187|8193|8193
1785915970049|1028|sustained_300s_r2f_00002_67108864_active|rotating|1350565379|8193|8193
1785915975182|1028|sustained_300s_r2f_00002_67108864|fixed|1346362883|8193|8193
1785915975182|1028|sustained_300s_r2f_00002_67108864|rotating|1350565378|8193|8193
1785915980211|1028|sustained_300s_r2f_00002_67108864|fixed|1346362883|8193|8193
1785915980211|1028|sustained_300s_r2f_00002_67108864|rotating|1346371074|8193|8193
1785915985197|1028|sustained_300s_r2f_00002_67108864|fixed|1350557187|8193|8193
1785915985197|1028|sustained_300s_r2f_00002_67108864|rotating|1350565378|8193|8193
1785915990195|1028|sustained_300s_r2f_00002_67108864|fixed|1346362883|8193|8193
1785915990195|1028|sustained_300s_r2f_00002_67108864|rotating|1350565378|8193|8193
1785915995201|1028|sustained_300s_r2f_00002_67108864|fixed|1346362883|8193|8193
1785915995201|1028|sustained_300s_r2f_00002_67108864|rotating|1350565378|8193|8193
1785916000253|1028|sustained_300s_r2f_00002_67108864|fixed|1350557187|8193|8193
1785916000253|1028|sustained_300s_r2f_00002_67108864|rotating|1350565378|8193|8193
1785916005234|1028|sustained_300s_r2f_00002_67108864|fixed|1346362883|8193|8193
1785916005234|1028|sustained_300s_r2f_00002_67108864|rotating|1350565378|8193|8193
1785916010278|1028|sustained_300s_r2f_00002_67108864|fixed|1350557187|8193|8193
1785916010278|1028|sustained_300s_r2f_00002_67108864|rotating|1346371074|8193|8193
1785916015256|1028|sustained_300s_r2f_00002_67108864|fixed|1346362883|8193|8193
1785916015256|1028|sustained_300s_r2f_00002_67108864|rotating|1350565378|8193|8193
1785916020288|1028|sustained_300s_r2f_00002_67108864|fixed|1350557187|8193|8193
1785916020288|1028|sustained_300s_r2f_00002_67108864|rotating|1346371074|8193|8193
1785916025277|1028|sustained_300s_r2f_00002_67108864|fixed|1350557187|8193|8193
1785916025277|1028|sustained_300s_r2f_00002_67108864|rotating|1346371074|8193|8193
1785916028231|1028|sustained_300s_r2f_00002_67108864_terminal|fixed|1350565379|8193|8193
1785916028231|1028|sustained_300s_r2f_00002_67108864_terminal|rotating|1350565379|8193|8193
1785916028556|1029|sustained_300s_r2f_00003_4194304_active|fixed|1346362883|8193|8193
1785916028556|1029|sustained_300s_r2f_00003_4194304_active|rotating|1350565379|8193|8193
1785916032660|1029|sustained_300s_r2f_00003_4194304_terminal|fixed|1350565379|8193|8193
1785916032660|1029|sustained_300s_r2f_00003_4194304_terminal|rotating|1346371075|8193|8193
1785916032996|1030|sustained_300s_r2f_00004_16777216_active|fixed|1350557187|8193|8193
1785916032996|1030|sustained_300s_r2f_00004_16777216_active|rotating|1350565379|8193|8193
1785916038138|1030|sustained_300s_r2f_00004_16777216|fixed|1350557187|8193|8193
1785916038138|1030|sustained_300s_r2f_00004_16777216|rotating|1350565378|8193|8193
1785916043111|1030|sustained_300s_r2f_00004_16777216|fixed|1346362883|8193|8193
1785916043111|1030|sustained_300s_r2f_00004_16777216|rotating|1350565378|8193|8193
1785916047874|1030|sustained_300s_r2f_00004_16777216_terminal|fixed|1350565379|8193|8193
1785916047874|1030|sustained_300s_r2f_00004_16777216_terminal|rotating|1350565379|8193|8193
1785916048213|1031|sustained_300s_r2f_00005_67108864_active|fixed|1350557187|8193|8193
1785916048213|1031|sustained_300s_r2f_00005_67108864_active|rotating|1346371075|8193|8193
1785916053329|1031|sustained_300s_r2f_00005_67108864|fixed|1346362883|8193|8193
1785916053329|1031|sustained_300s_r2f_00005_67108864|rotating|1350565378|8193|8193
1785916058484|1031|sustained_300s_r2f_00005_67108864|fixed|1350557187|8193|8193
1785916058484|1031|sustained_300s_r2f_00005_67108864|rotating|1350565378|8193|8193
1785916063463|1031|sustained_300s_r2f_00005_67108864|fixed|1350557187|8193|8193
1785916063463|1031|sustained_300s_r2f_00005_67108864|rotating|1350565378|8193|8193
1785916068439|1031|sustained_300s_r2f_00005_67108864|fixed|1350557187|8193|8193
1785916068439|1031|sustained_300s_r2f_00005_67108864|rotating|1350565378|8193|8193
1785916073429|1031|sustained_300s_r2f_00005_67108864|fixed|1346362883|8193|8193
1785916073429|1031|sustained_300s_r2f_00005_67108864|rotating|1350565378|8193|8193
1785916078455|1031|sustained_300s_r2f_00005_67108864|fixed|1350557187|8193|8193
1785916078455|1031|sustained_300s_r2f_00005_67108864|rotating|1346371074|8193|8193
1785916083470|1031|sustained_300s_r2f_00005_67108864|fixed|1346362883|8193|8193
1785916083470|1031|sustained_300s_r2f_00005_67108864|rotating|1350565378|8193|8193
1785916088477|1031|sustained_300s_r2f_00005_67108864|fixed|1346362883|8193|8193
1785916088477|1031|sustained_300s_r2f_00005_67108864|rotating|1350565378|8193|8193
1785916093518|1031|sustained_300s_r2f_00005_67108864|fixed|1346362883|8193|8193
1785916093518|1031|sustained_300s_r2f_00005_67108864|rotating|1346371074|8193|8193
1785916098529|1031|sustained_300s_r2f_00005_67108864|fixed|1346362883|8193|8193
1785916098529|1031|sustained_300s_r2f_00005_67108864|rotating|1346371074|8193|8193
1785916103477|1031|sustained_300s_r2f_00005_67108864|fixed|1346362883|8193|8193
1785916103477|1031|sustained_300s_r2f_00005_67108864|rotating|1346371074|8193|8193
1785916106402|1031|sustained_300s_r2f_00005_67108864_terminal|fixed|1350565379|8193|8193
1785916106402|1031|sustained_300s_r2f_00005_67108864_terminal|rotating|1346371075|8193|8193
1785916106731|1032|sustained_300s_r2f_00006_4194304_active|fixed|1346362883|8193|8193
1785916106731|1032|sustained_300s_r2f_00006_4194304_active|rotating|1350565379|8193|8193
1785916110831|1032|sustained_300s_r2f_00006_4194304_terminal|fixed|1350565379|8193|8193
1785916110831|1032|sustained_300s_r2f_00006_4194304_terminal|rotating|1346371075|8193|8193
1785916111156|1033|sustained_300s_r2f_00007_16777216_active|fixed|1346362883|8193|8193
1785916111156|1033|sustained_300s_r2f_00007_16777216_active|rotating|1350565379|8193|8193
1785916116345|1033|sustained_300s_r2f_00007_16777216|fixed|1350557187|8193|8193
1785916116345|1033|sustained_300s_r2f_00007_16777216|rotating|1350565378|8193|8193
1785916121424|1033|sustained_300s_r2f_00007_16777216|fixed|1346362883|8193|8193
1785916121424|1033|sustained_300s_r2f_00007_16777216|rotating|1346371074|8193|8193
1785916126145|1033|sustained_300s_r2f_00007_16777216_terminal|fixed|1346371075|8193|8193
1785916126145|1033|sustained_300s_r2f_00007_16777216_terminal|rotating|1346371075|8193|8193
1785916126482|1034|sustained_300s_r2f_00008_16777216_active|fixed|1350557187|8193|8193
1785916126482|1034|sustained_300s_r2f_00008_16777216_active|rotating|1346371075|8193|8193
1785916131586|1034|sustained_300s_r2f_00008_16777216|fixed|1350557187|8193|8193
1785916131586|1034|sustained_300s_r2f_00008_16777216|rotating|1350565378|8193|8193
1785916136595|1034|sustained_300s_r2f_00008_16777216|fixed|1346362883|8193|8193
1785916136595|1034|sustained_300s_r2f_00008_16777216|rotating|1350565378|8193|8193
1785916141401|1034|sustained_300s_r2f_00008_16777216_terminal|fixed|1346371075|8193|8193
1785916141401|1034|sustained_300s_r2f_00008_16777216_terminal|rotating|1346371075|8193|8193
1785916141756|1035|sustained_300s_r2f_00009_4194304_active|fixed|1350557187|8193|8193
1785916141756|1035|sustained_300s_r2f_00009_4194304_active|rotating|1346371075|8193|8193
1785916145876|1035|sustained_300s_r2f_00009_4194304_terminal|fixed|1350565379|8193|8193
1785916145876|1035|sustained_300s_r2f_00009_4194304_terminal|rotating|1350565379|8193|8193
1785916146204|1036|sustained_300s_r2f_00010_16777216_active|fixed|1346362883|8193|8193
1785916146204|1036|sustained_300s_r2f_00010_16777216_active|rotating|1350565379|8193|8193
1785916151387|1036|sustained_300s_r2f_00010_16777216|fixed|1346362883|8193|8193
1785916151387|1036|sustained_300s_r2f_00010_16777216|rotating|1346371074|8193|8193
1785916156357|1036|sustained_300s_r2f_00010_16777216|fixed|1350557187|8193|8193
1785916156357|1036|sustained_300s_r2f_00010_16777216|rotating|1346371074|8193|8193
1785916161134|1036|sustained_300s_r2f_00010_16777216_terminal|fixed|1346371075|8193|8193
1785916161134|1036|sustained_300s_r2f_00010_16777216_terminal|rotating|1346371075|8193|8193
1785916161546|1037|sustained_300s_r2f_00011_16777216_active|fixed|1346362883|8193|8193
1785916161546|1037|sustained_300s_r2f_00011_16777216_active|rotating|1350565379|8193|8193
1785916166683|1037|sustained_300s_r2f_00011_16777216|fixed|1346362883|8193|8193
1785916166683|1037|sustained_300s_r2f_00011_16777216|rotating|1346371074|8193|8193
1785916171687|1037|sustained_300s_r2f_00011_16777216|fixed|1350557187|8193|8193
1785916171687|1037|sustained_300s_r2f_00011_16777216|rotating|1350565378|8193|8193
1785916176438|1037|sustained_300s_r2f_00011_16777216_terminal|fixed|1346371075|8193|8193
1785916176438|1037|sustained_300s_r2f_00011_16777216_terminal|rotating|1346371075|8193|8193
1785916176743|1038|sustained_300s_r2f_00012_4194304_active|fixed|1346362883|8193|8193
1785916176743|1038|sustained_300s_r2f_00012_4194304_active|rotating|1350565379|8193|8193
1785916180813|1038|sustained_300s_r2f_00012_4194304_terminal|fixed|1346371075|8193|8193
1785916180813|1038|sustained_300s_r2f_00012_4194304_terminal|rotating|1350565379|8193|8193
1785916181137|1039|sustained_300s_r2f_00013_16777216_active|fixed|1350557187|8193|8193
1785916181137|1039|sustained_300s_r2f_00013_16777216_active|rotating|1350565379|8193|8193
1785916186277|1039|sustained_300s_r2f_00013_16777216|fixed|1346362883|8193|8193
1785916186277|1039|sustained_300s_r2f_00013_16777216|rotating|1346371074|8193|8193
1785916191284|1039|sustained_300s_r2f_00013_16777216|fixed|1346362883|8193|8193
1785916191284|1039|sustained_300s_r2f_00013_16777216|rotating|1346371074|8193|8193
1785916196044|1039|sustained_300s_r2f_00013_16777216_terminal|fixed|1346371075|8193|8193
1785916196044|1039|sustained_300s_r2f_00013_16777216_terminal|rotating|1346371075|8193|8193
1785916196392|1040|sustained_300s_r2f_00014_16777216_active|fixed|1350557187|8193|8193
1785916196392|1040|sustained_300s_r2f_00014_16777216_active|rotating|1350565379|8193|8193
1785916201519|1040|sustained_300s_r2f_00014_16777216|fixed|1350557187|8193|8193
1785916201519|1040|sustained_300s_r2f_00014_16777216|rotating|1346371074|8193|8193
1785916206543|1040|sustained_300s_r2f_00014_16777216|fixed|1346362883|8193|8193
1785916206543|1040|sustained_300s_r2f_00014_16777216|rotating|1346371074|8193|8193
1785916211464|1040|sustained_300s_r2f_00014_16777216_terminal|fixed|1346371075|8193|8193
1785916211464|1040|sustained_300s_r2f_00014_16777216_terminal|rotating|1350565379|8193|8193
1785916211882|1041|sustained_300s_r2f_00015_4194304_active|fixed|1350557187|8193|8193
1785916211882|1041|sustained_300s_r2f_00015_4194304_active|rotating|1346371075|8193|8193
1785916216076|1041|sustained_300s_r2f_00015_4194304_terminal|fixed|1346371075|8193|8193
1785916216076|1041|sustained_300s_r2f_00015_4194304_terminal|rotating|1350565379|8193|8193
1785916216486|1042|sustained_300s_r2f_00016_4194304_active|fixed|1346362883|8193|8193
1785916216486|1042|sustained_300s_r2f_00016_4194304_active|rotating|1346371075|8193|8193
1785916220650|1042|sustained_300s_r2f_00016_4194304_terminal|fixed|1350565379|8193|8193
1785916220650|1042|sustained_300s_r2f_00016_4194304_terminal|rotating|1350565379|8193|8193
1785916221010|1043|sustained_300s_r2f_00017_4194304_active|fixed|1350557187|8193|8193
1785916221010|1043|sustained_300s_r2f_00017_4194304_active|rotating|1346371075|8193|8193
1785916225118|1043|sustained_300s_r2f_00017_4194304_terminal|fixed|1346371075|8193|8193
1785916225118|1043|sustained_300s_r2f_00017_4194304_terminal|rotating|1350565379|8193|8193
1785916225452|1044|sustained_300s_r2f_00018_4194304_active|fixed|1346362883|8193|8193
1785916225452|1044|sustained_300s_r2f_00018_4194304_active|rotating|1346371075|8193|8193
1785916229507|1044|sustained_300s_r2f_00018_4194304_terminal|fixed|1346371075|8193|8193
1785916229507|1044|sustained_300s_r2f_00018_4194304_terminal|rotating|1346371075|8193|8193
1785916229853|1045|sustained_300s_r2f_00019_4194304_active|fixed|1350557187|8193|8193
1785916229853|1045|sustained_300s_r2f_00019_4194304_active|rotating|1350565379|8193|8193
1785916233957|1045|sustained_300s_r2f_00019_4194304_terminal|fixed|1346371075|8193|8193
1785916233957|1045|sustained_300s_r2f_00019_4194304_terminal|rotating|1346371075|8193|8193
1785916234335|1046|sustained_300s_r2f_00020_1048576_active|fixed|1350557187|8193|8193
1785916234335|1046|sustained_300s_r2f_00020_1048576_active|rotating|1350565379|8193|8193
1785916235730|1046|sustained_300s_r2f_00020_1048576_terminal|fixed|1346371075|8193|8193
1785916235730|1046|sustained_300s_r2f_00020_1048576_terminal|rotating|1346371075|8193|8193
1785916236036|1047|sustained_300s_r2f_00021_1048576_active|fixed|1346362883|8193|8193
1785916236036|1047|sustained_300s_r2f_00021_1048576_active|rotating|1350565379|8193|8193
1785916237420|1047|sustained_300s_r2f_00021_1048576_terminal|fixed|1350565379|8193|8193
1785916237420|1047|sustained_300s_r2f_00021_1048576_terminal|rotating|1350565379|8193|8193
1785916237785|1048|sustained_300s_r2f_00022_1048576_active|fixed|1350557187|8193|8193
1785916237785|1048|sustained_300s_r2f_00022_1048576_active|rotating|1346371075|8193|8193
1785916239196|1048|sustained_300s_r2f_00022_1048576_terminal|fixed|1350565379|8193|8193
1785916239196|1048|sustained_300s_r2f_00022_1048576_terminal|rotating|1350565379|8193|8193
1785916239506|1049|sustained_300s_r2f_00023_1048576_active|fixed|1346362883|8193|8193
1785916239506|1049|sustained_300s_r2f_00023_1048576_active|rotating|1350565379|8193|8193
1785916240870|1049|sustained_300s_r2f_00023_1048576_terminal|fixed|1346371075|8193|8193
1785916240870|1049|sustained_300s_r2f_00023_1048576_terminal|rotating|1350565379|8193|8193
1785916241174|1050|sustained_300s_r2f_00024_1048576_active|fixed|1350557187|8193|8193
1785916241174|1050|sustained_300s_r2f_00024_1048576_active|rotating|1346371075|8193|8193
1785916242629|1050|sustained_300s_r2f_00024_1048576_terminal|fixed|1346371075|8193|8193
1785916242629|1050|sustained_300s_r2f_00024_1048576_terminal|rotating|1350565379|8193|8193
1785916242994|1051|sustained_300s_r2f_00025_1048576_active|fixed|1350557187|8193|8193
1785916242994|1051|sustained_300s_r2f_00025_1048576_active|rotating|1346371075|8193|8193
1785916244406|1051|sustained_300s_r2f_00025_1048576_terminal|fixed|1346371075|8193|8193
1785916244406|1051|sustained_300s_r2f_00025_1048576_terminal|rotating|1346371075|8193|8193
1785916250647|1052|P10_3F-PERFORMANCE_endpoint_shutdown_terminal|fixed|1346371075|8193|8193
1785916250647|1052|P10_3F-PERFORMANCE_endpoint_shutdown_terminal|rotating|1346371075|8193|8193
