captured_ms|sequence|label|role|admission_snapshot_words_csv|ps_runtime_words_csv|pl_perf_snapshot_words_csv
1785948673069|1001|pl_reset_fixed_3_clean64|fixed|2,1378943233,16781056,6164473,6080037,6094441,6080037,6094441,6080037,5837,5815,5815,5815,0,0,742,0,179497296,179155168,4096,4096,0,0,5815,5815,362324062,362324403,362324070,362324411,0,0,0,0,0,0,0,0,4096,256,131072,4,15|4,0,67108864,262144,256,0,0,0,0,96,0,84,0,24,21,0,1,96,0|4,1075254807,0,5767168,0,0,0,0,0,6118073,0,22,0,320752741,0,320752741,0,2080,313965084,0,9655918,0,0,0,0,0
1785948673069|1001|pl_reset_fixed_3_clean64|rotating|2,1378943233,33558272,6235962,6150017,70882,0,70882,0,1502,0,751,0,0,0,5882,5882,4798072,0,4096,0,0,0,751,0,347637397,0,347637405,0,0,0,0,0,0,0,0,0,4096,256,131072,4,15|4,0,67108864,262144,256,0,0,0,0,100,0,88,0,25,22,0,1,100,0|4,392707413,0,0,0,5767168,0,5767168,0,17838,0,0,22,0,0,0,0,0,0,0,6890280,0,0,0,0,0
1785948678082|1001|pl_reset_fixed_3_clean64|fixed|4,1378943233,16777471,12441999,12270337,12300519,12270337,12300519,12270337,11781,11735,11734,11734,0,0,1499,0,362217760,361500499,4096,4096,0,0,11735,11735,683217432,683217429,683217440,683217437,0,0,0,0,0,0,0,0,4096,256,131072,4,15|4,0,67108864,262144,256,0,0,0,0,188,0,176,0,47,44,0,1,188,0|6,1397399611,0,11629184,0,0,0,0,0,12333140,0,44,0,641432041,0,641432041,0,2080,632813299,0,12644824,0,0,0,0,0
1785948678082|1001|pl_reset_fixed_3_clean64|rotating|4,1378943233,33558272,12531668,12358993,142522,0,142522,0,3020,0,1510,0,0,0,11819,11819,9647304,0,4096,0,0,0,1510,0,669499843,0,669499851,0,0,0,0,0,0,0,0,0,4096,256,131072,4,15|4,0,67108864,262144,256,0,0,0,0,188,0,176,0,47,44,0,1,188,0|6,715736841,0,0,0,11534336,0,11534336,0,35795,0,0,44,0,0,0,0,0,0,0,6936442,0,0,0,0,0
1785948683090|1001|pl_reset_fixed_3_clean64|fixed|6,1378943233,16777471,18715266,18457625,18502430,18457625,18502430,18457625,17718,17649,17648,17648,0,0,2255,0,544783573,543707312,4096,4096,0,0,17649,17649,1003706234,1003706263,1003706250,1003706271,0,0,0,0,0,0,0,0,4096,256,131072,4,15|4,0,67108864,262144,256,0,0,0,0,276,0,264,0,69,66,0,1,276,0|8,1721062184,0,17514912,0,0,0,0,0,18581545,0,66,0,963623182,0,963623182,0,2080,953296242,0,15515965,0,0,0,0,0
1785948683090|1001|pl_reset_fixed_3_clean64|rotating|6,1378943233,33558272,18870742,18611446,214531,0,214531,0,4546,0,2273,0,0,0,17795,17795,14522040,0,4096,0,0,0,2273,0,993086986,0,993086994,0,0,0,0,0,0,0,0,0,4096,256,131072,4,15|5,0,67108864,262144,256,0,0,0,0,280,0,268,0,70,67,0,1,280,0|8,1038396800,0,0,0,17563648,0,17563648,0,53774,0,0,67,0,0,0,0,0,0,0,6982673,0,0,0,0,0
1785948688095|1001|pl_reset_fixed_3_clean64|fixed|8,1378943233,16777471,24988520,24643628,24704330,24643628,24704330,24643628,23655,23564,23563,23563,0,0,3011,0,727353656,725917414,4096,4096,0,0,23564,23564,1324206160,1324206149,1324206112,1324206157,0,0,0,0,0,0,0,0,4096,256,131072,4,15|4,0,67108864,262144,256,0,0,0,0,364,0,352,0,91,88,0,1,364,0|10,2037274024,0,23266272,0,0,0,0,0,24683656,0,88,0,1278397182,0,1278397182,0,2080,1266339377,0,18380924,0,0,0,0,0
1785948688095|1001|pl_reset_fixed_3_clean64|rotating|8,1378943233,33558272,25057940,24712125,284942,0,284942,0,6038,0,3019,0,0,0,23628,23628,19288168,0,4096,0,0,0,3019,0,1309361856,0,1309361864,0,0,0,0,0,0,0,0,0,4096,256,131072,4,15|4,0,67108864,262144,256,0,0,0,0,364,0,352,0,91,88,0,1,364,0|10,1354451057,0,0,0,23068672,0,23068672,0,71352,0,0,88,0,0,0,0,0,0,0,7023812,0,0,0,0,0
1785948693097|1001|pl_reset_fixed_3_clean64|fixed|10,1378943233,16777471,31250603,30818826,30895250,30818826,30895250,30818826,29581,29469,29467,29467,0,0,3765,0,909606421,907811632,4096,4096,0,0,29468,29468,1644134400,1644134405,1644134408,1644134421,0,0,0,0,0,0,0,0,4096,256,131072,4,15|4,0,67108864,262144,256,0,0,0,0,452,0,440,0,113,110,0,1,452,0|12,2357580448,0,29088768,0,0,0,0,0,30866136,0,110,0,1597247982,0,1597247982,0,2080,1583486002,0,21234466,0,0,0,0,0
1785948693097|1001|pl_reset_fixed_3_clean64|rotating|10,1378943233,33558272,31323097,30889599,356293,0,356293,0,7550,0,3775,0,0,0,29536,29536,24118240,0,4096,0,0,0,3775,0,1629727258,0,1629727274,0,0,0,0,0,0,0,0,0,4096,256,131072,4,15|4,0,67108864,262144,256,0,0,0,0,456,0,444,0,114,111,0,1,456,0|12,1674689578,0,0,0,29097984,0,29097984,0,89168,0,0,111,0,0,0,0,0,0,0,7071638,0,0,0,0,0
1785948698098|1001|pl_reset_fixed_3_clean64|fixed|12,1378943233,16781056,37519477,37000403,37092680,37000403,37092680,37000403,35513,35379,35378,35378,0,0,4522,0,1092046424,1089876112,4096,4096,0,0,35378,35378,1964398230,1964376819,1964398246,1964376827,0,0,0,0,0,0,0,0,4096,256,131072,4,15|4,0,67108864,262144,256,0,0,0,0,544,0,532,0,136,133,0,1,544,0|14,2676784251,0,34896768,0,0,0,0,0,37024250,0,133,0,1914999785,0,1914999785,0,2080,1899377250,0,24236697,0,0,0,0,0
1785948698098|1001|pl_reset_fixed_3_clean64|rotating|12,1378943233,33558272,37569527,37049970,427271,0,427271,0,9054,0,4527,0,0,0,35425,35425,28922736,0,4096,0,0,0,4527,0,1948586639,0,1948586647,0,0,0,0,0,0,0,0,0,4096,256,131072,4,15|4,0,67108864,262144,256,0,0,0,0,544,0,532,0,136,133,0,1,544,0|14,1993783656,0,0,0,34865152,0,34865152,0,106936,0,0,133,0,0,0,0,0,0,0,7117601,0,0,0,0,0
1785948703107|1001|pl_reset_fixed_3_clean64|fixed|14,1378943233,16777471,43812389,43204551,43314047,43204551,43314047,43204551,41469,41314,41310,41310,0,0,5280,0,1275182932,1272651879,4096,4096,0,0,41311,41311,2286007118,2286007091,2286007126,2286007099,0,0,0,0,0,0,0,0,4096,256,131072,4,15|4,0,67108864,262144,256,0,0,0,0,632,0,620,0,158,155,0,1,632,0|16,2999488685,0,40766688,0,0,0,0,0,43252753,0,155,0,2236236739,0,2236236739,0,2080,2218911821,0,27098629,0,0,0,0,0
1785948703107|1001|pl_reset_fixed_3_clean64|rotating|14,1378943233,33558272,43880038,43271556,499099,0,499099,0,10576,0,5288,0,0,0,41374,41374,33784744,0,4096,0,0,0,5288,0,2271304994,0,2271305002,0,0,0,0,0,0,0,0,0,4096,256,131072,4,15|4,0,67108864,262144,256,0,0,0,0,632,0,620,0,158,155,0,1,632,0|16,2316170625,0,0,0,40632320,0,40632320,0,124869,0,0,155,0,0,0,0,0,0,0,7164921,0,0,0,0,0
1785948708115|1001|pl_reset_fixed_3_clean64|fixed|16,1378943233,16777471,50063872,49369461,49494459,49369461,49494459,49369461,47385,47208,47204,47204,0,0,6033,0,1457117354,1454225309,4096,4096,0,0,47205,47205,2605382528,2605382533,2605382536,2605382541,0,0,0,0,0,0,0,0,4096,256,131072,4,15|4,0,67108864,262144,256,0,0,0,0,720,0,708,0,180,177,0,1,720,0|18,3318836855,0,46573376,0,0,0,0,0,49417102,0,177,0,2554133237,0,2554133237,0,2080,2535101240,0,29951681,0,0,0,0,0
1785948708115|1001|pl_reset_fixed_3_clean64|rotating|16,1378943233,33558272,50154694,49459291,570450,0,570450,0,12088,0,6044,0,0,0,47290,47290,38614720,0,4096,0,0,0,6044,0,2591865633,0,2591865641,0,0,0,0,0,0,0,0,0,4096,256,131072,4,15|4,0,67108864,262144,256,0,0,0,0,720,0,708,0,180,177,0,1,720,0|18,2637282811,0,0,0,46399488,0,46399488,0,142729,0,0,177,0,0,0,0,0,0,0,7205421,0,0,0,0,0
1785948713127|1001|pl_reset_fixed_3_clean64|fixed|18,1378943233,16778188,56343454,55562586,55702687,55562586,55702687,55562586,53327,53128,53125,53125,0,0,6789,0,1639863064,1636612088,4096,4096,0,0,53125,53125,2926185650,2926185999,2926185666,2926186007,0,0,0,0,0,0,0,0,4096,256,131072,4,15|4,0,67108864,262144,256,0,0,0,0,808,0,796,0,202,199,0,1,808,0|20,3639607326,0,52403776,0,0,0,0,0,55608829,0,199,0,2873446108,0,2873446108,0,2080,2852688179,0,32828677,0,0,0,0,0
1785948713127|1001|pl_reset_fixed_3_clean64|rotating|18,1378943233,33558272,56415886,55634152,641610,0,641610,0,13596,0,6798,0,0,0,53193,53193,43432008,0,4096,0,0,0,6798,0,2911590693,0,2911590701,0,0,0,0,0,0,0,0,0,4096,256,131072,4,15|4,0,67108864,262144,256,0,0,0,0,812,0,800,0,203,200,0,1,812,0|20,2956811141,0,0,0,52428800,0,52428800,0,160521,0,0,200,0,0,0,0,0,0,0,7256885,0,0,0,0,0
1785948718129|1001|pl_reset_fixed_3_clean64|fixed|20,1378943233,16777471,62608514,61740709,61896494,61740709,61896494,61740709,59257,59036,59032,59032,0,0,7544,0,1822206760,1818597682,4096,4096,0,0,59033,59033,3246304426,3246304423,3246304386,3246304431,0,0,0,0,0,0,0,0,4096,256,131072,4,15|4,0,67108864,262144,256,0,0,0,0,900,0,888,0,225,222,0,1,900,0|22,3959845733,0,58227584,0,0,0,0,0,61786223,0,222,0,3192228563,0,3192228563,0,2080,3169616305,0,35828076,0,0,0,0,0
1785948718129|1001|pl_reset_fixed_3_clean64|rotating|20,1378943233,33558272,62682386,61812990,712966,0,712966,0,15108,0,7554,0,0,0,59101,59101,48262064,0,4096,0,0,0,7554,0,3231970552,0,3231970560,0,0,0,0,0,0,0,0,0,4096,256,131072,4,15|4,0,67108864,262144,256,0,0,0,0,900,0,888,0,225,222,0,1,900,0|22,3276975903,0,0,0,58195968,0,58195968,0,178336,0,0,222,0,0,0,0,0,0,0,7307343,0,0,0,0,0
1785948723141|1001|pl_reset_fixed_3_clean64|fixed|22,1378943233,16781056,68889169,67933339,68105605,67933339,68105605,67933339,65200,64956,64953,64953,0,0,8302,0,2004969416,2000985600,4096,4096,0,0,64953,64953,3567236769,3567237078,3567236777,3567237086,0,0,0,0,0,0,0,0,4096,256,131072,4,15|4,0,67108864,262144,256,0,0,0,0,988,0,976,0,247,244,0,1,988,0|24,4280629960,0,64057984,0,0,0,0,0,67978587,0,244,0,3511555190,0,3511555190,0,2080,3487237683,0,38684389,0,0,0,0,0
1785948723141|1001|pl_reset_fixed_3_clean64|rotating|22,1378943233,33558272,68958010,68001448,784322,0,784322,0,16620,0,8310,0,0,0,65018,65018,53092104,0,4096,0,0,0,8310,0,3552534452,0,3552534460,0,0,0,0,0,0,0,0,0,4096,256,131072,4,15|4,0,67108864,262144,256,0,0,0,0,988,0,976,0,247,244,0,1,988,0|24,3597331283,0,0,0,63963136,0,63963136,0,196175,0,0,244,0,0,0,0,0,0,0,7350484,0,0,0,0,0
