captured_ms|sequence|label|role|admission_snapshot_words_csv|ps_runtime_words_csv|pl_perf_snapshot_words_csv
1788087591066|1001|simultaneous_64m_3|fixed|2,1378943233,16780339,6302357,6294103,6302357,6294103,6302357,6294103,11379,11350,5683,5674,0,0,0,0,183933673,183769252,4096,4096,0,0,5684,5684,365089151,365089156,365089167,365089164,0,0,0,0,0,0,0,0,4096,256,131072,4,15|4,0,67108864,262144,256,0,0,0,0,96,0,80,0,13,10,0,1,96,0|4,1094760194,0,2830404,0,2621440,0,2621440,0,3173747,0,10,10,309762623,0,309762623,0,2080,319612421,0,7087168,0,0,0,0,0
1788087591066|1001|simultaneous_64m_3|rotating|2,1378943233,33555404,6369963,6361734,0,0,0,0,0,0,0,0,0,0,5744,5735,0,0,0,0,0,0,0,0,0,0,0,0,0,0,0,0,0,0,0,0,4096,256,131072,4,15|4,0,67108864,262144,256,0,0,0,0,96,0,80,0,13,10,0,1,96,0|4,399327878,0,2861032,0,2621440,0,2621440,0,3207159,0,10,10,313201942,0,313201942,0,2080,322753996,0,7083633,0,0,0,0,0
1788087596075|1001|simultaneous_64m_3|fixed|4,1378943233,16780339,12595511,12577289,12595511,12577289,12595511,12577289,22760,22698,11368,11348,0,0,0,0,367871546,367526749,4096,4096,0,0,11369,11369,685836572,685836561,685836580,685836569,0,0,0,0,0,0,0,0,4096,256,131072,4,15|4,0,67108864,262144,256,0,0,0,0,184,0,168,0,24,21,0,1,184,0|6,1415315046,0,5630008,0,5505024,0,5505024,0,6315816,0,21,21,616008170,0,616008170,0,2080,636611994,0,7111748,0,0,0,0,0
1788087596075|1001|simultaneous_64m_3|rotating|4,1378943233,33555404,12667318,12648984,0,0,0,0,0,0,0,0,0,0,11433,11413,0,0,0,0,0,0,0,0,0,0,0,0,0,0,0,0,0,0,0,0,4096,256,131072,4,15|4,0,67108864,262144,256,0,0,0,0,184,0,168,0,24,21,0,1,184,0|6,720201327,0,5663104,0,5505024,0,5505024,0,6351939,0,21,21,619763945,0,619763945,0,2080,639719683,0,7109686,0,0,0,0,0
1788087601078|1001|simultaneous_64m_3|fixed|6,1378943233,16780339,18880442,18852756,18880442,18852756,18880442,18852756,34115,34020,17041,17010,0,0,0,0,551398084,550872951,4096,4096,0,0,17041,17041,1005869291,1005869624,1005869299,1005869632,0,0,0,0,0,0,0,0,4096,256,131072,4,15|4,0,67108864,262144,256,0,0,0,0,272,0,256,0,35,32,0,1,272,0|8,1735558663,0,8426648,0,8388608,0,8388608,0,9457927,0,32,32,921934894,0,921934894,0,2080,953296424,0,7140210,0,0,0,0,0
1788087601078|1001|simultaneous_64m_3|rotating|6,1378943233,33555404,18967767,18939975,0,0,0,0,0,0,0,0,0,0,17119,17088,0,0,0,0,0,0,0,0,0,0,0,0,0,0,0,0,0,0,0,0,4096,256,131072,4,15|4,0,67108864,262144,256,0,0,0,0,272,0,256,0,35,32,0,1,272,0|8,1040370216,0,8459252,0,8388608,0,8388608,0,9492479,0,32,32,925622953,0,925622953,0,2080,955976477,0,7135691,0,0,0,0,0
1788087606078|1001|simultaneous_64m_3|fixed|8,1378943233,16780339,25172750,25136579,25172750,25136579,25172750,25136579,45481,45356,22718,22677,0,0,0,0,735120971,734432814,4096,4096,0,0,22719,22719,1325890506,1325890503,1325890514,1325890511,0,0,0,0,0,0,0,0,4096,256,131072,4,15|4,0,67108864,262144,256,0,0,0,0,352,0,336,0,45,42,0,1,352,0|10,2054909189,0,11219012,0,11010048,0,11010048,0,12595328,0,42,42,1228205390,0,1228205390,0,2080,1269410082,0,7167347,0,0,0,0,0
1788087606078|1001|simultaneous_64m_3|rotating|8,1378943233,33558272,25224028,25187822,0,0,0,0,0,0,0,0,0,0,22765,22724,0,0,0,0,0,0,0,0,0,0,0,0,0,0,0,0,0,0,0,0,4096,256,131072,4,15|4,0,67108864,262144,256,0,0,0,0,352,0,336,0,45,42,0,1,352,0|10,1358651905,0,11242228,0,11010048,0,11010048,0,12618670,0,42,42,1230835821,0,1230835821,0,2080,1270701188,0,7158816,0,0,0,0,0
1788087611079|1001|simultaneous_64m_3|fixed|10,1378943233,16780339,31460633,31415134,31460633,31415134,31460633,31415134,56844,56686,28394,28342,0,0,0,0,918758462,917890641,4096,4096,0,0,28395,28395,1646130519,1646130516,1646130527,1646130524,0,0,0,0,0,0,0,0,4096,256,131072,4,15|4,0,67108864,262144,256,0,0,0,0,440,0,424,0,56,53,0,1,440,0|12,2374743713,0,14012192,0,13893632,0,13893632,0,15732991,0,53,53,1533723402,0,1533723402,0,2080,1585683958,0,7197298,0,0,0,0,0
1788087611079|1001|simultaneous_64m_3|rotating|10,1378943233,33558272,31514291,31468870,0,0,0,0,0,0,0,0,0,0,28443,28391,0,0,0,0,0,0,0,0,0,0,0,0,0,0,0,0,0,0,0,0,4096,256,131072,4,15|4,0,67108864,262144,256,0,0,0,0,440,0,424,0,56,53,0,1,440,0|12,1679896607,0,14047760,0,13893632,0,13893632,0,15769650,0,53,53,1537767493,0,1537767493,0,2080,1588033963,0,7185535,0,0,0,0,0
1788087616089|1001|simultaneous_64m_3|fixed|12,1378943233,16780339,37756432,37700254,37756432,37700254,37756432,37700254,68221,68030,34078,34014,0,0,0,0,1102634623,1101587322,4096,4096,0,0,34078,34078,1966774740,1966774961,1966774748,1966774969,0,0,0,0,0,0,0,0,4096,256,131072,4,15|4,0,67108864,262144,256,0,0,0,0,528,0,512,0,67,64,0,1,528,0|14,2696287060,0,16820196,0,16777216,0,16777216,0,18887039,0,64,64,1840944349,0,1840944349,0,2080,1903667490,0,7226408,0,0,0,0,0
1788087616089|1001|simultaneous_64m_3|rotating|12,1378943233,33555404,37843246,37787039,0,0,0,0,0,0,0,0,0,0,34156,34093,0,0,0,0,0,0,0,0,0,0,0,0,0,0,0,0,0,0,0,0,4096,256,131072,4,15|4,0,67108864,262144,256,0,0,0,0,528,0,512,0,67,64,0,1,528,0|14,2001815008,0,16859220,0,16777216,0,16777216,0,18926706,0,64,64,1845374984,0,1845374984,0,2080,1906041030,0,7208653,0,0,0,0,0
1788087621089|1001|simultaneous_64m_3|fixed|14,1378943233,16780339,44049730,43985568,44049730,43985568,44049730,43985568,79586,79365,39755,39682,0,0,0,0,1286340422,1285130361,4096,4096,0,0,39756,39756,2286771261,2286771250,2286771269,2286771258,0,0,0,0,0,0,0,0,4096,256,131072,4,15|4,0,67108864,262144,256,0,0,0,0,608,0,592,0,77,74,0,1,608,0|16,3016676234,0,19621452,0,19398656,0,19398656,0,22035862,0,74,74,2148253229,0,2148253229,0,2080,2220817053,0,7256250,0,0,0,0,0
1788087621089|1001|simultaneous_64m_3|rotating|14,1378943233,33558272,44118475,44054231,0,0,0,0,0,0,0,0,0,0,39817,39744,0,0,0,0,0,0,0,0,0,0,0,0,0,0,0,0,0,0,0,0,4096,256,131072,4,15|4,0,67108864,262144,256,0,0,0,0,608,0,592,0,77,74,0,1,608,0|16,2320439611,0,19645164,0,19398656,0,19398656,0,22057212,0,74,74,2150923323,0,2150923323,0,2080,2221106657,0,7238511,0,0,0,0,0
1788087626095|1001|simultaneous_64m_3|fixed|16,1378943233,16780339,50342234,50268952,50342234,50268952,50342234,50268952,90956,90702,45434,45350,0,0,0,0,1470091697,1468701012,4096,4096,0,0,45435,45435,2607201547,2607201520,2607201555,2607201528,0,0,0,0,0,0,0,0,4096,256,131072,4,15|4,0,67108864,262144,256,0,0,0,0,696,0,680,0,88,85,0,1,696,0|18,3337249474,0,22421056,0,22282240,0,22282240,0,25181148,0,85,85,2454505468,0,2454505468,0,2080,2537826848,0,7288986,0,0,0,0,0
1788087626095|1001|simultaneous_64m_3|rotating|16,1378943233,33555404,50434490,50361258,0,0,0,0,0,0,0,0,0,0,45517,45433,0,0,0,0,0,0,0,0,0,0,0,0,0,0,0,0,0,0,0,0,4096,256,131072,4,15|4,0,67108864,262144,256,0,0,0,0,696,0,680,0,88,85,0,1,696,0|18,2642190898,0,22455140,0,22282240,0,22282240,0,25213585,0,85,85,2458356992,0,2458356992,0,2080,2538942456,0,7268762,0,0,0,0,0
1788087631104|1001|simultaneous_64m_3|fixed|18,1378943233,16780339,56631299,56548716,56631299,56548716,56631299,56548716,102327,102040,51114,51019,0,0,0,0,1653857240,1652286403,4096,4096,0,0,51115,51115,2927667086,2927667083,2927667062,2927667091,0,0,0,0,0,0,0,0,4096,256,131072,4,15|4,0,67108864,262144,256,0,0,0,0,784,0,768,0,99,96,0,1,784,0|20,3657540573,0,25218188,0,25165824,0,25165824,0,28321603,0,96,96,2760474995,0,2760474995,0,2080,2854552400,0,7323815,0,0,0,0,0
1788087631104|1001|simultaneous_64m_3|rotating|18,1378943233,33558272,56706444,56623747,0,0,0,0,0,0,0,0,0,0,51182,51087,0,0,0,0,0,0,0,0,0,0,0,0,0,0,0,0,0,0,0,0,4096,256,131072,4,15|4,0,67108864,262144,256,0,0,0,0,784,0,768,0,99,96,0,1,784,0|20,2961589521,0,25243876,0,25165824,0,25165824,0,28344270,0,96,96,2763439186,0,2763439186,0,2080,2854422382,0,7303099,0,0,0,0,0
1788087636135|1001|simultaneous_64m_3|fixed|20,1378943233,16780339,62969376,62877471,62969376,62877471,62969376,62877471,113761,113444,56826,56721,0,0,0,0,1838706040,1836971088,4096,4096,0,0,56827,56827,3249615694,3249615691,3249615678,3249615651,0,0,0,0,0,0,0,0,4096,256,131072,4,15|4,0,67108864,262144,256,0,0,0,0,864,0,848,0,109,106,0,1,864,0|22,3980547436,0,28042664,0,27787264,0,27787264,0,31498778,0,106,106,3070384264,0,3070384264,0,2080,3174317423,0,7355924,0,0,0,0,0
1788087636135|1001|simultaneous_64m_3|rotating|20,1378943233,33555404,63058239,62966351,0,0,0,0,0,0,0,0,0,0,56906,56801,0,0,0,0,0,0,0,0,0,0,0,0,0,0,0,0,0,0,0,0,4096,256,131072,4,15|5,0,67108864,262144,256,0,0,0,0,872,0,856,0,110,107,0,1,872,0|22,3284371460,0,28063240,0,28049408,0,28049408,0,31514587,0,107,107,3071909542,0,3071909542,0,2080,3173288834,0,7324953,0,0,0,0,0
1788087641162|1001|simultaneous_64m_3|fixed|22,1378943233,16780339,69294902,69193641,69294902,69193641,69294902,69193641,125184,124834,62532,62416,0,0,0,0,2023319362,2021404845,4096,4096,0,0,62533,62533,3571529761,3571529758,3571529769,3571529766,0,0,0,0,0,0,0,0,4096,256,131072,4,15|4,0,67108864,262144,256,0,0,0,0,952,0,936,0,120,117,0,1,952,0|24,6662672,1,30846712,0,30670848,0,30670848,0,34651066,0,117,117,3377154042,0,3377154042,0,2080,3491843526,0,7381652,0,0,0,0,0
1788087641162|1001|simultaneous_64m_3|rotating|22,1378943233,33555404,69381803,69280336,0,0,0,0,0,0,0,0,0,0,62610,62494,0,0,0,0,0,0,0,0,0,0,0,0,0,0,0,0,0,0,0,0,4096,256,131072,4,15|4,0,67108864,262144,256,0,0,0,0,952,0,936,0,120,117,0,1,952,0|24,3607724632,0,30890680,0,30670848,0,30670848,0,34692843,0,117,117,3382177265,0,3382177265,0,2080,3493085684,0,7353606,0,0,0,0,0
1788087646168|1001|simultaneous_64m_3|fixed|24,1378943233,16781056,75591513,75480647,75591513,75480647,75591513,75480647,136547,136164,68209,68082,0,0,0,0,2206968368,2204873904,4096,4096,0,0,68209,68209,3891772370,3891772711,3891772378,3891772719,0,0,0,0,0,0,0,0,4096,256,131072,4,15|4,0,67108864,262144,256,0,0,0,0,1040,0,1024,0,131,128,0,1,1040,0|26,326482842,1,33639896,0,33554432,0,33554432,0,37792581,0,128,128,3682672063,0,3682672063,0,2080,3808108934,0,7405683,0,0,0,0,0
1788087646168|1001|simultaneous_64m_3|rotating|24,1378943233,33555404,75668406,75557577,0,0,0,0,0,0,0,0,0,0,68278,68151,0,0,0,0,0,0,0,0,0,0,0,0,0,0,0,0,0,0,0,0,4096,256,131072,4,15|4,0,67108864,262144,256,0,0,0,0,1040,0,1024,0,131,128,0,1,1040,0|26,3925677271,0,33667064,0,33554432,0,33554432,0,37815358,0,128,128,3685821848,0,3685821848,0,2080,3807132566,0,7382647,0,0,0,0,0
1788087651173|1001|simultaneous_64m_3|fixed|26,1378943233,16780339,81898713,81779053,81898713,81779053,81898713,81779053,147925,147512,73893,73756,0,0,0,0,2390891185,2388634172,4096,4096,0,0,73893,73893,4212135030,4212135379,4212135038,4212135387,0,0,0,0,0,0,0,0,4096,256,131072,4,15|4,0,67108864,262144,256,0,0,0,0,1120,0,1104,0,141,138,0,1,1120,0|28,646872670,1,36438016,0,36175872,0,36175872,0,40944384,0,139,138,3989597304,0,3989597304,0,2080,4125261499,0,7433193,0,0,0,0,0
1788087651173|1001|simultaneous_64m_3|rotating|26,1378943233,33555404,81981801,81861442,0,0,0,0,0,0,0,0,0,0,73968,73830,0,0,0,0,0,0,0,0,0,0,0,0,0,0,0,0,0,0,0,0,4096,256,131072,4,15|4,0,67108864,262144,256,0,0,0,0,1128,0,1112,0,142,139,0,1,1128,0|28,4247586756,0,36478524,0,36438016,0,36438016,0,40977314,0,139,139,3993415183,0,3993415183,0,2080,4125128939,0,7411005,0,0,0,0,0
1788087656195|1001|simultaneous_64m_3|fixed|28,1378943233,16781056,88217963,88089975,88217963,88089975,88217963,88089975,159330,158884,79590,79442,0,0,0,0,2575214936,2572778424,4096,4096,0,0,79590,79590,238583323,238583664,238583331,238583672,0,0,0,0,0,0,0,0,4096,256,131072,4,15|4,0,67108864,262144,256,0,0,0,0,1208,0,1192,0,152,149,0,1,1208,0|30,968229032,1,39247672,0,39059456,0,39059456,0,44101347,0,149,149,2053849,1,2053849,1,2080,148089929,1,7463099,0,0,0,0,0
1788087656195|1001|simultaneous_64m_3|rotating|28,1378943233,33555404,88292730,88164684,0,0,0,0,0,0,0,0,0,0,79657,79509,0,0,0,0,0,0,0,0,0,0,0,0,0,0,0,0,0,0,0,0,4096,256,131072,4,15|4,0,67108864,262144,256,0,0,0,0,1208,0,1192,0,152,149,0,1,1208,0|30,274098685,1,39289660,0,39059456,0,39059456,0,44138845,0,149,149,6845332,1,6845332,1,2080,148082896,1,7440089,0,0,0,0,0
1788087661195|1001|simultaneous_64m_3|fixed|30,1378943233,16780339,94503185,94364616,94503185,94364616,94503185,94364616,170685,170206,85261,85102,0,0,0,0,2758708562,2756092192,4096,4096,0,0,85262,85262,558590984,558591013,558591000,558591005,0,0,0,0,0,0,0,0,4096,256,131072,4,15|4,0,67108864,262144,256,0,0,0,0,1296,0,1280,0,163,160,0,1,1296,0|32,1288273063,1,42042828,0,41943040,0,41943040,0,47241657,0,160,160,307772406,1,307772406,1,2080,464567515,1,7498842,0,0,0,0,0
1788087661195|1001|simultaneous_64m_3|rotating|30,1378943233,33555404,94577986,94439264,0,0,0,0,0,0,0,0,0,0,85328,85169,0,0,0,0,0,0,0,0,0,0,0,0,0,0,0,0,0,0,0,0,4096,256,131072,4,15|4,0,67108864,262144,256,0,0,0,0,1296,0,1280,0,163,160,0,1,1296,0|32,592673961,1,42071480,0,41943040,0,41943040,0,47263771,0,160,160,311112370,1,311112370,1,2080,462742436,1,7467934,0,0,0,0,0
1788087666200|1001|simultaneous_64m_3|fixed|32,1378943233,16780339,100814696,100666387,100814696,100666387,100814696,100666387,182067,181558,90947,90778,0,0,0,0,2942714868,2939933176,4096,4096,0,0,90948,90948,879080600,879080605,879080608,879080589,0,0,0,0,0,0,0,0,4096,256,131072,4,15|5,0,67108864,262144,256,0,0,0,0,1384,0,1368,0,174,171,0,1,1384,0|34,1608614894,1,44839964,0,44826624,0,44826624,0,50389612,0,171,171,613807296,1,613807296,1,2080,781353050,1,7524416,0,0,0,0,0
1788087666200|1001|simultaneous_64m_3|rotating|32,1378943233,33555404,100874044,100724963,0,0,0,0,0,0,0,0,0,0,91002,90832,0,0,0,0,0,0,0,0,0,0,0,0,0,0,0,0,0,0,0,0,4096,256,131072,4,15|4,0,67108864,262144,256,0,0,0,0,1384,0,1368,0,174,171,0,1,1384,0|34,912754272,1,44866640,0,44826624,0,44826624,0,50408718,0,171,171,616879170,1,616879170,1,2080,778913957,1,7497783,0,0,0,0,0
1788087671209|1001|simultaneous_64m_3|fixed|34,1378943233,16780339,107111715,106954749,107111715,106954749,107111715,106954749,193438,192896,96627,96447,0,0,0,0,3126481298,3123518501,4096,4096,0,0,96628,96628,1199538228,1199538249,1199538236,1199538257,0,0,0,0,0,0,0,0,4096,256,131072,4,15|4,0,67108864,262144,256,0,0,0,0,1464,0,1448,0,184,181,0,1,1464,0|36,1929287893,1,47644184,0,47448064,0,47448064,0,53541988,0,181,181,921404701,1,921404701,1,2080,1098789573,1,7551156,0,0,0,0,0
1788087671209|1001|simultaneous_64m_3|rotating|34,1378943233,33555404,107188085,107030927,0,0,0,0,0,0,0,0,0,0,96696,96516,0,0,0,0,0,0,0,0,0,0,0,0,0,0,0,0,0,0,0,0,4096,256,131072,4,15|4,0,67108864,262144,256,0,0,0,0,1464,0,1448,0,184,181,0,1,1464,0|36,1233436631,1,47670860,0,47448064,0,47448064,0,53560293,0,181,181,924482123,1,924482123,1,2080,1096041074,1,7526239,0,0,0,0,0
1788087676216|1001|simultaneous_64m_3|fixed|36,1378943233,16780339,113413541,113245526,113413541,113245526,113413541,113245526,204809,204234,102307,102116,0,0,0,0,3310237218,3307096352,4096,4096,0,0,102308,102308,1519985914,1519985943,1519985930,1519985935,0,0,0,0,0,0,0,0,4096,256,131072,4,15|4,0,67108864,262144,256,0,0,0,0,1552,0,1536,0,195,192,0,1,1552,0|38,2249697601,1,50442304,0,50331648,0,50331648,0,56689820,0,192,192,1227500406,1,1227500406,1,2080,1415639317,1,7580382,0,0,0,0,0
1788087676216|1001|simultaneous_64m_3|rotating|36,1378943233,33555404,113489903,113321883,0,0,0,0,0,0,0,0,0,0,102375,102184,0,0,0,0,0,0,0,0,0,0,0,0,0,0,0,0,0,0,0,0,4096,256,131072,4,15|4,0,67108864,262144,256,0,0,0,0,1552,0,1536,0,195,192,0,1,1552,0|38,1554070428,1,50470956,0,50331648,0,50331648,0,56709817,0,192,192,1230797476,1,1230797476,1,2080,1412759228,1,7559783,0,0,0,0,0
1788087681228|1001|simultaneous_64m_3|fixed|38,1378943233,16781056,119722109,119544562,119722109,119544562,119722109,119544562,216193,215586,107995,107793,0,0,0,0,3494258184,3490939272,4096,4096,0,0,107995,107995,1840533006,1840533006,1840533022,1840533022,0,0,0,0,0,0,0,0,4096,256,131072,4,15|4,0,67108864,262144,256,0,0,0,0,1640,0,1624,0,206,203,0,1,1640,0|40,2570503132,1,53243884,0,53215232,0,53215232,0,59840813,0,203,203,1533996600,1,1533996600,1,2080,1732886234,1,7608299,0,0,0,0,0
1788087681228|1001|simultaneous_64m_3|rotating|38,1378943233,33555404,119805026,119627337,0,0,0,0,0,0,0,0,0,0,108069,107867,0,0,0,0,0,0,0,0,0,0,0,0,0,0,0,0,0,0,0,0,4096,256,131072,4,15|4,0,67108864,262144,256,0,0,0,0,1640,0,1624,0,206,203,0,1,1640,0|40,1875054675,1,53274020,0,53215232,0,53215232,0,59861931,0,203,203,1537465786,1,1537465786,1,2080,1729835271,1,7590063,0,0,0,0,0
1788087686235|1001|simultaneous_64m_3|fixed|40,1378943233,16780339,126044985,125858470,126044985,125858470,126044985,125858470,227604,226966,113694,113482,0,0,0,0,3678687576,3675206304,4096,4096,0,0,113695,113695,2162108204,2162108161,2162108180,2162108169,0,0,0,0,0,0,0,0,4096,256,131072,4,15|4,0,67108864,262144,256,0,0,0,0,1720,0,1704,0,216,213,0,1,1720,0|42,2892381611,1,56058480,0,55836672,0,55836672,0,63006446,0,213,213,1842793788,1,1842793788,1,2080,2051529708,1,7633537,0,0,0,0,0
1788087686235|1001|simultaneous_64m_3|rotating|40,1378943233,33555404,126141793,125955410,0,0,0,0,0,0,0,0,0,0,113782,113570,0,0,0,0,0,0,0,0,0,0,0,0,0,0,0,0,0,0,0,0,4096,256,131072,4,15|4,0,67108864,262144,256,0,0,0,0,1720,0,1704,0,216,213,0,1,1720,0|42,2197378207,1,56093060,0,55836672,0,55836672,0,63030956,0,213,213,1846710664,1,1846710664,1,2080,2048603445,1,7614047,0,0,0,0,0
1788087691248|1001|simultaneous_64m_3|fixed|42,1378943233,16780817,132337849,132144068,132337849,132144068,132337849,132144068,238955,238284,119365,119142,0,0,0,0,3862147912,3858487104,4096,4096,0,0,119366,119365,2482047717,2482029761,2482047693,2482029769,0,0,0,0,0,0,0,0,4096,256,131072,4,15|4,0,67108864,262144,256,0,0,0,0,1808,0,1792,0,227,224,0,1,1808,0|44,3211712229,1,58847216,0,58720256,0,58720256,0,66145016,0,224,224,2147811527,1,2147811527,1,2080,2367301401,1,7661747,0,0,0,0,0
1788087691248|1001|simultaneous_64m_3|rotating|42,1378943233,33555404,132413122,132219382,0,0,0,0,0,0,0,0,0,0,119432,119209,0,0,0,0,0,0,0,0,0,0,0,0,0,0,0,0,0,0,0,0,4096,256,131072,4,15|4,0,67108864,262144,256,0,0,0,0,1808,0,1792,0,227,224,0,1,1808,0|44,2516201469,1,58876856,0,58720256,0,58720256,0,66163852,0,224,224,2151225900,1,2151225900,1,2080,2363515151,1,7641226,0,0,0,0,0
1788087696252|1001|simultaneous_64m_3|fixed|44,1378943233,16780339,138633801,138431563,138633801,138431563,138633801,138431563,250326,249622,125044,124810,0,0,0,0,4045906104,4042066120,4096,4096,0,0,125045,125045,2802485060,2802485057,2802485020,2802485033,0,0,0,0,0,0,0,0,4096,256,131072,4,15|4,0,67108864,262144,256,0,0,0,0,1896,0,1880,0,238,235,0,1,1896,0|46,3532209839,1,61646324,0,61603840,0,61603840,0,69291548,0,235,235,2453999787,1,2453999787,1,2080,2684239941,1,7690068,0,0,0,0,0
1788087696252|1001|simultaneous_64m_3|rotating|44,1378943233,33555404,138701898,138499638,0,0,0,0,0,0,0,0,0,0,125105,124871,0,0,0,0,0,0,0,0,0,0,0,0,0,0,0,0,0,0,0,0,4096,256,131072,4,15|4,0,67108864,262144,256,0,0,0,0,1896,0,1880,0,238,235,0,1,1896,0|46,2836220404,1,61671520,0,61603840,0,61603840,0,69304913,0,235,235,2456926335,1,2456926335,1,2080,2679621040,1,7676173,0,0,0,0,0
1788087701253|1001|simultaneous_64m_3|fixed|46,1378943233,16780339,144932506,144720035,144932506,144720035,144932506,144720035,261696,260962,130724,130480,0,0,0,0,4229687632,4225684915,4096,4096,0,0,130725,130725,3122598129,3122598118,3122598137,3122598126,0,0,0,0,0,0,0,0,4096,256,131072,4,15|4,0,67108864,262144,256,0,0,0,0,1976,0,1960,0,248,245,0,1,1976,0|48,3852158151,1,64443628,0,64225280,0,64225280,0,72436676,0,245,245,2760883529,1,2760883529,1,2080,3000957168,1,7711391,0,0,0,0,0
1788087701253|1001|simultaneous_64m_3|rotating|46,1378943233,33555404,145005512,144792912,0,0,0,0,0,0,0,0,0,0,130789,130545,0,0,0,0,0,0,0,0,0,0,0,0,0,0,0,0,0,0,0,0,4096,256,131072,4,15|4,0,67108864,262144,256,0,0,0,0,1976,0,1960,0,248,245,0,1,1976,0|48,3156136628,1,64468824,0,64225280,0,64225280,0,72449153,0,245,245,2763766808,1,2763766808,1,2080,2995987850,1,7702688,0,0,0,0,0
