captured_ms|sequence|label|role|admission_snapshot_words_csv|ps_runtime_words_csv|pl_perf_snapshot_words_csv
1785975595456|1001|stale_segment_clean64|fixed|2,1378943233,16781056,6131340,6046620,69549,0,69549,0,1476,0,738,0,0,0,5782,5782,4715016,4715016,4096,4096,0,0,738,738,359444971,359444971,359444987,359444987,0,0,0,0,0,0,0,0,4096,256,131072,4,15|4,0,67108864,262144,256,0,0,0,0,96,0,84,0,24,21,0,1,96,0|4,1069915088,0,0,0,5505024,0,5505024,0,17528,0,0,21,0,0,0,0,0,0,0,6890050,0,0,0,0,0
1785975595456|1001|stale_segment_clean64|rotating|2,1378943233,33558272,6207615,6121280,6137127,6121280,6137127,6121280,5877,5854,5854,5854,0,0,748,0,180701560,180341976,4096,4096,0,0,5854,5854,346719831,346720148,346719839,346720156,0,0,0,0,0,0,0,0,4096,256,131072,4,15|4,0,67108864,262144,256,0,0,0,0,100,0,88,0,25,22,0,1,100,0|4,392495278,0,5822496,0,0,0,0,0,6170715,0,22,0,323466523,0,323466523,0,2080,316570686,0,9777297,0,0,0,0,0
1785975600463|1001|stale_segment_clean64|fixed|4,1378943233,16781056,12410447,12238946,140882,0,140882,0,2990,0,1495,0,0,0,11702,11702,9551456,9551456,4096,4096,0,0,1495,1495,680434325,680434325,680434333,680434333,0,0,0,0,0,0,0,0,4096,256,131072,4,15|4,0,67108864,262144,256,0,0,0,0,188,0,176,0,47,44,0,1,188,0|6,1390505690,0,0,0,11534336,0,11534336,0,35362,0,0,44,0,0,0,0,0,0,0,6944215,0,0,0,0,0
1785975600463|1001|stale_segment_clean64|rotating|4,1378943233,33554687,12474088,12301177,12332452,12301177,12332452,12301177,11807,11763,11762,11762,0,0,1503,0,363069816,362350611,4096,4096,0,0,11762,11762,666849635,666849952,666849643,666849960,0,0,0,0,0,0,0,0,4096,256,131072,4,15|4,0,67108864,262144,256,0,0,0,0,188,0,176,0,47,44,0,1,188,0|6,711975197,0,11629184,0,0,0,0,0,12337390,0,44,0,641494770,0,641494770,0,2080,632892864,0,12629339,0,0,0,0,0
1785975605463|1001|stale_segment_clean64|fixed|6,1378943233,16781056,18669657,18410720,211937,0,211937,0,4498,0,2249,0,0,0,17603,17603,14368728,14368728,4096,4096,0,0,2249,2249,999937689,999937689,999937697,999937697,0,0,0,0,0,0,0,0,4096,256,131072,4,15|4,0,67108864,262144,256,0,0,0,0,276,0,264,0,69,66,0,1,276,0|8,1710369078,0,0,0,17301504,0,17301504,0,53125,0,0,66,0,0,0,0,0,0,0,6985508,0,0,0,0,0
1785975605463|1001|stale_segment_clean64|rotating|6,1378943233,33554687,18741070,18481257,18528285,18481257,18528285,18481257,17738,17672,17670,17670,0,0,2258,0,545447154,544368029,4096,4096,0,0,17671,17671,987008234,987008239,987008242,987008247,0,0,0,0,0,0,0,0,4096,256,131072,4,15|4,0,67108864,262144,256,0,0,0,0,276,0,264,0,69,66,0,1,276,0|8,1032306237,0,17459584,0,0,0,0,0,18521098,0,66,0,960368210,0,960368210,0,2080,950064175,0,15482532,0,0,0,0,0
1785975610477|1001|stale_segment_clean64|fixed|8,1378943233,16781056,24950119,24604429,283273,0,283273,0,6012,0,3006,0,0,0,23526,23526,19205160,19205160,4096,4096,0,0,3006,3006,1320929045,1320929045,1320929053,1320929053,0,0,0,0,0,0,0,0,4096,256,131072,4,15|4,0,67108864,262144,256,0,0,0,0,364,0,352,0,91,88,0,1,364,0|10,2031671970,0,0,0,23068672,0,23068672,0,70983,0,0,88,0,0,0,0,0,0,0,7036299,0,0,0,0,0
1785975610477|1001|stale_segment_clean64|rotating|8,1378943233,33558272,25040317,24693624,24756006,24693624,24756006,24693624,23701,23612,23611,23611,0,0,3017,0,728827648,727389072,4096,4096,0,0,23611,23611,1308885337,1308885670,1308885345,1308885678,0,0,0,0,0,0,0,0,4096,256,131072,4,15|4,0,67108864,262144,256,0,0,0,0,364,0,352,0,91,88,0,1,364,0|10,1354112806,0,23305792,0,0,0,0,0,24731644,0,88,0,1280713227,0,1280713227,0,2080,1268709477,0,18336705,0,0,0,0,0
1785975615491|1001|stale_segment_clean64|fixed|10,1378943233,16781056,31228109,30794651,354612,0,354612,0,7526,0,3763,0,0,0,29444,29444,24041576,24041576,4096,4096,0,0,3763,3763,1641924563,1641924563,1641924571,1641924571,0,0,0,0,0,0,0,0,4096,256,131072,4,15|4,0,67108864,262144,256,0,0,0,0,452,0,440,0,113,110,0,1,452,0|12,2352273618,0,0,0,28835840,0,28835840,0,88793,0,0,110,0,0,0,0,0,0,0,7080544,0,0,0,0,0
1785975615491|1001|stale_segment_clean64|rotating|10,1378943233,33554687,31303958,30869812,30948597,30869812,30948597,30869812,29628,29517,29515,29515,0,0,3771,0,911098519,909299434,4096,4096,0,0,29516,29516,1628857784,1628857773,1628857792,1628857781,0,0,0,0,0,0,0,0,4096,256,131072,4,15|4,0,67108864,262144,256,0,0,0,0,456,0,444,0,114,111,0,1,456,0|12,1676522564,0,29169120,0,0,0,0,0,30952861,0,111,0,1601657153,0,1601657153,0,2080,1587819142,0,21324521,0,0,0,0,0
1785975620503|1001|stale_segment_clean64|fixed|12,1378943233,16781056,37529384,37008621,426132,0,426132,0,9044,0,4522,0,0,0,35385,35385,28890792,28890792,4096,4096,0,0,4522,4522,1963453040,1963453040,1963453048,1963453048,0,0,0,0,0,0,0,0,4096,256,131072,4,15|4,0,67108864,262144,256,0,0,0,0,544,0,532,0,136,133,0,1,544,0|14,2677526217,0,0,0,34865152,0,34865152,0,106863,0,0,133,0,0,0,0,0,0,0,7125261,0,0,0,0,0
1785975620503|1001|stale_segment_clean64|rotating|12,1378943233,33554687,37710956,37188076,37282747,37188076,37282747,37188076,35692,35558,35556,35556,0,0,4544,0,1097558224,1095384574,4096,4096,0,0,35557,35557,1956242633,1956242622,1956242593,1956242630,0,0,0,0,0,0,0,0,4096,256,131072,4,15|4,0,67108864,262144,256,0,0,0,0,544,0,532,0,136,133,0,1,544,0|14,2003031098,0,35110176,0,0,0,0,0,37256691,0,133,0,1926680423,0,1926680423,0,2080,1911161772,0,24179983,0,0,0,0,0
1785975625507|1001|stale_segment_clean64|fixed|14,1378943233,16781056,43775442,43169432,497093,0,497093,0,10550,0,5275,0,0,0,41276,41276,33701664,33701664,4096,4096,0,0,5275,5275,2282853062,2282853062,2282853070,2282853070,0,0,0,0,0,0,0,0,4096,256,131072,4,15|4,0,67108864,262144,256,0,0,0,0,632,0,620,0,158,155,0,1,632,0|16,2993960669,0,0,0,40632320,0,40632320,0,124461,0,0,155,0,0,0,0,0,0,0,7172266,0,0,0,0,0
1785975625507|1001|stale_segment_clean64|rotating|14,1378943233,33558272,43864117,43257007,43365988,43257007,43365988,43257007,41517,41362,41360,41360,0,0,5286,0,1276704112,1274171312,4096,4096,0,0,41360,41360,2270755908,2270756241,2270755916,2270756249,0,0,0,0,0,0,0,0,4096,256,131072,4,15|4,0,67108864,262144,256,0,0,0,0,632,0,620,0,158,155,0,1,632,0|16,2317818225,0,40837824,0,0,0,0,0,43331092,0,155,0,2240035638,0,2240035638,0,2080,2222790219,0,27035754,0,0,0,0,0
1785975630511|1001|stale_segment_clean64|fixed|16,1378943233,16781056,50046091,49352483,568334,0,568334,0,12062,0,6031,0,0,0,47187,47187,38531712,38531712,4096,4096,0,0,6031,6031,2603415942,2603415942,2603415950,2603415950,0,0,0,0,0,0,0,0,4096,256,131072,4,15|4,0,67108864,262144,256,0,0,0,0,720,0,708,0,180,177,0,1,720,0|18,3313636436,0,0,0,46399488,0,46399488,0,142201,0,0,177,0,0,0,0,0,0,0,7209642,0,0,0,0,0
1785975630511|1001|stale_segment_clean64|rotating|16,1378943233,33558272,50137049,49442474,49567769,49442474,49567769,49442474,47452,47275,47273,47273,0,0,6041,0,1459227384,1456335424,4096,4096,0,0,47273,47273,2591157739,2591158072,2591157747,2591158080,0,0,0,0,0,0,0,0,4096,256,131072,4,15|4,0,67108864,262144,256,0,0,0,0,720,0,708,0,180,177,0,1,720,0|18,2636460857,0,46628704,0,0,0,0,0,49481861,0,177,0,2557230550,0,2557230550,0,2080,2538272250,0,29891214,0,0,0,0,0
1785975635524|1001|stale_segment_clean64|fixed|18,1378943233,16781056,56327624,55547858,639578,0,639578,0,13574,0,6787,0,0,0,53108,53108,43361744,43361744,4096,4096,0,0,6787,6787,2923978556,2923978556,2923978564,2923978564,0,0,0,0,0,0,0,0,4096,256,131072,4,15|4,0,67108864,262144,256,0,0,0,0,808,0,796,0,202,199,0,1,808,0|20,3634449086,0,0,0,52166656,0,52166656,0,160035,0,0,199,0,0,0,0,0,0,0,7249342,0,0,0,0,0
1785975635524|1001|stale_segment_clean64|rotating|18,1378943233,33558272,56394412,55613876,55754082,55613876,55754082,55613876,53372,53173,53171,53171,0,0,6795,0,1641285920,1638036656,4096,4096,0,0,53171,53171,2910753456,2910753797,2910753472,2910753805,0,0,0,0,0,0,0,0,4096,256,131072,4,15|4,0,67108864,262144,256,0,0,0,0,808,0,796,0,203,200,0,1,812,0|20,2955904009,0,52436704,0,0,0,0,0,55646442,0,200,0,2875221702,0,2875221702,0,2080,2854420483,0,32875809,0,0,0,0,0
1785975640531|1001|stale_segment_clean64|fixed|20,1378943233,16781056,62605798,61739841,710818,0,710818,0,15086,0,7543,0,0,0,59023,59023,48191760,48191760,4096,4096,0,0,7543,7543,3244540985,3244540985,3244540993,3244540993,0,0,0,0,0,0,0,0,4096,256,131072,4,15|4,0,67108864,262144,256,0,0,0,0,900,0,888,0,225,222,0,1,900,0|22,3955781936,0,0,0,58195968,0,58195968,0,177892,0,0,222,0,0,0,0,0,0,0,7289255,0,0,0,0,0
1785975640531|1001|stale_segment_clean64|rotating|20,1378943233,33554687,62687687,61820103,61975833,61820103,61975833,61820103,59325,59104,59100,59100,0,0,7554,0,1824305816,1820681623,4096,4096,0,0,59101,59101,3232161420,3232161401,3232161412,3232161409,0,0,0,0,0,0,0,0,4096,256,131072,4,15|4,0,67108864,262144,256,0,0,0,0,900,0,888,0,225,222,0,1,900,0|22,3277322649,0,58282912,0,0,0,0,0,61855902,0,222,0,3195178790,0,3195178790,0,2080,3172677068,0,35730770,0,0,0,0,0
1785975645537|1001|stale_segment_clean64|fixed|22,1378943233,16781056,68877217,67924240,782059,0,782059,0,16598,0,8299,0,0,0,64930,64930,53021800,53021800,4096,4096,0,0,8299,8299,3564907021,3564907021,3564907029,3564907029,0,0,0,0,0,0,0,0,4096,256,131072,4,15|4,0,67108864,262144,256,0,0,0,0,988,0,976,0,247,244,0,1,988,0|24,4275134589,0,0,0,63963136,0,63963136,0,195632,0,0,244,0,0,0,0,0,0,0,7333577,0,0,0,0,0
1785975645537|1001|stale_segment_clean64|rotating|22,1378943233,33554687,68948261,67994437,68165446,67994437,68165446,67994437,65243,65000,64997,64997,0,0,8307,0,2006329163,2002345126,4096,4096,0,0,64997,64997,3551682114,3551682455,3551682122,3551682463,0,0,0,0,0,0,0,0,4096,256,131072,4,15|4,0,67108864,262144,256,0,0,0,0,988,0,976,0,247,244,0,1,988,0|24,3597460392,0,64105408,0,0,0,0,0,68041102,0,244,0,3513860909,0,3513860909,0,2080,3489652238,0,38587086,0,0,0,0,0
