captured_ms|sequence|label|role|admission_snapshot_words_csv|ps_runtime_words_csv|pl_perf_snapshot_words_csv
1785981486686|1002|ps_reset_fixed_1_clean64|fixed|4,1378943233,16781056,6139148,6055144,6069490,6055144,6069490,6055144,5804,5782,5782,5782,0,0,738,0,178479088,178135552,4096,4096,0,0,5782,5782,367661780,367662113,367661788,367662121,0,0,0,0,0,0,0,0,4096,256,131072,4,15|4,0,67108864,262144,256,0,0,0,0,96,0,84,0,24,21,0,1,96,0|6,1191229058,0,5757952,0,0,0,0,0,6112817,0,21,0,319993270,0,319993270,0,2080,313205977,0,9658135,0,0,0,0,0
1785981486686|1002|ps_reset_fixed_1_clean64|rotating|4,1378943233,33558272,6228772,6143030,70692,0,70692,0,1498,0,749,0,0,0,5866,5866,4785304,4785304,4096,4096,0,0,749,749,343038480,343038480,343038496,343038496,0,0,0,0,0,0,0,0,4096,256,131072,4,15|4,0,67108864,262144,256,0,0,0,0,100,0,88,0,25,22,0,1,100,0|6,510484933,0,0,0,5767168,0,5767168,0,17838,0,0,22,0,0,0,0,0,0,0,6897594,0,0,0,0,0
1785981491699|1002|ps_reset_fixed_1_clean64|fixed|6,1378943233,16781056,12423341,12251070,12282145,12251070,12282145,12251070,11748,11705,11704,11704,0,0,1496,0,361279344,360560328,4096,4096,0,0,11704,11704,688567453,688546018,688567461,688546026,0,0,0,0,0,0,0,0,4096,256,131072,4,15|4,0,67108864,262144,256,0,0,0,0,188,0,176,0,47,44,0,1,188,0|8,1511867019,0,11589664,0,0,0,0,0,12300956,0,44,0,639173303,0,639173303,0,2080,630525661,0,12665251,0,0,0,0,0
1785981491699|1002|ps_reset_fixed_1_clean64|rotating|6,1378943233,33558272,12491112,12318082,141858,0,141858,0,3006,0,1503,0,0,0,11768,11768,9602584,9602584,4096,4096,0,0,1503,1503,662762297,662762297,662762305,662762305,0,0,0,0,0,0,0,0,4096,256,131072,4,15|4,0,67108864,262144,256,0,0,0,0,188,0,176,0,47,44,0,1,188,0|8,829389580,0,0,0,11534336,0,11534336,0,35583,0,0,44,0,0,0,0,0,0,0,6942171,0,0,0,0,0
1785981496711|1002|ps_reset_fixed_1_clean64|fixed|8,1378943233,16777471,18707175,18447381,18494624,18447381,18494624,18447381,17692,17626,17624,17624,0,0,2252,0,544020152,542940596,4096,4096,0,0,17625,17625,1009502195,1009502176,1009502179,1009502184,0,0,0,0,0,0,0,0,4096,256,131072,4,15|4,0,67108864,262144,256,0,0,0,0,276,0,264,0,69,66,0,1,276,0|10,1832349960,0,17412160,0,0,0,0,0,18491565,0,66,0,958200620,0,958200620,0,2080,947835974,0,15531622,0,0,0,0,0
1785981496711|1002|ps_reset_fixed_1_clean64|rotating|8,1378943233,33558272,18773886,18513348,213308,0,213308,0,4520,0,2260,0,0,0,17686,17686,14439016,14439016,4096,4096,0,0,2260,2260,983766080,983766080,983766088,983766088,0,0,0,0,0,0,0,0,4096,256,131072,4,15|4,0,67108864,262144,256,0,0,0,0,276,0,264,0,69,66,0,1,276,0|10,1150275231,0,0,0,17301504,0,17301504,0,53445,0,0,66,0,0,0,0,0,0,0,6997247,0,0,0,0,0
1785981501718|1002|ps_reset_fixed_1_clean64|fixed|10,1378943233,16777471,24985594,24638644,24701688,24638644,24701688,24638644,23628,23540,23537,23537,0,0,3008,0,726555869,725116624,4096,4096,0,0,23538,23538,1329930433,1329930446,1329930441,1329930438,0,0,0,0,0,0,0,0,4096,256,131072,4,15|4,0,67108864,262144,256,0,0,0,0,364,0,352,0,91,88,0,1,364,0|12,2152836646,0,23242560,0,0,0,0,0,24682881,0,88,0,1277229706,0,1277229706,0,2080,1265152337,0,18395409,0,0,0,0,0
1785981501718|1002|ps_reset_fixed_1_clean64|rotating|10,1378943233,33558272,25057164,24709406,284661,0,284661,0,6032,0,3016,0,0,0,23605,23605,19269024,19269024,4096,4096,0,0,3016,3016,1304337469,1304337469,1304337477,1304337477,0,0,0,0,0,0,0,0,4096,256,131072,4,15|4,0,67108864,262144,256,0,0,0,0,364,0,352,0,91,88,0,1,364,0|12,1470410448,0,0,0,23068672,0,23068672,0,71258,0,0,88,0,0,0,0,0,0,0,7037452,0,0,0,0,0
1785981506729|1002|ps_reset_fixed_1_clean64|fixed|12,1378943233,16777471,31269315,30835565,30914056,30835565,30914056,30835565,29568,29458,29455,29455,0,0,3764,0,909241424,907443055,4096,4096,0,0,29456,29456,1650621374,1650621363,1650621342,1650621371,0,0,0,0,0,0,0,0,4096,256,131072,4,15|4,0,67108864,262144,256,0,0,0,0,452,0,440,0,113,110,0,1,452,0|14,2473538215,0,29072960,0,0,0,0,0,30879843,0,110,0,1596473675,0,1596473675,0,2080,1582682885,0,21259894,0,0,0,0,0
1785981506729|1002|ps_reset_fixed_1_clean64|rotating|12,1378943233,33558272,31359976,30924442,356293,0,356293,0,7550,0,3775,0,0,0,29541,29541,24118240,24118240,4096,4096,0,0,3775,3775,1626000133,1626000133,1626000149,1626000149,0,0,0,0,0,0,0,0,4096,256,131072,4,15|4,0,67108864,262144,256,0,0,0,0,456,0,444,0,114,111,0,1,456,0|14,1792124835,0,0,0,29097984,0,29097984,0,89168,0,0,111,0,0,0,0,0,0,0,7085962,0,0,0,0,0
1785981511734|1002|ps_reset_fixed_1_clean64|fixed|14,1378943233,16777471,37546194,37026026,37119587,37026026,37119587,37026026,35503,35371,35368,35368,0,0,4520,0,1091765147,1089607550,4096,4096,0,0,35369,35369,1971031999,1971032012,1971032007,1971032020,0,0,0,0,0,0,0,0,4096,256,131072,4,15|4,0,67108864,262144,256,0,0,0,0,544,0,532,0,136,133,0,1,544,0|16,2794759718,0,34912576,0,0,0,0,0,37082218,0,133,0,1916235274,0,1916235274,0,2080,1900597748,0,24255094,0,0,0,0,0
1785981511734|1002|ps_reset_fixed_1_clean64|rotating|14,1378943233,33558272,37656192,37134213,427839,0,427839,0,9066,0,4533,0,0,0,35472,35472,28961104,28961104,4096,4096,0,0,4533,4533,1947434115,1947434115,1947434123,1947434123,0,0,0,0,0,0,0,0,4096,256,131072,4,15|4,0,67108864,262144,256,0,0,0,0,544,0,532,0,136,133,0,1,544,0|16,2118930784,0,0,0,34865152,0,34865152,0,107336,0,0,133,0,0,0,0,0,0,0,7132988,0,0,0,0,0
1785981516738|1002|ps_reset_fixed_1_clean64|fixed|16,1378943233,16777471,43813707,43208085,43315838,43208085,43315838,43208085,41431,41276,41273,41273,0,0,5275,0,1274024015,1271491778,4096,4096,0,0,41274,41274,2291113366,2291113363,2291113374,2291113379,0,0,0,0,0,0,0,0,4096,256,131072,4,15|4,0,67108864,262144,256,0,0,0,0,632,0,620,0,158,155,0,1,632,0|18,3115002734,0,40742976,0,0,0,0,0,43269693,0,155,0,2235020690,0,2235020690,0,2080,2217674019,0,27115303,0,0,0,0,0
1785981516738|1002|ps_reset_fixed_1_clean64|rotating|16,1378943233,33558272,43905768,43299173,498909,0,498909,0,10572,0,5286,0,0,0,41360,41360,33771952,33771952,4096,4096,0,0,5286,5286,2266712659,2266712659,2266712667,2266712667,0,0,0,0,0,0,0,0,4096,256,131072,4,15|4,0,67108864,262144,256,0,0,0,0,632,0,620,0,158,155,0,1,632,0|18,2433031422,0,0,0,40632320,0,40632320,0,124821,0,0,155,0,0,0,0,0,0,0,7177130,0,0,0,0,0
1785981521743|1002|ps_reset_fixed_1_clean64|fixed|18,1378943233,16777471,50089069,49397349,49519939,49397349,49519939,49397349,47365,47188,47184,47184,0,0,6030,0,1456490148,1453597927,4096,4096,0,0,47185,47185,2611425273,2611425238,2611425281,2611425254,0,0,0,0,0,0,0,0,4096,256,131072,4,15|4,0,67108864,262144,256,0,0,0,0,720,0,708,0,180,177,0,1,720,0|20,3435497009,0,46565472,0,0,0,0,0,49461809,0,177,0,2554059341,0,2554059341,0,2080,2534994890,0,29982450,0,0,0,0,0
1785981521743|1002|ps_reset_fixed_1_clean64|rotating|18,1378943233,33558272,50182579,49489846,570169,0,570169,0,12082,0,6041,0,0,0,47272,47272,38595584,38595584,4096,4096,0,0,6041,6041,2586857661,2586857661,2586857669,2586857669,0,0,0,0,0,0,0,0,4096,256,131072,4,15|4,0,67108864,262144,256,0,0,0,0,720,0,708,0,180,177,0,1,720,0|20,2754908376,0,0,0,46399488,0,46399488,0,142729,0,0,177,0,0,0,0,0,0,0,7226364,0,0,0,0,0
1785981526754|1002|ps_reset_fixed_1_clean64|fixed|20,1378943233,16777471,56365537,55587072,55724959,55587072,55724959,55587072,53305,53106,53102,53102,0,0,6787,0,1639175304,1635923594,4096,4096,0,0,53103,53103,2932120768,2932120757,2932120736,2932120765,0,0,0,0,0,0,0,0,4096,256,131072,4,15|4,0,67108864,262144,256,0,0,0,0,808,0,796,0,202,199,0,1,808,0|22,3755311418,0,52387968,0,0,0,0,0,55634024,0,199,0,2872418126,0,2872418126,0,2080,2851633444,0,32852048,0,0,0,0,0
1785981526754|1002|ps_reset_fixed_1_clean64|rotating|20,1378943233,33558272,56439241,55660085,641328,0,641328,0,13590,0,6795,0,0,0,53172,53172,43412832,43412832,4096,4096,0,0,6795,6795,2906575370,2906575370,2906575378,2906575378,0,0,0,0,0,0,0,0,4096,256,131072,4,15|5,0,67108864,262144,256,0,0,0,0,812,0,800,0,203,200,0,1,812,0|22,3073764513,0,0,0,52428800,0,52428800,0,160497,0,0,200,0,0,0,0,0,0,0,7265364,0,0,0,0,0
1785981531758|1002|ps_reset_fixed_1_clean64|fixed|22,1378943233,16777471,62635078,61769656,61923246,61769656,61923246,61769656,59238,59017,59013,59013,0,0,7542,0,1821634468,1818024151,4096,4096,0,0,59014,59014,3252433793,3252433782,3252433801,3252433790,0,0,0,0,0,0,0,0,4096,256,131072,4,15|4,0,67108864,262144,256,0,0,0,0,900,0,888,0,225,222,0,1,900,0|24,4075659750,0,58211776,0,0,0,0,0,61814253,0,222,0,3191310506,0,3191310506,0,2080,3168666606,0,35856336,0,0,0,0,0
1785981531758|1002|ps_reset_fixed_1_clean64|rotating|22,1378943233,33558272,62705455,61838547,712682,0,712682,0,15102,0,7551,0,0,0,59080,59080,48242872,48242872,4096,4096,0,0,7551,7551,3226960139,3226960139,3226960147,3226960147,0,0,0,0,0,0,0,0,4096,256,131072,4,15|4,0,67108864,262144,256,0,0,0,0,900,0,888,0,225,222,0,1,900,0|24,3393461033,0,0,0,58195968,0,58195968,0,178288,0,0,222,0,0,0,0,0,0,0,7309045,0,0,0,0,0
1785981536760|1002|ps_reset_fixed_1_clean64|fixed|24,1378943233,16781056,68900558,67947284,68117468,67947284,68117468,67947284,65166,64922,64919,64919,0,0,8297,0,2003924584,1999937984,4096,4096,0,0,64919,64919,3572537329,3572537662,3572537337,3572537670,0,0,0,0,0,0,0,0,4096,256,131072,4,15|4,0,67108864,262144,256,0,0,0,0,988,0,976,0,247,244,0,1,988,0|26,100794897,1,64034272,0,0,0,0,0,67994639,0,244,0,3509957325,0,3509957325,0,2080,3485610795,0,38708333,0,0,0,0,0
1785981536760|1002|ps_reset_fixed_1_clean64|rotating|24,1378943233,33558272,68990755,68036518,784133,0,784133,0,16616,0,8308,0,0,0,65004,65004,53079344,53079344,4096,4096,0,0,8308,8308,3547949527,3547949527,3547949535,3547949535,0,0,0,0,0,0,0,0,4096,256,131072,4,15|4,0,67108864,262144,256,0,0,0,0,988,0,976,0,247,244,0,1,988,0|26,3714534853,0,0,0,63963136,0,63963136,0,196151,0,0,244,0,0,0,0,0,0,0,7351234,0,0,0,0,0
1785981546907|1004|ps_reset_fixed_2_clean64|fixed|30,1378943233,16777471,6166007,6080910,6096068,6080910,6096068,6080910,5830,5809,5807,5807,0,0,741,0,179256076,178915319,4096,4096,0,0,5808,5808,371805266,371805247,371805274,371805255,0,0,0,0,0,0,0,0,4096,256,131072,4,15|4,0,67108864,262144,256,0,0,0,0,96,0,84,0,24,21,0,1,96,0|36,749906670,1,5757952,0,0,0,0,0,6109614,0,21,0,319860323,0,319860323,0,2080,313061733,0,9669495,0,0,0,0,0
1785981546907|1004|ps_reset_fixed_2_clean64|rotating|30,1378943233,33558272,6224205,6137668,70692,0,70692,0,1498,0,749,0,0,0,5862,5862,4785304,4785304,4096,4096,0,0,749,749,343875012,343875012,343875028,343875028,0,0,0,0,0,0,0,0,4096,256,131072,4,15|4,0,67108864,262144,256,0,0,0,0,100,0,88,0,25,22,0,1,100,0|36,68771949,1,0,0,5767168,0,5767168,0,17815,0,0,22,0,0,0,0,0,0,0,6891830,0,0,0,0,0
1785981551920|1004|ps_reset_fixed_2_clean64|fixed|32,1378943233,16777471,12432545,12260354,12291255,12260354,12291255,12260354,11759,11715,11713,11713,0,0,1497,0,361572560,360857390,4096,4096,0,0,11714,11714,691999433,691999414,691999409,691999422,0,0,0,0,0,0,0,0,4096,256,131072,4,15|4,0,67108864,262144,256,0,0,0,0,188,0,176,0,47,44,0,1,188,0|38,1071089007,1,11589664,0,0,0,0,0,12308174,0,44,0,639584732,0,639584732,0,2080,630918940,0,12683464,0,0,0,0,0
1785981551920|1004|ps_reset_fixed_2_clean64|rotating|32,1378943233,33558272,12498944,12325917,142048,0,142048,0,3010,0,1505,0,0,0,11776,11776,9615384,9615384,4096,4096,0,0,1505,1505,664465672,664465672,664465680,664465680,0,0,0,0,0,0,0,0,4096,256,131072,4,15|4,0,67108864,262144,256,0,0,0,0,188,0,176,0,47,44,0,1,188,0|38,388526885,1,0,0,11534336,0,11534336,0,35606,0,0,44,0,0,0,0,0,0,0,6927755,0,0,0,0,0
1785981556923|1004|ps_reset_fixed_2_clean64|fixed|34,1378943233,16777471,18705500,18446324,18492949,18446324,18492949,18446324,17691,17626,17623,17623,0,0,2252,0,543997777,542924984,4096,4096,0,0,17624,17624,1012262027,1012262032,1012262035,1012262000,0,0,0,0,0,0,0,0,4096,256,131072,4,15|4,0,67108864,262144,256,0,0,0,0,276,0,264,0,69,66,0,1,276,0|40,1391340802,1,17420064,0,0,0,0,0,18493680,0,66,0,958378927,0,958378927,0,2080,947981498,0,15566165,0,0,0,0,0
1785981556923|1004|ps_reset_fixed_2_clean64|rotating|34,1378943233,33558272,18774012,18514134,213308,0,213308,0,4520,0,2260,0,0,0,17688,17688,14439016,14439016,4096,4096,0,0,2260,2260,984626245,984626245,984626253,984626253,0,0,0,0,0,0,0,0,4096,256,131072,4,15|4,0,67108864,262144,256,0,0,0,0,276,0,264,0,69,66,0,1,276,0|40,708996860,1,0,0,17301504,0,17301504,0,53423,0,0,66,0,0,0,0,0,0,0,6973473,0,0,0,0,0
1785981561936|1004|ps_reset_fixed_2_clean64|fixed|36,1378943233,16777471,24991786,24645454,24707880,24645454,24707880,24645454,23633,23546,23543,23543,0,0,3008,0,726746528,725315563,4096,4096,0,0,23544,23544,1333082297,1333082294,1333082305,1333082302,0,0,0,0,0,0,0,0,4096,256,131072,4,15|4,0,67108864,262144,256,0,0,0,0,364,0,352,0,91,88,0,1,364,0|42,1711936165,1,23250464,0,0,0,0,0,24687321,0,88,0,1277516690,0,1277516690,0,2080,1265387184,0,18449306,0,0,0,0,0
1785981561936|1004|ps_reset_fixed_2_clean64|rotating|36,1378943233,33558272,25069363,24722049,284849,0,284849,0,6036,0,3018,0,0,0,23616,23616,19281784,19281784,4096,4096,0,0,3018,3018,1306076549,1306076549,1306076557,1306076557,0,0,0,0,0,0,0,0,4096,256,131072,4,15|4,0,67108864,262144,256,0,0,0,0,364,0,352,0,91,88,0,1,364,0|42,1030823304,1,0,0,23068672,0,23068672,0,71329,0,0,88,0,0,0,0,0,0,0,7024921,0,0,0,0,0
1785981566947|1004|ps_reset_fixed_2_clean64|fixed|38,1378943233,16777471,31271567,30838358,30916308,30838358,30916308,30838358,29570,29461,29458,29458,0,0,3764,0,909319070,907528073,4096,4096,0,0,29459,29459,1653602675,1653602688,1653602683,1653602696,0,0,0,0,0,0,0,0,4096,256,131072,4,15|4,0,67108864,262144,256,0,0,0,0,452,0,440,0,113,110,0,1,452,0|44,2033396668,1,29096672,0,0,0,0,0,30898614,0,110,0,1597515641,0,1597515641,0,2080,1583657393,0,21332506,0,0,0,0,0
1785981566947|1004|ps_reset_fixed_2_clean64|rotating|38,1378943233,33558272,31362459,30927475,356388,0,356388,0,7552,0,3776,0,0,0,29544,29544,24124624,24124624,4096,4096,0,0,3776,3776,1627331200,1627331200,1627331208,1627331208,0,0,0,0,0,0,0,0,4096,256,131072,4,15|4,0,67108864,262144,256,0,0,0,0,456,0,444,0,114,111,0,1,456,0|44,1351596571,1,0,0,29097984,0,29097984,0,89191,0,0,111,0,0,0,0,0,0,0,7071211,0,0,0,0,0
1785981571957|1004|ps_reset_fixed_2_clean64|fixed|40,1378943233,16781056,37555330,37035223,37128617,37035223,37128617,37035223,35511,35380,35378,35378,0,0,4521,0,1092044736,1089878424,4096,4096,0,0,35378,35378,1974360635,1974339208,1974360643,1974339216,0,0,0,0,0,0,0,0,4096,256,131072,4,15|4,0,67108864,262144,256,0,0,0,0,544,0,532,0,136,133,0,1,544,0|46,2355242727,1,34944192,0,0,0,0,0,37112945,0,133,0,1917899820,0,1917899820,0,2080,1902190094,0,24334145,0,0,0,0,0
1785981571957|1004|ps_reset_fixed_2_clean64|rotating|40,1378943233,33558272,37687977,37166509,428217,0,428217,0,9074,0,4537,0,0,0,35503,35503,28986624,28986624,4096,4096,0,0,4537,4537,1950057881,1950057881,1950057889,1950057889,0,0,0,0,0,0,0,0,4096,256,131072,4,15|4,0,67108864,262144,256,0,0,0,0,544,0,532,0,136,133,0,1,544,0|46,1677916524,1,0,0,34865152,0,34865152,0,107360,0,0,133,0,0,0,0,0,0,0,7111345,0,0,0,0,0
1785981576984|1004|ps_reset_fixed_2_clean64|fixed|42,1378943233,16777471,43854397,43248806,43356055,43248806,43356055,43248806,41468,41314,41312,41312,0,0,5280,0,1275212588,1272686303,4096,4096,0,0,41312,41312,2296028320,2296028653,2296028328,2296028661,0,0,0,0,0,0,0,0,4096,256,131072,4,15|4,0,67108864,262144,256,0,0,0,0,632,0,620,0,158,155,0,1,632,0|48,2676540633,1,40790400,0,0,0,0,0,43321009,0,155,0,2237736174,0,2237736174,0,2080,2220314379,0,27200672,0,0,0,0,0
1785981576984|1004|ps_reset_fixed_2_clean64|rotating|42,1378943233,33558272,44042380,43434952,500414,0,500414,0,10604,0,5302,0,0,0,41489,41489,33874152,33874152,4096,4096,0,0,5302,5302,2274499965,2274499965,2274499973,2274499973,0,0,0,0,0,0,0,0,4096,256,131072,4,15|4,0,67108864,262144,256,0,0,0,0,636,0,624,0,159,156,0,1,636,0|48,1999405000,1,0,0,40894464,0,40894464,0,125245,0,0,156,0,0,0,0,0,0,0,7164766,0,0,0,0,0
1785981581998|1004|ps_reset_fixed_2_clean64|fixed|44,1378943233,16781056,50142310,49449574,49572519,49449574,49572519,49449574,47412,47236,47234,47234,0,0,6037,0,1458016592,1455131048,4096,4096,0,0,47234,47234,2616918994,2616919335,2616919002,2616919343,0,0,0,0,0,0,0,0,4096,256,131072,4,15|4,0,67108864,262144,256,0,0,0,0,720,0,708,0,180,177,0,1,720,0|50,2998055178,1,46636608,0,0,0,0,0,49533313,0,177,0,2557789167,0,2557789167,0,2080,2538661024,0,30061478,0,0,0,0,0
1785981581998|1004|ps_reset_fixed_2_clean64|rotating|44,1378943233,33558272,50277014,49582061,571296,0,571296,0,12106,0,6053,0,0,0,47361,47361,38672248,38672248,4096,4096,0,0,6053,6053,2592723819,2592723819,2592723835,2592723835,0,0,0,0,0,0,0,0,4096,256,131072,4,15|4,0,67108864,262144,256,0,0,0,0,724,0,712,0,181,178,0,1,724,0|50,2317639838,1,0,0,46661632,0,46661632,0,142966,0,0,178,0,0,0,0,0,0,0,7200693,0,0,0,0,0
1785981587008|1004|ps_reset_fixed_2_clean64|fixed|46,1378943233,16781056,56426377,55647193,55785236,55647193,55785236,55647193,53354,53156,53154,53154,0,0,6793,0,1640757616,1637509944,4096,4096,0,0,53154,53154,2937705517,2937705850,2937705525,2937705858,0,0,0,0,0,0,0,0,4096,256,131072,4,15|4,0,67108864,262144,256,0,0,0,0,812,0,800,0,203,200,0,1,812,0|52,3317849442,1,52452512,0,0,0,0,0,55708246,0,200,0,2876129455,0,2876129455,0,2080,2855149160,0,33057003,0,0,0,0,0
1785981587008|1004|ps_reset_fixed_2_clean64|rotating|46,1378943233,33558272,56523739,55742728,642274,0,642274,0,13610,0,6805,0,0,0,53245,53245,43476744,43476744,4096,4096,0,0,6805,6805,2911576504,2911576504,2911576512,2911576512,0,0,0,0,0,0,0,0,4096,256,131072,4,15|4,0,67108864,262144,256,0,0,0,0,812,0,800,0,203,200,0,1,812,0|52,2637355475,1,0,0,52428800,0,52428800,0,160757,0,0,200,0,0,0,0,0,0,0,7241031,0,0,0,0,0
1785981592026|1004|ps_reset_fixed_2_clean64|fixed|48,1378943233,16777471,62715794,61848022,62003112,61848022,62003112,61848022,59301,59080,59077,59077,0,0,7551,0,1823605768,1819982264,4096,4096,0,0,59078,59078,3258810521,3258810510,3258810481,3258810518,0,0,0,0,0,0,0,0,4096,256,131072,4,15|4,0,67108864,262144,256,0,0,0,0,900,0,888,0,225,222,0,1,900,0|54,3637815979,1,58267104,0,0,0,0,0,61890567,0,222,0,3194642344,0,3194642344,0,2080,3171954627,0,35912095,0,0,0,0,0
1785981592026|1004|ps_reset_fixed_2_clean64|rotating|48,1378943233,33558272,62788593,61919940,713440,0,713440,0,15118,0,7559,0,0,0,59146,59146,48294040,48294040,4096,4096,0,0,7559,7559,3231279682,3231279682,3231279690,3231279690,0,0,0,0,0,0,0,0,4096,256,131072,4,15|4,0,67108864,262144,256,0,0,0,0,900,0,888,0,225,222,0,1,900,0|54,2955543800,1,0,0,58195968,0,58195968,0,178454,0,0,222,0,0,0,0,0,0,0,7289689,0,0,0,0,0
1785981597026|1004|ps_reset_fixed_2_clean64|fixed|50,1378943233,16777471,68986867,68032706,68202924,68032706,68202924,68032706,65230,64987,64984,64984,0,0,8306,0,2005938146,2001956677,4096,4096,0,0,64985,64985,3578893128,3578893117,3578893136,3578893125,0,0,0,0,0,0,0,0,4096,256,131072,4,15|4,0,67108864,262144,256,0,0,0,0,988,0,976,0,247,244,0,1,988,0|56,3958562603,1,64105408,0,0,0,0,0,68088099,0,244,0,3513929392,0,3513929392,0,2080,3489530757,0,38775774,0,0,0,0,0
1785981597026|1004|ps_reset_fixed_2_clean64|rotating|50,1378943233,33558272,69087307,68131982,784983,0,784983,0,16634,0,8317,0,0,0,65079,65079,53136824,53136824,4096,4096,0,0,8317,8317,3552710504,3552710504,3552710512,3552710512,0,0,0,0,0,0,0,0,4096,256,131072,4,15|4,0,67108864,262144,256,0,0,0,0,988,0,976,0,247,244,0,1,988,0|56,3277975210,1,0,0,63963136,0,63963136,0,196409,0,0,244,0,0,0,0,0,0,0,7339303,0,0,0,0,0
1785981607165|1006|ps_reset_fixed_3_clean64|fixed|56,1378943233,16777471,6156835,6071728,6086989,6071728,6086989,6071728,5821,5799,5798,5798,0,0,740,0,178984805,178641888,4096,4096,0,0,5799,5799,369998400,369998405,369998408,369998413,0,0,0,0,0,0,0,0,4096,256,131072,4,15|4,0,67108864,262144,256,0,0,0,0,100,0,88,0,25,22,0,1,100,0|66,312758796,2,5782976,0,0,0,0,0,6136229,0,22,0,321362336,0,321362336,0,2080,314433398,0,9800595,0,0,0,0,0
1785981607165|1006|ps_reset_fixed_3_clean64|rotating|56,1378943233,33558272,6249365,6162562,70977,0,70977,0,1504,0,752,0,0,0,5885,5885,4804472,4804472,4096,4096,0,0,752,752,344671310,344671310,344671318,344671318,0,0,0,0,0,0,0,0,4096,256,131072,4,15|4,0,67108864,262144,256,0,0,0,0,100,0,88,0,25,22,0,1,100,0|66,3926480741,1,0,0,5767168,0,5767168,0,17886,0,0,22,0,0,0,0,0,0,0,6901744,0,0,0,0,0
1785981612175|1006|ps_reset_fixed_3_clean64|fixed|58,1378943233,16777471,12437534,12264776,12296244,12264776,12296244,12264776,11763,11718,11717,11717,0,0,1497,0,361705465,360987516,4096,4096,0,0,11718,11718,690892705,690892686,690892713,690892694,0,0,0,0,0,0,0,0,4096,256,131072,4,15|4,0,67108864,262144,256,0,0,0,0,188,0,176,0,47,44,0,1,188,0|68,632808968,2,11597568,0,0,0,0,0,12315645,0,44,0,639958860,0,639958860,0,2080,631295374,0,12682813,0,0,0,0,0
1785981612175|1006|ps_reset_fixed_3_clean64|rotating|58,1378943233,33558272,12527148,12353293,142333,0,142333,0,3016,0,1508,0,0,0,11802,11802,9634544,9634544,4096,4096,0,0,1508,1508,665261140,665261140,665261148,665261148,0,0,0,0,0,0,0,0,4096,256,131072,4,15|4,0,67108864,262144,256,0,0,0,0,188,0,176,0,47,44,0,1,188,0|68,4246428464,1,0,0,11534336,0,11534336,0,35677,0,0,44,0,0,0,0,0,0,0,6946910,0,0,0,0,0
1785981617185|1006|ps_reset_fixed_3_clean64|fixed|60,1378943233,16777471,18719280,18460137,18506539,18460137,18506539,18460137,17704,17637,17636,17636,0,0,2254,0,544388796,543312872,4096,4096,0,0,17637,17637,1011610355,1011610368,1011610363,1011610352,0,0,0,0,0,0,0,0,4096,256,131072,4,15|4,0,67108864,262144,256,0,0,0,0,276,0,264,0,69,66,0,1,276,0|70,954281162,2,17443776,0,0,0,0,0,18525303,0,66,0,959969502,0,959969502,0,2080,949578496,0,15564791,0,0,0,0,0
1785981617185|1006|ps_reset_fixed_3_clean64|rotating|60,1378943233,33558272,18805454,18545400,213686,0,213686,0,4528,0,2264,0,0,0,17717,17717,14464576,14464576,4096,4096,0,0,2264,2264,985850751,985850751,985850759,985850759,0,0,0,0,0,0,0,0,4096,256,131072,4,15|4,0,67108864,262144,256,0,0,0,0,276,0,264,0,69,66,0,1,276,0|70,271961642,2,0,0,17301504,0,17301504,0,53515,0,0,66,0,0,0,0,0,0,0,6978742,0,0,0,0,0
1785981622207|1006|ps_reset_fixed_3_clean64|fixed|62,1378943233,16777471,25010414,24664904,24726224,24664904,24726224,24664904,23651,23562,23561,23561,0,0,3011,0,727298286,725863209,4096,4096,0,0,23562,23562,1332706379,1332706424,1332706387,1332706432,0,0,0,0,0,0,0,0,4096,256,131072,4,15|4,0,67108864,262144,256,0,0,0,0,364,0,352,0,91,88,0,1,364,0|72,1274449443,2,23266272,0,0,0,0,0,24710694,0,88,0,1278682159,0,1278682159,0,2080,1266557797,0,18447514,0,0,0,0,0
1785981622207|1006|ps_reset_fixed_3_clean64|rotating|62,1378943233,33558272,25085015,24738635,284942,0,284942,0,6038,0,3019,0,0,0,23632,23632,19288168,19288168,4096,4096,0,0,3019,3019,1306011350,1306011350,1306011358,1306011358,0,0,0,0,0,0,0,0,4096,256,131072,4,15|4,0,67108864,262144,256,0,0,0,0,364,0,352,0,91,88,0,1,364,0|72,592289668,2,0,0,23068672,0,23068672,0,71352,0,0,88,0,0,0,0,0,0,0,7017725,0,0,0,0,0
1785981627220|1006|ps_reset_fixed_3_clean64|fixed|64,1378943233,16781056,31297613,30864710,30942073,30864710,30942073,30864710,29594,29483,29483,29483,0,0,3767,0,910081792,908288680,4096,4096,0,0,29483,29483,1653577284,1653577633,1653577292,1653577641,0,0,0,0,0,0,0,0,4096,256,131072,4,15|4,0,67108864,262144,256,0,0,0,0,456,0,444,0,114,111,0,1,456,0|74,1596306082,2,29121696,0,0,0,0,0,30926653,0,111,0,1599074942,0,1599074942,0,2080,1585090164,0,21459788,0,0,0,0,0
1785981627220|1006|ps_reset_fixed_3_clean64|rotating|64,1378943233,33558272,31387193,30952477,356673,0,356673,0,7558,0,3779,0,0,0,29567,29567,24143808,24143808,4096,4096,0,0,3779,3779,1628123206,1628123206,1628123214,1628123214,0,0,0,0,0,0,0,0,4096,256,131072,4,15|4,0,67108864,262144,256,0,0,0,0,456,0,444,0,114,111,0,1,456,0|74,914143098,2,0,0,29097984,0,29097984,0,89262,0,0,111,0,0,0,0,0,0,0,7067484,0,0,0,0,0
1785981632230|1006|ps_reset_fixed_3_clean64|fixed|66,1378943233,16777471,37576609,37056767,37149623,37056767,37149623,37056767,35532,35399,35398,35398,0,0,4524,0,1092664483,1090494790,4096,4096,0,0,35398,35398,1974216792,1974217133,1974216800,1974217141,0,0,0,0,0,0,0,0,4096,256,131072,4,15|4,0,67108864,262144,256,0,0,0,0,544,0,532,0,136,133,0,1,544,0|76,1916281397,2,34936288,0,0,0,0,0,37107883,0,133,0,1917596609,0,1917596609,0,2080,1901898803,0,24320486,0,0,0,0,0
1785981632230|1006|ps_reset_fixed_3_clean64|rotating|66,1378943233,33558272,37651212,37130611,427839,0,427839,0,9066,0,4533,0,0,0,35468,35468,28961104,28961104,4096,4096,0,0,4533,4533,1947832010,1947832010,1947832018,1947832018,0,0,0,0,0,0,0,0,4096,256,131072,4,15|4,0,67108864,262144,256,0,0,0,0,544,0,532,0,136,133,0,1,544,0|76,1234034531,2,0,0,34865152,0,34865152,0,107054,0,0,133,0,0,0,0,0,0,0,7111620,0,0,0,0,0
1785981637230|1006|ps_reset_fixed_3_clean64|fixed|68,1378943233,16777471,43849312,43243989,43351065,43243989,43351065,43243989,41463,41308,41306,41306,0,0,5279,0,1275055231,1272527818,4096,4096,0,0,41307,41307,2294403900,2294403889,2294403908,2294403897,0,0,0,0,0,0,0,0,4096,256,131072,4,15|4,0,67108864,262144,256,0,0,0,0,632,0,620,0,158,155,0,1,632,0|78,2236341294,2,40758784,0,0,0,0,0,43291553,0,155,0,2236200882,0,2236200882,0,2080,2218788990,0,27183939,0,0,0,0,0
1785981637230|1006|ps_reset_fixed_3_clean64|rotating|68,1378943233,33558272,43916342,43310421,499004,0,499004,0,10574,0,5287,0,0,0,41370,41370,33778352,33778352,4096,4096,0,0,5287,5287,2267543572,2267543572,2267543580,2267543580,0,0,0,0,0,0,0,0,4096,256,131072,4,15|4,0,67108864,262144,256,0,0,0,0,632,0,620,0,158,155,0,1,632,0|78,1553714992,2,0,0,40632320,0,40632320,0,124845,0,0,155,0,0,0,0,0,0,0,7152069,0,0,0,0,0
1785981642233|1006|ps_reset_fixed_3_clean64|fixed|70,1378943233,16777471,50131370,49439218,49561768,49439218,49561768,49439218,47402,47225,47223,47223,0,0,6035,0,1457701672,1454815813,4096,4096,0,0,47224,47224,2615024255,2615024212,2615024239,2615024220,0,0,0,0,0,0,0,0,4096,256,131072,4,15|4,0,67108864,262144,256,0,0,0,0,720,0,708,0,180,177,0,1,720,0|80,2556989515,2,46589184,0,0,0,0,0,49487149,0,177,0,2555391503,0,2555391503,0,2080,2536273183,0,30041431,0,0,0,0,0
1785981642233|1006|ps_reset_fixed_3_clean64|rotating|70,1378943233,33558272,50220997,49527873,570636,0,570636,0,12092,0,6046,0,0,0,47308,47308,38627504,38627504,4096,4096,0,0,6046,6046,2589398012,2589398012,2589398020,2589398020,0,0,0,0,0,0,0,0,4096,256,131072,4,15|5,0,67108864,262144,256,0,0,0,0,724,0,712,0,181,178,0,1,724,0|80,1876576529,2,0,0,46661632,0,46661632,0,142824,0,0,178,0,0,0,0,0,0,0,7186145,0,0,0,0,0
1785981647261|1006|ps_reset_fixed_3_clean64|fixed|72,1378943233,16777471,56425217,55646023,55784076,55646023,55784076,55646023,53353,53155,53152,53152,0,0,6793,0,1640715643,1637470006,4096,4096,0,0,53153,53153,2936289697,2936289686,2936289705,2936289694,0,0,0,0,0,0,0,0,4096,256,131072,4,15|4,0,67108864,262144,256,0,0,0,0,808,0,796,0,202,199,0,1,808,0|82,2878207715,2,52428800,0,0,0,0,0,55690237,0,200,0,2875149799,0,2875149799,0,2080,2854228117,0,32993288,0,0,0,0,0
1785981647261|1006|ps_reset_fixed_3_clean64|rotating|72,1378943233,33558272,56499183,55718446,641989,0,641989,0,13604,0,6802,0,0,0,53222,53222,43457560,43457560,4096,4096,0,0,6802,6802,2909773908,2909773908,2909773916,2909773916,0,0,0,0,0,0,0,0,4096,256,131072,4,15|4,0,67108864,262144,256,0,0,0,0,812,0,800,0,203,200,0,1,812,0|82,2196798098,2,0,0,52428800,0,52428800,0,160639,0,0,200,0,0,0,0,0,0,0,7231791,0,0,0,0,0
1785981652262|1006|ps_reset_fixed_3_clean64|fixed|74,1378943233,16777471,62692088,61826394,61979690,61826394,61979690,61826394,59280,59059,59056,59056,0,0,7548,0,1822948663,1819328226,4096,4096,0,0,59057,59057,3256333002,3256332999,3256333010,3256333007,0,0,0,0,0,0,0,0,4096,256,131072,4,15|4,0,67108864,262144,256,0,0,0,0,900,0,888,0,225,222,0,1,900,0|84,3198154225,2,58251296,0,0,0,0,0,61871174,0,222,0,3193640685,0,3193640685,0,2080,3170955428,0,35906199,0,0,0,0,0
1785981652262|1006|ps_reset_fixed_3_clean64|rotating|74,1378943233,33558272,62767161,61900611,713250,0,713250,0,15114,0,7557,0,0,0,59127,59127,48281256,48281256,4096,4096,0,0,7557,7557,3229921142,3229921142,3229921150,3229921150,0,0,0,0,0,0,0,0,4096,256,131072,4,15|4,0,67108864,262144,256,0,0,0,0,900,0,888,0,225,222,0,1,900,0|84,2516071404,2,0,0,58195968,0,58195968,0,178407,0,0,222,0,0,0,0,0,0,0,7274141,0,0,0,0,0
1785981657274|1006|ps_reset_fixed_3_clean64|fixed|76,1378943233,16777471,68980630,68027078,68196782,68027078,68196782,68027078,65225,64982,64979,64979,0,0,8305,0,2005774409,2001797064,4096,4096,0,0,64980,64980,3577280618,3577280655,3577280626,3577280623,0,0,0,0,0,0,0,0,4096,256,131072,4,15|4,0,67108864,262144,256,0,0,0,0,988,0,976,0,247,244,0,1,988,0|86,3519226991,2,64089600,0,0,0,0,0,68074795,0,244,0,3513253875,0,3513253875,0,2080,3488852143,0,38775435,0,0,0,0,0
1785981657274|1006|ps_reset_fixed_3_clean64|rotating|76,1378943233,33558272,69048535,68094174,784605,0,784605,0,16626,0,8313,0,0,0,65043,65043,53111288,53111288,4096,4096,0,0,8313,8313,3550498016,3550498016,3550498024,3550498024,0,0,0,0,0,0,0,0,4096,256,131072,4,15|4,0,67108864,262144,256,0,0,0,0,988,0,976,0,247,244,0,1,988,0|86,2836728077,2,0,0,63963136,0,63963136,0,196269,0,0,244,0,0,0,0,0,0,0,7328284,0,0,0,0,0
1785981667393|1008|ps_reset_fixed_4_clean64|fixed|82,1378943233,16781056,6139663,6054775,6070005,6054775,6070005,6054775,5804,5782,5782,5782,0,0,738,0,178478224,178136712,4096,4096,0,0,5782,5782,369154584,369154925,369154592,369154933,0,0,0,0,0,0,0,0,4096,256,131072,4,15|4,0,67108864,262144,256,0,0,0,0,96,0,84,0,24,21,0,1,96,0|96,4166706725,2,5750048,0,0,0,0,0,6106169,0,21,0,319659034,0,319659034,0,2080,312859235,0,9668972,0,0,0,0,0
1785981667393|1008|ps_reset_fixed_4_clean64|rotating|82,1378943233,33558272,6214039,6127542,70598,0,70598,0,1496,0,748,0,0,0,5852,5852,4778928,4778928,4096,4096,0,0,748,748,343858505,343858505,343858513,343858513,0,0,0,0,0,0,0,0,4096,256,131072,4,15|4,0,67108864,262144,256,0,0,0,0,100,0,88,0,25,22,0,1,100,0|96,3484296158,2,0,0,5767168,0,5767168,0,17720,0,0,22,0,0,0,0,0,0,0,6908679,0,0,0,0,0
1785981672400|1008|ps_reset_fixed_4_clean64|fixed|84,1378943233,16777471,12412936,12241547,12271930,12241547,12271930,12241547,11740,11696,11695,11695,0,0,1494,0,361006087,360304632,4096,4096,0,0,11696,11696,689608976,689609005,689608984,689608989,0,0,0,0,0,0,0,0,4096,256,131072,4,15|4,0,67108864,262144,256,0,0,0,0,188,0,176,0,47,44,0,1,188,0|98,192074938,3,11573856,0,0,0,0,0,12287440,0,44,0,638538591,0,638538591,0,2080,629869790,0,12683044,0,0,0,0,0
1785981672400|1008|ps_reset_fixed_4_clean64|rotating|84,1378943233,33558272,12485117,12312190,141858,0,141858,0,3006,0,1503,0,0,0,11763,11763,9602584,9602584,4096,4096,0,0,1503,1503,664147131,664147131,664147139,664147139,0,0,0,0,0,0,0,0,4096,256,131072,4,15|4,0,67108864,262144,256,0,0,0,0,188,0,176,0,47,44,0,1,188,0|98,3804942285,2,0,0,11534336,0,11534336,0,35559,0,0,44,0,0,0,0,0,0,0,6963792,0,0,0,0,0
1785981677414|1008|ps_reset_fixed_4_clean64|fixed|86,1378943233,16780339,18696851,18438184,18484395,18438184,18484395,18438184,17683,17615,17615,17615,0,0,2251,0,543740020,542662296,4096,4096,0,0,17616,17616,1010533740,1010533745,1010533748,1010533721,0,0,0,0,0,0,0,0,4096,256,131072,4,15|4,0,67108864,262144,256,0,0,0,0,276,0,264,0,69,66,0,1,276,0|100,512964788,3,17412160,0,0,0,0,0,18486443,0,66,0,957968865,0,957968865,0,2080,947570273,0,15565596,0,0,0,0,0
1785981677414|1008|ps_reset_fixed_4_clean64|rotating|86,1378943233,33558272,18772550,18513146,213308,0,213308,0,4520,0,2260,0,0,0,17686,17686,14439016,14439016,4096,4096,0,0,2260,2260,985167102,985167102,985167110,985167110,0,0,0,0,0,0,0,0,4096,256,131072,4,15|4,0,67108864,262144,256,0,0,0,0,276,0,264,0,69,66,0,1,276,0|100,4125866636,2,0,0,17301504,0,17301504,0,53421,0,0,66,0,0,0,0,0,0,0,7007686,0,0,0,0,0
1785981682415|1008|ps_reset_fixed_4_clean64|fixed|88,1378943233,16777471,24971621,24626848,24687903,24626848,24687903,24626848,23616,23526,23525,23525,0,0,3006,0,726176711,724740312,4096,4096,0,0,23526,23526,1330809660,1330809673,1330809668,1330809641,0,0,0,0,0,0,0,0,4096,256,131072,4,15|4,0,67108864,262144,256,0,0,0,0,364,0,352,0,91,88,0,1,364,0|102,833335871,3,23234656,0,0,0,0,0,24675720,0,88,0,1276884324,0,1276884324,0,2080,1264752330,0,18448365,0,0,0,0,0
1785981682415|1008|ps_reset_fixed_4_clean64|rotating|88,1378943233,33558272,25040441,24694735,284474,0,284474,0,6028,0,3014,0,0,0,23590,23590,19256264,19256264,4096,4096,0,0,3014,3014,1304897957,1304897957,1304897965,1304897965,0,0,0,0,0,0,0,0,4096,256,131072,4,15|4,0,67108864,262144,256,0,0,0,0,364,0,352,0,91,88,0,1,364,0|102,150892997,3,0,0,23068672,0,23068672,0,71235,0,0,88,0,0,0,0,0,0,0,7047910,0,0,0,0,0
1785981687420|1008|ps_reset_fixed_4_clean64|fixed|90,1378943233,16777471,31243721,30811989,30888744,30811989,30888744,30811989,29545,29433,29432,29432,0,0,3761,0,908527241,906731400,4096,4096,0,0,29433,29433,1650934435,1650934448,1650934443,1650934416,0,0,0,0,0,0,0,0,4096,256,131072,4,15|4,0,67108864,262144,256,0,0,0,0,452,0,440,0,113,110,0,1,452,0|104,1153331156,3,29057152,0,0,0,0,0,30858312,0,110,0,1595423985,0,1595423985,0,2080,1581558436,0,21331287,0,0,0,0,0
1785981687420|1008|ps_reset_fixed_4_clean64|rotating|90,1378943233,33558272,31321517,30888865,355821,0,355821,0,7540,0,3770,0,0,0,29505,29505,24086288,24086288,4096,4096,0,0,3770,3770,1625488525,1625488525,1625488533,1625488533,0,0,0,0,0,0,0,0,4096,256,131072,4,15|5,0,67108864,262144,256,0,0,0,0,456,0,444,0,114,111,0,1,456,0|104,471928430,3,0,0,29097984,0,29097984,0,89097,0,0,111,0,0,0,0,0,0,0,7093038,0,0,0,0,0
1785981692432|1008|ps_reset_fixed_4_clean64|fixed|92,1378943233,16777471,37548419,37030841,37121812,37030841,37121812,37030841,35507,35373,35372,35372,0,0,4520,0,1091868592,1089714811,4096,4096,0,0,35373,35373,1972795276,1972795273,1972795252,1972795281,0,0,0,0,0,0,0,0,4096,256,131072,4,15|4,0,67108864,262144,256,0,0,0,0,544,0,532,0,136,133,0,1,544,0|106,1475479124,3,34912576,0,0,0,0,0,37078205,0,133,0,1916108097,0,1916108097,0,2080,1900380338,0,24345355,0,0,0,0,0
1785981692432|1008|ps_reset_fixed_4_clean64|rotating|92,1378943233,33558272,37638784,37119466,427649,0,427649,0,9062,0,4531,0,0,0,35457,35457,28948320,28948320,4096,4096,0,0,4531,4531,1948031937,1948031937,1948031945,1948031945,0,0,0,0,0,0,0,0,4096,256,131072,4,15|4,0,67108864,262144,256,0,0,0,0,544,0,532,0,136,133,0,1,544,0|106,794842660,3,0,0,34865152,0,34865152,0,107077,0,0,133,0,0,0,0,0,0,0,7138106,0,0,0,0,0
1785981697460|1008|ps_reset_fixed_4_clean64|fixed|94,1378943233,16777471,43830240,43226276,43332183,43226276,43332183,43226276,41447,41292,41289,41289,0,0,5277,0,1274528364,1271998959,4096,4096,0,0,41290,41290,2293584594,2293584591,2293584602,2293584599,0,0,0,0,0,0,0,0,4096,256,131072,4,15|4,0,67108864,262144,256,0,0,0,0,632,0,620,0,158,155,0,1,632,0|108,1797380062,3,40766688,0,0,0,0,0,43297755,0,155,0,2236545507,0,2236545507,0,2080,2219091211,0,27228047,0,0,0,0,0
1785981697460|1008|ps_reset_fixed_4_clean64|rotating|94,1378943233,33558272,43924964,43320062,499099,0,499099,0,10576,0,5288,0,0,0,41379,41379,33784744,33784744,4096,4096,0,0,5288,5288,2269052025,2269052025,2269052033,2269052033,0,0,0,0,0,0,0,0,4096,256,131072,4,15|4,0,67108864,262144,256,0,0,0,0,632,0,620,0,158,155,0,1,632,0|108,1115703753,3,0,0,40632320,0,40632320,0,124916,0,0,155,0,0,0,0,0,0,0,7170842,0,0,0,0,0
1785981702462|1008|ps_reset_fixed_4_clean64|fixed|96,1378943233,16777471,50104787,49413985,49535468,49413985,49535468,49413985,47379,47202,47199,47199,0,0,6032,0,1456952412,1454063648,4096,4096,0,0,47200,47200,2613845059,2613845072,2613845067,2613845056,0,0,0,0,0,0,0,0,4096,256,131072,4,15|4,0,67108864,262144,256,0,0,0,0,720,0,708,0,180,177,0,1,720,0|110,2116898471,3,46573376,0,0,0,0,0,49470625,0,177,0,2554612244,0,2554612244,0,2080,2535421067,0,30110901,0,0,0,0,0
1785981702462|1008|ps_reset_fixed_4_clean64|rotating|96,1378943233,33558272,50193463,49501736,570356,0,570356,0,12086,0,6043,0,0,0,47283,47283,38608336,38608336,4096,4096,0,0,6043,6043,2589212737,2589212737,2589212745,2589212745,0,0,0,0,0,0,0,0,4096,256,131072,4,15|4,0,67108864,262144,256,0,0,0,0,720,0,708,0,180,177,0,1,720,0|110,1435667361,3,0,0,46399488,0,46399488,0,142729,0,0,177,0,0,0,0,0,0,0,7207846,0,0,0,0,0
1785981707491|1008|ps_reset_fixed_4_clean64|fixed|98,1378943233,16777471,56407020,55628983,55766066,55628983,55766066,55628983,53338,53139,53136,53136,0,0,6791,0,1640208832,1636960925,4096,4096,0,0,53137,53137,2935552593,2935552582,2935552553,2935552590,0,0,0,0,0,0,0,0,4096,256,131072,4,15|4,0,67108864,262144,256,0,0,0,0,808,0,796,0,202,199,0,1,808,0|112,2438743142,3,52427488,0,0,0,0,0,55687907,0,199,0,2874993387,0,2874993387,0,2080,2854077022,0,32992244,0,0,0,0,0
1785981707491|1008|ps_reset_fixed_4_clean64|rotating|98,1378943233,33558272,56499048,55719217,641989,0,641989,0,13604,0,6802,0,0,0,53223,53223,43457560,43457560,4096,4096,0,0,6802,6802,2910894985,2910894985,2910894993,2910894993,0,0,0,0,0,0,0,0,4096,256,131072,4,15|4,0,67108864,262144,256,0,0,0,0,812,0,800,0,203,200,0,1,812,0|112,1756827404,3,0,0,52428800,0,52428800,0,160615,0,0,200,0,0,0,0,0,0,0,7251709,0,0,0,0,0
1785981712505|1008|ps_reset_fixed_4_clean64|fixed|100,1378943233,16777471,62691256,61826671,61978858,61826671,61978858,61826671,59281,59059,59056,59056,0,0,7548,0,1822948750,1819324697,4096,4096,0,0,59057,59057,3256483829,3256483834,3256483837,3256483842,0,0,0,0,0,0,0,0,4096,256,131072,4,15|4,0,67108864,262144,256,0,0,0,0,900,0,888,0,225,222,0,1,900,0|114,2759079924,3,58251296,0,0,0,0,0,61873794,0,222,0,3193874217,0,3193874217,0,2080,3171090002,0,36005164,0,0,0,0,0
1785981712505|1008|ps_reset_fixed_4_clean64|rotating|100,1378943233,33558272,62767333,61901933,713250,0,713250,0,15114,0,7557,0,0,0,59128,59128,48281256,48281256,4096,4096,0,0,7557,7557,3231054726,3231054726,3231054734,3231054734,0,0,0,0,0,0,0,0,4096,256,131072,4,15|4,0,67108864,262144,256,0,0,0,0,900,0,888,0,225,222,0,1,900,0|114,2076899849,3,0,0,58195968,0,58195968,0,178407,0,0,222,0,0,0,0,0,0,0,7286966,0,0,0,0,0
1785981717520|1008|ps_reset_fixed_4_clean64|fixed|102,1378943233,16777471,68979295,68027160,68195447,68027160,68195447,68027160,65226,64985,64979,64979,0,0,8305,0,2005773512,2001790220,4096,4096,0,0,64980,64980,3577441473,3577441454,3577441449,3577441462,0,0,0,0,0,0,0,0,4096,256,131072,4,15|4,0,67108864,262144,256,0,0,0,0,988,0,976,0,247,244,0,1,988,0|116,3079933570,3,64089600,0,0,0,0,0,68072810,0,244,0,3513268287,0,3513268287,0,2080,3488754281,0,38887716,0,0,0,0,0
1785981717520|1008|ps_reset_fixed_4_clean64|rotating|102,1378943233,33558272,69070454,68117216,784888,0,784888,0,16632,0,8316,0,0,0,65064,65064,53130448,53130448,4096,4096,0,0,8316,8316,3552934196,3552934196,3552934204,3552934204,0,0,0,0,0,0,0,0,4096,256,131072,4,15|4,0,67108864,262144,256,0,0,0,0,988,0,976,0,247,244,0,1,988,0|116,2398440158,3,0,0,63963136,0,63963136,0,196316,0,0,244,0,0,0,0,0,0,0,7329636,0,0,0,0,0
1785981727628|1010|ps_reset_fixed_5_clean64|fixed|108,1378943233,16781056,6162735,6079165,6092796,6079165,6092796,6079165,5827,5805,5805,5805,0,0,741,0,179187104,178847120,4096,4096,0,0,5805,5805,369812028,369812337,369812036,369812353,0,0,0,0,0,0,0,0,4096,256,131072,4,15|4,0,67108864,262144,256,0,0,0,0,96,0,84,0,24,21,0,1,96,0|126,3726645977,3,5750048,0,0,0,0,0,6107830,0,21,0,319744709,0,319744709,0,2048,312943310,0,9670581,0,0,0,0,0
1785981727628|1010|ps_reset_fixed_5_clean64|rotating|108,1378943233,33558272,6218552,6133557,70598,0,70598,0,1496,0,748,0,0,0,5857,5857,4778928,4778928,4096,4096,0,0,748,748,343744608,343744608,343744616,343744616,0,0,0,0,0,0,0,0,4096,256,131072,4,15|4,0,67108864,262144,256,0,0,0,0,100,0,88,0,25,22,0,1,100,0|126,3045427980,3,0,0,5767168,0,5767168,0,17791,0,0,22,0,0,0,0,0,0,0,6897459,0,0,0,0,0
1785981732628|1010|ps_reset_fixed_5_clean64|fixed|110,1378943233,16781056,12411990,12241688,12270984,12241688,12270984,12241688,11739,11695,11695,11695,0,0,1494,0,361000496,360301568,4096,4096,0,0,11695,11695,688980489,688980814,688980497,688980822,0,0,0,0,0,0,0,0,4096,256,131072,4,15|4,0,67108864,262144,256,0,0,0,0,188,0,176,0,47,44,0,1,188,0|128,4046900002,3,11573856,0,0,0,0,0,12288330,0,44,0,638542782,0,638542782,0,2080,629897363,0,12659671,0,0,0,0,0
1785981732628|1010|ps_reset_fixed_5_clean64|rotating|110,1378943233,33558272,12484481,12312661,141858,0,141858,0,3006,0,1503,0,0,0,11763,11763,9602584,9602584,4096,4096,0,0,1503,1503,664008245,664008245,664008253,664008253,0,0,0,0,0,0,0,0,4096,256,131072,4,15|4,0,67108864,262144,256,0,0,0,0,188,0,176,0,47,44,0,1,188,0|128,3364822377,3,0,0,11534336,0,11534336,0,35583,0,0,44,0,0,0,0,0,0,0,6945259,0,0,0,0,0
1785981737628|1010|ps_reset_fixed_5_clean64|fixed|112,1378943233,16781056,18678525,18420318,18466257,18420318,18466257,18420318,17665,17598,17598,17598,0,0,2249,0,543213072,542138720,4096,4096,0,0,17598,17598,1008974331,1008974632,1008974339,1008974648,0,0,0,0,0,0,0,0,4096,256,131072,4,15|4,0,67108864,262144,256,0,0,0,0,276,0,264,0,69,66,0,1,276,0|130,71914705,4,17396352,0,0,0,0,0,18469661,0,66,0,957069157,0,957069157,0,2080,946715050,0,15517726,0,0,0,0,0
1785981737628|1010|ps_reset_fixed_5_clean64|rotating|112,1378943233,33558272,18752521,18493543,213025,0,213025,0,4514,0,2257,0,0,0,17667,17667,14419848,14419848,4096,4096,0,0,2257,2257,983714387,983714387,983714403,983714403,0,0,0,0,0,0,0,0,4096,256,131072,4,15|4,0,67108864,262144,256,0,0,0,0,276,0,264,0,69,66,0,1,276,0|130,3684677054,3,0,0,17301504,0,17301504,0,53374,0,0,66,0,0,0,0,0,0,0,6987964,0,0,0,0,0
1785981742643|1010|ps_reset_fixed_5_clean64|fixed|114,1378943233,16777471,24972836,24626409,24689118,24626409,24689118,24626409,23615,23526,23526,23526,0,0,3006,0,726195864,724763483,4096,4096,0,0,23526,23526,1330184875,1330185200,1330184883,1330185208,0,0,0,0,0,0,0,0,4096,256,131072,4,15|4,0,67108864,262144,256,0,0,0,0,364,0,352,0,91,88,0,1,364,0|132,392758081,4,23226752,0,0,0,0,0,24668466,0,88,0,1276454933,0,1276454933,0,2080,1264393531,0,18376085,0,0,0,0,0
1785981742643|1010|ps_reset_fixed_5_clean64|rotating|114,1378943233,33558272,25038650,24691496,284474,0,284474,0,6028,0,3014,0,0,0,23588,23588,19256264,19256264,4096,4096,0,0,3014,3014,1304710170,1304710170,1304710178,1304710178,0,0,0,0,0,0,0,0,4096,256,131072,4,15|4,0,67108864,262144,256,0,0,0,0,364,0,352,0,91,88,0,1,364,0|132,4005476163,3,0,0,23068672,0,23068672,0,71212,0,0,88,0,0,0,0,0,0,0,7023650,0,0,0,0,0
1785981747653|1010|ps_reset_fixed_5_clean64|fixed|116,1378943233,16777471,31254659,30821655,30899587,30821655,30899587,30821655,29554,29444,29442,29442,0,0,3762,0,908836013,907045000,4096,4096,0,0,29443,29443,1650799452,1650799465,1650799460,1650799449,0,0,0,0,0,0,0,0,4096,256,131072,4,15|4,0,67108864,262144,256,0,0,0,0,452,0,440,0,113,110,0,1,452,0|134,713696821,4,29065056,0,0,0,0,0,30869761,0,110,0,1595934097,0,1595934097,0,2080,1582165123,0,21236418,0,0,0,0,0
1785981747653|1010|ps_reset_fixed_5_clean64|rotating|116,1378943233,33558272,31339646,30905680,356009,0,356009,0,7544,0,3772,0,0,0,29523,29523,24099072,24099072,4096,4096,0,0,3772,3772,1626137678,1626137678,1626137686,1626137686,0,0,0,0,0,0,0,0,4096,256,131072,4,15|4,0,67108864,262144,256,0,0,0,0,456,0,444,0,114,111,0,1,456,0|134,32687839,4,0,0,29097984,0,29097984,0,89168,0,0,111,0,0,0,0,0,0,0,7062077,0,0,0,0,0
1785981752663|1010|ps_reset_fixed_5_clean64|fixed|118,1378943233,16781056,37532507,37012825,37106088,37012825,37106088,37012825,35490,35358,35357,35357,0,0,4518,0,1091400136,1089248960,4096,4096,0,0,35357,35357,1971260890,1971261215,1971260898,1971261223,0,0,0,0,0,0,0,0,4096,256,131072,4,15|4,0,67108864,262144,256,0,0,0,0,544,0,532,0,136,133,0,1,544,0|136,1033290151,4,34873056,0,0,0,0,0,37040910,0,133,0,1914075427,0,1914075427,0,2080,1898465359,0,24219188,0,0,0,0,0
1785981752663|1010|ps_reset_fixed_5_clean64|rotating|118,1378943233,33558272,37586731,37065661,427081,0,427081,0,9050,0,4525,0,0,0,35407,35407,28909936,28909936,4096,4096,0,0,4525,4525,1945211624,1945211624,1945211632,1945211632,0,0,0,0,0,0,0,0,4096,256,131072,4,15|4,0,67108864,262144,256,0,0,0,0,544,0,532,0,136,133,0,1,544,0|136,351618780,4,0,0,34865152,0,34865152,0,106912,0,0,133,0,0,0,0,0,0,0,7112730,0,0,0,0,0
1785981757664|1010|ps_reset_fixed_5_clean64|fixed|120,1378943233,16777471,43801956,43195001,43304182,43195001,43304182,43195001,41419,41264,41262,41262,0,0,5274,0,1273681968,1271156797,4096,4096,0,0,41263,41263,2291389051,2291389032,2291389011,2291389040,0,0,0,0,0,0,0,0,4096,256,131072,4,15|4,0,67108864,262144,256,0,0,0,0,632,0,620,0,158,155,0,1,632,0|138,1354339417,4,40719264,0,0,0,0,0,43244157,0,155,0,2233663141,0,2233663141,0,2080,2216347096,0,27079623,0,0,0,0,0
1785981757664|1010|ps_reset_fixed_5_clean64|rotating|120,1378943233,33558272,43876872,43269304,498532,0,498532,0,10564,0,5282,0,0,0,41333,41333,33746408,33746408,4096,4096,0,0,5282,5282,2266209450,2266209450,2266209458,2266209458,0,0,0,0,0,0,0,0,4096,256,131072,4,15|4,0,67108864,262144,256,0,0,0,0,632,0,620,0,158,155,0,1,632,0|138,672558495,4,0,0,40632320,0,40632320,0,124774,0,0,155,0,0,0,0,0,0,0,7149373,0,0,0,0,0
1785981762672|1010|ps_reset_fixed_5_clean64|fixed|122,1378943233,16777471,50079724,49387363,49510689,49387363,49510689,49387363,47356,47180,47177,47177,0,0,6029,0,1456271898,1453387056,4096,4096,0,0,47178,47178,2611901775,2611901796,2611901783,2611901788,0,0,0,0,0,0,0,0,4096,256,131072,4,15|4,0,67108864,262144,256,0,0,0,0,720,0,708,0,180,177,0,1,720,0|140,1676460247,4,46573376,0,0,0,0,0,49466890,0,177,0,2554320443,0,2554320443,0,2080,2535308735,0,29931441,0,0,0,0,0
1785981762672|1010|ps_reset_fixed_5_clean64|rotating|122,1378943233,33558272,50189515,49495994,570262,0,570262,0,12084,0,6042,0,0,0,47280,47280,38601960,38601960,4096,4096,0,0,6042,6042,2588487981,2588487981,2588487989,2588487989,0,0,0,0,0,0,0,0,4096,256,131072,4,15|4,0,67108864,262144,256,0,0,0,0,720,0,708,0,180,177,0,1,720,0|140,995205008,4,0,0,46399488,0,46399488,0,142729,0,0,177,0,0,0,0,0,0,0,7194841,0,0,0,0,0
1785981767672|1010|ps_reset_fixed_5_clean64|fixed|124,1378943233,16777471,56346786,55567824,55706397,55567824,55706397,55567824,53287,53089,53086,53086,0,0,6785,0,1638678352,1635435115,4096,4096,0,0,53087,53087,2932107229,2932107242,2932107237,2932107250,0,0,0,0,0,0,0,0,4096,256,131072,4,15|4,0,67108864,262144,256,0,0,0,0,808,0,796,0,202,199,0,1,808,0|142,1995089224,4,52372160,0,0,0,0,0,55616208,0,199,0,2871499724,0,2871499724,0,2080,2850768493,0,32795240,0,0,0,0,0
1785981767672|1010|ps_reset_fixed_5_clean64|rotating|124,1378943233,33558272,56414708,55635044,641141,0,641141,0,13586,0,6793,0,0,0,53150,53150,43400032,43400032,4096,4096,0,0,6793,6793,2906910588,2906910588,2906910596,2906910596,0,0,0,0,0,0,0,0,4096,256,131072,4,15|4,0,67108864,262144,256,0,0,0,0,808,0,796,0,202,199,0,1,808,0|142,1313264192,4,0,0,52166656,0,52166656,0,160426,0,0,199,0,0,0,0,0,0,0,7247092,0,0,0,0,0
1785981772678|1010|ps_reset_fixed_5_clean64|fixed|126,1378943233,16777471,62632541,61766828,61920709,61766828,61920709,61766828,59236,59016,59013,59013,0,0,7542,0,1821614176,1818013499,4096,4096,0,0,59014,59014,3253223776,3253223781,3253223784,3253223797,0,0,0,0,0,0,0,0,4096,256,131072,4,15|4,0,67108864,262144,256,0,0,0,0,900,0,888,0,225,222,0,1,900,0|144,2317710823,4,58235488,0,0,0,0,0,61841502,0,222,0,3192655491,0,3192655491,0,2080,3170103630,0,35769425,0,0,0,0,0
1785981772678|1010|ps_reset_fixed_5_clean64|rotating|126,1378943233,33558272,62747877,61880361,713155,0,713155,0,15112,0,7556,0,0,0,59122,59122,48274856,48274856,4096,4096,0,0,7556,7556,3230273663,3230273663,3230273671,3230273671,0,0,0,0,0,0,0,0,4096,256,131072,4,15|4,0,67108864,262144,256,0,0,0,0,900,0,888,0,225,222,0,1,900,0|144,1637383562,4,0,0,58195968,0,58195968,0,178454,0,0,222,0,0,0,0,0,0,0,7302602,0,0,0,0,0
1785981777685|1010|ps_reset_fixed_5_clean64|fixed|128,1378943233,16777471,68891285,67937473,68108289,67937473,68108289,67937473,65157,64914,64911,64911,0,0,8296,0,2003674606,1999696481,4096,4096,0,0,64912,64912,3572968319,3572968292,3572968327,3572968300,0,0,0,0,0,0,0,0,4096,256,131072,4,15|4,0,67108864,262144,256,0,0,0,0,988,0,976,0,247,244,0,1,988,0|146,2635687353,4,64018464,0,0,0,0,0,67980642,0,244,0,3509186277,0,3509186277,0,2080,3484896945,0,38647778,0,0,0,0,0
1785981777685|1010|ps_reset_fixed_5_clean64|rotating|128,1378943233,33558272,68966943,68012100,783848,0,783848,0,16610,0,8305,0,0,0,64982,64982,53060184,53060184,4096,4096,0,0,8305,8305,3547851274,3547851274,3547851282,3547851282,0,0,0,0,0,0,0,0,4096,256,131072,4,15|4,0,67108864,262144,256,0,0,0,0,988,0,976,0,247,244,0,1,988,0|146,1953559416,4,0,0,63963136,0,63963136,0,196056,0,0,244,0,0,0,0,0,0,0,7355574,0,0,0,0,0
