captured_ms|sequence|label|role|admission_snapshot_words_csv|ps_runtime_words_csv|pl_perf_snapshot_words_csv
1788093861515|1001|twoplusone_f3_r4|fixed|2,1378943233,16780339,3550505,3278118,3550505,3278118,3550505,3278118,11238,5912,5615,2955,0,0,0,0,113267579,113185774,4096,4096,0,0,5616,5616,361818031,361818036,361818039,361818044,0,0,0,0,0,0,0,0,4096,256,131072,4,15|4,0,20000000,262144,77,0,0,0,0,56,0,40,0,8,5,0,1,56,0|4,1086102634,0,1494984,0,1310720,0,1310720,0,1739228,0,5,5,163440111,0,163440111,0,2080,168272652,0,8273913,0,0,0,0,0
1788093861515|1001|twoplusone_f3_r4|rotating|2,1378943233,33557316,3654073,3381780,0,0,0,0,0,0,0,0,0,0,5708,3048,0,0,0,0,0,0,0,0,0,0,0,0,0,0,0,0,0,0,0,0,4096,256,131072,4,15|4,0,20000000,262144,77,0,0,0,0,56,0,40,0,8,5,0,1,56,0|4,399040298,0,1430268,0,1310720,0,1310720,0,1598407,0,5,5,312280337,0,312280337,0,2080,321451399,0,8273589,0,0,0,0,0
1788093866515|1001|twoplusone_f3_r4|fixed|4,1378943233,16781056,7029079,6477660,7029079,6477660,7029079,6477660,22453,11682,11221,5841,0,0,0,0,224670952,224491312,4096,4096,0,0,11221,11221,681816055,681816055,681816063,681816063,0,0,0,0,0,0,0,0,4096,256,131072,4,15|4,0,20000000,262144,77,0,0,0,0,96,0,80,0,13,10,0,1,96,0|6,1405307614,0,2883584,0,2621440,0,2621440,0,3377765,0,11,10,315724618,0,315724618,0,2048,326255544,0,14295396,0,0,0,0,0
1788093866515|1001|twoplusone_f3_r4|rotating|4,1378943233,33557316,7035642,6477660,0,0,0,0,0,0,0,0,0,0,11286,5841,0,0,0,0,0,0,0,0,0,0,0,0,0,0,0,0,0,0,0,0,4096,256,131072,4,15|4,0,20000000,262144,77,0,0,0,0,96,0,80,0,13,10,0,1,96,0|6,715953725,0,2799036,0,2883584,0,2883584,0,3136598,0,10,11,612418189,0,612418189,0,2080,630745248,0,14288206,0,0,0,0,0
1788093871520|1001|twoplusone_f3_r4|fixed|6,1378943233,16781056,10277296,9424272,10277296,9424272,10277296,9424272,33678,16992,16831,8496,0,0,0,0,330148360,329886800,4096,4096,0,0,16831,16831,1002089377,1002089377,1002089385,1002089385,0,0,0,0,0,0,0,0,4096,256,131072,4,15|4,0,20000000,262144,77,0,0,0,0,136,0,120,0,18,15,0,1,136,0|8,1724623304,0,4194304,0,3932160,0,3932160,0,4926038,0,16,15,459232798,0,459232798,0,2048,474550507,0,20313834,0,0,0,0,0
1788093871520|1001|twoplusone_f3_r4|rotating|6,1378943233,33557316,10282070,9424272,0,0,0,0,0,0,0,0,0,0,16879,8496,0,0,0,0,0,0,0,0,0,0,0,0,0,0,0,0,0,0,0,0,4096,256,131072,4,15|4,0,20000000,262144,77,0,0,0,0,136,0,120,0,18,15,0,1,136,0|8,1035370900,0,4178668,0,4194304,0,4194304,0,4687916,0,15,16,915057201,0,915057201,0,2080,942542973,0,20302743,0,0,0,0,0
1788093882131|1002|oneplustwo_f4_r3|fixed|10,1378943233,16780100,3329193,3273927,0,0,0,0,0,0,0,0,0,0,3485,2950,0,0,0,0,0,0,0,0,0,0,0,0,0,0,0,0,0,0,0,0,4096,256,131072,4,15|4,0,20000000,262144,77,0,0,0,0,56,0,40,0,8,5,0,1,56,0|16,2404739060,0,1402604,0,1310720,0,1310720,0,1568657,0,5,5,306052611,0,306052611,0,2080,315516988,0,8272262,0,0,0,0,0
1788093882131|1002|oneplustwo_f4_r3|rotating|10,1378943233,33557555,3405080,3349766,3405080,3349766,3405080,3349766,7115,6039,3554,3019,0,0,0,0,101350272,101268699,4096,4096,0,0,3555,3555,367936075,367936064,367936083,367936072,0,0,0,0,0,0,0,0,4096,256,131072,4,15|4,0,20000000,262144,77,0,0,0,0,56,0,40,0,8,5,0,1,56,0|16,1716551179,0,1523140,0,1310720,0,1310720,0,1717126,0,5,5,166620365,0,166620365,0,2080,171459945,0,8273499,0,0,0,0,0
1788093887158|1002|oneplustwo_f4_r3|fixed|12,1378943233,16780100,6592876,6480548,0,0,0,0,0,0,0,0,0,0,6927,5841,0,0,0,0,0,0,0,0,0,0,0,0,0,0,0,0,0,0,0,0,4096,256,131072,4,15|4,0,20000000,262144,77,0,0,0,0,96,0,80,0,13,10,0,1,96,0|18,2726628047,0,2791132,0,2883584,0,2883584,0,3130720,0,10,11,610859493,0,610859493,0,2080,629785038,0,14288253,0,0,0,0,0
1788093887158|1002|oneplustwo_f4_r3|rotating|12,1378943233,33558272,6594095,6480548,6594095,6480548,6594095,6480548,13889,11682,6939,5841,0,0,0,0,196496896,196317680,4096,4096,0,0,6939,6939,689149869,689149869,689149877,689149877,0,0,0,0,0,0,0,0,4096,256,131072,4,15|4,0,20000000,262144,77,0,0,0,0,96,0,80,0,13,10,0,1,96,0|18,2037578461,0,2883584,0,2621440,0,2621440,0,3268889,0,11,10,315721277,0,315721277,0,2048,326252204,0,14287586,0,0,0,0,0
1788093892165|1002|oneplustwo_f4_r3|fixed|14,1378943233,16781056,9602767,9429640,0,0,0,0,0,0,0,0,0,0,10175,8496,0,0,0,0,0,0,0,0,0,0,0,0,0,0,0,0,0,0,0,0,4096,256,131072,4,15|4,0,20000000,262144,77,0,0,0,0,136,0,120,0,18,15,0,1,136,0|20,3047083310,0,4174716,0,4194304,0,4194304,0,4687433,0,15,16,914233926,0,914233926,0,2080,942619403,0,20304212,0,0,0,0,0
1788093892165|1002|oneplustwo_f4_r3|rotating|14,1378943233,33558272,9604171,9429640,9604171,9429640,9604171,9429640,20394,16992,10189,8496,0,0,0,0,286444096,286183272,4096,4096,0,0,10189,10189,1010014401,1010014401,1010014409,1010014409,0,0,0,0,0,0,0,0,4096,256,131072,4,15|4,0,20000000,262144,77,0,0,0,0,136,0,120,0,18,15,0,1,136,0|20,2358528997,0,4194304,0,3932160,0,3932160,0,4758678,0,16,15,459236310,0,459236310,0,2048,474554022,0,20300695,0,0,0,0,0
1788093902708|1003|twoplusone_f3_r8|fixed|18,1378943233,16780339,3546829,3277115,3546829,3277115,3546829,3277115,11236,5910,5614,2954,0,0,0,0,113245712,113163971,4096,4096,0,0,5615,5615,362459622,362459627,362459630,362459635,0,0,0,0,0,0,0,0,4096,256,131072,4,15|4,0,20000000,262144,77,0,0,0,0,56,0,40,0,8,5,0,1,56,0|28,3722483947,0,1493996,0,1310720,0,1310720,0,1737198,0,5,5,163330327,0,163330327,0,2080,168162620,0,8275076,0,0,0,0,0
1788093902708|1003|twoplusone_f3_r8|rotating|18,1378943233,33556360,3665457,3395859,0,0,0,0,0,0,0,0,0,0,5721,3061,0,0,0,0,0,0,0,0,0,0,0,0,0,0,0,0,0,0,0,0,4096,256,131072,4,15|4,0,20000000,262144,77,0,0,0,0,56,0,40,0,8,5,0,1,56,0|28,3035428595,0,1429776,0,1310720,0,1310720,0,1597677,0,5,5,312176110,0,312176110,0,2080,321347049,0,8273750,0,0,0,0,0
1788093907711|1003|twoplusone_f3_r8|fixed|20,1378943233,16781056,7024402,6476722,7024402,6476722,7024402,6476722,22453,11682,11221,5841,0,0,0,0,224671104,224491640,4096,4096,0,0,11221,11221,682494274,682494274,682494282,682494282,0,0,0,0,0,0,0,0,4096,256,131072,4,15|4,0,20000000,262144,77,0,0,0,0,96,0,80,0,13,10,0,1,96,0|30,4041985884,0,2883584,0,2621440,0,2621440,0,3376424,0,11,10,315728265,0,315728265,0,2048,326259188,0,14293729,0,0,0,0,0
1788093907711|1003|twoplusone_f3_r8|rotating|20,1378943233,33558272,7032944,6476722,0,0,0,0,0,0,0,0,0,0,11307,5841,0,0,0,0,0,0,0,0,0,0,0,0,0,0,0,0,0,0,0,0,4096,256,131072,4,15|4,0,20000000,262144,77,0,0,0,0,96,0,80,0,13,10,0,1,96,0|30,3353627723,0,2804220,0,2883584,0,2883584,0,3142134,0,10,11,613598199,0,613598199,0,2080,631926554,0,14288463,0,0,0,0,0
1788093912718|1003|twoplusone_f3_r8|fixed|22,1378943233,16781056,10267489,9420468,10267489,9420468,10267489,9420468,33690,16992,16837,8496,0,0,0,0,330186664,329925552,4096,4096,0,0,16837,16837,1003098887,1003098887,1003098903,1003098903,0,0,0,0,0,0,0,0,4096,256,131072,4,15|4,0,20000000,262144,77,0,0,0,0,136,0,120,0,18,15,0,1,136,0|32,66443895,1,4194304,0,3932160,0,3932160,0,4922607,0,16,15,459233050,0,459233050,0,2048,474550756,0,20312183,0,0,0,0,0
1788093912718|1003|twoplusone_f3_r8|rotating|22,1378943233,33558272,10273843,9420468,0,0,0,0,0,0,0,0,0,0,16901,8496,0,0,0,0,0,0,0,0,0,0,0,0,0,0,0,0,0,0,0,0,4096,256,131072,4,15|4,0,20000000,262144,77,0,0,0,0,136,0,120,0,18,15,0,1,136,0|32,3673414267,0,4185584,0,4194304,0,4194304,0,4693756,0,15,16,916609533,0,916609533,0,2075,944097034,0,20299611,0,0,0,0,0
1788093923294|1004|oneplustwo_f8_r3|fixed|26,1378943233,16781056,3322781,3267584,0,0,0,0,0,0,0,0,0,0,3483,2948,0,0,0,0,0,0,0,0,0,0,0,0,0,0,0,0,0,0,0,0,4096,256,131072,4,15|4,0,20000000,262144,77,0,0,0,0,56,0,40,0,8,5,0,1,56,0|40,744566992,1,1402360,0,1310720,0,1310720,0,1566665,0,5,5,306241476,0,306241476,0,2080,315428105,0,8271485,0,0,0,0,0
1788093923294|1004|oneplustwo_f8_r3|rotating|26,1378943233,33558272,3390538,3335366,3390538,3335366,3390538,3335366,7094,6018,3544,3009,0,0,0,0,101023496,100942192,4096,4096,0,0,3544,3544,366716310,366716651,366716318,366716659,0,0,0,0,0,0,0,0,4096,256,131072,4,15|4,0,20000000,262144,77,0,0,0,0,56,0,40,0,8,5,0,1,56,0|40,54971317,1,1510296,0,1310720,0,1310720,0,1701270,0,5,5,165181178,0,165181178,0,2080,170017547,0,8274588,0,0,0,0,0
1788093928296|1004|oneplustwo_f8_r3|fixed|28,1378943233,16779144,6589462,6478115,0,0,0,0,0,0,0,0,0,0,6920,5841,0,0,0,0,0,0,0,0,0,0,0,0,0,0,0,0,0,0,0,0,4096,256,131072,4,15|4,0,20000000,262144,77,0,0,0,0,96,0,80,0,13,10,0,1,96,0|42,1064467499,1,2782484,0,2883584,0,2883584,0,3119425,0,10,11,609061802,0,609061802,0,2080,627707497,0,14287678,0,0,0,0,0
1788093928296|1004|oneplustwo_f8_r3|rotating|28,1378943233,33558272,6590882,6478115,6590882,6478115,6590882,6478115,13879,11682,6934,5841,0,0,0,0,196463344,196283328,4096,4096,0,0,6934,6934,687115282,687115282,687115290,687115290,0,0,0,0,0,0,0,0,4096,256,131072,4,15|4,0,20000000,262144,77,0,0,0,0,96,0,80,0,13,10,0,1,96,0|42,375265299,1,2883584,0,2621440,0,2621440,0,3267401,0,11,10,315719309,0,315719309,0,2048,326250237,0,14289851,0,0,0,0,0
1788093933307|1004|oneplustwo_f8_r3|fixed|30,1378943233,16779144,9589780,9418352,0,0,0,0,0,0,0,0,0,0,10170,8496,0,0,0,0,0,0,0,0,0,0,0,0,0,0,0,0,0,0,0,0,4096,256,131072,4,15|4,0,20000000,262144,77,0,0,0,0,136,0,120,0,18,15,0,1,136,0|44,1386646726,1,4173480,0,4194304,0,4194304,0,4680003,0,15,16,914158617,0,914158617,0,2080,942266096,0,20303343,0,0,0,0,0
1788093933307|1004|oneplustwo_f8_r3|rotating|30,1378943233,33558272,9591611,9418352,9591611,9418352,9591611,9418352,20392,16992,10188,8496,0,0,0,0,286436840,286176216,4096,4096,0,0,10188,10188,1009095218,1009095218,1009095226,1009095226,0,0,0,0,0,0,0,0,4096,256,131072,4,15|4,0,20000000,262144,77,0,0,0,0,136,0,120,0,18,15,0,1,136,0|44,697468361,1,4194304,0,3932160,0,3932160,0,4752668,0,16,15,459227698,0,459227698,0,2048,474545412,0,20309325,0,0,0,0,0
1788093943921|1005|twoplusone_f5_r2|fixed|34,1378943233,16779861,3281556,6224071,3281556,0,3281556,0,5916,0,2954,0,0,0,0,5609,95739712,0,4096,0,0,0,2955,0,364693893,0,364693869,0,0,0,0,0,0,0,0,0,4096,256,131072,4,15|4,0,20000000,262144,77,0,0,0,0,56,0,40,0,8,5,0,1,56,0|52,2064512948,1,1488560,0,1310720,0,1310720,0,1731925,0,5,5,162739970,0,162739970,0,2080,167570904,0,8277691,0,0,0,0,0
1788093943921|1005|twoplusone_f5_r2|rotating|34,1378943233,33558272,3350824,6292998,0,6292998,0,6292998,0,11350,0,5672,0,0,3017,0,0,183713832,0,4096,0,0,0,5672,0,368213300,0,368213308,0,0,0,0,0,0,0,0,4096,256,131072,4,15|4,0,20000000,262144,77,0,0,0,0,56,0,40,0,8,5,0,1,56,0|52,1375364254,1,1417920,0,1310720,0,1310720,0,1584623,0,5,5,309509248,0,309509248,0,2080,318677220,0,8270388,0,0,0,0,0
1788093948924|1005|twoplusone_f5_r2|fixed|36,1378943233,16781056,6484758,12441615,6484758,0,6484758,0,11693,0,5841,0,0,0,0,11216,189271456,0,4096,0,0,0,5841,0,681409365,0,681409373,0,0,0,0,0,0,0,0,0,4096,256,131072,4,15|4,0,20000000,262144,77,0,0,0,0,96,0,80,0,13,10,0,1,96,0|54,2384802007,1,2883584,0,2621440,0,2621440,0,3375753,0,11,10,315714214,0,315714214,0,2048,326245138,0,14297326,0,0,0,0,0
1788093948924|1005|twoplusone_f5_r2|rotating|36,1378943233,33557794,6484758,12509448,0,12509448,0,12509448,0,22567,0,11278,0,0,5841,0,0,365287687,0,4096,0,0,0,11278,0,688545310,0,688545318,0,0,0,0,0,0,0,0,4096,256,131072,4,15|4,0,20000000,262144,77,0,0,0,0,96,0,80,0,13,10,0,1,96,0|54,1695244466,1,2799776,0,2883584,0,2883584,0,3136508,0,10,11,612607885,0,612607885,0,2080,630935123,0,14287747,0,0,0,0,0
1788093953933|1005|twoplusone_f5_r2|fixed|38,1378943233,16781056,9430190,18659659,9430190,0,9430190,0,17008,0,8496,0,0,0,0,16827,275304592,0,4096,0,0,0,8496,0,985235201,0,985235209,0,0,0,0,0,0,0,0,0,4096,256,131072,4,15|4,0,20000000,262144,77,0,0,0,0,136,0,120,0,18,15,0,1,136,0|56,2705364497,1,4194304,0,3932160,0,3932160,0,4921096,0,16,15,459229480,0,459229480,0,2048,474547188,0,20317435,0,0,0,0,0
1788093953933|1005|twoplusone_f5_r2|rotating|38,1378943233,33557794,9430190,18728209,0,18728209,0,18728209,0,33794,0,16888,0,0,8496,0,0,547014545,0,4096,0,0,0,16889,0,1009151986,0,1009151994,0,0,0,0,0,0,0,0,4096,256,131072,4,15|4,0,20000000,262144,77,0,0,0,0,136,0,120,0,18,15,0,1,136,0|56,2016722383,1,4188548,0,4194304,0,4194304,0,4695559,0,15,16,917296603,0,917296603,0,2080,944784840,0,20311009,0,0,0,0,0
1788093964517|1006|oneplustwo_f2_r5|fixed|42,1378943233,16780578,3291259,6235850,0,6235850,0,6235850,0,11252,0,5622,0,0,2967,0,0,182122200,0,4096,0,0,0,5623,0,364441202,0,364441154,0,0,0,0,0,0,0,0,4096,256,131072,4,15|4,0,20000000,262144,77,0,0,0,0,56,0,40,0,8,5,0,1,56,0|64,3383740551,1,1411496,0,1310720,0,1310720,0,1576737,0,5,5,308055557,0,308055557,0,2080,317522156,0,8272020,0,0,0,0,0
1788093964517|1006|oneplustwo_f2_r5|rotating|42,1378943233,33557077,3403691,6348270,3403691,0,3403691,0,6146,0,3069,0,0,0,0,5724,99452851,0,4096,0,0,0,3070,0,370158970,0,370158986,0,0,0,0,0,0,0,0,0,4096,256,131072,4,15|4,0,20000000,262144,77,0,0,0,0,56,0,40,0,8,5,0,1,56,0|64,2695107685,1,1536972,0,1310720,0,1310720,0,1731208,0,5,5,168170411,0,168170411,0,2080,173013449,0,8276007,0,0,0,0,0
1788093969518|1006|oneplustwo_f2_r5|fixed|44,1378943233,16781056,6479392,12446536,0,12446536,0,12446536,0,22447,0,11218,0,0,5841,0,0,363345744,0,4096,0,0,0,11218,0,684469344,0,684469352,0,0,0,0,0,0,0,0,4096,256,131072,4,15|4,0,20000000,262144,77,0,0,0,0,96,0,80,0,13,10,0,1,96,0|66,3703596262,1,2791132,0,2883584,0,2883584,0,3128557,0,10,11,610831256,0,610831256,0,2080,629756798,0,14288149,0,0,0,0,0
1788093969518|1006|oneplustwo_f2_r5|rotating|44,1378943233,33558272,6479392,12543254,6479392,0,6479392,0,11693,0,5841,0,0,0,0,11305,189272280,0,4096,0,0,0,5841,0,680788922,0,680788930,0,0,0,0,0,0,0,0,0,4096,256,131072,4,15|4,0,20000000,262144,77,0,0,0,0,96,0,80,0,13,10,0,1,96,0|66,3015362442,1,2883584,0,2621440,0,2621440,0,3266833,0,11,10,315717178,0,315717178,0,2048,326248105,0,14288707,0,0,0,0,0
1788093974524|1006|oneplustwo_f2_r5|fixed|46,1378943233,16780578,9426536,18684765,0,18684765,0,18684765,0,33692,0,16837,0,0,8496,0,0,545354224,0,4096,0,0,0,16838,0,1005870688,0,1005870640,0,0,0,0,0,0,0,0,4096,256,131072,4,15|4,0,20000000,262144,77,0,0,0,0,136,0,120,0,18,15,0,1,136,0|68,4024614972,1,4177184,0,4194304,0,4194304,0,4686248,0,15,16,914768236,0,914768236,0,2080,943154327,0,20304415,0,0,0,0,0
1788093974524|1006|oneplustwo_f2_r5|rotating|46,1378943233,33558272,9426536,18782364,9426536,0,9426536,0,17008,0,8496,0,0,0,0,16925,275304816,0,4096,0,0,0,8496,0,984919672,0,984919680,0,0,0,0,0,0,0,0,0,4096,256,131072,4,15|4,0,20000000,262144,77,0,0,0,0,136,0,120,0,18,15,0,1,136,0|68,3336241551,1,4194304,0,3932160,0,3932160,0,4755023,0,16,15,459227094,0,459227094,0,2048,474544808,0,20307196,0,0,0,0,0
1788093985134|1007|twoplusone_f5_r8|fixed|50,1378943233,16781056,3548014,0,3548014,0,3548014,0,11236,0,5615,0,0,0,0,0,113258496,17504368,4096,4096,0,0,5615,2660,365962459,347720037,365962467,347720045,0,0,0,0,0,0,0,0,4096,256,131072,4,15|4,0,20000000,262144,77,0,0,0,0,56,0,40,0,8,5,0,1,56,0|76,407591973,2,1489548,0,1310720,0,1310720,0,1732200,0,5,5,162836451,0,162836451,0,2080,167667633,0,8276227,0,0,0,0,0
1788093985134|1007|twoplusone_f5_r8|rotating|50,1378943233,33558272,3615828,0,0,0,0,0,0,0,0,0,0,0,5676,0,0,0,0,0,0,0,0,0,0,0,0,0,0,0,0,0,0,0,0,0,4096,256,131072,4,15|4,0,20000000,262144,77,0,0,0,0,56,0,40,0,8,5,0,1,56,0|76,4012861010,1,1415944,0,1310720,0,1310720,0,1581391,0,5,5,309051026,0,309051026,0,2080,318218507,0,8274180,0,0,0,0,0
1788093990143|1007|twoplusone_f5_r8|fixed|52,1378943233,16780339,7027280,0,7027280,0,7027280,0,22466,0,11227,0,0,0,0,0,224712857,35441585,4096,4096,0,0,11228,5387,686381540,686381540,686381548,686381548,0,0,0,0,0,0,0,0,4096,256,131072,4,15|4,0,20000000,262144,77,0,0,0,0,96,0,80,0,13,10,0,1,96,0|78,727917364,2,2883584,0,2621440,0,2621440,0,3376687,0,11,10,315718717,0,315718717,0,2048,326249641,0,14293705,0,0,0,0,0
1788093990143|1007|twoplusone_f5_r8|rotating|52,1378943233,33558272,7034284,0,0,0,0,0,0,0,0,0,0,0,11297,0,0,0,0,0,0,0,0,0,0,0,0,0,0,0,0,0,0,0,0,0,4096,256,131072,4,15|4,0,20000000,262144,77,0,0,0,0,96,0,80,0,13,10,0,1,96,0|78,39561218,2,2805704,0,2883584,0,2883584,0,3142877,0,10,11,613937990,0,613937990,0,2080,632266716,0,14288541,0,0,0,0,0
1788093995148|1007|twoplusone_f5_r8|fixed|54,1378943233,16781056,10275404,0,10275404,0,10275404,0,33698,0,16841,0,0,0,0,0,330212816,54909232,4096,4096,0,0,16841,8345,1006821359,1006821359,1006821367,1006821367,0,0,0,0,0,0,0,0,4096,256,131072,4,15|4,0,20000000,262144,77,0,0,0,0,136,0,120,0,18,15,0,1,136,0|80,1048364638,2,4194304,0,3932160,0,3932160,0,4925420,0,16,15,459224468,0,459224468,0,2048,474542176,0,20311480,0,0,0,0,0
1788093995148|1007|twoplusone_f5_r8|rotating|54,1378943233,33558272,10281473,0,0,0,0,0,0,0,0,0,0,0,16902,0,0,0,0,0,0,0,0,0,0,0,0,0,0,0,0,0,0,0,0,0,4096,256,131072,4,15|4,0,20000000,262144,77,0,0,0,0,136,0,120,0,18,15,0,1,136,0|80,358852075,2,4184844,0,4194304,0,4194304,0,4693306,0,15,16,916453926,0,916453926,0,2080,943941241,0,20299950,0,0,0,0,0
1788094005721|1008|oneplustwo_f8_r5|fixed|58,1378943233,16779144,3340525,0,0,0,0,0,0,0,0,0,0,0,3492,0,0,0,0,0,0,0,0,0,0,0,0,0,0,0,0,0,0,0,0,0,4096,256,131072,4,15|4,0,20000000,262144,77,0,0,0,0,56,0,40,0,8,5,0,1,56,0|88,1724863944,2,1403348,0,1310720,0,1310720,0,1570739,0,5,5,306449160,0,306449160,0,2080,315636036,0,8272065,0,0,0,0,0
1788094005721|1008|oneplustwo_f8_r5|rotating|58,1378943233,33557316,3420168,0,3420168,0,3420168,0,7134,0,3564,0,0,0,0,0,101672664,3520616,4096,4096,0,0,3564,535,367553118,345183341,367553126,345183349,0,0,0,0,0,0,0,0,4096,256,131072,4,15|4,0,20000000,262144,77,0,0,0,0,56,0,40,0,8,5,0,1,56,0|88,1036709072,2,1525116,0,1310720,0,1310720,0,1721111,0,5,5,166830304,0,166830304,0,2080,171670379,0,8273398,0,0,0,0,0
1788094010725|1008|oneplustwo_f8_r5|fixed|60,1378943233,16779144,6597271,0,0,0,0,0,0,0,0,0,0,0,6923,0,0,0,0,0,0,0,0,0,0,0,0,0,0,0,0,0,0,0,0,0,4096,256,131072,4,15|4,0,20000000,262144,77,0,0,0,0,96,0,80,0,13,10,0,1,96,0|90,2045275687,2,2786192,0,2883584,0,2883584,0,3126335,0,10,11,609779929,0,609779929,0,2080,628426551,0,14288353,0,0,0,0,0
1788094010725|1008|oneplustwo_f8_r5|rotating|60,1378943233,33558272,6598385,0,6598385,0,6598385,0,13879,0,6934,0,0,0,0,0,196464376,7192024,4096,4096,0,0,6934,1093,686836855,686836855,686836863,686836863,0,0,0,0,0,0,0,0,4096,256,131072,4,15|4,0,20000000,262144,77,0,0,0,0,96,0,80,0,13,10,0,1,96,0|90,1355903614,2,2883584,0,2621440,0,2621440,0,3270898,0,11,10,315726196,0,315726196,0,2048,326257124,0,14287029,0,0,0,0,0
1788094015737|1008|oneplustwo_f8_r5|fixed|62,1378943233,16781056,9606743,0,0,0,0,0,0,0,0,0,0,0,10172,0,0,0,0,0,0,0,0,0,0,0,0,0,0,0,0,0,0,0,0,0,4096,256,131072,4,15|4,0,20000000,262144,77,0,0,0,0,136,0,120,0,18,15,0,1,136,0|92,2366153551,2,4171012,0,4194304,0,4194304,0,4684726,0,15,16,913576809,0,913576809,0,2080,941683671,0,20304186,0,0,0,0,0
1788094015737|1008|oneplustwo_f8_r5|rotating|62,1378943233,33558272,9608049,0,9608049,0,9608049,0,20386,0,10185,0,0,0,0,0,286419648,11114264,4096,4096,0,0,10185,1689,1007980178,1007980178,1007980186,1007980186,0,0,0,0,0,0,0,0,4096,256,131072,4,15|4,0,20000000,262144,77,0,0,0,0,136,0,120,0,18,15,0,1,136,0|92,1676673639,2,4194304,0,3932160,0,3932160,0,4760488,0,16,15,459237610,0,459237610,0,2048,474555324,0,20303562,0,0,0,0,0
1788094026365|1009|twoplusone_f6_r1|fixed|66,1378943233,16779622,6225113,3277455,0,3277455,0,3277455,0,5902,0,2947,0,0,5602,0,0,95506679,0,4096,0,0,0,2948,0,366813705,0,366813713,0,0,0,0,0,0,0,0,4096,256,131072,4,15|4,0,20000000,262144,77,0,0,0,0,56,0,40,0,8,5,0,1,56,0|100,3046152056,2,1484608,0,1310720,0,1310720,0,1729826,0,5,5,162292016,0,162292016,0,2080,167121961,0,8272331,0,0,0,0,0
1788094026365|1009|twoplusone_f6_r1|rotating|66,1378943233,33558272,6301170,3353647,6301170,0,6301170,0,11348,0,5671,0,0,0,0,3016,183682600,0,4096,0,0,0,5671,0,370682356,0,370682364,0,0,0,0,0,0,0,0,0,4096,256,131072,4,15|4,0,20000000,262144,77,0,0,0,0,56,0,40,0,8,5,0,1,56,0|100,2357139183,2,1416436,0,1310720,0,1310720,0,1585366,0,5,5,309185342,0,309185342,0,2080,318352945,0,8268378,0,0,0,0,0
1788094031385|1009|twoplusone_f6_r1|fixed|68,1378943233,16781056,12470269,6492458,0,6492458,0,6492458,0,11693,0,5841,0,0,11226,0,0,189272264,0,4096,0,0,0,5841,0,683929159,0,683929167,0,0,0,0,0,0,0,0,4096,256,131072,4,15|4,0,20000000,262144,77,0,0,0,0,96,0,80,0,13,10,0,1,96,0|102,3367533249,2,2883584,0,2621440,0,2621440,0,3380910,0,11,10,315723512,0,315723512,0,2048,326254437,0,14290040,0,0,0,0,0
1788094031385|1009|twoplusone_f6_r1|rotating|68,1378943233,33558033,12545998,6492458,12545998,0,12545998,0,22601,0,11294,0,0,0,0,5841,365816752,0,4096,0,0,0,11295,0,691990033,0,691990001,0,0,0,0,0,0,0,0,0,4096,256,131072,4,15|4,0,20000000,262144,77,0,0,0,0,96,0,80,0,13,10,0,1,96,0|102,2678340167,2,2804220,0,2883584,0,2883584,0,3146098,0,10,11,613606001,0,613606001,0,2080,631934356,0,14283006,0,0,0,0,0
1788094036386|1009|twoplusone_f6_r1|fixed|70,1378943233,16781056,18682291,9440741,0,9440741,0,9440741,0,17008,0,8496,0,0,16827,0,0,275304536,0,4096,0,0,0,8496,0,987745298,0,987745306,0,0,0,0,0,0,0,0,4096,256,131072,4,15|4,0,20000000,262144,77,0,0,0,0,136,0,120,0,18,15,0,1,136,0|104,3687523713,2,4194304,0,3932160,0,3932160,0,4927063,0,16,15,459228081,0,459228081,0,2048,474545789,0,20309081,0,0,0,0,0
1788094036386|1009|twoplusone_f6_r1|rotating|70,1378943233,33558272,18758801,9440741,18758801,0,18758801,0,33808,0,16896,0,0,0,0,8496,547252112,0,4096,0,0,0,16896,0,1012062972,0,1012062980,0,0,0,0,0,0,0,0,0,4096,256,131072,4,15|4,0,20000000,262144,77,0,0,0,0,136,0,120,0,18,15,0,1,136,0|104,2999080665,2,4189784,0,4194304,0,4194304,0,4702526,0,15,16,917569852,0,917569852,0,2080,945058404,0,20294529,0,0,0,0,0
1788094046991|1010|oneplustwo_f1_r6|fixed|74,1378943233,16781056,6213598,3266004,6213598,0,6213598,0,11202,0,5598,0,0,0,0,2943,181316056,0,4096,0,0,0,5598,0,366065393,0,366065401,0,0,0,0,0,0,0,0,0,4096,256,131072,4,15|4,0,20000000,262144,77,0,0,0,0,56,0,40,0,8,5,0,1,56,0|112,72041900,3,1403840,0,1310720,0,1310720,0,1569502,0,5,5,306555821,0,306555821,0,2080,315742821,0,8271626,0,0,0,0,0
1788094046991|1010|oneplustwo_f1_r6|rotating|74,1378943233,33556838,6320245,3372491,0,3372491,0,3372491,0,6084,0,3039,0,0,5694,0,0,98471780,0,4096,0,0,0,3039,0,371480950,0,371480958,0,0,0,0,0,0,0,0,4096,256,131072,4,15|4,0,20000000,262144,77,0,0,0,0,56,0,40,0,8,5,0,1,56,0|112,3678747502,2,1525116,0,1310720,0,1310720,0,1718901,0,5,5,166833228,0,166833228,0,2080,171673304,0,8272984,0,0,0,0,0
1788094052019|1010|oneplustwo_f1_r6|fixed|76,1378943233,16780817,12459130,6480186,12459130,0,12459130,0,22469,0,11228,0,0,0,0,5841,363674816,0,4096,0,0,0,11229,0,688070776,0,688070744,0,0,0,0,0,0,0,0,0,4096,256,131072,4,15|4,0,20000000,262144,77,0,0,0,0,96,0,80,0,13,10,0,1,96,0|114,393146542,3,2788660,0,2883584,0,2883584,0,3126455,0,10,11,610579349,0,610579349,0,2080,629226590,0,14287555,0,0,0,0,0
1788094052019|1010|oneplustwo_f1_r6|rotating|76,1378943233,33558272,12531985,6480186,0,6480186,0,6480186,0,11693,0,5841,0,0,11293,0,0,189271776,0,4096,0,0,0,5841,0,683812062,0,683812070,0,0,0,0,0,0,0,0,4096,256,131072,4,15|4,0,20000000,262144,77,0,0,0,0,96,0,80,0,13,10,0,1,96,0|114,3999116035,2,2883584,0,2621440,0,2621440,0,3267273,0,11,10,315729029,0,315729029,0,2048,326259960,0,14286962,0,0,0,0,0
1788094057026|1010|oneplustwo_f1_r6|fixed|78,1378943233,16781056,18669564,9424095,18669564,0,18669564,0,33670,0,16827,0,0,0,0,8496,545017904,0,4096,0,0,0,16827,0,1008295657,0,1008295665,0,0,0,0,0,0,0,0,0,4096,256,131072,4,15|4,0,20000000,262144,77,0,0,0,0,136,0,120,0,18,15,0,1,136,0|116,713453877,3,4171012,0,4194304,0,4194304,0,4679390,0,15,16,913806849,0,913806849,0,2080,941913712,0,20302816,0,0,0,0,0
1788094057026|1010|oneplustwo_f1_r6|rotating|78,1378943233,33558272,18747527,9424095,0,9424095,0,9424095,0,17008,0,8496,0,0,16897,0,0,275304064,0,4096,0,0,0,8496,0,987939080,0,987939088,0,0,0,0,0,0,0,0,4096,256,131072,4,15|4,0,20000000,262144,77,0,0,0,0,136,0,120,0,18,15,0,1,136,0|116,24571730,3,4194304,0,3932160,0,3932160,0,4753748,0,16,15,459237298,0,459237298,0,2048,474555014,0,20306156,0,0,0,0,0
1788094067539|1011|twoplusone_f6_r8|fixed|82,1378943233,16779622,0,3561971,0,3561971,0,3561971,0,11252,0,5622,0,0,0,0,17504144,113512026,4096,4096,0,0,2660,5623,342937347,361626550,342937355,361626566,0,0,0,0,0,0,0,0,4096,256,131072,4,15|4,0,20000000,262144,77,0,0,0,0,56,0,40,0,8,5,0,1,56,0|124,1386606986,3,1492020,0,1310720,0,1310720,0,1737020,0,5,5,163127519,0,163127519,0,2080,167959319,0,8274659,0,0,0,0,0
1788094067539|1011|twoplusone_f6_r8|rotating|82,1378943233,33556360,0,3629274,0,0,0,0,0,0,0,0,0,0,0,5683,0,0,0,0,0,0,0,0,0,0,0,0,0,0,0,0,0,0,0,0,4096,256,131072,4,15|4,0,20000000,262144,77,0,0,0,0,56,0,40,0,8,5,0,1,56,0|124,697084928,3,1417920,0,1310720,0,1310720,0,1585360,0,5,5,309513466,0,309513466,0,2080,318681441,0,8265226,0,0,0,0,0
1788094072546|1011|twoplusone_f6_r8|fixed|84,1378943233,16781056,0,7032445,0,7032445,0,7032445,0,22477,0,11233,0,0,0,0,35481672,224752992,4096,4096,0,0,5392,11233,681880361,681880361,681880369,681880369,0,0,0,0,0,0,0,0,4096,256,131072,4,15|4,0,20000000,262144,77,0,0,0,0,96,0,80,0,13,10,0,1,96,0|126,1707975777,3,2883584,0,2621440,0,2621440,0,3379227,0,11,10,315726086,0,315726086,0,2048,326257012,0,14292138,0,0,0,0,0
1788094072546|1011|twoplusone_f6_r8|rotating|84,1378943233,33558272,0,7040650,0,0,0,0,0,0,0,0,0,0,0,11314,0,0,0,0,0,0,0,0,0,0,0,0,0,0,0,0,0,0,0,0,4096,256,131072,4,15|4,0,20000000,262144,77,0,0,0,0,96,0,80,0,13,10,0,1,96,0|126,1018493411,3,2806692,0,2883584,0,2883584,0,3145265,0,10,11,614138182,0,614138182,0,2080,632467154,0,14283060,0,0,0,0,0
1788094077558|1011|twoplusone_f6_r8|fixed|86,1378943233,16780339,0,10286056,0,10286056,0,10286056,0,33722,0,16853,0,0,0,0,54990772,330295012,4096,4096,0,0,8357,16853,1002714749,1002714749,1002714757,1002714757,0,0,0,0,0,0,0,0,4096,256,131072,4,15|4,0,20000000,262144,77,0,0,0,0,136,0,120,0,18,15,0,1,136,0|128,2027111793,3,4194304,0,3932160,0,3932160,0,4929156,0,16,15,459235932,0,459235932,0,2048,474553643,0,20312145,0,0,0,0,0
1788094077558|1011|twoplusone_f6_r8|rotating|86,1378943233,33556360,0,10294480,0,0,0,0,0,0,0,0,0,0,0,16936,0,0,0,0,0,0,0,0,0,0,0,0,0,0,0,0,0,0,0,0,4096,256,131072,4,15|4,0,20000000,262144,77,0,0,0,0,136,0,120,0,18,15,0,1,136,0|128,1340194538,3,4194304,0,4194304,0,4194304,0,4709434,0,16,16,918578738,0,918578738,0,2048,946545594,0,20300778,0,0,0,0,0
1788094088138|1012|oneplustwo_f8_r6|fixed|90,1378943233,16781056,0,3117205,0,0,0,0,0,0,0,0,0,0,0,3295,0,0,0,0,0,0,0,0,0,0,0,0,0,0,0,0,0,0,0,0,4096,256,131072,4,15|4,0,20000000,262144,77,0,0,0,0,48,0,32,0,7,4,0,1,48,0|136,2704948878,3,1284956,0,1310720,0,1310720,0,1444181,0,4,5,309306142,0,309306142,0,2080,316637660,0,7069861,0,0,0,0,0
1788094088138|1012|oneplustwo_f8_r6|rotating|90,1378943233,33558272,0,3118608,0,3118608,0,3118608,0,6344,0,3309,0,0,0,0,3605536,92993965,4096,4096,0,0,548,3274,367128135,367128135,367128143,367128143,0,0,0,0,0,0,0,0,4096,256,131072,4,15|4,0,20000000,262144,77,0,0,0,0,48,0,32,0,7,4,0,1,48,0|136,2017623712,3,1310720,0,1048576,0,1048576,0,1521054,0,5,4,190501614,0,190501614,0,2048,195288082,0,7065672,0,0,0,0,0
1788094093149|1012|oneplustwo_f8_r6|fixed|92,1378943233,16779144,0,6217759,0,0,0,0,0,0,0,0,0,0,0,6610,0,0,0,0,0,0,0,0,0,0,0,0,0,0,0,0,0,0,0,0,4096,256,131072,4,15|4,0,20000000,262144,77,0,0,0,0,96,0,80,0,13,10,0,1,96,0|138,3025644454,3,2662196,0,2621440,0,2621440,0,2991940,0,10,10,609575673,0,609575673,0,2080,628188343,0,14288823,0,0,0,0,0
1788094093149|1012|oneplustwo_f8_r6|rotating|92,1378943233,33556838,0,6292757,0,6292757,0,6292757,0,13088,0,6677,0,0,0,0,7276984,187740297,4096,4096,0,0,1106,6643,677544342,687741606,677544350,687741614,0,0,0,0,0,0,0,0,4096,256,131072,4,15|4,0,20000000,262144,77,0,0,0,0,96,0,80,0,13,10,0,1,96,0|138,2337675367,3,2733580,0,2621440,0,2621440,0,3124966,0,10,10,345816267,0,345816267,0,2080,355417247,0,14289990,0,0,0,0,0
1788094098151|1012|oneplustwo_f8_r6|fixed|94,1378943233,16779144,0,9538006,0,0,0,0,0,0,0,0,0,0,0,10090,0,0,0,0,0,0,0,0,0,0,0,0,0,0,0,0,0,0,0,0,4096,256,131072,4,15|4,0,20000000,262144,77,0,0,0,0,136,0,120,0,18,15,0,1,136,0|140,3345920607,3,4044300,0,3932160,0,3932160,0,4544964,0,15,15,912771320,0,912771320,0,2080,940843554,0,20304852,0,0,0,0,0
1788094098151|1012|oneplustwo_f8_r6|rotating|94,1378943233,33556838,0,9605075,0,9605075,0,9605075,0,20039,0,10150,0,0,0,0,10797496,286458965,4096,4096,0,0,1641,10116,981673259,1007649295,981673267,1007649271,0,0,0,0,0,0,0,0,4096,256,131072,4,15|4,0,20000000,262144,77,0,0,0,0,136,0,120,0,18,15,0,1,136,0|140,2656366156,3,4173232,0,3932160,0,3932160,0,4755339,0,15,15,503861872,0,503861872,0,2080,518281872,0,20302053,0,0,0,0,0
1788094108777|1013|twoplusone_f9_r2|fixed|98,1378943233,16781056,3292297,6234553,3292297,0,3292297,0,5936,0,2965,0,0,0,0,5620,96078488,0,4096,0,0,0,2965,0,365081267,0,365081275,0,0,0,0,0,0,0,0,0,4096,256,131072,4,15|4,0,20000000,262144,77,0,0,0,0,56,0,40,0,8,5,0,1,56,0|148,4024940216,3,1484116,0,1310720,0,1310720,0,1725470,0,5,5,162211510,0,162211510,0,2080,167041332,0,8275104,0,0,0,0,0
1788094108777|1013|twoplusone_f9_r2|rotating|98,1378943233,33557794,3363930,6306070,0,6306070,0,6306070,0,11376,0,5684,0,0,3029,0,0,184118594,0,4096,0,0,0,5685,0,368778440,0,368778448,0,0,0,0,0,0,0,0,4096,256,131072,4,15|4,0,20000000,262144,77,0,0,0,0,56,0,40,0,8,5,0,1,56,0|148,3337645289,3,1423600,0,1310720,0,1310720,0,1591021,0,5,5,310827687,0,310827687,0,2080,319997082,0,8270175,0,0,0,0,0
1788094113788|1013|twoplusone_f9_r2|fixed|100,1378943233,16781056,6483288,12458430,6483288,0,6483288,0,11693,0,5841,0,0,0,0,11233,189272280,0,4096,0,0,0,5841,0,681229221,0,681229229,0,0,0,0,0,0,0,0,0,4096,256,131072,4,15|4,0,20000000,262144,77,0,0,0,0,96,0,80,0,13,10,0,1,96,0|150,50594411,4,2883584,0,2621440,0,2621440,0,3373631,0,11,10,315714510,0,315714510,0,2048,326245435,0,14294017,0,0,0,0,0
1788094113788|1013|twoplusone_f9_r2|rotating|100,1378943233,33557794,6483288,12520192,0,12520192,0,12520192,0,22589,0,11288,0,0,5841,0,0,365636770,0,4096,0,0,0,11289,0,689006343,0,689006351,0,0,0,0,0,0,0,0,4096,256,131072,4,15|4,0,20000000,262144,77,0,0,0,0,96,0,80,0,13,10,0,1,96,0|150,3657033319,3,2803480,0,2883584,0,2883584,0,3140332,0,10,11,613437251,0,613437251,0,2080,631765421,0,14284926,0,0,0,0,0
1788094118800|1013|twoplusone_f9_r2|fixed|102,1378943233,16781056,9427905,18675773,9427905,0,9427905,0,17008,0,8496,0,0,0,0,16844,275305176,0,4096,0,0,0,8496,0,985041859,0,985041867,0,0,0,0,0,0,0,0,0,4096,256,131072,4,15|4,0,20000000,262144,77,0,0,0,0,136,0,120,0,18,15,0,1,136,0|152,372290083,4,4194304,0,3932160,0,3932160,0,4918376,0,16,15,459218694,0,459218694,0,2048,474536403,0,20313515,0,0,0,0,0
1788094118800|1013|twoplusone_f9_r2|rotating|102,1378943233,33557794,9427905,18749608,0,18749608,0,18749608,0,33838,0,16910,0,0,8496,0,0,547724783,0,4096,0,0,0,16911,0,1010217147,0,1010217163,0,0,0,0,0,0,0,0,4096,256,131072,4,15|4,0,20000000,262144,77,0,0,0,0,136,0,120,0,18,15,0,1,136,0|152,3977924289,3,4189784,0,4194304,0,4194304,0,4696088,0,15,16,917551330,0,917551330,0,2080,945039880,0,20296487,0,0,0,0,0
1788094129378|1014|oneplustwo_f2_r9|fixed|106,1378943233,16780578,3269072,6219048,0,6219048,0,6219048,0,11206,0,5600,0,0,2945,0,0,181381344,0,4096,0,0,0,5601,0,365056594,0,365056602,0,0,0,0,0,0,0,0,4096,256,131072,4,15|4,0,20000000,262144,77,0,0,0,0,56,0,40,0,8,5,0,1,56,0|160,1049396177,4,1401372,0,1310720,0,1310720,0,1567476,0,5,5,305777811,0,305777811,0,2080,315241880,0,8272646,0,0,0,0,0
1788094129378|1014|oneplustwo_f2_r9|rotating|106,1378943233,33556121,3344626,6294502,3344626,0,3344626,0,6034,0,3013,0,0,0,0,5668,97639917,0,4096,0,0,0,3014,0,368918812,0,368918820,0,0,0,0,0,0,0,0,0,4096,256,131072,4,15|4,0,20000000,262144,77,0,0,0,0,56,0,40,0,8,5,0,1,56,0|160,360403636,4,1513756,0,1310720,0,1310720,0,1706387,0,5,5,165542847,0,165542847,0,2080,170380081,0,8269726,0,0,0,0,0
1788094134386|1014|oneplustwo_f2_r9|fixed|108,1378943233,16780578,6476936,12450417,0,12450417,0,12450417,0,22463,0,11225,0,0,5841,0,0,363576368,0,4096,0,0,0,11226,0,686764549,0,686764509,0,0,0,0,0,0,0,0,4096,256,131072,4,15|4,0,20000000,262144,77,0,0,0,0,96,0,80,0,13,10,0,1,96,0|162,1371250398,4,2789896,0,2883584,0,2883584,0,3126105,0,10,11,610549694,0,610549694,0,2080,629474929,0,14288876,0,0,0,0,0
1788094134386|1014|oneplustwo_f2_r9|rotating|108,1378943233,33558272,6476936,12519540,6476936,0,6476936,0,11693,0,5841,0,0,0,0,11287,189271984,0,4096,0,0,0,5841,0,682669890,0,682669898,0,0,0,0,0,0,0,0,0,4096,256,131072,4,15|4,0,20000000,262144,77,0,0,0,0,96,0,80,0,13,10,0,1,96,0|162,681618004,4,2883584,0,2621440,0,2621440,0,3265338,0,11,10,315723228,0,315723228,0,2048,326254156,0,14285209,0,0,0,0,0
1788094139401|1014|oneplustwo_f2_r9|fixed|110,1378943233,16780578,9421125,18651627,0,18651627,0,18651627,0,33648,0,16815,0,0,8496,0,0,544644506,0,4096,0,0,0,16816,0,1006530060,0,1006530068,0,0,0,0,0,0,0,0,4096,256,131072,4,15|4,0,20000000,262144,77,0,0,0,0,136,0,120,0,18,15,0,1,136,0|164,1690943135,4,4169776,0,4194304,0,4194304,0,4675994,0,15,16,913162527,0,913162527,0,2080,941546767,0,20304853,0,0,0,0,0
1788094139401|1014|oneplustwo_f2_r9|rotating|110,1378943233,33558272,9421125,18738807,9421125,0,9421125,0,17008,0,8496,0,0,0,0,16894,275303904,0,4096,0,0,0,8496,0,986798715,0,986798723,0,0,0,0,0,0,0,0,0,4096,256,131072,4,15|4,0,20000000,262144,77,0,0,0,0,136,0,120,0,18,15,0,1,136,0|164,1002330858,4,4194304,0,3932160,0,3932160,0,4752048,0,16,15,459240491,0,459240491,0,2048,474558205,0,20296043,0,0,0,0,0
1788094149991|1015|twoplusone_f9_r4|fixed|114,1378943233,16778905,3552899,0,3552899,0,3552899,0,11242,0,5617,0,0,0,0,0,113342433,17503088,4096,4096,0,0,5618,2660,363786224,345385493,363786232,345385501,0,0,0,0,0,0,0,0,4096,256,131072,4,15|4,0,20000000,262144,77,0,0,0,0,56,0,40,0,8,5,0,1,56,0|172,2370303041,4,1504864,0,1310720,0,1310720,0,1750576,0,5,5,164540218,0,164540218,0,2080,169375227,0,8275828,0,0,0,0,0
1788094149991|1015|twoplusone_f9_r4|rotating|114,1378943233,33557316,3663416,0,0,0,0,0,0,0,0,0,0,0,5717,0,0,0,0,0,0,0,0,0,0,0,0,0,0,0,0,0,0,0,0,0,4096,256,131072,4,15|4,0,20000000,262144,77,0,0,0,0,56,0,40,0,8,5,0,1,56,0|172,1681248253,4,1426072,0,1310720,0,1310720,0,1594651,0,5,5,311388186,0,311388186,0,2080,320558200,0,8273530,0,0,0,0,0
1788094154994|1015|twoplusone_f9_r4|fixed|116,1378943233,16781056,7026049,0,7026049,0,7026049,0,22471,0,11230,0,0,0,0,0,224731984,35460544,4096,4096,0,0,11230,5389,684161135,684161135,684161143,684161143,0,0,0,0,0,0,0,0,4096,256,131072,4,15|4,0,20000000,262144,77,0,0,0,0,96,0,80,0,13,10,0,1,96,0|174,2688786222,4,2883584,0,2621440,0,2621440,0,3377190,0,11,10,315727180,0,315727180,0,2048,326258104,0,14297561,0,0,0,0,0
1788094154994|1015|twoplusone_f9_r4|rotating|116,1378943233,33557316,7033255,0,0,0,0,0,0,0,0,0,0,0,11301,0,0,0,0,0,0,0,0,0,0,0,0,0,0,0,0,0,0,0,0,0,4096,256,131072,4,15|4,0,20000000,262144,77,0,0,0,0,96,0,80,0,13,10,0,1,96,0|174,2001588981,4,2810148,0,2883584,0,2883584,0,3149153,0,10,11,614946249,0,614946249,0,2080,633276087,0,14291433,0,0,0,0,0
1788094160004|1015|twoplusone_f9_r4|fixed|118,1378943233,16781056,10273429,0,10273429,0,10273429,0,33710,0,16847,0,0,0,0,0,330255416,54951000,4096,4096,0,0,16847,8351,1004825063,1004825063,1004825071,1004825071,0,0,0,0,0,0,0,0,4096,256,131072,4,15|4,0,20000000,262144,77,0,0,0,0,136,0,120,0,18,15,0,1,136,0|176,3009896948,4,4194304,0,3932160,0,3932160,0,4925739,0,16,15,459235887,0,459235887,0,2048,474553594,0,20315618,0,0,0,0,0
1788094160004|1015|twoplusone_f9_r4|rotating|118,1378943233,33557316,10281580,0,0,0,0,0,0,0,0,0,0,0,16929,0,0,0,0,0,0,0,0,0,0,0,0,0,0,0,0,0,0,0,0,0,4096,256,131072,4,15|4,0,20000000,262144,77,0,0,0,0,136,0,120,0,18,15,0,1,136,0|176,2321226095,4,4191016,0,4194304,0,4194304,0,4701615,0,15,16,917804747,0,917804747,0,2080,945293607,0,20306117,0,0,0,0,0
1788094170630|1016|oneplustwo_f4_r9|fixed|122,1378943233,16780100,2767551,0,0,0,0,0,0,0,0,0,0,0,2973,0,0,0,0,0,0,0,0,0,0,0,0,0,0,0,0,0,0,0,0,0,4096,256,131072,4,15|4,0,20000000,262144,77,0,0,0,0,48,0,32,0,7,4,0,1,48,0|184,3690692826,4,1084392,0,1048576,0,1048576,0,1229101,0,4,4,272360293,0,272360293,0,2080,283676383,0,7068508,0,0,0,0,0
1788094170630|1016|oneplustwo_f4_r9|rotating|122,1378943233,33556121,2836084,0,2836084,0,2836084,0,5560,0,3034,0,0,0,0,0,84606408,3460880,4096,4096,0,0,2983,526,371431881,362514657,371431889,362514665,0,0,0,0,0,0,0,0,4096,256,131072,4,15|4,0,20000000,262144,77,0,0,0,0,48,0,32,0,7,4,0,1,48,0|184,3001321753,4,1138484,0,1048576,0,1048576,0,1363490,0,4,4,225234328,0,225234328,0,2080,232244458,0,7073315,0,0,0,0,0
1788094175649|1016|oneplustwo_f4_r9|fixed|124,1378943233,16780100,6083980,0,0,0,0,0,0,0,0,0,0,0,6447,0,0,0,0,0,0,0,0,0,0,0,0,0,0,0,0,0,0,0,0,0,4096,256,131072,4,15|4,0,20000000,262144,77,0,0,0,0,88,0,72,0,12,9,0,1,88,0|186,4012063271,4,2471436,0,2359296,0,2359296,0,2788505,0,9,9,576649104,0,576649104,0,2080,597425989,0,13084409,0,0,0,0,0
1788094175649|1016|oneplustwo_f4_r9|rotating|124,1378943233,33558272,6176305,0,6176305,0,6176305,0,12557,0,6531,0,0,0,0,0,184085291,6981040,4096,4096,0,0,6479,1061,692638885,666643487,692638893,666643495,0,0,0,0,0,0,0,0,4096,256,131072,4,15|4,0,20000000,262144,77,0,0,0,0,88,0,72,0,12,9,0,1,88,0|186,3322629804,4,2601356,0,2359296,0,2359296,0,3020635,0,9,9,385887831,0,385887831,0,2080,397722784,0,13088932,0,0,0,0,0
1788094180661|1016|oneplustwo_f4_r9|fixed|126,1378943233,16781056,9283208,0,0,0,0,0,0,0,0,0,0,0,9838,0,0,0,0,0,0,0,0,0,0,0,0,0,0,0,0,0,0,0,0,0,4096,256,131072,4,15|4,0,20000000,262144,77,0,0,0,0,128,0,112,0,17,14,0,1,128,0|188,36695271,5,3849588,0,3932160,0,3932160,0,4340067,0,14,15,879169124,0,879169124,0,2080,909404583,0,19100173,0,0,0,0,0
1788094180661|1016|oneplustwo_f4_r9|rotating|126,1378943233,33558272,9284716,0,9284716,0,9284716,0,19206,0,9853,0,0,0,0,0,276882827,10764768,4096,4096,0,0,9801,1636,1013038221,1013038221,1013038229,1013038229,0,0,0,0,0,0,0,0,4096,256,131072,4,15|4,0,20000000,262144,77,0,0,0,0,128,0,112,0,17,14,0,1,128,0|188,3643335481,4,3932160,0,3670016,0,3670016,0,4540212,0,15,14,531662778,0,531662778,0,2048,549181668,0,19104686,0,0,0,0,0
1788094191207|1017|twoplusone_fA_r1|fixed|130,1378943233,16778666,6232176,3286968,0,3286968,0,3286968,0,5922,0,2957,0,0,5612,0,0,95836377,0,4096,0,0,0,2958,0,365157155,0,365157163,0,0,0,0,0,0,0,0,4096,256,131072,4,15|4,0,20000000,262144,77,0,0,0,0,56,0,40,0,8,5,0,1,56,0|196,711594402,5,1489548,0,1310720,0,1310720,0,1734125,0,5,5,162849233,0,162849233,0,2080,167680414,0,8273970,0,0,0,0,0
1788094191207|1017|twoplusone_fA_r1|rotating|130,1378943233,33558033,6305479,3360353,6305479,0,6305479,0,11364,0,5678,0,0,0,0,3023,183929362,0,4096,0,0,0,5679,0,368936898,0,368936914,0,0,0,0,0,0,0,0,0,4096,256,131072,4,15|4,0,20000000,262144,77,0,0,0,0,56,0,40,0,8,5,0,1,56,0|196,23187124,5,1421624,0,1310720,0,1310720,0,1590108,0,5,5,310353215,0,310353215,0,2080,319522116,0,8267172,0,0,0,0,0
1788094196219|1017|twoplusone_fA_r1|fixed|132,1378943233,16778188,12465914,6490712,0,6490712,0,6490712,0,11693,0,5841,0,0,11227,0,0,189270904,0,4096,0,0,0,5841,0,681706784,0,681706792,0,0,0,0,0,0,0,0,4096,256,131072,4,15|4,0,20000000,262144,77,0,0,0,0,96,0,80,0,13,10,0,1,96,0|198,1032311153,5,2883584,0,2621440,0,2621440,0,3379253,0,11,10,315713323,0,315713323,0,2048,326244248,0,14294195,0,0,0,0,0
1788094196219|1017|twoplusone_fA_r1|rotating|132,1378943233,33558033,12535326,6490712,12535326,0,12535326,0,22591,0,11289,0,0,0,0,5841,365670896,0,4096,0,0,0,11290,0,689551614,0,689551574,0,0,0,0,0,0,0,0,0,4096,256,131072,4,15|4,0,20000000,262144,77,0,0,0,0,96,0,80,0,13,10,0,1,96,0|198,344449502,5,2809656,0,2883584,0,2883584,0,3150796,0,10,11,614835433,0,614835433,0,2080,633165147,0,14281592,0,0,0,0,0
1788094201228|1017|twoplusone_fA_r1|fixed|134,1378943233,16781056,18694085,9438992,0,9438992,0,9438992,0,17008,0,8496,0,0,16841,0,0,275303536,0,4096,0,0,0,8496,0,985519405,0,985519421,0,0,0,0,0,0,0,0,4096,256,131072,4,15|4,0,20000000,262144,77,0,0,0,0,136,0,120,0,18,15,0,1,136,0|200,1352987759,5,4194304,0,3932160,0,3932160,0,4926096,0,16,15,459217018,0,459217018,0,2048,474534727,0,20314342,0,0,0,0,0
1788094201228|1017|twoplusone_fA_r1|rotating|134,1378943233,33558033,18774203,9438992,18774203,0,18774203,0,33844,0,16913,0,0,0,0,8496,547808295,0,4096,0,0,0,16914,0,1010853347,0,1010853355,0,0,0,0,0,0,0,0,0,4096,256,131072,4,15|4,0,20000000,262144,77,0,0,0,0,136,0,120,0,18,15,0,1,136,0|200,664739234,5,4193240,0,4194304,0,4194304,0,4705535,0,15,16,918348793,0,918348793,0,2072,945838208,0,20293349,0,0,0,0,0
1788094211799|1018|oneplustwo_f1_rA|fixed|138,1378943233,16781056,6235505,3284300,6235505,0,6235505,0,11230,0,5612,0,0,0,0,2957,181769192,0,4096,0,0,0,5612,0,363295220,0,363295228,0,0,0,0,0,0,0,0,0,4096,256,131072,4,15|4,0,20000000,262144,77,0,0,0,0,56,0,40,0,8,5,0,1,56,0|208,2030190503,5,1406064,0,1310720,0,1310720,0,1573558,0,5,5,306848396,0,306848396,0,2080,316313639,0,8272008,0,0,0,0,0
1788094211799|1018|oneplustwo_f1_rA|rotating|138,1378943233,33555882,6311814,3360495,0,3360495,0,3360495,0,6058,0,3025,0,0,5680,0,0,98047172,0,4096,0,0,0,3026,0,367198485,0,367198493,0,0,0,0,0,0,0,0,4096,256,131072,4,15|4,0,20000000,262144,77,0,0,0,0,56,0,40,0,8,5,0,1,56,0|208,1340632678,5,1518200,0,1310720,0,1310720,0,1712405,0,5,5,166038745,0,166038745,0,2080,170877090,0,8275130,0,0,0,0,0
1788094216806|1018|oneplustwo_f1_rA|fixed|140,1378943233,16780817,12454361,6487162,12454361,0,12454361,0,22436,0,11212,0,0,0,0,5841,363151875,0,4096,0,0,0,11213,0,683621032,0,683621040,0,0,0,0,0,0,0,0,0,4096,256,131072,4,15|4,0,20000000,262144,77,0,0,0,0,96,0,80,0,13,10,0,1,96,0|210,2350617073,5,2788660,0,2883584,0,2883584,0,3128962,0,10,11,610194661,0,610194661,0,2080,629119589,0,14287695,0,0,0,0,0
1788094216806|1018|oneplustwo_f1_rA|rotating|140,1378943233,33558272,12538158,6487162,0,6487162,0,6487162,0,11693,0,5841,0,0,11287,0,0,189272168,0,4096,0,0,0,5841,0,680255189,0,680255197,0,0,0,0,0,0,0,0,4096,256,131072,4,15|4,0,20000000,262144,77,0,0,0,0,96,0,80,0,13,10,0,1,96,0|210,1661951243,5,2883584,0,2621440,0,2621440,0,3270702,0,11,10,315712107,0,315712107,0,2048,326243036,0,14293026,0,0,0,0,0
1788094221820|1018|oneplustwo_f1_rA|fixed|142,1378943233,16780817,18685943,9433179,18685943,0,18685943,0,33668,0,16825,0,0,0,0,8496,544976976,0,4096,0,0,0,16826,0,1004683476,0,1004683484,0,0,0,0,0,0,0,0,0,4096,256,131072,4,15|4,0,20000000,262144,77,0,0,0,0,136,0,120,0,18,15,0,1,136,0|212,2671180038,5,4172244,0,4194304,0,4194304,0,4684302,0,15,16,913677183,0,913677183,0,2080,942062041,0,20303287,0,0,0,0,0
1788094221820|1018|oneplustwo_f1_rA|rotating|142,1378943233,33558272,18753525,9433179,0,9433179,0,9433179,0,17008,0,8496,0,0,16886,0,0,275304360,0,4096,0,0,0,8496,0,984385283,0,984385291,0,0,0,0,0,0,0,0,4096,256,131072,4,15|4,0,20000000,262144,77,0,0,0,0,136,0,120,0,18,15,0,1,136,0|212,1981598617,5,4194304,0,3932160,0,3932160,0,4758139,0,16,15,459223163,0,459223163,0,2048,474540879,0,20309725,0,0,0,0,0
1788094232422|1019|twoplusone_fA_r4|fixed|146,1378943233,16778666,0,3544161,0,3544161,0,3544161,0,11226,0,5609,0,0,0,0,17495216,113107687,4096,4096,0,0,2659,5610,347717420,365727668,347717428,365727676,0,0,0,0,0,0,0,0,4096,256,131072,4,15|4,0,20000000,262144,77,0,0,0,0,56,0,40,0,8,5,0,1,56,0|220,3349454289,5,1485596,0,1310720,0,1310720,0,1728590,0,5,5,162394438,0,162394438,0,2080,167224631,0,8277576,0,0,0,0,0
1788094232422|1019|twoplusone_fA_r4|rotating|146,1378943233,33557316,0,3621577,0,0,0,0,0,0,0,0,0,0,0,5679,0,0,0,0,0,0,0,0,0,0,0,0,0,0,0,0,0,0,0,0,4096,256,131072,4,15|4,0,20000000,262144,77,0,0,0,0,56,0,40,0,8,5,0,1,56,0|220,2660454642,5,1416932,0,1310720,0,1310720,0,1583938,0,5,5,309308058,0,309308058,0,2080,318475786,0,8270133,0,0,0,0,0
1788094237428|1019|twoplusone_fA_r4|fixed|148,1378943233,16780339,0,7025905,0,7025905,0,7025905,0,22462,0,11225,0,0,0,0,35427891,224699291,4096,4096,0,0,5385,11226,686320248,686320248,686320256,686320256,0,0,0,0,0,0,0,0,4096,256,131072,4,15|4,0,20000000,262144,77,0,0,0,0,96,0,80,0,13,10,0,1,96,0|222,3669058215,5,2883584,0,2621440,0,2621440,0,3376689,0,11,10,315712359,0,315712359,0,2048,326243284,0,14296499,0,0,0,0,0
1788094237428|1019|twoplusone_fA_r4|rotating|148,1378943233,33557316,0,7030637,0,0,0,0,0,0,0,0,0,0,0,11272,0,0,0,0,0,0,0,0,0,0,0,0,0,0,0,0,0,0,0,0,4096,256,131072,4,15|4,0,20000000,262144,77,0,0,0,0,96,0,80,0,13,10,0,1,96,0|222,2979748931,5,2796316,0,2883584,0,2883584,0,3133577,0,10,11,611824112,0,611824112,0,2080,630150491,0,14284782,0,0,0,0,0
1788094242435|1019|twoplusone_fA_r4|fixed|150,1378943233,16781056,0,10271410,0,10271410,0,10271410,0,33686,0,16835,0,0,0,0,54869288,330173544,4096,4096,0,0,8339,16835,1006540132,1006540132,1006540140,1006540140,0,0,0,0,0,0,0,0,4096,256,131072,4,15|4,0,20000000,262144,77,0,0,0,0,136,0,120,0,18,15,0,1,136,0|224,3990324143,5,4194304,0,3932160,0,3932160,0,4924737,0,16,15,459220610,0,459220610,0,2048,474538317,0,20315015,0,0,0,0,0
1788094242435|1019|twoplusone_fA_r4|rotating|150,1378943233,33558272,0,10278169,0,0,0,0,0,0,0,0,0,0,0,16903,0,0,0,0,0,0,0,0,0,0,0,0,0,0,0,0,0,0,0,0,4096,256,131072,4,15|4,0,20000000,262144,77,0,0,0,0,136,0,120,0,18,15,0,1,136,0|224,3301257022,5,4185336,0,4194304,0,4194304,0,4694854,0,15,16,916551542,0,916551542,0,2080,944038979,0,20299456,0,0,0,0,0
1788094253000|1020|oneplustwo_f4_rA|fixed|154,1378943233,16780100,0,3329879,0,0,0,0,0,0,0,0,0,0,0,3484,0,0,0,0,0,0,0,0,0,0,0,0,0,0,0,0,0,0,0,0,4096,256,131072,4,15|4,0,20000000,262144,77,0,0,0,0,56,0,40,0,8,5,0,1,56,0|232,372243452,6,1405076,0,1310720,0,1310720,0,1572277,0,5,5,306882035,0,306882035,0,2080,316069343,0,8272075,0,0,0,0,0
1788094253000|1020|oneplustwo_f4_rA|rotating|154,1378943233,33558272,0,3407902,0,3407902,0,3407902,0,7116,0,3555,0,0,0,0,3520480,101381320,4096,4096,0,0,535,3555,344792609,366659564,344792617,366659572,0,0,0,0,0,0,0,0,4096,256,131072,4,15|4,0,20000000,262144,77,0,0,0,0,56,0,40,0,8,5,0,1,56,0|232,3978168597,5,1521164,0,1310720,0,1310720,0,1715874,0,5,5,166380213,0,166380213,0,2080,171219301,0,8268761,0,0,0,0,0
1788094258008|1020|oneplustwo_f4_rA|fixed|156,1378943233,16780100,0,6595967,0,0,0,0,0,0,0,0,0,0,0,6923,0,0,0,0,0,0,0,0,0,0,0,0,0,0,0,0,0,0,0,0,4096,256,131072,4,15|4,0,20000000,262144,77,0,0,0,0,96,0,80,0,13,10,0,1,96,0|234,692262316,6,2786192,0,2883584,0,2883584,0,3126141,0,10,11,609821235,0,609821235,0,2080,628467855,0,14287468,0,0,0,0,0
1788094258008|1020|oneplustwo_f4_rA|rotating|156,1378943233,33558272,0,6597173,0,6597173,0,6597173,0,13881,0,6935,0,0,0,0,7198728,196471360,4096,4096,0,0,1094,6935,686724275,686724275,686724283,686724283,0,0,0,0,0,0,0,0,4096,256,131072,4,15|4,0,20000000,262144,77,0,0,0,0,96,0,80,0,13,10,0,1,96,0|234,2736882,6,2883584,0,2621440,0,2621440,0,3270388,0,11,10,315725839,0,315725839,0,2048,326256769,0,14288311,0,0,0,0,0
1788094263015|1020|oneplustwo_f4_rA|fixed|158,1378943233,16780100,0,9603037,0,0,0,0,0,0,0,0,0,0,0,10171,0,0,0,0,0,0,0,0,0,0,0,0,0,0,0,0,0,0,0,0,4096,256,131072,4,15|4,0,20000000,262144,77,0,0,0,0,136,0,120,0,18,15,0,1,136,0|236,1012586219,6,4168540,0,4194304,0,4194304,0,4680555,0,15,16,913064295,0,913064295,0,2080,941170537,0,20303745,0,0,0,0,0
1788094263015|1020|oneplustwo_f4_rA|rotating|158,1378943233,33558272,0,9604358,0,9604358,0,9604358,0,20384,0,10184,0,0,0,0,11107528,286412312,4096,4096,0,0,1688,10184,1007310224,1007310224,1007310232,1007310232,0,0,0,0,0,0,0,0,4096,256,131072,4,15|4,0,20000000,262144,77,0,0,0,0,136,0,120,0,18,15,0,1,136,0|236,323494067,6,4194304,0,3932160,0,3932160,0,4758699,0,16,15,459234709,0,459234709,0,2048,474552424,0,20307865,0,0,0,0,0
1788094273588|1021|twoplusone_fC_r1|fixed|162,1378943233,16778188,6229479,0,0,0,0,0,0,0,0,0,0,0,5610,0,0,0,0,0,0,0,0,0,0,0,0,0,0,0,0,0,0,0,0,0,4096,256,131072,4,15|4,0,20000000,262144,77,0,0,0,0,56,0,40,0,8,5,0,1,56,0|244,1689728624,6,1493008,0,1310720,0,1310720,0,1737627,0,5,5,163196774,0,163196774,0,2080,168028820,0,8276236,0,0,0,0,0
1788094273588|1021|twoplusone_fC_r1|rotating|162,1378943233,33558033,6339666,0,6339666,0,6339666,0,11426,0,5710,0,0,0,0,0,184944632,0,4096,0,0,0,5710,0,367618797,0,367618805,0,0,0,0,0,0,0,0,0,4096,256,131072,4,15|4,0,20000000,262144,77,0,0,0,0,56,0,40,0,8,5,0,1,56,0|244,1002372859,6,1427800,0,1310720,0,1310720,0,1596907,0,5,5,311747868,0,311747868,0,2080,320918314,0,8270704,0,0,0,0,0
1788094278603|1021|twoplusone_fC_r1|fixed|164,1378943233,16781056,12472577,0,0,0,0,0,0,0,0,0,0,0,11232,0,0,0,0,0,0,0,0,0,0,0,0,0,0,0,0,0,0,0,0,0,4096,256,131072,4,15|4,0,20000000,262144,77,0,0,0,0,96,0,80,0,13,10,0,1,96,0|246,2010411317,6,2883584,0,2621440,0,2621440,0,3379940,0,11,10,315713933,0,315713933,0,2048,326244859,0,14295306,0,0,0,0,0
1788094278603|1021|twoplusone_fC_r1|rotating|164,1378943233,33558272,12541095,0,12541095,0,12541095,0,22599,0,11294,0,0,0,0,0,365807992,0,4096,0,0,0,11294,0,686717574,0,686717582,0,0,0,0,0,0,0,0,0,4096,256,131072,4,15|4,0,20000000,262144,77,0,0,0,0,96,0,80,0,13,10,0,1,96,0|246,1321540229,6,2806692,0,2883584,0,2883584,0,3147646,0,10,11,614140373,0,614140373,0,2080,632469345,0,14282109,0,0,0,0,0
1788094283606|1021|twoplusone_fC_r1|fixed|166,1378943233,16781056,18692650,0,0,0,0,0,0,0,0,0,0,0,16834,0,0,0,0,0,0,0,0,0,0,0,0,0,0,0,0,0,0,0,0,0,4096,256,131072,4,15|4,0,20000000,262144,77,0,0,0,0,136,0,120,0,18,15,0,1,136,0|248,2330529573,6,4194304,0,3932160,0,3932160,0,4927803,0,16,15,459218677,0,459218677,0,2048,474536387,0,20314020,0,0,0,0,0
1788094283606|1021|twoplusone_fC_r1|rotating|166,1378943233,33558272,18776302,0,18776302,0,18776302,0,33836,0,16910,0,0,0,0,0,547706664,0,4096,0,0,0,16910,0,1007601407,0,1007601415,0,0,0,0,0,0,0,0,0,4096,256,131072,4,15|4,0,20000000,262144,77,0,0,0,0,136,0,120,0,18,15,0,1,136,0|248,1641831237,6,4190276,0,4194304,0,4194304,0,4703512,0,15,16,917655382,0,917655382,0,2076,945144056,0,20293471,0,0,0,0,0
1788094294134|1022|oneplustwo_f1_rC|fixed|170,1378943233,16780817,6223670,0,6223670,0,6223670,0,11208,0,5601,0,0,0,0,0,181414204,0,4096,0,0,0,5601,0,360555903,0,360555911,0,0,0,0,0,0,0,0,0,4096,256,131072,4,15|4,0,20000000,262144,77,0,0,0,0,56,0,40,0,8,5,0,1,56,0|256,3004310525,6,1401372,0,1310720,0,1310720,0,1568690,0,5,5,306045437,0,306045437,0,2080,315231819,0,8271772,0,0,0,0,0
1788094294134|1022|oneplustwo_f1_rC|rotating|170,1378943233,33555404,6299576,0,0,0,0,0,0,0,0,0,0,0,5669,0,0,0,0,0,0,0,0,0,0,0,0,0,0,0,0,0,0,0,0,0,4096,256,131072,4,15|4,0,20000000,262144,77,0,0,0,0,56,0,40,0,8,5,0,1,56,0|256,2315701363,6,1517212,0,1310720,0,1310720,0,1712313,0,5,5,165973034,0,165973034,0,2080,170811135,0,8272989,0,0,0,0,0
1788094299138|1022|oneplustwo_f1_rC|fixed|172,1378943233,16780817,12443981,0,12443981,0,12443981,0,22411,0,11200,0,0,0,0,0,362762936,0,4096,0,0,0,11201,0,680824602,0,680824578,0,0,0,0,0,0,0,0,0,4096,256,131072,4,15|4,0,20000000,262144,77,0,0,0,0,96,0,80,0,13,10,0,1,96,0|258,3324537317,6,2782484,0,2883584,0,2883584,0,3123611,0,10,11,609192383,0,609192383,0,2080,627838078,0,14287359,0,0,0,0,0
1788094299138|1022|oneplustwo_f1_rC|rotating|172,1378943233,33558272,12519419,0,0,0,0,0,0,0,0,0,0,0,11267,0,0,0,0,0,0,0,0,0,0,0,0,0,0,0,0,0,0,0,0,0,4096,256,131072,4,15|4,0,20000000,262144,77,0,0,0,0,96,0,80,0,13,10,0,1,96,0|258,2636931163,6,2883584,0,2621440,0,2621440,0,3271311,0,11,10,315731534,0,315731534,0,2048,326262464,0,14283984,0,0,0,0,0
1788094304151|1022|oneplustwo_f1_rC|fixed|174,1378943233,16781056,18670905,0,18670905,0,18670905,0,33636,0,16810,0,0,0,0,0,544467312,0,4096,0,0,0,16810,0,1001670940,0,1001670948,0,0,0,0,0,0,0,0,0,4096,256,131072,4,15|4,0,20000000,262144,77,0,0,0,0,136,0,120,0,18,15,0,1,136,0|260,3645500011,6,4168540,0,4194304,0,4194304,0,4680733,0,15,16,913073526,0,913073526,0,2080,941179770,0,20303411,0,0,0,0,0
1788094304151|1022|oneplustwo_f1_rC|rotating|174,1378943233,33558272,18746006,0,0,0,0,0,0,0,0,0,0,0,16877,0,0,0,0,0,0,0,0,0,0,0,0,0,0,0,0,0,0,0,0,0,4096,256,131072,4,15|4,0,20000000,262144,77,0,0,0,0,136,0,120,0,18,15,0,1,136,0|260,2956123577,6,4194304,0,3932160,0,3932160,0,4758767,0,16,15,459241778,0,459241778,0,2048,474559494,0,20301981,0,0,0,0,0
1788094314788|1023|twoplusone_fC_r2|fixed|178,1378943233,16781056,0,6235522,0,0,0,0,0,0,0,0,0,0,0,5615,0,0,0,0,0,0,0,0,0,0,0,0,0,0,0,0,0,0,0,0,4096,256,131072,4,15|4,0,20000000,262144,77,0,0,0,0,56,0,40,0,8,5,0,1,56,0|268,31380222,7,1490536,0,1310720,0,1310720,0,1735213,0,5,5,162945783,0,162945783,0,2080,167777211,0,8273613,0,0,0,0,0
1788094314788|1023|twoplusone_fC_r2|rotating|178,1378943233,33557794,0,6304212,0,6304212,0,6304212,0,11360,0,5677,0,0,0,0,0,183872521,0,4096,0,0,0,5677,0,369487137,0,369487145,0,0,0,0,0,0,0,0,4096,256,131072,4,15|4,0,20000000,262144,77,0,0,0,0,56,0,40,0,8,5,0,1,56,0|268,3636888659,6,1417424,0,1310720,0,1310720,0,1585445,0,5,5,309397140,0,309397140,0,2080,318564989,0,8270309,0,0,0,0,0
1788094319799|1023|twoplusone_fC_r2|fixed|180,1378943233,16781056,0,12464898,0,0,0,0,0,0,0,0,0,0,0,11228,0,0,0,0,0,0,0,0,0,0,0,0,0,0,0,0,0,0,0,0,4096,256,131072,4,15|4,0,20000000,262144,77,0,0,0,0,96,0,80,0,13,10,0,1,96,0|270,352240947,7,2883584,0,2621440,0,2621440,0,3378857,0,11,10,315715989,0,315715989,0,2048,326246913,0,14291742,0,0,0,0,0
1788094319799|1023|twoplusone_fC_r2|rotating|180,1378943233,33557794,0,12532762,0,12532762,0,12532762,0,22590,0,11289,0,0,0,0,0,365647908,0,4096,0,0,0,11290,0,690173024,0,690173032,0,0,0,0,0,0,0,0,4096,256,131072,4,15|4,0,20000000,262144,77,0,0,0,0,96,0,80,0,13,10,0,1,96,0|270,3958048984,6,2804964,0,2883584,0,2883584,0,3145091,0,10,11,613777365,0,613777365,0,2080,632105905,0,14284769,0,0,0,0,0
1788094324811|1023|twoplusone_fC_r2|fixed|182,1378943233,16778188,0,18694045,0,0,0,0,0,0,0,0,0,0,0,16841,0,0,0,0,0,0,0,0,0,0,0,0,0,0,0,0,0,0,0,0,4096,256,131072,4,15|4,0,20000000,262144,77,0,0,0,0,136,0,120,0,18,15,0,1,136,0|272,672897218,7,4194304,0,3932160,0,3932160,0,4926237,0,16,15,459228732,0,459228732,0,2048,474546441,0,20311653,0,0,0,0,0
1788094324811|1023|twoplusone_fC_r2|rotating|182,1378943233,33557794,0,18762777,0,18762777,0,18762777,0,33824,0,16903,0,0,0,0,0,547493267,0,4096,0,0,0,16904,0,1010968155,0,1010968163,0,0,0,0,0,0,0,0,4096,256,131072,4,15|4,0,20000000,262144,77,0,0,0,0,136,0,120,0,18,15,0,1,136,0|272,4278450956,6,4189040,0,4194304,0,4194304,0,4700582,0,15,16,917394053,0,917394053,0,2080,944882415,0,20305280,0,0,0,0,0
1788094335437|1024|oneplustwo_f2_rC|fixed|186,1378943233,16781056,0,6250935,0,6250935,0,6250935,0,11254,0,5624,0,0,0,0,0,182158264,0,4096,0,0,0,5624,0,367904889,0,367904897,0,0,0,0,0,0,0,0,4096,256,131072,4,15|4,0,20000000,262144,77,0,0,0,0,56,0,40,0,8,5,0,1,56,0|280,1354177350,7,1408532,0,1310720,0,1310720,0,1576913,0,5,5,307396879,0,307396879,0,2080,316862737,0,8272846,0,0,0,0,0
1788094335437|1024|oneplustwo_f2_rC|rotating|186,1378943233,33555404,0,6345684,0,0,0,0,0,0,0,0,0,0,0,5709,0,0,0,0,0,0,0,0,0,0,0,0,0,0,0,0,0,0,0,0,4096,256,131072,4,15|4,0,20000000,262144,77,0,0,0,0,56,0,40,0,8,5,0,1,56,0|280,665831690,7,1533516,0,1310720,0,1310720,0,1731113,0,5,5,167799541,0,167799541,0,2080,172641715,0,8271660,0,0,0,0,0
1788094340439|1024|oneplustwo_f2_rC|fixed|188,1378943233,16780578,0,12445821,0,12445821,0,12445821,0,22417,0,11202,0,0,0,0,0,362854572,0,4096,0,0,0,11203,0,687039202,0,687039218,0,0,0,0,0,0,0,0,4096,256,131072,4,15|4,0,20000000,262144,77,0,0,0,0,96,0,80,0,13,10,0,1,96,0|282,1673601026,7,2786192,0,2883584,0,2883584,0,3127029,0,10,11,609741169,0,609741169,0,2080,628665478,0,14288836,0,0,0,0,0
1788094340439|1024|oneplustwo_f2_rC|rotating|188,1378943233,33558272,0,12533282,0,0,0,0,0,0,0,0,0,0,0,11281,0,0,0,0,0,0,0,0,0,0,0,0,0,0,0,0,0,0,0,0,4096,256,131072,4,15|4,0,20000000,262144,77,0,0,0,0,96,0,80,0,13,10,0,1,96,0|282,985022634,7,2883584,0,2621440,0,2621440,0,3270760,0,11,10,315718549,0,315718549,0,2048,326249476,0,14288528,0,0,0,0,0
1788094345450|1024|oneplustwo_f2_rC|fixed|190,1378943233,16780578,0,18676454,0,18676454,0,18676454,0,33644,0,16813,0,0,0,0,0,544583813,0,4096,0,0,0,16814,0,1007948686,0,1007948702,0,0,0,0,0,0,0,0,4096,256,131072,4,15|4,0,20000000,262144,77,0,0,0,0,136,0,120,0,18,15,0,1,136,0|284,1993909157,7,4168540,0,4194304,0,4194304,0,4681648,0,15,16,912969365,0,912969365,0,2080,941353294,0,20304216,0,0,0,0,0
1788094345450|1024|oneplustwo_f2_rC|rotating|190,1378943233,33558272,0,18743158,0,0,0,0,0,0,0,0,0,0,0,16874,0,0,0,0,0,0,0,0,0,0,0,0,0,0,0,0,0,0,0,0,4096,256,131072,4,15|4,0,20000000,262144,77,0,0,0,0,136,0,120,0,18,15,0,1,136,0|284,1304285635,7,4194304,0,3932160,0,3932160,0,4758995,0,16,15,459229325,0,459229325,0,2048,474547039,0,20305301,0,0,0,0,0
