captured_ms|sequence|label|role|data_ro|dirm0|oen0
1788093856407|0|SAFE_BOOT|fixed|1346371075|8193|8193
1788093856407|0|SAFE_BOOT|rotating|1346371075|8193|8193
1788093856513|1001|twoplusone_f3_r4_active|fixed|1350557186|8193|8193
1788093856513|1001|twoplusone_f3_r4_active|rotating|1346362882|8193|8193
1788093861680|1001|twoplusone_f3_r4|fixed|1346362882|8193|8193
1788093861680|1001|twoplusone_f3_r4|rotating|1346362882|8193|8193
1788093866619|1001|twoplusone_f3_r4|fixed|1350557187|8193|8193
1788093866619|1001|twoplusone_f3_r4|rotating|1346362882|8193|8193
1788093871607|1001|twoplusone_f3_r4|fixed|1346362883|8193|8193
1788093871607|1001|twoplusone_f3_r4|rotating|1346362882|8193|8193
1788093876817|1001|twoplusone_f3_r4_terminal|fixed|1350565379|8193|8193
1788093876817|1001|twoplusone_f3_r4_terminal|rotating|1350565379|8193|8193
1788093877125|1002|oneplustwo_f4_r3_active|fixed|1350557186|8193|8193
1788093877125|1002|oneplustwo_f4_r3_active|rotating|1346362882|8193|8193
1788093882252|1002|oneplustwo_f4_r3|fixed|1346362882|8193|8193
1788093882252|1002|oneplustwo_f4_r3|rotating|1350557186|8193|8193
1788093887286|1002|oneplustwo_f4_r3|fixed|1346362882|8193|8193
1788093887286|1002|oneplustwo_f4_r3|rotating|1350557187|8193|8193
1788093892301|1002|oneplustwo_f4_r3|fixed|1350557187|8193|8193
1788093892301|1002|oneplustwo_f4_r3|rotating|1350557187|8193|8193
1788093897411|1002|oneplustwo_f4_r3_terminal|fixed|1346371075|8193|8193
1788093897411|1002|oneplustwo_f4_r3_terminal|rotating|1346371075|8193|8193
1788093897706|1003|twoplusone_f3_r8_active|fixed|1350557186|8193|8193
1788093897706|1003|twoplusone_f3_r8_active|rotating|1346362882|8193|8193
1788093902861|1003|twoplusone_f3_r8|fixed|1350557186|8193|8193
1788093902861|1003|twoplusone_f3_r8|rotating|1346362882|8193|8193
1788093907834|1003|twoplusone_f3_r8|fixed|1346362883|8193|8193
1788093907834|1003|twoplusone_f3_r8|rotating|1350557186|8193|8193
1788093912850|1003|twoplusone_f3_r8|fixed|1350557187|8193|8193
1788093912850|1003|twoplusone_f3_r8|rotating|1350557187|8193|8193
1788093918000|1003|twoplusone_f3_r8_terminal|fixed|1350565379|8193|8193
1788093918000|1003|twoplusone_f3_r8_terminal|rotating|1350565379|8193|8193
1788093918293|1004|oneplustwo_f8_r3_active|fixed|1350557186|8193|8193
1788093918293|1004|oneplustwo_f8_r3_active|rotating|1350557186|8193|8193
1788093923400|1004|oneplustwo_f8_r3|fixed|1350557186|8193|8193
1788093923400|1004|oneplustwo_f8_r3|rotating|1346362882|8193|8193
1788093928398|1004|oneplustwo_f8_r3|fixed|1350557186|8193|8193
1788093928398|1004|oneplustwo_f8_r3|rotating|1350557187|8193|8193
1788093933433|1004|oneplustwo_f8_r3|fixed|1346362882|8193|8193
1788093933433|1004|oneplustwo_f8_r3|rotating|1346362883|8193|8193
1788093938624|1004|oneplustwo_f8_r3_terminal|fixed|1346371075|8193|8193
1788093938624|1004|oneplustwo_f8_r3_terminal|rotating|1350565379|8193|8193
1788093938916|1005|twoplusone_f5_r2_active|fixed|1346362882|8193|8193
1788093938916|1005|twoplusone_f5_r2_active|rotating|1350557186|8193|8193
1788093944040|1005|twoplusone_f5_r2|fixed|1346362882|8193|8193
1788093944040|1005|twoplusone_f5_r2|rotating|1350557186|8193|8193
1788093949029|1005|twoplusone_f5_r2|fixed|1350557187|8193|8193
1788093949029|1005|twoplusone_f5_r2|rotating|1350557186|8193|8193
1788093954051|1005|twoplusone_f5_r2|fixed|1346362883|8193|8193
1788093954051|1005|twoplusone_f5_r2|rotating|1350557187|8193|8193
1788093959196|1005|twoplusone_f5_r2_terminal|fixed|1346371075|8193|8193
1788093959196|1005|twoplusone_f5_r2_terminal|rotating|1350565379|8193|8193
1788093959496|1006|oneplustwo_f2_r5_active|fixed|1346362882|8193|8193
1788093959496|1006|oneplustwo_f2_r5_active|rotating|1346362882|8193|8193
1788093964643|1006|oneplustwo_f2_r5|fixed|1346362882|8193|8193
1788093964643|1006|oneplustwo_f2_r5|rotating|1350557186|8193|8193
1788093969655|1006|oneplustwo_f2_r5|fixed|1346362882|8193|8193
1788093969655|1006|oneplustwo_f2_r5|rotating|1346362883|8193|8193
1788093974676|1006|oneplustwo_f2_r5|fixed|1350557187|8193|8193
1788093974676|1006|oneplustwo_f2_r5|rotating|1350557187|8193|8193
1788093979800|1006|oneplustwo_f2_r5_terminal|fixed|1346371075|8193|8193
1788093979800|1006|oneplustwo_f2_r5_terminal|rotating|1350565379|8193|8193
1788093980132|1007|twoplusone_f5_r8_active|fixed|1350557186|8193|8193
1788093980132|1007|twoplusone_f5_r8_active|rotating|1350557186|8193|8193
1788093985240|1007|twoplusone_f5_r8|fixed|1350557186|8193|8193
1788093985240|1007|twoplusone_f5_r8|rotating|1346362882|8193|8193
1788093990267|1007|twoplusone_f5_r8|fixed|1350557187|8193|8193
1788093990267|1007|twoplusone_f5_r8|rotating|1350557186|8193|8193
1788093995253|1007|twoplusone_f5_r8|fixed|1346362883|8193|8193
1788093995253|1007|twoplusone_f5_r8|rotating|1350557186|8193|8193
1788094000418|1007|twoplusone_f5_r8_terminal|fixed|1350565379|8193|8193
1788094000418|1007|twoplusone_f5_r8_terminal|rotating|1346371075|8193|8193
1788094000712|1008|oneplustwo_f8_r5_active|fixed|1350557186|8193|8193
1788094000712|1008|oneplustwo_f8_r5_active|rotating|1346362882|8193|8193
1788094005840|1008|oneplustwo_f8_r5|fixed|1346362882|8193|8193
1788094005840|1008|oneplustwo_f8_r5|rotating|1350557186|8193|8193
1788094010827|1008|oneplustwo_f8_r5|fixed|1346362882|8193|8193
1788094010827|1008|oneplustwo_f8_r5|rotating|1346362883|8193|8193
1788094015851|1008|oneplustwo_f8_r5|fixed|1346362882|8193|8193
1788094015851|1008|oneplustwo_f8_r5|rotating|1350557187|8193|8193
1788094021026|1008|oneplustwo_f8_r5_terminal|fixed|1350565379|8193|8193
1788094021026|1008|oneplustwo_f8_r5_terminal|rotating|1350565379|8193|8193
1788094021366|1009|twoplusone_f6_r1_active|fixed|1346362882|8193|8193
1788094021366|1009|twoplusone_f6_r1_active|rotating|1346362882|8193|8193
1788094026489|1009|twoplusone_f6_r1|fixed|1350557186|8193|8193
1788094026489|1009|twoplusone_f6_r1|rotating|1346362882|8193|8193
1788094031490|1009|twoplusone_f6_r1|fixed|1350557187|8193|8193
1788094031490|1009|twoplusone_f6_r1|rotating|1346362882|8193|8193
1788094036500|1009|twoplusone_f6_r1|fixed|1346362883|8193|8193
1788094036500|1009|twoplusone_f6_r1|rotating|1346362883|8193|8193
1788094041647|1009|twoplusone_f6_r1_terminal|fixed|1346371075|8193|8193
1788094041647|1009|twoplusone_f6_r1_terminal|rotating|1350565379|8193|8193
1788094041992|1010|oneplustwo_f1_r6_active|fixed|1350557186|8193|8193
1788094041992|1010|oneplustwo_f1_r6_active|rotating|1346362882|8193|8193
1788094047119|1010|oneplustwo_f1_r6|fixed|1346362882|8193|8193
1788094047119|1010|oneplustwo_f1_r6|rotating|1346362882|8193|8193
1788094052124|1010|oneplustwo_f1_r6|fixed|1346362882|8193|8193
1788094052124|1010|oneplustwo_f1_r6|rotating|1346362883|8193|8193
1788094057129|1010|oneplustwo_f1_r6|fixed|1350557186|8193|8193
1788094057129|1010|oneplustwo_f1_r6|rotating|1346362883|8193|8193
1788094062249|1010|oneplustwo_f1_r6_terminal|fixed|1346371075|8193|8193
1788094062249|1010|oneplustwo_f1_r6_terminal|rotating|1350565379|8193|8193
1788094062531|1011|twoplusone_f6_r8_active|fixed|1346362882|8193|8193
1788094062531|1011|twoplusone_f6_r8_active|rotating|1350557186|8193|8193
1788094067645|1011|twoplusone_f6_r8|fixed|1350557186|8193|8193
1788094067645|1011|twoplusone_f6_r8|rotating|1346362882|8193|8193
1788094072678|1011|twoplusone_f6_r8|fixed|1346362883|8193|8193
1788094072678|1011|twoplusone_f6_r8|rotating|1346362882|8193|8193
1788094077698|1011|twoplusone_f6_r8|fixed|1346362883|8193|8193
1788094077698|1011|twoplusone_f6_r8|rotating|1346362883|8193|8193
1788094082864|1011|twoplusone_f6_r8_terminal|fixed|1346371075|8193|8193
1788094082864|1011|twoplusone_f6_r8_terminal|rotating|1350565379|8193|8193
1788094083139|1012|oneplustwo_f8_r6_active|fixed|1346362882|8193|8193
1788094083139|1012|oneplustwo_f8_r6_active|rotating|1346362882|8193|8193
1788094088275|1012|oneplustwo_f8_r6|fixed|1346362883|8193|8193
1788094088275|1012|oneplustwo_f8_r6|rotating|1346362883|8193|8193
1788094093283|1012|oneplustwo_f8_r6|fixed|1350557186|8193|8193
1788094093283|1012|oneplustwo_f8_r6|rotating|1350557186|8193|8193
1788094098257|1012|oneplustwo_f8_r6|fixed|1350557186|8193|8193
1788094098257|1012|oneplustwo_f8_r6|rotating|1350557186|8193|8193
1788094103462|1012|oneplustwo_f8_r6_terminal|fixed|1346371075|8193|8193
1788094103462|1012|oneplustwo_f8_r6_terminal|rotating|1350565379|8193|8193
1788094103767|1013|twoplusone_f9_r2_active|fixed|1346362882|8193|8193
1788094103767|1013|twoplusone_f9_r2_active|rotating|1350557186|8193|8193
1788094108894|1013|twoplusone_f9_r2|fixed|1346362882|8193|8193
1788094108894|1013|twoplusone_f9_r2|rotating|1346362882|8193|8193
1788094113884|1013|twoplusone_f9_r2|fixed|1350557187|8193|8193
1788094113884|1013|twoplusone_f9_r2|rotating|1346362882|8193|8193
1788094118907|1013|twoplusone_f9_r2|fixed|1350557187|8193|8193
1788094118907|1013|twoplusone_f9_r2|rotating|1350557187|8193|8193
1788094124089|1013|twoplusone_f9_r2_terminal|fixed|1346371075|8193|8193
1788094124089|1013|twoplusone_f9_r2_terminal|rotating|1346371075|8193|8193
1788094124377|1014|oneplustwo_f2_r9_active|fixed|1346362882|8193|8193
1788094124377|1014|oneplustwo_f2_r9_active|rotating|1346362882|8193|8193
1788094129483|1014|oneplustwo_f2_r9|fixed|1350557186|8193|8193
1788094129483|1014|oneplustwo_f2_r9|rotating|1346362882|8193|8193
1788094134509|1014|oneplustwo_f2_r9|fixed|1346362882|8193|8193
1788094134509|1014|oneplustwo_f2_r9|rotating|1350557187|8193|8193
1788094139515|1014|oneplustwo_f2_r9|fixed|1350557186|8193|8193
1788094139515|1014|oneplustwo_f2_r9|rotating|1350557187|8193|8193
1788094144683|1014|oneplustwo_f2_r9_terminal|fixed|1350565379|8193|8193
1788094144683|1014|oneplustwo_f2_r9_terminal|rotating|1346371075|8193|8193
1788094144983|1015|twoplusone_f9_r4_active|fixed|1346362882|8193|8193
1788094144983|1015|twoplusone_f9_r4_active|rotating|1346362882|8193|8193
1788094150127|1015|twoplusone_f9_r4|fixed|1350557186|8193|8193
1788094150127|1015|twoplusone_f9_r4|rotating|1350557186|8193|8193
1788094155141|1015|twoplusone_f9_r4|fixed|1350557187|8193|8193
1788094155141|1015|twoplusone_f9_r4|rotating|1350557186|8193|8193
1788094160133|1015|twoplusone_f9_r4|fixed|1346362883|8193|8193
1788094160133|1015|twoplusone_f9_r4|rotating|1346362883|8193|8193
1788094165282|1015|twoplusone_f9_r4_terminal|fixed|1346371075|8193|8193
1788094165282|1015|twoplusone_f9_r4_terminal|rotating|1350565379|8193|8193
1788094165623|1016|oneplustwo_f4_r9_active|fixed|1346362882|8193|8193
1788094165623|1016|oneplustwo_f4_r9_active|rotating|1350557186|8193|8193
1788094170751|1016|oneplustwo_f4_r9|fixed|1350557186|8193|8193
1788094170751|1016|oneplustwo_f4_r9|rotating|1346362882|8193|8193
1788094175771|1016|oneplustwo_f4_r9|fixed|1350557186|8193|8193
1788094175771|1016|oneplustwo_f4_r9|rotating|1350557186|8193|8193
1788094180783|1016|oneplustwo_f4_r9|fixed|1346362882|8193|8193
1788094180783|1016|oneplustwo_f4_r9|rotating|1346362883|8193|8193
1788094185883|1016|oneplustwo_f4_r9_terminal|fixed|1346371075|8193|8193
1788094185883|1016|oneplustwo_f4_r9_terminal|rotating|1350565379|8193|8193
1788094186200|1017|twoplusone_fA_r1_active|fixed|1350557186|8193|8193
1788094186200|1017|twoplusone_fA_r1_active|rotating|1346362882|8193|8193
1788094191322|1017|twoplusone_fA_r1|fixed|1350557186|8193|8193
1788094191322|1017|twoplusone_fA_r1|rotating|1350557186|8193|8193
1788094196350|1017|twoplusone_fA_r1|fixed|1346362883|8193|8193
1788094196350|1017|twoplusone_fA_r1|rotating|1350557186|8193|8193
1788094201347|1017|twoplusone_fA_r1|fixed|1346362883|8193|8193
1788094201347|1017|twoplusone_fA_r1|rotating|1350557187|8193|8193
1788094206503|1017|twoplusone_fA_r1_terminal|fixed|1350565379|8193|8193
1788094206503|1017|twoplusone_fA_r1_terminal|rotating|1346371075|8193|8193
1788094206790|1018|oneplustwo_f1_rA_active|fixed|1350557186|8193|8193
1788094206790|1018|oneplustwo_f1_rA_active|rotating|1346362882|8193|8193
1788094211912|1018|oneplustwo_f1_rA|fixed|1350557186|8193|8193
1788094211912|1018|oneplustwo_f1_rA|rotating|1346362882|8193|8193
1788094216925|1018|oneplustwo_f1_rA|fixed|1346362882|8193|8193
1788094216925|1018|oneplustwo_f1_rA|rotating|1346362883|8193|8193
1788094221927|1018|oneplustwo_f1_rA|fixed|1350557186|8193|8193
1788094221927|1018|oneplustwo_f1_rA|rotating|1346362883|8193|8193
1788094227075|1018|oneplustwo_f1_rA_terminal|fixed|1346371075|8193|8193
1788094227075|1018|oneplustwo_f1_rA_terminal|rotating|1346371075|8193|8193
1788094227422|1019|twoplusone_fA_r4_active|fixed|1346362882|8193|8193
1788094227422|1019|twoplusone_fA_r4_active|rotating|1346362882|8193|8193
1788094232527|1019|twoplusone_fA_r4|fixed|1350557186|8193|8193
1788094232527|1019|twoplusone_fA_r4|rotating|1346362882|8193|8193
1788094237515|1019|twoplusone_fA_r4|fixed|1346362883|8193|8193
1788094237515|1019|twoplusone_fA_r4|rotating|1346362882|8193|8193
1788094242539|1019|twoplusone_fA_r4|fixed|1350557187|8193|8193
1788094242539|1019|twoplusone_fA_r4|rotating|1350557186|8193|8193
1788094247740|1019|twoplusone_fA_r4_terminal|fixed|1346371075|8193|8193
1788094247740|1019|twoplusone_fA_r4_terminal|rotating|1350565379|8193|8193
1788094247995|1020|oneplustwo_f4_rA_active|fixed|1350557186|8193|8193
1788094247995|1020|oneplustwo_f4_rA_active|rotating|1350557186|8193|8193
1788094253122|1020|oneplustwo_f4_rA|fixed|1350557186|8193|8193
1788094253122|1020|oneplustwo_f4_rA|rotating|1346362882|8193|8193
1788094258114|1020|oneplustwo_f4_rA|fixed|1346362882|8193|8193
1788094258114|1020|oneplustwo_f4_rA|rotating|1350557187|8193|8193
1788094263144|1020|oneplustwo_f4_rA|fixed|1350557186|8193|8193
1788094263144|1020|oneplustwo_f4_rA|rotating|1350557187|8193|8193
1788094268269|1020|oneplustwo_f4_rA_terminal|fixed|1346371075|8193|8193
1788094268269|1020|oneplustwo_f4_rA_terminal|rotating|1346371075|8193|8193
1788094268583|1021|twoplusone_fC_r1_active|fixed|1346362882|8193|8193
1788094268583|1021|twoplusone_fC_r1_active|rotating|1346362882|8193|8193
1788094273726|1021|twoplusone_fC_r1|fixed|1350557186|8193|8193
1788094273726|1021|twoplusone_fC_r1|rotating|1346362882|8193|8193
1788094278731|1021|twoplusone_fC_r1|fixed|1350557187|8193|8193
1788094278731|1021|twoplusone_fC_r1|rotating|1346362882|8193|8193
1788094283726|1021|twoplusone_fC_r1|fixed|1346362883|8193|8193
1788094283726|1021|twoplusone_fC_r1|rotating|1350557187|8193|8193
1788094288848|1021|twoplusone_fC_r1_terminal|fixed|1346371075|8193|8193
1788094288848|1021|twoplusone_fC_r1_terminal|rotating|1350565379|8193|8193
1788094289137|1022|oneplustwo_f1_rC_active|fixed|1350557186|8193|8193
1788094289137|1022|oneplustwo_f1_rC_active|rotating|1346362882|8193|8193
1788094294265|1022|oneplustwo_f1_rC|fixed|1346362882|8193|8193
1788094294265|1022|oneplustwo_f1_rC|rotating|1346362882|8193|8193
1788094299270|1022|oneplustwo_f1_rC|fixed|1350557186|8193|8193
1788094299270|1022|oneplustwo_f1_rC|rotating|1350557187|8193|8193
1788094304265|1022|oneplustwo_f1_rC|fixed|1350557186|8193|8193
1788094304265|1022|oneplustwo_f1_rC|rotating|1346362883|8193|8193
1788094309472|1022|oneplustwo_f1_rC_terminal|fixed|1350565379|8193|8193
1788094309472|1022|oneplustwo_f1_rC_terminal|rotating|1346371075|8193|8193
1788094309782|1023|twoplusone_fC_r2_active|fixed|1350557186|8193|8193
1788094309782|1023|twoplusone_fC_r2_active|rotating|1346362882|8193|8193
1788094314895|1023|twoplusone_fC_r2|fixed|1346362882|8193|8193
1788094314895|1023|twoplusone_fC_r2|rotating|1346362882|8193|8193
1788094319911|1023|twoplusone_fC_r2|fixed|1350557187|8193|8193
1788094319911|1023|twoplusone_fC_r2|rotating|1346362882|8193|8193
1788094324918|1023|twoplusone_fC_r2|fixed|1350557187|8193|8193
1788094324918|1023|twoplusone_fC_r2|rotating|1346362883|8193|8193
1788094330134|1023|twoplusone_fC_r2_terminal|fixed|1350565379|8193|8193
1788094330134|1023|twoplusone_fC_r2_terminal|rotating|1350565379|8193|8193
1788094330431|1024|oneplustwo_f2_rC_active|fixed|1350557186|8193|8193
1788094330431|1024|oneplustwo_f2_rC_active|rotating|1350557186|8193|8193
1788094335589|1024|oneplustwo_f2_rC|fixed|1346362882|8193|8193
1788094335589|1024|oneplustwo_f2_rC|rotating|1350557186|8193|8193
1788094340563|1024|oneplustwo_f2_rC|fixed|1346362882|8193|8193
1788094340563|1024|oneplustwo_f2_rC|rotating|1346362883|8193|8193
1788094345569|1024|oneplustwo_f2_rC|fixed|1350557186|8193|8193
1788094345569|1024|oneplustwo_f2_rC|rotating|1346362883|8193|8193
1788094350766|1024|oneplustwo_f2_rC_terminal|fixed|1350565379|8193|8193
1788094350766|1024|oneplustwo_f2_rC_terminal|rotating|1346371075|8193|8193
1788094351298|1025|P10_5-TWO_PLUS_ONE_endpoint_shutdown_terminal|fixed|1350565379|8193|8193
1788094351298|1025|P10_5-TWO_PLUS_ONE_endpoint_shutdown_terminal|rotating|1346371075|8193|8193
