sample|module|direction|lane_mask|tail_cycles|sender_raw|sender_raw_while_tx|sender_blanked_raw|sender_blanked_frame|sender_blanked_crc_valid|sender_local_source_reject|sender_accepted_remote|receiver_raw|receiver_accepted_remote|sender_last_txd_rise|sender_last_txd_fall|sender_first_rxd_after_tx|sender_last_rxd_after_tx|sender_overlap_violation|sender_admission_violation|sender_non_target_accepted|sender_cross_lane_accepted|receiver_overlap_violation|receiver_admission_violation|receiver_non_target_accepted|receiver_cross_lane_accepted
0|R1|1|2|0|1|1|1|0|0|0|0|1|0|1996227653|1996227658|0|0|0|0|0|0|0|0|0|0
1|R1|1|2|0|1|1|1|0|0|0|0|1|0|2004852999|2004853004|0|0|0|0|0|0|0|0|0|0
2|R1|1|2|0|1|1|1|0|0|0|0|1|0|2012100098|2012100103|0|0|0|0|0|0|0|0|0|0
3|R1|1|2|0|1|1|1|0|0|0|0|1|0|2019305496|2019305501|0|0|0|0|0|0|0|0|0|0
4|R1|1|2|0|1|1|1|0|0|0|0|1|0|2025823091|2025823096|0|0|0|0|0|0|0|0|0|0
5|R1|1|2|0|1|1|1|0|0|0|0|1|0|2033587649|2033587654|0|0|0|0|0|0|0|0|0|0
6|R1|1|2|0|1|1|1|0|0|0|0|1|0|2041991242|2041991247|0|0|0|0|0|0|0|0|0|0
7|R1|1|2|0|1|1|1|0|0|0|0|1|0|2050131543|2050131548|0|0|0|0|0|0|0|0|0|0
8|R1|1|2|0|1|1|1|0|0|0|0|1|0|2057738370|2057738375|0|0|0|0|0|0|0|0|0|0
9|R1|1|2|0|1|1|1|0|0|0|0|1|0|2065094547|2065094552|0|0|0|0|0|0|0|0|0|0
10|R1|1|2|0|1|1|1|0|0|0|0|1|0|2073205758|2073205763|0|0|0|0|0|0|0|0|0|0
11|R1|1|2|0|1|1|1|0|0|0|0|1|0|2083106607|2083106612|0|0|0|0|0|0|0|0|0|0
12|R1|1|2|0|1|1|1|0|0|0|0|1|0|2091076455|2091076460|0|0|0|0|0|0|0|0|0|0
13|R1|1|2|0|1|1|1|0|0|0|0|1|0|2098526136|2098526141|0|0|0|0|0|0|0|0|0|0
14|R1|1|2|0|1|1|1|0|0|0|0|1|0|2106656956|2106656961|0|0|0|0|0|0|0|0|0|0
15|R1|1|2|0|1|1|1|0|0|0|0|1|0|2115632458|2115632463|0|0|0|0|0|0|0|0|0|0
16|R1|1|2|0|1|1|1|0|0|0|0|1|0|2122975882|2122975887|0|0|0|0|0|0|0|0|0|0
17|R1|1|2|0|1|1|1|0|0|0|0|1|0|2129933844|2129933849|0|0|0|0|0|0|0|0|0|0
18|R1|1|2|0|1|1|1|0|0|0|0|1|0|2137624526|2137624531|0|0|0|0|0|0|0|0|0|0
19|R1|1|2|0|1|1|1|0|0|0|0|1|0|2146024930|2146024935|0|0|0|0|0|0|0|0|0|0
20|R1|1|2|0|1|1|1|0|0|0|0|1|0|2153519627|2153519632|0|0|0|0|0|0|0|0|0|0
21|R1|1|2|0|1|1|1|0|0|0|0|1|0|2161476805|2161476810|0|0|0|0|0|0|0|0|0|0
22|R1|1|2|0|1|1|1|0|0|0|0|1|0|2168720567|2168720572|0|0|0|0|0|0|0|0|0|0
23|R1|1|2|0|1|1|1|0|0|0|0|1|0|2177069587|2177069592|0|0|0|0|0|0|0|0|0|0
24|R1|1|2|0|1|1|1|0|0|0|0|1|0|2183792848|2183792853|0|0|0|0|0|0|0|0|0|0
25|R1|1|2|0|1|1|1|0|0|0|0|1|0|2191309726|2191309731|0|0|0|0|0|0|0|0|0|0
26|R1|1|2|0|1|1|1|0|0|0|0|1|0|2198858876|2198858881|0|0|0|0|0|0|0|0|0|0
27|R1|1|2|0|1|1|1|0|0|0|0|1|0|2207963059|2207963064|0|0|0|0|0|0|0|0|0|0
28|R1|1|2|0|1|1|1|0|0|0|0|1|0|2215075096|2215075101|0|0|0|0|0|0|0|0|0|0
29|R1|1|2|0|1|1|1|0|0|0|0|1|0|2223157447|2223157452|0|0|0|0|0|0|0|0|0|0
30|R1|1|2|0|1|1|1|0|0|0|0|1|0|2230976340|2230976345|0|0|0|0|0|0|0|0|0|0
31|R1|1|2|0|1|1|1|0|0|0|0|1|0|2238734164|2238734169|0|0|0|0|0|0|0|0|0|0
32|R1|1|2|0|1|1|1|0|0|0|0|1|0|2246665491|2246665496|0|0|0|0|0|0|0|0|0|0
33|R1|1|2|0|1|1|1|0|0|0|0|1|0|2253941377|2253941382|0|0|0|0|0|0|0|0|0|0
34|R1|1|2|0|1|1|1|0|0|0|0|1|0|2261856641|2261856646|0|0|0|0|0|0|0|0|0|0
35|R1|1|2|0|1|1|1|0|0|0|0|1|0|2270655623|2270655628|0|0|0|0|0|0|0|0|0|0
36|R1|1|2|0|1|1|1|0|0|0|0|1|0|2278468062|2278468067|0|0|0|0|0|0|0|0|0|0
37|R1|1|2|0|1|1|1|0|0|0|0|1|0|2286351516|2286351521|0|0|0|0|0|0|0|0|0|0
38|R1|1|2|0|1|1|1|0|0|0|0|1|0|2294456654|2294456659|0|0|0|0|0|0|0|0|0|0
39|R1|1|2|0|1|1|1|0|0|0|0|1|0|2304457089|2304457094|0|0|0|0|0|0|0|0|0|0
40|R1|1|2|0|1|1|1|0|0|0|0|1|0|2311684921|2311684926|0|0|0|0|0|0|0|0|0|0
41|R1|1|2|0|1|1|1|0|0|0|0|1|0|2318851571|2318851576|0|0|0|0|0|0|0|0|0|0
42|R1|1|2|0|1|1|1|0|0|0|0|1|0|2326773241|2326773246|0|0|0|0|0|0|0|0|0|0
43|R1|1|2|0|1|1|1|0|0|0|0|1|0|2335045143|2335045148|0|0|0|0|0|0|0|0|0|0
44|R1|1|2|0|1|1|1|0|0|0|0|1|0|2342259987|2342259992|0|0|0|0|0|0|0|0|0|0
45|R1|1|2|0|1|1|1|0|0|0|0|1|0|2349497496|2349497501|0|0|0|0|0|0|0|0|0|0
46|R1|1|2|0|1|1|1|0|0|0|0|1|0|2358980679|2358980684|0|0|0|0|0|0|0|0|0|0
47|R1|1|2|0|1|1|1|0|0|0|0|1|0|2366577879|2366577884|0|0|0|0|0|0|0|0|0|0
48|R1|1|2|0|1|1|1|0|0|0|0|1|0|2374371042|2374371047|0|0|0|0|0|0|0|0|0|0
49|R1|1|2|0|1|1|1|0|0|0|0|1|0|2381518585|2381518590|0|0|0|0|0|0|0|0|0|0
50|R1|1|2|0|1|1|1|0|0|0|0|1|0|2387927006|2387927011|0|0|0|0|0|0|0|0|0|0
51|R1|1|2|0|1|1|1|0|0|0|0|1|0|2396571603|2396571608|0|0|0|0|0|0|0|0|0|0
52|R1|1|2|0|1|1|1|0|0|0|0|1|0|2402729647|2402729652|0|0|0|0|0|0|0|0|0|0
53|R1|1|2|0|1|1|1|0|0|0|0|1|0|2410741555|2410741560|0|0|0|0|0|0|0|0|0|0
54|R1|1|2|0|1|1|1|0|0|0|0|1|0|2418962392|2418962397|0|0|0|0|0|0|0|0|0|0
55|R1|1|2|0|1|1|1|0|0|0|0|1|0|2428448835|2428448840|0|0|0|0|0|0|0|0|0|0
56|R1|1|2|0|1|1|1|0|0|0|0|1|0|2436210200|2436210205|0|0|0|0|0|0|0|0|0|0
57|R1|1|2|0|1|1|1|0|0|0|0|1|0|2443646986|2443646991|0|0|0|0|0|0|0|0|0|0
58|R1|1|2|0|1|1|1|0|0|0|0|1|0|2451093153|2451093158|0|0|0|0|0|0|0|0|0|0
59|R1|1|2|0|1|1|1|0|0|0|0|1|0|2460010846|2460010851|0|0|0|0|0|0|0|0|0|0
60|R1|1|2|0|1|1|1|0|0|0|0|1|0|2466981620|2466981625|0|0|0|0|0|0|0|0|0|0
61|R1|1|2|0|1|1|1|0|0|0|0|1|0|2474247855|2474247860|0|0|0|0|0|0|0|0|0|0
62|R1|1|2|0|1|1|1|0|0|0|0|1|0|2481687598|2481687603|0|0|0|0|0|0|0|0|0|0
63|R1|1|2|0|1|1|1|0|0|0|0|1|0|2491482643|2491482648|0|0|0|0|0|0|0|0|0|0
64|R1|1|2|0|1|1|1|0|0|0|0|1|0|2498880952|2498880957|0|0|0|0|0|0|0|0|0|0
65|R1|1|2|0|1|1|1|0|0|0|0|1|0|2505652409|2505652414|0|0|0|0|0|0|0|0|0|0
66|R1|1|2|0|1|1|1|0|0|0|0|1|0|2512944687|2512944692|0|0|0|0|0|0|0|0|0|0
67|R1|1|2|0|1|1|1|0|0|0|0|1|0|2520548290|2520548295|0|0|0|0|0|0|0|0|0|0
68|R1|1|2|0|1|1|1|0|0|0|0|1|0|2527779361|2527779366|0|0|0|0|0|0|0|0|0|0
69|R1|1|2|0|1|1|1|0|0|0|0|1|0|2534868906|2534868911|0|0|0|0|0|0|0|0|0|0
70|R1|1|2|0|1|1|1|0|0|0|0|1|0|2540956039|2540956044|0|0|0|0|0|0|0|0|0|0
71|R1|1|2|0|1|1|1|0|0|0|0|1|0|2548318999|2548319004|0|0|0|0|0|0|0|0|0|0
72|R1|1|2|0|1|1|1|0|0|0|0|1|0|2557596889|2557596894|0|0|0|0|0|0|0|0|0|0
73|R1|1|2|0|1|1|1|0|0|0|0|1|0|2565679214|2565679219|0|0|0|0|0|0|0|0|0|0
74|R1|1|2|0|1|1|1|0|0|0|0|1|0|2573800423|2573800428|0|0|0|0|0|0|0|0|0|0
75|R1|1|2|0|1|1|1|0|0|0|0|1|0|2582522871|2582522876|0|0|0|0|0|0|0|0|0|0
76|R1|1|2|0|1|1|1|0|0|0|0|1|0|2589027655|2589027660|0|0|0|0|0|0|0|0|0|0
77|R1|1|2|0|1|1|1|0|0|0|0|1|0|2596917223|2596917228|0|0|0|0|0|0|0|0|0|0
78|R1|1|2|0|1|1|1|0|0|0|0|1|0|2604829825|2604829830|0|0|0|0|0|0|0|0|0|0
79|R1|1|2|0|1|1|1|0|0|0|0|1|0|2611286419|2611286424|0|0|0|0|0|0|0|0|0|0
80|R1|1|2|0|1|1|1|0|0|0|0|1|0|2620849898|2620849903|0|0|0|0|0|0|0|0|0|0
81|R1|1|2|0|1|1|1|0|0|0|0|1|0|2628778306|2628778311|0|0|0|0|0|0|0|0|0|0
82|R1|1|2|0|1|1|1|0|0|0|0|1|0|2636989406|2636989411|0|0|0|0|0|0|0|0|0|0
83|R1|1|2|0|1|1|1|0|0|0|0|1|0|2645836487|2645836492|0|0|0|0|0|0|0|0|0|0
84|R1|1|2|0|1|1|1|0|0|0|0|1|0|2651599123|2651599128|0|0|0|0|0|0|0|0|0|0
85|R1|1|2|0|1|1|1|0|0|0|0|1|0|2659035667|2659035672|0|0|0|0|0|0|0|0|0|0
86|R1|1|2|0|1|1|1|0|0|0|0|1|0|2666282645|2666282650|0|0|0|0|0|0|0|0|0|0
87|R1|1|2|0|1|1|1|0|0|0|0|1|0|2673253300|2673253305|0|0|0|0|0|0|0|0|0|0
88|R1|1|2|0|1|1|1|0|0|0|0|1|0|2681493066|2681493071|0|0|0|0|0|0|0|0|0|0
89|R1|1|2|0|1|1|1|0|0|0|0|1|0|2689896677|2689896682|0|0|0|0|0|0|0|0|0|0
90|R1|1|2|0|1|1|1|0|0|0|0|1|0|2697917977|2697917982|0|0|0|0|0|0|0|0|0|0
91|R1|1|2|0|1|1|1|0|0|0|0|1|0|2706212359|2706212364|0|0|0|0|0|0|0|0|0|0
92|R1|1|2|0|1|1|1|0|0|0|0|1|0|2715171810|2715171815|0|0|0|0|0|0|0|0|0|0
93|R1|1|2|0|1|1|1|0|0|0|0|1|0|2723794775|2723794780|0|0|0|0|0|0|0|0|0|0
94|R1|1|2|0|1|1|1|0|0|0|0|1|0|2731106021|2731106026|0|0|0|0|0|0|0|0|0|0
95|R1|1|2|0|1|1|1|0|0|0|0|1|0|2739136924|2739136929|0|0|0|0|0|0|0|0|0|0
96|R1|1|2|0|1|1|1|0|0|0|0|1|0|2747781505|2747781510|0|0|0|0|0|0|0|0|0|0
97|R1|1|2|0|1|1|1|0|0|0|0|1|0|2755330616|2755330621|0|0|0|0|0|0|0|0|0|0
98|R1|1|2|0|1|1|1|0|0|0|0|1|0|2762506908|2762506913|0|0|0|0|0|0|0|0|0|0
99|R1|1|2|0|1|1|1|0|0|0|0|1|0|2769943425|2769943430|0|0|0|0|0|0|0|0|0|0
100|R1|1|2|0|1|1|1|0|0|0|0|1|0|2779638654|2779638659|0|0|0|0|0|0|0|0|0|0
101|R1|1|2|0|1|1|1|0|0|0|0|1|0|2788007242|2788007247|0|0|0|0|0|0|0|0|0|0
102|R1|1|2|0|1|1|1|0|0|0|0|1|0|2795890355|2795890360|0|0|0|0|0|0|0|0|0|0
103|R1|1|2|0|1|1|1|0|0|0|0|1|0|2802193013|2802193018|0|0|0|0|0|0|0|0|0|0
104|R1|1|2|0|1|1|1|0|0|0|0|1|0|2811220108|2811220113|0|0|0|0|0|0|0|0|0|0
105|R1|1|2|0|1|1|1|0|0|0|0|1|0|2817313788|2817313793|0|0|0|0|0|0|0|0|0|0
106|R1|1|2|0|1|1|1|0|0|0|0|1|0|2823542686|2823542691|0|0|0|0|0|0|0|0|0|0
107|R1|1|2|0|1|1|1|0|0|0|0|1|0|2829408439|2829408444|0|0|0|0|0|0|0|0|0|0
108|R1|1|2|0|1|1|1|0|0|0|0|1|0|2836864263|2836864268|0|0|0|0|0|0|0|0|0|0
109|R1|1|2|0|1|1|1|0|0|0|0|1|0|2844795841|2844795846|0|0|0|0|0|0|0|0|0|0
110|R1|1|2|0|1|1|1|0|0|0|0|1|0|2851156042|2851156047|0|0|0|0|0|0|0|0|0|0
111|R1|1|2|0|1|1|1|0|0|0|0|1|0|2858081857|2858081862|0|0|0|0|0|0|0|0|0|0
112|R1|1|2|0|1|1|1|0|0|0|0|1|0|2866074238|2866074243|0|0|0|0|0|0|0|0|0|0
113|R1|1|2|0|1|1|1|0|0|0|0|1|0|2872948503|2872948508|0|0|0|0|0|0|0|0|0|0
114|R1|1|2|0|1|1|1|0|0|0|0|1|0|2880327480|2880327485|0|0|0|0|0|0|0|0|0|0
115|R1|1|2|0|1|1|1|0|0|0|0|1|0|2888441967|2888441972|0|0|0|0|0|0|0|0|0|0
116|R1|1|2|0|1|1|1|0|0|0|0|1|0|2896485999|2896486004|0|0|0|0|0|0|0|0|0|0
117|R1|1|2|0|1|1|1|0|0|0|0|1|0|2905763554|2905763559|0|0|0|0|0|0|0|0|0|0
118|R1|1|2|0|1|1|1|0|0|0|0|1|0|2913913363|2913913368|0|0|0|0|0|0|0|0|0|0
119|R1|1|2|0|1|1|1|0|0|0|0|1|0|2922175600|2922175605|0|0|0|0|0|0|0|0|0|0
120|R1|1|2|0|1|1|1|0|0|0|0|1|0|2930570236|2930570241|0|0|0|0|0|0|0|0|0|0
121|R1|1|2|0|1|1|1|0|0|0|0|1|0|2937145971|2937145976|0|0|0|0|0|0|0|0|0|0
122|R1|1|2|0|1|1|1|0|0|0|0|1|0|2945376408|2945376413|0|0|0|0|0|0|0|0|0|0
123|R1|1|2|0|1|1|1|0|0|0|0|1|0|2953680427|2953680432|0|0|0|0|0|0|0|0|0|0
124|R1|1|2|0|1|1|1|0|0|0|0|1|0|2962187498|2962187503|0|0|0|0|0|0|0|0|0|0
125|R1|1|2|0|1|1|1|0|0|0|0|1|0|2969656167|2969656172|0|0|0|0|0|0|0|0|0|0
126|R1|1|2|0|1|1|1|0|0|0|0|1|0|2977635705|2977635710|0|0|0|0|0|0|0|0|0|0
127|R1|1|2|0|1|1|1|0|0|0|0|1|0|2984940572|2984940577|0|0|0|0|0|0|0|0|0|0
128|R1|1|2|0|1|1|1|0|0|0|0|1|0|2993823722|2993823727|0|0|0|0|0|0|0|0|0|0
129|R1|1|2|0|1|1|1|0|0|0|0|1|0|3000000919|3000000924|0|0|0|0|0|0|0|0|0|0
130|R1|1|2|0|1|1|1|0|0|0|0|1|0|3007100087|3007100092|0|0|0|0|0|0|0|0|0|0
131|R1|1|2|0|1|1|1|0|0|0|0|1|0|3014556211|3014556216|0|0|0|0|0|0|0|0|0|0
132|R1|1|2|0|1|1|1|0|0|0|0|1|0|3023306899|3023306904|0|0|0|0|0|0|0|0|0|0
133|R1|1|2|0|1|1|1|0|0|0|0|1|0|3031556426|3031556431|0|0|0|0|0|0|0|0|0|0
134|R1|1|2|0|1|1|1|0|0|0|0|1|0|3038777683|3038777688|0|0|0|0|0|0|0|0|0|0
135|R1|1|2|0|1|1|1|0|0|0|0|1|0|3046795754|3046795759|0|0|0|0|0|0|0|0|0|0
136|R1|1|2|0|1|1|1|0|0|0|0|1|0|3052882885|3052882890|0|0|0|0|0|0|0|0|0|0
137|R1|1|2|0|1|1|1|0|0|0|0|1|0|3062019086|3062019091|0|0|0|0|0|0|0|0|0|0
138|R1|1|2|0|1|1|1|0|0|0|0|1|0|3069185866|3069185871|0|0|0|0|0|0|0|0|0|0
139|R1|1|2|0|1|1|1|0|0|0|0|1|0|3076262535|3076262540|0|0|0|0|0|0|0|0|0|0
140|R1|1|2|0|1|1|1|0|0|0|0|1|0|3083622250|3083622255|0|0|0|0|0|0|0|0|0|0
141|R1|1|2|0|1|1|1|0|0|0|0|1|0|3092334295|3092334300|0|0|0|0|0|0|0|0|0|0
142|R1|1|2|0|1|1|1|0|0|0|0|1|0|3098623851|3098623856|0|0|0|0|0|0|0|0|0|0
143|R1|1|2|0|1|1|1|0|0|0|0|1|0|3106635504|3106635509|0|0|0|0|0|0|0|0|0|0
144|R1|1|2|0|1|1|1|0|0|0|0|1|0|3113815312|3113815317|0|0|0|0|0|0|0|0|0|0
145|R1|1|2|0|1|1|1|0|0|0|0|1|0|3122042539|3122042544|0|0|0|0|0|0|0|0|0|0
146|R1|1|2|0|1|1|1|0|0|0|0|1|0|3129977072|3129977077|0|0|0|0|0|0|0|0|0|0
147|R1|1|2|0|1|1|1|0|0|0|0|1|0|3137034466|3137034471|0|0|0|0|0|0|0|0|0|0
148|R1|1|2|0|1|1|1|0|0|0|0|1|0|3144557738|3144557743|0|0|0|0|0|0|0|0|0|0
149|R1|1|2|0|1|1|1|0|0|0|0|1|0|3154201559|3154201564|0|0|0|0|0|0|0|0|0|0
150|R1|1|2|0|1|1|1|0|0|0|0|1|0|3162583612|3162583617|0|0|0|0|0|0|0|0|0|0
151|R1|1|2|0|1|1|1|0|0|0|0|1|0|3170370487|3170370492|0|0|0|0|0|0|0|0|0|0
152|R1|1|2|0|1|1|1|0|0|0|0|1|0|3177710639|3177710644|0|0|0|0|0|0|0|0|0|0
153|R1|1|2|0|1|1|1|0|0|0|0|1|0|3185899006|3185899011|0|0|0|0|0|0|0|0|0|0
154|R1|1|2|0|1|1|1|0|0|0|0|1|0|3194229016|3194229021|0|0|0|0|0|0|0|0|0|0
155|R1|1|2|0|1|1|1|0|0|0|0|1|0|3202469086|3202469091|0|0|0|0|0|0|0|0|0|0
156|R1|1|2|0|1|1|1|0|0|0|0|1|0|3210124382|3210124387|0|0|0|0|0|0|0|0|0|0
157|R1|1|2|0|1|1|1|0|0|0|0|1|0|3218441246|3218441251|0|0|0|0|0|0|0|0|0|0
158|R1|1|2|0|1|1|1|0|0|0|0|1|0|3226211932|3226211937|0|0|0|0|0|0|0|0|0|0
159|R1|1|2|0|1|1|1|0|0|0|0|1|0|3233870135|3233870140|0|0|0|0|0|0|0|0|0|0
160|R1|1|2|0|1|1|1|0|0|0|0|1|0|3241936403|3241936408|0|0|0|0|0|0|0|0|0|0
161|R1|1|2|0|1|1|1|0|0|0|0|1|0|3251043955|3251043960|0|0|0|0|0|0|0|0|0|0
162|R1|1|2|0|1|1|1|0|0|0|0|1|0|3259184107|3259184112|0|0|0|0|0|0|0|0|0|0
163|R1|1|2|0|1|1|1|0|0|0|0|1|0|3267411009|3267411014|0|0|0|0|0|0|0|0|0|0
164|R1|1|2|0|1|1|1|0|0|0|0|1|0|3276339196|3276339201|0|0|0|0|0|0|0|0|0|0
165|R1|1|2|0|1|1|1|0|0|0|0|1|0|3282448791|3282448796|0|0|0|0|0|0|0|0|0|0
166|R1|1|2|0|1|1|1|0|0|0|0|1|0|3289670058|3289670063|0|0|0|0|0|0|0|0|0|0
167|R1|1|2|0|1|1|1|0|0|0|0|1|0|3298417497|3298417502|0|0|0|0|0|0|0|0|0|0
168|R1|1|2|0|1|1|1|0|0|0|0|1|0|3306580942|3306580947|0|0|0|0|0|0|0|0|0|0
169|R1|1|2|0|1|1|1|0|0|0|0|1|0|3313827888|3313827893|0|0|0|0|0|0|0|0|0|0
170|R1|1|2|0|1|1|1|0|0|0|0|1|0|3321100884|3321100889|0|0|0|0|0|0|0|0|0|0
171|R1|1|2|0|1|1|1|0|0|0|0|1|0|3328730488|3328730493|0|0|0|0|0|0|0|0|0|0
172|R1|1|2|0|1|1|1|0|0|0|0|1|0|3336073826|3336073831|0|0|0|0|0|0|0|0|0|0
173|R1|1|2|0|1|1|1|0|0|0|0|1|0|3344362078|3344362083|0|0|0|0|0|0|0|0|0|0
174|R1|1|2|0|1|1|1|0|0|0|0|1|0|3352402867|3352402872|0|0|0|0|0|0|0|0|0|0
175|R1|1|2|0|1|1|1|0|0|0|0|1|0|3360334168|3360334173|0|0|0|0|0|0|0|0|0|0
176|R1|1|2|0|1|1|1|0|0|0|0|1|0|3369062942|3369062947|0|0|0|0|0|0|0|0|0|0
177|R1|1|2|0|1|1|1|0|0|0|0|1|0|3375487425|3375487430|0|0|0|0|0|0|0|0|0|0
178|R1|1|2|0|1|1|1|0|0|0|0|1|0|3382663731|3382663736|0|0|0|0|0|0|0|0|0|0
179|R1|1|2|0|1|1|1|0|0|0|0|1|0|3389981377|3389981382|0|0|0|0|0|0|0|0|0|0
180|R1|1|2|0|1|1|1|0|0|0|0|1|0|3397861491|3397861496|0|0|0|0|0|0|0|0|0|0
181|R1|1|2|0|1|1|1|0|0|0|0|1|0|3407765543|3407765548|0|0|0|0|0|0|0|0|0|0
182|R1|1|2|0|1|1|1|0|0|0|0|1|0|3414868055|3414868060|0|0|0|0|0|0|0|0|0|0
183|R1|1|2|0|1|1|1|0|0|0|0|1|0|3420977642|3420977647|0|0|0|0|0|0|0|0|0|0
184|R1|1|2|0|1|1|1|0|0|0|0|1|0|3427582071|3427582076|0|0|0|0|0|0|0|0|0|0
185|R1|1|2|0|1|1|1|0|0|0|0|1|0|3437206611|3437206616|0|0|0|0|0|0|0|0|0|0
186|R1|1|2|0|1|1|1|0|0|0|0|1|0|3444386247|3444386252|0|0|0|0|0|0|0|0|0|0
187|R1|1|2|0|1|1|1|0|0|0|0|1|0|3451581797|3451581802|0|0|0|0|0|0|0|0|0|0
188|R1|1|2|0|1|1|1|0|0|0|0|1|0|3458787152|3458787157|0|0|0|0|0|0|0|0|0|0
189|R1|1|2|0|1|1|1|0|0|0|0|1|0|3467701930|3467701935|0|0|0|0|0|0|0|0|0|0
190|R1|1|2|0|1|1|1|0|0|0|0|1|0|3474813972|3474813977|0|0|0|0|0|0|0|0|0|0
191|R1|1|2|0|1|1|1|0|0|0|0|1|0|3482408207|3482408212|0|0|0|0|0|0|0|0|0|0
192|R1|1|2|0|1|1|1|0|0|0|0|1|0|3490346095|3490346100|0|0|0|0|0|0|0|0|0|0
193|R1|1|2|0|1|1|1|0|0|0|0|1|0|3498074999|3498075004|0|0|0|0|0|0|0|0|0|0
194|R1|1|2|0|1|1|1|0|0|0|0|1|0|3505952033|3505952038|0|0|0|0|0|0|0|0|0|0
195|R1|1|2|0|1|1|1|0|0|0|0|1|0|3513873858|3513873863|0|0|0|0|0|0|0|0|0|0
196|R1|1|2|0|1|1|1|0|0|0|0|1|0|3520963380|3520963385|0|0|0|0|0|0|0|0|0|0
197|R1|1|2|0|1|1|1|0|0|0|0|1|0|3529922940|3529922945|0|0|0|0|0|0|0|0|0|0
198|R1|1|2|0|1|1|1|0|0|0|0|1|0|3537234471|3537234476|0|0|0|0|0|0|0|0|0|0
199|R1|1|2|0|1|1|1|0|0|0|0|1|0|3544539260|3544539265|0|0|0|0|0|0|0|0|0|0
200|R1|1|2|0|1|1|1|0|0|0|0|1|0|3552528408|3552528413|0|0|0|0|0|0|0|0|0|0
201|R1|1|2|0|1|1|1|0|0|0|0|1|0|3561417300|3561417305|0|0|0|0|0|0|0|0|0|0
202|R1|1|2|0|1|1|1|0|0|0|0|1|0|3567581514|3567581519|0|0|0|0|0|0|0|0|0|0
203|R1|1|2|0|1|1|1|0|0|0|0|1|0|3575172257|3575172262|0|0|0|0|0|0|0|0|0|0
204|R1|1|2|0|1|1|1|0|0|0|0|1|0|3583428103|3583428108|0|0|0|0|0|0|0|0|0|0
205|R1|1|2|0|1|1|1|0|0|0|0|1|0|3592005204|3592005209|0|0|0|0|0|0|0|0|0|0
206|R1|1|2|0|1|1|1|0|0|0|0|1|0|3598998346|3598998351|0|0|0|0|0|0|0|0|0|0
207|R1|1|2|0|1|1|1|0|0|0|0|1|0|3604536039|3604536044|0|0|0|0|0|0|0|0|0|0
208|R1|1|2|0|1|1|1|0|0|0|0|1|0|3612274721|3612274726|0|0|0|0|0|0|0|0|0|0
209|R1|1|2|0|1|1|1|0|0|0|0|1|0|3619316071|3619316076|0|0|0|0|0|0|0|0|0|0
210|R1|1|2|0|1|1|1|0|0|0|0|1|0|3627578608|3627578613|0|0|0|0|0|0|0|0|0|0
211|R1|1|2|0|1|1|1|0|0|0|0|1|0|3635821898|3635821903|0|0|0|0|0|0|0|0|0|0
212|R1|1|2|0|1|1|1|0|0|0|0|1|0|3643942755|3643942760|0|0|0|0|0|0|0|0|0|0
213|R1|1|2|0|1|1|1|0|0|0|0|1|0|3652453034|3652453039|0|0|0|0|0|0|0|0|0|0
214|R1|1|2|0|1|1|1|0|0|0|0|1|0|3668098612|3668098617|0|0|0|0|0|0|0|0|0|0
215|R1|1|2|0|1|1|1|0|0|0|0|1|0|3674851032|3674851037|0|0|0|0|0|0|0|0|0|0
216|R1|1|2|0|1|1|1|0|0|0|0|1|0|3682184755|3682184760|0|0|0|0|0|0|0|0|0|0
217|R1|1|2|0|1|1|1|0|0|0|0|1|0|3691401246|3691401251|0|0|0|0|0|0|0|0|0|0
218|R1|1|2|0|1|1|1|0|0|0|0|1|0|3697465863|3697465868|0|0|0|0|0|0|0|0|0|0
219|R1|1|2|0|1|1|1|0|0|0|0|1|0|3704854520|3704854525|0|0|0|0|0|0|0|0|0|0
220|R1|1|2|0|1|1|1|0|0|0|0|1|0|3711497464|3711497469|0|0|0|0|0|0|0|0|0|0
221|R1|1|2|0|1|1|1|0|0|0|0|1|0|3720713972|3720713977|0|0|0|0|0|0|0|0|0|0
222|R1|1|2|0|1|1|1|0|0|0|0|1|0|3728041244|3728041249|0|0|0|0|0|0|0|0|0|0
223|R1|1|2|0|1|1|1|0|0|0|0|1|0|3736595879|3736595884|0|0|0|0|0|0|0|0|0|0
224|R1|1|2|0|1|1|1|0|0|0|0|1|0|3745034855|3745034860|0|0|0|0|0|0|0|0|0|0
225|R1|1|2|0|1|1|1|0|0|0|0|1|0|3754418415|3754418420|0|0|0|0|0|0|0|0|0|0
226|R1|1|2|0|1|1|1|0|0|0|0|1|0|3761189872|3761189877|0|0|0|0|0|0|0|0|0|0
227|R1|1|2|0|1|1|1|0|0|0|0|1|0|3767495425|3767495430|0|0|0|0|0|0|0|0|0|0
228|R1|1|2|0|1|1|1|0|0|0|0|1|0|3773299783|3773299788|0|0|0|0|0|0|0|0|0|0
229|R1|1|2|0|1|1|1|0|0|0|0|1|0|3782236810|3782236815|0|0|0|0|0|0|0|0|0|0
230|R1|1|2|0|1|1|1|0|0|0|0|1|0|3788693391|3788693396|0|0|0|0|0|0|0|0|0|0
231|R1|1|2|0|1|1|1|0|0|0|0|1|0|3796640773|3796640778|0|0|0|0|0|0|0|0|0|0
232|R1|1|2|0|1|1|1|0|0|0|0|1|0|3804809943|3804809948|0|0|0|0|0|0|0|0|0|0
233|R1|1|2|0|1|1|1|0|0|0|0|1|0|3813731038|3813731043|0|0|0|0|0|0|0|0|0|0
234|R1|1|2|0|1|1|1|0|0|0|0|1|0|3821504965|3821504970|0|0|0|0|0|0|0|0|0|0
235|R1|1|2|0|1|1|1|0|0|0|0|1|0|3828163964|3828163969|0|0|0|0|0|0|0|0|0|0
236|R1|1|2|0|1|1|1|0|0|0|0|1|0|3835783649|3835783654|0|0|0|0|0|0|0|0|0|0
237|R1|1|2|0|1|1|1|0|0|0|0|1|0|3844621566|3844621571|0|0|0|0|0|0|0|0|0|0
238|R1|1|2|0|1|1|1|0|0|0|0|1|0|3852594791|3852594796|0|0|0|0|0|0|0|0|0|0
239|R1|1|2|0|1|1|1|0|0|0|0|1|0|3858826451|3858826456|0|0|0|0|0|0|0|0|0|0
240|R1|1|2|0|1|1|1|0|0|0|0|1|0|3866819033|3866819038|0|0|0|0|0|0|0|0|0|0
241|R1|1|2|0|1|1|1|0|0|0|0|1|0|3876504748|3876504753|0|0|0|0|0|0|0|0|0|0
242|R1|1|2|0|1|1|1|0|0|0|0|1|0|3884333255|3884333260|0|0|0|0|0|0|0|0|0|0
243|R1|1|2|0|1|1|1|0|0|0|0|1|0|3892858967|3892858972|0|0|0|0|0|0|0|0|0|0
244|R1|1|2|0|1|1|1|0|0|0|0|1|0|3900671393|3900671398|0|0|0|0|0|0|0|0|0|0
245|R1|1|2|0|1|1|1|0|0|0|0|1|0|3910170638|3910170643|0|0|0|0|0|0|0|0|0|0
246|R1|1|2|0|1|1|1|0|0|0|0|1|0|3917597701|3917597706|0|0|0|0|0|0|0|0|0|0
247|R1|1|2|0|1|1|1|0|0|0|0|1|0|3925783146|3925783151|0|0|0|0|0|0|0|0|0|0
248|R1|1|2|0|1|1|1|0|0|0|0|1|0|3933663060|3933663065|0|0|0|0|0|0|0|0|0|0
249|R1|1|2|0|1|1|1|0|0|0|0|1|0|3942799339|3942799344|0|0|0|0|0|0|0|0|0|0
250|R1|1|2|0|1|1|1|0|0|0|0|1|0|3950055975|3950055980|0|0|0|0|0|0|0|0|0|0
251|R1|1|2|0|1|1|1|0|0|0|0|1|0|3957964783|3957964788|0|0|0|0|0|0|0|0|0|0
252|R1|1|2|0|1|1|1|0|0|0|0|1|0|3965815767|3965815772|0|0|0|0|0|0|0|0|0|0
253|R1|1|2|0|1|1|1|0|0|0|0|1|0|3975340734|3975340739|0|0|0|0|0|0|0|0|0|0
254|R1|1|2|0|1|1|1|0|0|0|0|1|0|3982860862|3982860867|0|0|0|0|0|0|0|0|0|0
255|R1|1|2|0|1|1|1|0|0|0|0|1|0|3990480519|3990480524|0|0|0|0|0|0|0|0|0|0
256|R1|1|2|0|1|1|1|0|0|0|0|1|0|3999456926|3999456931|0|0|0|0|0|0|0|0|0|0
257|R1|1|2|0|1|1|1|0|0|0|0|1|0|4005855678|4005855683|0|0|0|0|0|0|0|0|0|0
258|R1|1|2|0|1|1|1|0|0|0|0|1|0|4014480999|4014481004|0|0|0|0|0|0|0|0|0|0
259|R1|1|2|0|1|1|1|0|0|0|0|1|0|4022531198|4022531203|0|0|0|0|0|0|0|0|0|0
260|R1|1|2|0|1|1|1|0|0|0|0|1|0|4030993399|4030993404|0|0|0|0|0|0|0|0|0|0
261|R1|1|2|0|1|1|1|0|0|0|0|1|0|4038317495|4038317500|0|0|0|0|0|0|0|0|0|0
262|R1|1|2|0|1|1|1|0|0|0|0|1|0|4045555038|4045555043|0|0|0|0|0|0|0|0|0|0
263|R1|1|2|0|1|1|1|0|0|0|0|1|0|4053618350|4053618355|0|0|0|0|0|0|0|0|0|0
264|R1|1|2|0|1|1|1|0|0|0|0|1|0|4062482224|4062482229|0|0|0|0|0|0|0|0|0|0
265|R1|1|2|0|1|1|1|0|0|0|0|1|0|4069324375|4069324380|0|0|0|0|0|0|0|0|0|0
266|R1|1|2|0|1|1|1|0|0|0|0|1|0|4077332796|4077332801|0|0|0|0|0|0|0|0|0|0
267|R1|1|2|0|1|1|1|0|0|0|0|1|0|4085004002|4085004007|0|0|0|0|0|0|0|0|0|0
268|R1|1|2|0|1|1|1|0|0|0|0|1|0|4092141710|4092141715|0|0|0|0|0|0|0|0|0|0
269|R1|1|2|0|1|1|1|0|0|0|0|1|0|4100539160|4100539165|0|0|0|0|0|0|0|0|0|0
270|R1|1|2|0|1|1|1|0|0|0|0|1|0|4108839951|4108839956|0|0|0|0|0|0|0|0|0|0
271|R1|1|2|0|1|1|1|0|0|0|0|1|0|4117124693|4117124698|0|0|0|0|0|0|0|0|0|0
272|R1|1|2|0|1|1|1|0|0|0|0|1|0|4125950172|4125950177|0|0|0|0|0|0|0|0|0|0
273|R1|1|2|0|1|1|1|0|0|0|0|1|0|4132821241|4132821246|0|0|0|0|0|0|0|0|0|0
274|R1|1|2|0|1|1|1|0|0|0|0|1|0|4139014382|4139014387|0|0|0|0|0|0|0|0|0|0
275|R1|1|2|0|1|1|1|0|0|0|0|1|0|4146441614|4146441619|0|0|0|0|0|0|0|0|0|0
276|R1|1|2|0|1|1|1|0|0|0|0|1|0|4155706295|4155706300|0|0|0|0|0|0|0|0|0|0
277|R1|1|2|0|1|1|1|0|0|0|0|1|0|4164694981|4164694986|0|0|0|0|0|0|0|0|0|0
278|R1|1|2|0|1|1|1|0|0|0|0|1|0|4172405130|4172405135|0|0|0|0|0|0|0|0|0|0
279|R1|1|2|0|1|1|1|0|0|0|0|1|0|4177460883|4177460888|0|0|0|0|0|0|0|0|0|0
280|R1|1|2|0|1|1|1|0|0|0|0|1|0|4184858862|4184858867|0|0|0|0|0|0|0|0|0|0
281|R1|1|2|0|1|1|1|0|0|0|0|1|0|4194701995|4194702000|0|0|0|0|0|0|0|0|0|0
282|R1|1|2|0|1|1|1|0|0|0|0|1|0|4202642959|4202642964|0|0|0|0|0|0|0|0|0|0
283|R1|1|2|0|1|1|1|0|0|0|0|1|0|4208620802|4208620807|0|0|0|0|0|0|0|0|0|0
284|R1|1|2|0|1|1|1|0|0|0|0|1|0|4214695038|4214695043|0|0|0|0|0|0|0|0|0|0
285|R1|1|2|0|1|1|1|0|0|0|0|1|0|4222828778|4222828783|0|0|0|0|0|0|0|0|0|0
286|R1|1|2|0|1|1|1|0|0|0|0|1|0|4229719105|4229719110|0|0|0|0|0|0|0|0|0|0
287|R1|1|2|0|1|1|1|0|0|0|0|1|0|4235838332|4235838337|0|0|0|0|0|0|0|0|0|0
288|R1|1|2|0|1|1|1|0|0|0|0|1|0|4242985921|4242985926|0|0|0|0|0|0|0|0|0|0
289|R1|1|2|0|1|1|1|0|0|0|0|1|0|4251962273|4251962278|0|0|0|0|0|0|0|0|0|0
290|R1|1|2|0|1|1|1|0|0|0|0|1|0|4258065575|4258065580|0|0|0|0|0|0|0|0|0|0
291|R1|1|2|0|1|1|1|0|0|0|0|1|0|4265190488|4265190493|0|0|0|0|0|0|0|0|0|0
292|R1|1|2|0|1|1|1|0|0|0|0|1|0|4272601342|4272601347|0|0|0|0|0|0|0|0|0|0
293|R1|1|2|0|1|1|1|0|0|0|0|1|0|4281226670|4281226675|0|0|0|0|0|0|0|0|0|0
294|R1|1|2|0|1|1|1|0|0|0|0|1|0|4290661651|4290661656|0|0|0|0|0|0|0|0|0|0
295|R1|1|2|0|1|1|1|0|0|0|0|1|0|3442524|3442529|0|0|0|0|0|0|0|0|0|0
296|R1|1|2|0|1|1|1|0|0|0|0|1|0|11046287|11046292|0|0|0|0|0|0|0|0|0|0
297|R1|1|2|0|1|1|1|0|0|0|0|1|0|19790478|19790483|0|0|0|0|0|0|0|0|0|0
298|R1|1|2|0|1|1|1|0|0|0|0|1|0|27137072|27137077|0|0|0|0|0|0|0|0|0|0
299|R1|1|2|0|1|1|1|0|0|0|0|1|0|35216190|35216195|0|0|0|0|0|0|0|0|0|0
300|R1|1|2|0|1|1|1|0|0|0|0|1|0|42431312|42431317|0|0|0|0|0|0|0|0|0|0
301|R1|1|2|0|1|1|1|0|0|0|0|1|0|51811668|51811673|0|0|0|0|0|0|0|0|0|0
302|R1|1|2|0|1|1|1|0|0|0|0|1|0|59942547|59942552|0|0|0|0|0|0|0|0|0|0
303|R1|1|2|0|1|1|1|0|0|0|0|1|0|68038087|68038092|0|0|0|0|0|0|0|0|0|0
304|R1|1|2|0|1|1|1|0|0|0|0|1|0|75879742|75879747|0|0|0|0|0|0|0|0|0|0
305|R1|1|2|0|1|1|1|0|0|0|0|1|0|83531555|83531560|0|0|0|0|0|0|0|0|0|0
306|R1|1|2|0|1|1|1|0|0|0|0|1|0|91263690|91263695|0|0|0|0|0|0|0|0|0|0
307|R1|1|2|0|1|1|1|0|0|0|0|1|0|98404752|98404757|0|0|0|0|0|0|0|0|0|0
308|R1|1|2|0|1|1|1|0|0|0|0|1|0|106381409|106381414|0|0|0|0|0|0|0|0|0|0
309|R1|1|2|0|1|1|1|0|0|0|0|1|0|116070338|116070343|0|0|0|0|0|0|0|0|0|0
310|R1|1|2|0|1|1|1|0|0|0|0|1|0|123413848|123413853|0|0|0|0|0|0|0|0|0|0
311|R1|1|2|0|1|1|1|0|0|0|0|1|0|131955655|131955660|0|0|0|0|0|0|0|0|0|0
312|R1|1|2|0|1|1|1|0|0|0|0|1|0|139530487|139530492|0|0|0|0|0|0|0|0|0|0
313|R1|1|2|0|1|1|1|0|0|0|0|1|0|147648161|147648166|0|0|0|0|0|0|0|0|0|0
314|R1|1|2|0|1|1|1|0|0|0|0|1|0|155072231|155072236|0|0|0|0|0|0|0|0|0|0
315|R1|1|2|0|1|1|1|0|0|0|0|1|0|162769610|162769615|0|0|0|0|0|0|0|0|0|0
316|R1|1|2|0|1|1|1|0|0|0|0|1|0|169916970|169916975|0|0|0|0|0|0|0|0|0|0
317|R1|1|2|0|1|1|1|0|0|0|0|1|0|179217025|179217030|0|0|0|0|0|0|0|0|0|0
318|R1|1|2|0|1|1|1|0|0|0|0|1|0|186576444|186576449|0|0|0|0|0|0|0|0|0|0
319|R1|1|2|0|1|1|1|0|0|0|0|1|0|194347128|194347133|0|0|0|0|0|0|0|0|0|0
320|R1|1|2|0|1|1|1|0|0|0|0|1|0|201391681|201391686|0|0|0|0|0|0|0|0|0|0
321|R1|1|2|0|1|1|1|0|0|0|0|1|0|210328650|210328655|0|0|0|0|0|0|0|0|0|0
322|R1|1|2|0|1|1|1|0|0|0|0|1|0|218028618|218028623|0|0|0|0|0|0|0|0|0|0
323|R1|1|2|0|1|1|1|0|0|0|0|1|0|224761518|224761523|0|0|0|0|0|0|0|0|0|0
324|R1|1|2|0|1|1|1|0|0|0|0|1|0|232079156|232079161|0|0|0|0|0|0|0|0|0|0
325|R1|1|2|0|1|1|1|0|0|0|0|1|0|241067544|241067549|0|0|0|0|0|0|0|0|0|0
326|R1|1|2|0|1|1|1|0|0|0|0|1|0|248198830|248198835|0|0|0|0|0|0|0|0|0|0
327|R1|1|2|0|1|1|1|0|0|0|0|1|0|257248217|257248222|0|0|0|0|0|0|0|0|0|0
328|R1|1|2|0|1|1|1|0|0|0|0|1|0|264283123|264283128|0|0|0|0|0|0|0|0|0|0
329|R1|1|2|0|1|1|1|0|0|0|0|1|0|271170215|271170220|0|0|0|0|0|0|0|0|0|0
330|R1|1|2|0|1|1|1|0|0|0|0|1|0|278713072|278713077|0|0|0|0|0|0|0|0|0|0
331|R1|1|2|0|1|1|1|0|0|0|0|1|0|286628549|286628554|0|0|0|0|0|0|0|0|0|0
332|R1|1|2|0|1|1|1|0|0|0|0|1|0|293685977|293685982|0|0|0|0|0|0|0|0|0|0
333|R1|1|2|0|1|1|1|0|0|0|0|1|0|301749086|301749091|0|0|0|0|0|0|0|0|0|0
334|R1|1|2|0|1|1|1|0|0|0|0|1|0|308845022|308845027|0|0|0|0|0|0|0|0|0|0
335|R1|1|2|0|1|1|1|0|0|0|0|1|0|315992499|315992504|0|0|0|0|0|0|0|0|0|0
336|R1|1|2|0|1|1|1|0|0|0|0|1|0|322677175|322677180|0|0|0|0|0|0|0|0|0|0
337|R1|1|2|0|1|1|1|0|0|0|0|1|0|330598841|330598846|0|0|0|0|0|0|0|0|0|0
338|R1|1|2|0|1|1|1|0|0|0|0|1|0|340419339|340419344|0|0|0|0|0|0|0|0|0|0
339|R1|1|2|0|1|1|1|0|0|0|0|1|0|347210328|347210333|0|0|0|0|0|0|0|0|0|0
340|R1|1|2|0|1|1|1|0|0|0|0|1|0|354576170|354576175|0|0|0|0|0|0|0|0|0|0
341|R1|1|2|0|1|1|1|0|0|0|0|1|0|361746004|361746009|0|0|0|0|0|0|0|0|0|0
342|R1|1|2|0|1|1|1|0|0|0|0|1|0|369063952|369063957|0|0|0|0|0|0|0|0|0|0
343|R1|1|2|0|1|1|1|0|0|0|0|1|0|376947192|376947197|0|0|0|0|0|0|0|0|0|0
344|R1|1|2|0|1|1|1|0|0|0|0|1|0|384027073|384027078|0|0|0|0|0|0|0|0|0|0
345|R1|1|2|0|1|1|1|0|0|0|0|1|0|391251527|391251532|0|0|0|0|0|0|0|0|0|0
346|R1|1|2|0|1|1|1|0|0|0|0|1|0|400407216|400407221|0|0|0|0|0|0|0|0|0|0
347|R1|1|2|0|1|1|1|0|0|0|0|1|0|408765820|408765825|0|0|0|0|0|0|0|0|0|0
348|R1|1|2|0|1|1|1|0|0|0|0|1|0|416597811|416597816|0|0|0|0|0|0|0|0|0|0
349|R1|1|2|0|1|1|1|0|0|0|0|1|0|423536312|423536317|0|0|0|0|0|0|0|0|0|0
350|R1|1|2|0|1|1|1|0|0|0|0|1|0|432515060|432515065|0|0|0|0|0|0|0|0|0|0
351|R1|1|2|0|1|1|1|0|0|0|0|1|0|439874721|439874726|0|0|0|0|0|0|0|0|0|0
352|R1|1|2|0|1|1|1|0|0|0|0|1|0|448432574|448432579|0|0|0|0|0|0|0|0|0|0
353|R1|1|2|0|1|1|1|0|0|0|0|1|0|456219598|456219603|0|0|0|0|0|0|0|0|0|0
354|R1|1|2|0|1|1|1|0|0|0|0|1|0|464308382|464308387|0|0|0|0|0|0|0|0|0|0
355|R1|1|2|0|1|1|1|0|0|0|0|1|0|472291123|472291128|0|0|0|0|0|0|0|0|0|0
356|R1|1|2|0|1|1|1|0|0|0|0|1|0|480164606|480164611|0|0|0|0|0|0|0|0|0|0
357|R1|1|2|0|1|1|1|0|0|0|0|1|0|487408472|487408477|0|0|0|0|0|0|0|0|0|0
358|R1|1|2|0|1|1|1|0|0|0|0|1|0|495612880|495612885|0|0|0|0|0|0|0|0|0|0
359|R1|1|2|0|1|1|1|0|0|0|0|1|0|501812412|501812417|0|0|0|0|0|0|0|0|0|0
360|R1|1|2|0|1|1|1|0|0|0|0|1|0|509917218|509917223|0|0|0|0|0|0|0|0|0|0
361|R1|1|2|0|1|1|1|0|0|0|0|1|0|517495120|517495125|0|0|0|0|0|0|0|0|0|0
362|R1|1|2|0|1|1|1|0|0|0|0|1|0|525513175|525513180|0|0|0|0|0|0|0|0|0|0
363|R1|1|2|0|1|1|1|0|0|0|0|1|0|533550506|533550511|0|0|0|0|0|0|0|0|0|0
364|R1|1|2|0|1|1|1|0|0|0|0|1|0|541584647|541584652|0|0|0|0|0|0|0|0|0|0
365|R1|1|2|0|1|1|1|0|0|0|0|1|0|547626734|547626739|0|0|0|0|0|0|0|0|0|0
366|R1|1|2|0|1|1|1|0|0|0|0|1|0|557058512|557058517|0|0|0|0|0|0|0|0|0|0
367|R1|1|2|0|1|1|1|0|0|0|0|1|0|565275768|565275773|0|0|0|0|0|0|0|0|0|0
368|R1|1|2|0|1|1|1|0|0|0|0|1|0|573062615|573062620|0|0|0|0|0|0|0|0|0|0
369|R1|1|2|0|1|1|1|0|0|0|0|1|0|579650903|579650908|0|0|0|0|0|0|0|0|0|0
370|R1|1|2|0|1|1|1|0|0|0|0|1|0|588385459|588385464|0|0|0|0|0|0|0|0|0|0
371|R1|1|2|0|1|1|1|0|0|0|0|1|0|596416610|596416615|0|0|0|0|0|0|0|0|0|0
372|R1|1|2|0|1|1|1|0|0|0|0|1|0|604325546|604325551|0|0|0|0|0|0|0|0|0|0
373|R1|1|2|0|1|1|1|0|0|0|0|1|0|611376508|611376513|0|0|0|0|0|0|0|0|0|0
374|R1|1|2|0|1|1|1|0|0|0|0|1|0|620400357|620400362|0|0|0|0|0|0|0|0|0|0
375|R1|1|2|0|1|1|1|0|0|0|0|1|0|627782474|627782479|0|0|0|0|0|0|0|0|0|0
376|R1|1|2|0|1|1|1|0|0|0|0|1|0|636003242|636003247|0|0|0|0|0|0|0|0|0|0
377|R1|1|2|0|1|1|1|0|0|0|0|1|0|644275454|644275459|0|0|0|0|0|0|0|0|0|0
378|R1|1|2|0|1|1|1|0|0|0|0|1|0|652242140|652242145|0|0|0|0|0|0|0|0|0|0
379|R1|1|2|0|1|1|1|0|0|0|0|1|0|660083466|660083471|0|0|0|0|0|0|0|0|0|0
380|R1|1|2|0|1|1|1|0|0|0|0|1|0|667430314|667430319|0|0|0|0|0|0|0|0|0|0
381|R1|1|2|0|1|1|1|0|0|0|0|1|0|675981712|675981717|0|0|0|0|0|0|0|0|0|0
382|R1|1|2|0|1|1|1|0|0|0|0|1|0|684710131|684710136|0|0|0|0|0|0|0|0|0|0
383|R1|1|2|0|1|1|1|0|0|0|0|1|0|692857026|692857031|0|0|0|0|0|0|0|0|0|0
384|R1|1|2|0|1|1|1|0|0|0|0|1|0|700901063|700901068|0|0|0|0|0|0|0|0|0|0
385|R1|1|2|0|1|1|1|0|0|0|0|1|0|710053374|710053379|0|0|0|0|0|0|0|0|0|0
386|R1|1|2|0|1|1|1|0|0|0|0|1|0|719238031|719238036|0|0|0|0|0|0|0|0|0|0
387|R1|1|2|0|1|1|1|0|0|0|0|1|0|727718739|727718744|0|0|0|0|0|0|0|0|0|0
388|R1|1|2|0|1|1|1|0|0|0|0|1|0|734252444|734252449|0|0|0|0|0|0|0|0|0|0
389|R1|1|2|0|1|1|1|0|0|0|0|1|0|742215929|742215934|0|0|0|0|0|0|0|0|0|0
390|R1|1|2|0|1|1|1|0|0|0|0|1|0|750635612|750635617|0|0|0|0|0|0|0|0|0|0
391|R1|1|2|0|1|1|1|0|0|0|0|1|0|757763736|757763741|0|0|0|0|0|0|0|0|0|0
392|R1|1|2|0|1|1|1|0|0|0|0|1|0|765736801|765736806|0|0|0|0|0|0|0|0|0|0
393|R1|1|2|0|1|1|1|0|0|0|0|1|0|772698095|772698100|0|0|0|0|0|0|0|0|0|0
394|R1|1|2|0|1|1|1|0|0|0|0|1|0|780902543|780902548|0|0|0|0|0|0|0|0|0|0
395|R1|1|2|0|1|1|1|0|0|0|0|1|0|788441876|788441881|0|0|0|0|0|0|0|0|0|0
396|R1|1|2|0|1|1|1|0|0|0|0|1|0|796061689|796061694|0|0|0|0|0|0|0|0|0|0
397|R1|1|2|0|1|1|1|0|0|0|0|1|0|803196197|803196202|0|0|0|0|0|0|0|0|0|0
398|R1|1|2|0|1|1|1|0|0|0|0|1|0|811284938|811284943|0|0|0|0|0|0|0|0|0|0
399|R1|1|2|0|1|1|1|0|0|0|0|1|0|818403375|818403380|0|0|0|0|0|0|0|0|0|0
400|R1|1|2|0|1|1|1|0|0|0|0|1|0|825537884|825537889|0|0|0|0|0|0|0|0|0|0
401|R1|1|2|0|1|1|1|0|0|0|0|1|0|832804158|832804163|0|0|0|0|0|0|0|0|0|0
402|R1|1|2|0|1|1|1|0|0|0|0|1|0|842036994|842036999|0|0|0|0|0|0|0|0|0|0
403|R1|1|2|0|1|1|1|0|0|0|0|1|0|850090679|850090684|0|0|0|0|0|0|0|0|0|0
404|R1|1|2|0|1|1|1|0|0|0|0|1|0|858054277|858054282|0|0|0|0|0|0|0|0|0|0
405|R1|1|2|0|1|1|1|0|0|0|0|1|0|865198433|865198438|0|0|0|0|0|0|0|0|0|0
406|R1|1|2|0|1|1|1|0|0|0|0|1|0|872156375|872156380|0|0|0|0|0|0|0|0|0|0
407|R1|1|2|0|1|1|1|0|0|0|0|1|0|879808478|879808483|0|0|0|0|0|0|0|0|0|0
408|R1|1|2|0|1|1|1|0|0|0|0|1|0|887804046|887804051|0|0|0|0|0|0|0|0|0|0
409|R1|1|2|0|1|1|1|0|0|0|0|1|0|894928929|894928934|0|0|0|0|0|0|0|0|0|0
410|R1|1|2|0|1|1|1|0|0|0|0|1|0|903184775|903184780|0|0|0|0|0|0|0|0|0|0
411|R1|1|2|0|1|1|1|0|0|0|0|1|0|910274295|910274300|0|0|0|0|0|0|0|0|0|0
412|R1|1|2|0|1|1|1|0|0|0|0|1|0|916467422|916467427|0|0|0|0|0|0|0|0|0|0
413|R1|1|2|0|1|1|1|0|0|0|0|1|0|923605305|923605310|0|0|0|0|0|0|0|0|0|0
414|R1|1|2|0|1|1|1|0|0|0|0|1|0|930726977|930726982|0|0|0|0|0|0|0|0|0|0
415|R1|1|2|0|1|1|1|0|0|0|0|1|0|939326652|939326657|0|0|0|0|0|0|0|0|0|0
416|R1|1|2|0|1|1|1|0|0|0|0|1|0|947617820|947617825|0|0|0|0|0|0|0|0|0|0
417|R1|1|2|0|1|1|1|0|0|0|0|1|0|955189610|955189615|0|0|0|0|0|0|0|0|0|0
418|R1|1|2|0|1|1|1|0|0|0|0|1|0|962240650|962240655|0|0|0|0|0|0|0|0|0|0
419|R1|1|2|0|1|1|1|0|0|0|0|1|0|970236371|970236376|0|0|0|0|0|0|0|0|0|0
420|R1|1|2|0|1|1|1|0|0|0|0|1|0|977264865|977264870|0|0|0|0|0|0|0|0|0|0
421|R1|1|2|0|1|1|1|0|0|0|0|1|0|983371251|983371256|0|0|0|0|0|0|0|0|0|0
422|R1|1|2|0|1|1|1|0|0|0|0|1|0|990820638|990820643|0|0|0|0|0|0|0|0|0|0
423|R1|1|2|0|1|1|1|0|0|0|0|1|0|999507137|999507142|0|0|0|0|0|0|0|0|0|0
424|R1|1|2|0|1|1|1|0|0|0|0|1|0|1006702727|1006702732|0|0|0|0|0|0|0|0|0|0
425|R1|1|2|0|1|1|1|0|0|0|0|1|0|1013994945|1013994950|0|0|0|0|0|0|0|0|0|0
426|R1|1|2|0|1|1|1|0|0|0|0|1|0|1022222164|1022222169|0|0|0|0|0|0|0|0|0|0
427|R1|1|2|0|1|1|1|0|0|0|0|1|0|1031146415|1031146420|0|0|0|0|0|0|0|0|0|0
428|R1|1|2|0|1|1|1|0|0|0|0|1|0|1038258428|1038258433|0|0|0|0|0|0|0|0|0|0
429|R1|1|2|0|1|1|1|0|0|0|0|1|0|1045257985|1045257990|0|0|0|0|0|0|0|0|0|0
430|R1|1|2|0|1|1|1|0|0|0|0|1|0|1052408798|1052408803|0|0|0|0|0|0|0|0|0|0
431|R1|1|2|0|1|1|1|0|0|0|0|1|0|1062470259|1062470264|0|0|0|0|0|0|0|0|0|0
432|R1|1|2|0|1|1|1|0|0|0|0|1|0|1070112421|1070112426|0|0|0|0|0|0|0|0|0|0
433|R1|1|2|0|1|1|1|0|0|0|0|1|0|1077812558|1077812563|0|0|0|0|0|0|0|0|0|0
434|R1|1|2|0|1|1|1|0|0|0|0|1|0|1084924574|1084924579|0|0|0|0|0|0|0|0|0|0
435|R1|1|2|0|1|1|1|0|0|0|0|1|0|1094064010|1094064015|0|0|0|0|0|0|0|0|0|0
436|R1|1|2|0|1|1|1|0|0|0|0|1|0|1101356234|1101356239|0|0|0|0|0|0|0|0|0|0
437|R1|1|2|0|1|1|1|0|0|0|0|1|0|1109483855|1109483860|0|0|0|0|0|0|0|0|0|0
438|R1|1|2|0|1|1|1|0|0|0|0|1|0|1117331854|1117331859|0|0|0|0|0|0|0|0|0|0
439|R1|1|2|0|1|1|1|0|0|0|0|1|0|1127444743|1127444748|0|0|0|0|0|0|0|0|0|0
440|R1|1|2|0|1|1|1|0|0|0|0|1|0|1134666003|1134666008|0|0|0|0|0|0|0|0|0|0
441|R1|1|2|0|1|1|1|0|0|0|0|1|0|1141395727|1141395732|0|0|0|0|0|0|0|0|0|0
442|R1|1|2|0|1|1|1|0|0|0|0|1|0|1149677258|1149677263|0|0|0|0|0|0|0|0|0|0
443|R1|1|2|0|1|1|1|0|0|0|0|1|0|1156940290|1156940295|0|0|0|0|0|0|0|0|0|0
444|R1|1|2|0|1|1|1|0|0|0|0|1|0|1164065326|1164065331|0|0|0|0|0|0|0|0|0|0
445|R1|1|2|0|1|1|1|0|0|0|0|1|0|1172089948|1172089953|0|0|0|0|0|0|0|0|0|0
446|R1|1|2|0|1|1|1|0|0|0|0|1|0|1179137729|1179137734|0|0|0|0|0|0|0|0|0|0
447|R1|1|2|0|1|1|1|0|0|0|0|1|0|1188463486|1188463491|0|0|0|0|0|0|0|0|0|0
448|R1|1|2|0|1|1|1|0|0|0|0|1|0|1195437491|1195437496|0|0|0|0|0|0|0|0|0|0
449|R1|1|2|0|1|1|1|0|0|0|0|1|0|1202867714|1202867719|0|0|0|0|0|0|0|0|0|0
450|R1|1|2|0|1|1|1|0|0|0|0|1|0|1210541994|1210541999|0|0|0|0|0|0|0|0|0|0
451|R1|1|2|0|1|1|1|0|0|0|0|1|0|1218778539|1218778544|0|0|0|0|0|0|0|0|0|0
452|R1|1|2|0|1|1|1|0|0|0|0|1|0|1224865665|1224865670|0|0|0|0|0|0|0|0|0|0
453|R1|1|2|0|1|1|1|0|0|0|0|1|0|1232254315|1232254320|0|0|0|0|0|0|0|0|0|0
454|R1|1|2|0|1|1|1|0|0|0|0|1|0|1240147727|1240147732|0|0|0|0|0|0|0|0|0|0
455|R1|1|2|0|1|1|1|0|0|0|0|1|0|1248387631|1248387636|0|0|0|0|0|0|0|0|0|0
456|R1|1|2|0|1|1|1|0|0|0|0|1|0|1257630159|1257630164|0|0|0|0|0|0|0|0|0|0
457|R1|1|2|0|1|1|1|0|0|0|0|1|0|1266165529|1266165534|0|0|0|0|0|0|0|0|0|0
458|R1|1|2|0|1|1|1|0|0|0|0|1|0|1272795608|1272795613|0|0|0|0|0|0|0|0|0|0
459|R1|1|2|0|1|1|1|0|0|0|0|1|0|1281886798|1281886803|0|0|0|0|0|0|0|0|0|0
460|R1|1|2|0|1|1|1|0|0|0|0|1|0|1289606071|1289606076|0|0|0|0|0|0|0|0|0|0
461|R1|1|2|0|1|1|1|0|0|0|0|1|0|1296969031|1296969036|0|0|0|0|0|0|0|0|0|0
462|R1|1|2|0|1|1|1|0|0|0|0|1|0|1304238521|1304238526|0|0|0|0|0|0|0|0|0|0
463|R1|1|2|0|1|1|1|0|0|0|0|1|0|1311961249|1311961254|0|0|0|0|0|0|0|0|0|0
464|R1|1|2|0|1|1|1|0|0|0|0|1|0|1319420271|1319420276|0|0|0|0|0|0|0|0|0|0
465|R1|1|2|0|1|1|1|0|0|0|0|1|0|1325545934|1325545939|0|0|0|0|0|0|0|0|0|0
466|R1|1|2|0|1|1|1|0|0|0|0|1|0|1333091690|1333091695|0|0|0|0|0|0|0|0|0|0
467|R1|1|2|0|1|1|1|0|0|0|0|1|0|1340868929|1340868934|0|0|0|0|0|0|0|0|0|0
468|R1|1|2|0|1|1|1|0|0|0|0|1|0|1348045326|1348045331|0|0|0|0|0|0|0|0|0|0
469|R1|1|2|0|1|1|1|0|0|0|0|1|0|1355983100|1355983105|0|0|0|0|0|0|0|0|0|0
470|R1|1|2|0|1|1|1|0|0|0|0|1|0|1362893025|1362893030|0|0|0|0|0|0|0|0|0|0
471|R1|1|2|0|1|1|1|0|0|0|0|1|0|1371229185|1371229190|0|0|0|0|0|0|0|0|0|0
472|R1|1|2|0|1|1|1|0|0|0|0|1|0|1379378996|1379379001|0|0|0|0|0|0|0|0|0|0
473|R1|1|2|0|1|1|1|0|0|0|0|1|0|1386504012|1386504017|0|0|0|0|0|0|0|0|0|0
474|R1|1|2|0|1|1|1|0|0|0|0|1|0|1393705998|1393706003|0|0|0|0|0|0|0|0|0|0
475|R1|1|2|0|1|1|1|0|0|0|0|1|0|1402006803|1402006808|0|0|0|0|0|0|0|0|0|0
476|R1|1|2|0|1|1|1|0|0|0|0|1|0|1410175874|1410175879|0|0|0|0|0|0|0|0|0|0
477|R1|1|2|0|1|1|1|0|0|0|0|1|0|1418046419|1418046424|0|0|0|0|0|0|0|0|0|0
478|R1|1|2|0|1|1|1|0|0|0|0|1|0|1425881365|1425881370|0|0|0|0|0|0|0|0|0|0
479|R1|1|2|0|1|1|1|0|0|0|0|1|0|1434018379|1434018384|0|0|0|0|0|0|0|0|0|0
480|R1|1|2|0|1|1|1|0|0|0|0|1|0|1441005099|1441005104|0|0|0|0|0|0|0|0|0|0
481|R1|1|2|0|1|1|1|0|0|0|0|1|0|1447143612|1447143617|0|0|0|0|0|0|0|0|0|0
482|R1|1|2|0|1|1|1|0|0|0|0|1|0|1454891795|1454891800|0|0|0|0|0|0|0|0|0|0
483|R1|1|2|0|1|1|1|0|0|0|0|1|0|1462935585|1462935590|0|0|0|0|0|0|0|0|0|0
484|R1|1|2|0|1|1|1|0|0|0|0|1|0|1472168144|1472168149|0|0|0|0|0|0|0|0|0|0
485|R1|1|2|0|1|1|1|0|0|0|0|1|0|1480192636|1480192641|0|0|0|0|0|0|0|0|0|0
486|R1|1|2|0|1|1|1|0|0|0|0|1|0|1487754462|1487754467|0|0|0|0|0|0|0|0|0|0
487|R1|1|2|0|1|1|1|0|0|0|0|1|0|1494869716|1494869721|0|0|0|0|0|0|0|0|0|0
488|R1|1|2|0|1|1|1|0|0|0|0|1|0|1503154712|1503154717|0|0|0|0|0|0|0|0|0|0
489|R1|1|2|0|1|1|1|0|0|0|0|1|0|1511217758|1511217763|0|0|0|0|0|0|0|0|0|0
490|R1|1|2|0|1|1|1|0|0|0|0|1|0|1519573506|1519573511|0|0|0|0|0|0|0|0|0|0
491|R1|1|2|0|1|1|1|0|0|0|0|1|0|1528427763|1528427768|0|0|0|0|0|0|0|0|0|0
492|R1|1|2|0|1|1|1|0|0|0|0|1|0|1533946178|1533946183|0|0|0|0|0|0|0|0|0|0
493|R1|1|2|0|1|1|1|0|0|0|0|1|0|1541909908|1541909913|0|0|0|0|0|0|0|0|0|0
494|R1|1|2|0|1|1|1|0|0|0|0|1|0|1549908702|1549908707|0|0|0|0|0|0|0|0|0|0
495|R1|1|2|0|1|1|1|0|0|0|0|1|0|1557004668|1557004673|0|0|0|0|0|0|0|0|0|0
496|R1|1|2|0|1|1|1|0|0|0|0|1|0|1565186615|1565186620|0|0|0|0|0|0|0|0|0|0
497|R1|1|2|0|1|1|1|0|0|0|0|1|0|1572253637|1572253642|0|0|0|0|0|0|0|0|0|0
498|R1|1|2|0|1|1|1|0|0|0|0|1|0|1579465511|1579465516|0|0|0|0|0|0|0|0|0|0
499|R1|1|2|0|1|1|1|0|0|0|0|1|0|1588032984|1588032989|0|0|0|0|0|0|0|0|0|0
500|R1|1|2|0|1|1|1|0|0|0|0|1|0|1596886725|1596886730|0|0|0|0|0|0|0|0|0|0
501|R1|1|2|0|1|1|1|0|0|0|0|1|0|1605081479|1605081484|0|0|0|0|0|0|0|0|0|0
502|R1|1|2|0|1|1|1|0|0|0|0|1|0|1611782256|1611782261|0|0|0|0|0|0|0|0|0|0
503|R1|1|2|0|1|1|1|0|0|0|0|1|0|1619167371|1619167376|0|0|0|0|0|0|0|0|0|0
504|R1|1|2|0|1|1|1|0|0|0|0|1|0|1628975027|1628975032|0|0|0|0|0|0|0|0|0|0
505|R1|1|2|0|1|1|1|0|0|0|0|1|0|1636861374|1636861379|0|0|0|0|0|0|0|0|0|0
506|R1|1|2|0|1|1|1|0|0|0|0|1|0|1644593808|1644593813|0|0|0|0|0|0|0|0|0|0
507|R1|1|2|0|1|1|1|0|0|0|0|1|0|1653476935|1653476940|0|0|0|0|0|0|0|0|0|0
508|R1|1|2|0|1|1|1|0|0|0|0|1|0|1659933831|1659933836|0|0|0|0|0|0|0|0|0|0
509|R1|1|2|0|1|1|1|0|0|0|0|1|0|1666965524|1666965529|0|0|0|0|0|0|0|0|0|0
510|R1|1|2|0|1|1|1|0|0|0|0|1|0|1674019700|1674019705|0|0|0|0|0|0|0|0|0|0
511|R1|1|2|0|1|1|1|0|0|0|0|1|0|1681934960|1681934965|0|0|0|0|0|0|0|0|0|0
512|R1|1|2|0|1|1|1|0|0|0|0|1|0|1690955594|1690955599|0|0|0|0|0|0|0|0|0|0
513|R1|1|2|0|1|1|1|0|0|0|0|1|0|1699163527|1699163532|0|0|0|0|0|0|0|0|0|0
514|R1|1|2|0|1|1|1|0|0|0|0|1|0|1706343150|1706343155|0|0|0|0|0|0|0|0|0|0
515|R1|1|2|0|1|1|1|0|0|0|0|1|0|1714194135|1714194140|0|0|0|0|0|0|0|0|0|0
516|R1|1|2|0|1|1|1|0|0|0|0|1|0|1722796951|1722796956|0|0|0|0|0|0|0|0|0|0
517|R1|1|2|0|1|1|1|0|0|0|0|1|0|1730792862|1730792867|0|0|0|0|0|0|0|0|0|0
518|R1|1|2|0|1|1|1|0|0|0|0|1|0|1738412842|1738412847|0|0|0|0|0|0|0|0|0|0
519|R1|1|2|0|1|1|1|0|0|0|0|1|0|1746642964|1746642969|0|0|0|0|0|0|0|0|0|0
520|R1|1|2|0|1|1|1|0|0|0|0|1|0|1755830524|1755830529|0|0|0|0|0|0|0|0|0|0
521|R1|1|2|0|1|1|1|0|0|0|0|1|0|1763302711|1763302716|0|0|0|0|0|0|0|0|0|0
522|R1|1|2|0|1|1|1|0|0|0|0|1|0|1771166542|1771166547|0|0|0|0|0|0|0|0|0|0
523|R1|1|2|0|1|1|1|0|0|0|0|1|0|1777388569|1777388574|0|0|0|0|0|0|0|0|0|0
524|R1|1|2|0|1|1|1|0|0|0|0|1|0|1785458030|1785458035|0|0|0|0|0|0|0|0|0|0
525|R1|1|2|0|1|1|1|0|0|0|0|1|0|1792853095|1792853100|0|0|0|0|0|0|0|0|0|0
526|R1|1|2|0|1|1|1|0|0|0|0|1|0|1800829575|1800829580|0|0|0|0|0|0|0|0|0|0
527|R1|1|2|0|1|1|1|0|0|0|0|1|0|1809127150|1809127155|0|0|0|0|0|0|0|0|0|0
528|R1|1|2|0|1|1|1|0|0|0|0|1|0|1818889890|1818889895|0|0|0|0|0|0|0|0|0|0
529|R1|1|2|0|1|1|1|0|0|0|0|1|0|1826856542|1826856547|0|0|0|0|0|0|0|0|0|0
530|R1|1|2|0|1|1|1|0|0|0|0|1|0|1834746081|1834746086|0|0|0|0|0|0|0|0|0|0
531|R1|1|2|0|1|1|1|0|0|0|0|1|0|1843694049|1843694054|0|0|0|0|0|0|0|0|0|0
532|R1|1|2|0|1|1|1|0|0|0|0|1|0|1852463978|1852463983|0|0|0|0|0|0|0|0|0|0
533|R1|1|2|0|1|1|1|0|0|0|0|1|0|1859527928|1859527933|0|0|0|0|0|0|0|0|0|0
534|R1|1|2|0|1|1|1|0|0|0|0|1|0|1869756741|1869756746|0|0|0|0|0|0|0|0|0|0
535|R1|1|2|0|1|1|1|0|0|0|0|1|0|1880082255|1880082260|0|0|0|0|0|0|0|0|0|0
536|R1|1|2|0|1|1|1|0|0|0|0|1|0|1894462919|1894462924|0|0|0|0|0|0|0|0|0|0
537|R1|1|2|0|1|1|1|0|0|0|0|1|0|1902111663|1902111668|0|0|0|0|0|0|0|0|0|0
538|R1|1|2|0|1|1|1|0|0|0|0|1|0|1911035934|1911035939|0|0|0|0|0|0|0|0|0|0
539|R1|1|2|0|1|1|1|0|0|0|0|1|0|1920239591|1920239596|0|0|0|0|0|0|0|0|0|0
540|R1|1|2|0|1|1|1|0|0|0|0|1|0|1927364615|1927364620|0|0|0|0|0|0|0|0|0|0
541|R1|1|2|0|1|1|1|0|0|0|0|1|0|1935414963|1935414968|0|0|0|0|0|0|0|0|0|0
542|R1|1|2|0|1|1|1|0|0|0|0|1|0|1942411312|1942411317|0|0|0|0|0|0|0|0|0|0
543|R1|1|2|0|1|1|1|0|0|0|0|1|0|1950850588|1950850593|0|0|0|0|0|0|0|0|0|0
544|R1|1|2|0|1|1|1|0|0|0|0|1|0|1959064965|1959064970|0|0|0|0|0|0|0|0|0|0
545|R1|1|2|0|1|1|1|0|0|0|0|1|0|1967584263|1967584268|0|0|0|0|0|0|0|0|0|0
546|R1|1|2|0|1|1|1|0|0|0|0|1|0|1974130814|1974130819|0|0|0|0|0|0|0|0|0|0
547|R1|1|2|0|1|1|1|0|0|0|0|1|0|1983311956|1983311961|0|0|0|0|0|0|0|0|0|0
548|R1|1|2|0|1|1|1|0|0|0|0|1|0|1990604110|1990604115|0|0|0|0|0|0|0|0|0|0
549|R1|1|2|0|1|1|1|0|0|0|0|1|0|1998837765|1998837770|0|0|0|0|0|0|0|0|0|0
550|R1|1|2|0|1|1|1|0|0|0|0|1|0|2007042187|2007042192|0|0|0|0|0|0|0|0|0|0
551|R1|1|2|0|1|1|1|0|0|0|0|1|0|2016172318|2016172323|0|0|0|0|0|0|0|0|0|0
552|R1|1|2|0|1|1|1|0|0|0|0|1|0|2024450639|2024450644|0|0|0|0|0|0|0|0|0|0
553|R1|1|2|0|1|1|1|0|0|0|0|1|0|2032144179|2032144184|0|0|0|0|0|0|0|0|0|0
554|R1|1|2|0|1|1|1|0|0|0|0|1|0|2041226567|2041226572|0|0|0|0|0|0|0|0|0|0
555|R1|1|2|0|1|1|1|0|0|0|0|1|0|2047564537|2047564542|0|0|0|0|0|0|0|0|0|0
556|R1|1|2|0|1|1|1|0|0|0|0|1|0|2055868542|2055868547|0|0|0|0|0|0|0|0|0|0
557|R1|1|2|0|1|1|1|0|0|0|0|1|0|2063800194|2063800199|0|0|0|0|0|0|0|0|0|0
558|R1|1|2|0|1|1|1|0|0|0|0|1|0|2072615909|2072615914|0|0|0|0|0|0|0|0|0|0
559|R1|1|2|0|1|1|1|0|0|0|0|1|0|2078654804|2078654809|0|0|0|0|0|0|0|0|0|0
560|R1|1|2|0|1|1|1|0|0|0|0|1|0|2085824674|2085824679|0|0|0|0|0|0|0|0|0|0
561|R1|1|2|0|1|1|1|0|0|0|0|1|0|2093071918|2093071923|0|0|0|0|0|0|0|0|0|0
562|R1|1|2|0|1|1|1|0|0|0|0|1|0|2101019321|2101019326|0|0|0|0|0|0|0|0|0|0
563|R1|1|2|0|1|1|1|0|0|0|0|1|0|2109394036|2109394041|0|0|0|0|0|0|0|0|0|0
564|R1|1|2|0|1|1|1|0|0|0|0|1|0|2116509619|2116509624|0|0|0|0|0|0|0|0|0|0
565|R1|1|2|0|1|1|1|0|0|0|0|1|0|2124373482|2124373487|0|0|0|0|0|0|0|0|0|0
566|R1|1|2|0|1|1|1|0|0|0|0|1|0|2131353770|2131353775|0|0|0|0|0|0|0|0|0|0
567|R1|1|2|0|1|1|1|0|0|0|0|1|0|2139757648|2139757653|0|0|0|0|0|0|0|0|0|0
568|R1|1|2|0|1|1|1|0|0|0|0|1|0|2148334762|2148334767|0|0|0|0|0|0|0|0|0|0
569|R1|1|2|0|1|1|1|0|0|0|0|1|0|2156009327|2156009332|0|0|0|0|0|0|0|0|0|0
570|R1|1|2|0|1|1|1|0|0|0|0|1|0|2162896446|2162896451|0|0|0|0|0|0|0|0|0|0
571|R1|1|2|0|1|1|1|0|0|0|0|1|0|2171007960|2171007965|0|0|0|0|0|0|0|0|0|0
572|R1|1|2|0|1|1|1|0|0|0|0|1|0|2178807681|2178807686|0|0|0|0|0|0|0|0|0|0
573|R1|1|2|0|1|1|1|0|0|0|0|1|0|2185765487|2185765492|0|0|0|0|0|0|0|0|0|0
574|R1|1|2|0|1|1|1|0|0|0|0|1|0|2192842318|2192842323|0|0|0|0|0|0|0|0|0|0
575|R1|1|2|0|1|1|1|0|0|0|0|1|0|2199857980|2199857985|0|0|0|0|0|0|0|0|0|0
576|R1|1|2|0|1|1|1|0|0|0|0|1|0|2207060293|2207060298|0|0|0|0|0|0|0|0|0|0
577|R1|1|2|0|1|1|1|0|0|0|0|1|0|2215040094|2215040099|0|0|0|0|0|0|0|0|0|0
578|R1|1|2|0|1|1|1|0|0|0|0|1|0|2223389084|2223389089|0|0|0|0|0|0|0|0|0|0
579|R1|1|2|0|1|1|1|0|0|0|0|1|0|2232310305|2232310310|0|0|0|0|0|0|0|0|0|0
580|R1|1|2|0|1|1|1|0|0|0|0|1|0|2240055539|2240055544|0|0|0|0|0|0|0|0|0|0
581|R1|1|2|0|1|1|1|0|0|0|0|1|0|2246544604|2246544609|0|0|0|0|0|0|0|0|0|0
582|R1|1|2|0|1|1|1|0|0|0|0|1|0|2254659064|2254659069|0|0|0|0|0|0|0|0|0|0
583|R1|1|2|0|1|1|1|0|0|0|0|1|0|2262824935|2262824940|0|0|0|0|0|0|0|0|0|0
584|R1|1|2|0|1|1|1|0|0|0|0|1|0|2268606805|2268606810|0|0|0|0|0|0|0|0|0|0
585|R1|1|2|0|1|1|1|0|0|0|0|1|0|2274809601|2274809606|0|0|0|0|0|0|0|0|0|0
586|R1|1|2|0|1|1|1|0|0|0|0|1|0|2282914433|2282914438|0|0|0|0|0|0|0|0|0|0
587|R1|1|2|0|1|1|1|0|0|0|0|1|0|2289104345|2289104350|0|0|0|0|0|0|0|0|0|0
588|R1|1|2|0|1|1|1|0|0|0|0|1|0|2298044531|2298044536|0|0|0|0|0|0|0|0|0|0
589|R1|1|2|0|1|1|1|0|0|0|0|1|0|2305092284|2305092289|0|0|0|0|0|0|0|0|0|0
590|R1|1|2|0|1|1|1|0|0|0|0|1|0|2312439141|2312439146|0|0|0|0|0|0|0|0|0|0
591|R1|1|2|0|1|1|1|0|0|0|0|1|0|2320508884|2320508889|0|0|0|0|0|0|0|0|0|0
592|R1|1|2|0|1|1|1|0|0|0|0|1|0|2329673959|2329673964|0|0|0|0|0|0|0|0|0|0
593|R1|1|2|0|1|1|1|0|0|0|0|1|0|2337075269|2337075274|0|0|0|0|0|0|0|0|0|0
594|R1|1|2|0|1|1|1|0|0|0|0|1|0|2344601758|2344601763|0|0|0|0|0|0|0|0|0|0
595|R1|1|2|0|1|1|1|0|0|0|0|1|0|2351913249|2351913254|0|0|0|0|0|0|0|0|0|0
596|R1|1|2|0|1|1|1|0|0|0|0|1|0|2361415685|2361415690|0|0|0|0|0|0|0|0|0|0
597|R1|1|2|0|1|1|1|0|0|0|0|1|0|2368174292|2368174297|0|0|0|0|0|0|0|0|0|0
598|R1|1|2|0|1|1|1|0|0|0|0|1|0|2376079895|2376079900|0|0|0|0|0|0|0|0|0|0
599|R1|1|2|0|1|1|1|0|0|0|0|1|0|2384136522|2384136527|0|0|0|0|0|0|0|0|0|0
600|R1|1|2|0|1|1|1|0|0|0|0|1|0|2393886351|2393886356|0|0|0|0|0|0|0|0|0|0
601|R1|1|2|0|1|1|1|0|0|0|0|1|0|2401885131|2401885136|0|0|0|0|0|0|0|0|0|0
602|R1|1|2|0|1|1|1|0|0|0|0|1|0|2409344463|2409344468|0|0|0|0|0|0|0|0|0|0
603|R1|1|2|0|1|1|1|0|0|0|0|1|0|2417237241|2417237246|0|0|0|0|0|0|0|0|0|0
604|R1|1|2|0|1|1|1|0|0|0|0|1|0|2425910823|2425910828|0|0|0|0|0|0|0|0|0|0
605|R1|1|2|0|1|1|1|0|0|0|0|1|0|2433852106|2433852111|0|0|0|0|0|0|0|0|0|0
606|R1|1|2|0|1|1|1|0|0|0|0|1|0|2441751299|2441751304|0|0|0|0|0|0|0|0|0|0
607|R1|1|2|0|1|1|1|0|0|0|0|1|0|2448644837|2448644842|0|0|0|0|0|0|0|0|0|0
608|R1|1|2|0|1|1|1|0|0|0|0|1|0|2457099863|2457099868|0|0|0|0|0|0|0|0|0|0
609|R1|1|2|0|1|1|1|0|0|0|0|1|0|2465211114|2465211119|0|0|0|0|0|0|0|0|0|0
610|R1|1|2|0|1|1|1|0|0|0|0|1|0|2473396574|2473396579|0|0|0|0|0|0|0|0|0|0
611|R1|1|2|0|1|1|1|0|0|0|0|1|0|2481849031|2481849036|0|0|0|0|0|0|0|0|0|0
612|R1|1|2|0|1|1|1|0|0|0|0|1|0|2489266277|2489266282|0|0|0|0|0|0|0|0|0|0
613|R1|1|2|0|1|1|1|0|0|0|0|1|0|2497483658|2497483663|0|0|0|0|0|0|0|0|0|0
614|R1|1|2|0|1|1|1|0|0|0|0|1|0|2505720202|2505720207|0|0|0|0|0|0|0|0|0|0
615|R1|1|2|0|1|1|1|0|0|0|0|1|0|2512681223|2512681228|0|0|0|0|0|0|0|0|0|0
616|R1|1|2|0|1|1|1|0|0|0|0|1|0|2519831809|2519831814|0|0|0|0|0|0|0|0|0|0
617|R1|1|2|0|1|1|1|0|0|0|0|1|0|2527098274|2527098279|0|0|0|0|0|0|0|0|0|0
618|R1|1|2|0|1|1|1|0|0|0|0|1|0|2535158110|2535158115|0|0|0|0|0|0|0|0|0|0
619|R1|1|2|0|1|1|1|0|0|0|0|1|0|2543413953|2543413958|0|0|0|0|0|0|0|0|0|0
620|R1|1|2|0|1|1|1|0|0|0|0|1|0|2552656426|2552656431|0|0|0|0|0|0|0|0|0|0
621|R1|1|2|0|1|1|1|0|0|0|0|1|0|2561452043|2561452048|0|0|0|0|0|0|0|0|0|0
622|R1|1|2|0|1|1|1|0|0|0|0|1|0|2568952810|2568952815|0|0|0|0|0|0|0|0|0|0
623|R1|1|2|0|1|1|1|0|0|0|0|1|0|2577758873|2577758878|0|0|0|0|0|0|0|0|0|0
624|R1|1|2|0|1|1|1|0|0|0|0|1|0|2584116188|2584116193|0|0|0|0|0|0|0|0|0|0
625|R1|1|2|0|1|1|1|0|0|0|0|1|0|2592397747|2592397752|0|0|0|0|0|0|0|0|0|0
626|R1|1|2|0|1|1|1|0|0|0|0|1|0|2599838008|2599838013|0|0|0|0|0|0|0|0|0|0
627|R1|1|2|0|1|1|1|0|0|0|0|1|0|2607011073|2607011078|0|0|0|0|0|0|0|0|0|0
628|R1|1|2|0|1|1|1|0|0|0|0|1|0|2616160092|2616160097|0|0|0|0|0|0|0|0|0|0
629|R1|1|2|0|1|1|1|0|0|0|0|1|0|2623413477|2623413482|0|0|0|0|0|0|0|0|0|0
630|R1|1|2|0|1|1|1|0|0|0|0|1|0|2631801026|2631801031|0|0|0|0|0|0|0|0|0|0
631|R1|1|2|0|1|1|1|0|0|0|0|1|0|2640786177|2640786182|0|0|0|0|0|0|0|0|0|0
632|R1|1|2|0|1|1|1|0|0|0|0|1|0|2649041998|2649042003|0|0|0|0|0|0|0|0|0|0
633|R1|1|2|0|1|1|1|0|0|0|0|1|0|2657339673|2657339678|0|0|0|0|0|0|0|0|0|0
634|R1|1|2|0|1|1|1|0|0|0|0|1|0|2665174611|2665174616|0|0|0|0|0|0|0|0|0|0
635|R1|1|2|0|1|1|1|0|0|0|0|1|0|2674950804|2674950809|0|0|0|0|0|0|0|0|0|0
636|R1|1|2|0|1|1|1|0|0|0|0|1|0|2682085313|2682085318|0|0|0|0|0|0|0|0|0|0
637|R1|1|2|0|1|1|1|0|0|0|0|1|0|2688059970|2688059975|0|0|0|0|0|0|0|0|0|0
638|R1|1|2|0|1|1|1|0|0|0|0|1|0|2695384327|2695384332|0|0|0|0|0|0|0|0|0|0
639|R1|1|2|0|1|1|1|0|0|0|0|1|0|2704732545|2704732550|0|0|0|0|0|0|0|0|0|0
640|R1|1|2|0|1|1|1|0|0|0|0|1|0|2711163425|2711163430|0|0|0|0|0|0|0|0|0|0
641|R1|1|2|0|1|1|1|0|0|0|0|1|0|2718394585|2718394590|0|0|0|0|0|0|0|0|0|0
642|R1|1|2|0|1|1|1|0|0|0|0|1|0|2726361511|2726361516|0|0|0|0|0|0|0|0|0|0
643|R1|1|2|0|1|1|1|0|0|0|0|1|0|2733031038|2733031043|0|0|0|0|0|0|0|0|0|0
644|R1|1|2|0|1|1|1|0|0|0|0|1|0|2740194538|2740194543|0|0|0|0|0|0|0|0|0|0
645|R1|1|2|0|1|1|1|0|0|0|0|1|0|2748096943|2748096948|0|0|0|0|0|0|0|0|0|0
646|R1|1|2|0|1|1|1|0|0|0|0|1|0|2756317495|2756317500|0|0|0|0|0|0|0|0|0|0
647|R1|1|2|0|1|1|1|0|0|0|0|1|0|2765689008|2765689013|0|0|0|0|0|0|0|0|0|0
648|R1|1|2|0|1|1|1|0|0|0|0|1|0|2772014105|2772014110|0|0|0|0|0|0|0|0|0|0
649|R1|1|2|0|1|1|1|0|0|0|0|1|0|2780045285|2780045290|0|0|0|0|0|0|0|0|0|0
650|R1|1|2|0|1|1|1|0|0|0|0|1|0|2789133519|2789133524|0|0|0|0|0|0|0|0|0|0
651|R1|1|2|0|1|1|1|0|0|0|0|1|0|2795782881|2795782886|0|0|0|0|0|0|0|0|0|0
652|R1|1|2|0|1|1|1|0|0|0|0|1|0|2804189843|2804189848|0|0|0|0|0|0|0|0|0|0
653|R1|1|2|0|1|1|1|0|0|0|0|1|0|2811231188|2811231193|0|0|0|0|0|0|0|0|0|0
654|R1|1|2|0|1|1|1|0|0|0|0|1|0|2818539476|2818539481|0|0|0|0|0|0|0|0|0|0
655|R1|1|2|0|1|1|1|0|0|0|0|1|0|2827720628|2827720633|0|0|0|0|0|0|0|0|0|0
656|R1|1|2|0|1|1|1|0|0|0|0|1|0|2837621459|2837621464|0|0|0|0|0|0|0|0|0|0
657|R1|1|2|0|1|1|1|0|0|0|0|1|0|2843734270|2843734275|0|0|0|0|0|0|0|0|0|0
658|R1|1|2|0|1|1|1|0|0|0|0|1|0|2851334639|2851334644|0|0|0|0|0|0|0|0|0|0
659|R1|1|2|0|1|1|1|0|0|0|0|1|0|2859166361|2859166366|0|0|0|0|0|0|0|0|0|0
660|R1|1|2|0|1|1|1|0|0|0|0|1|0|2868405322|2868405327|0|0|0|0|0|0|0|0|0|0
661|R1|1|2|0|1|1|1|0|0|0|0|1|0|2876567955|2876567960|0|0|0|0|0|0|0|0|0|0
662|R1|1|2|0|1|1|1|0|0|0|0|1|0|2884958754|2884958759|0|0|0|0|0|0|0|0|0|0
663|R1|1|2|0|1|1|1|0|0|0|0|1|0|2891794457|2891794462|0|0|0|0|0|0|0|0|0|0
664|R1|1|2|0|1|1|1|0|0|0|0|1|0|2900493669|2900493674|0|0|0|0|0|0|0|0|0|0
665|R1|1|2|0|1|1|1|0|0|0|0|1|0|2908193660|2908193665|0|0|0|0|0|0|0|0|0|0
666|R1|1|2|0|1|1|1|0|0|0|0|1|0|2915716938|2915716943|0|0|0|0|0|0|0|0|0|0
667|R1|1|2|0|1|1|1|0|0|0|0|1|0|2922979950|2922979955|0|0|0|0|0|0|0|0|0|0
668|R1|1|2|0|1|1|1|0|0|0|0|1|0|2930988654|2930988659|0|0|0|0|0|0|0|0|0|0
669|R1|1|2|0|1|1|1|0|0|0|0|1|0|2938338575|2938338580|0|0|0|0|0|0|0|0|0|0
670|R1|1|2|0|1|1|1|0|0|0|0|1|0|2945980802|2945980807|0|0|0|0|0|0|0|0|0|0
671|R1|1|2|0|1|1|1|0|0|0|0|1|0|2953076897|2953076902|0|0|0|0|0|0|0|0|0|0
672|R1|1|2|0|1|1|1|0|0|0|0|1|0|2961882421|2961882426|0|0|0|0|0|0|0|0|0|0
673|R1|1|2|0|1|1|1|0|0|0|0|1|0|2968368103|2968368108|0|0|0|0|0|0|0|0|0|0
674|R1|1|2|0|1|1|1|0|0|0|0|1|0|2976498919|2976498924|0|0|0|0|0|0|0|0|0|0
675|R1|1|2|0|1|1|1|0|0|0|0|1|0|2984446456|2984446461|0|0|0|0|0|0|0|0|0|0
676|R1|1|2|0|1|1|1|0|0|0|0|1|0|2992567324|2992567329|0|0|0|0|0|0|0|0|0|0
677|R1|1|2|0|1|1|1|0|0|0|0|1|0|3000553258|3000553263|0|0|0|0|0|0|0|0|0|0
678|R1|1|2|0|1|1|1|0|0|0|0|1|0|3008455663|3008455668|0|0|0|0|0|0|0|0|0|0
679|R1|1|2|0|1|1|1|0|0|0|0|1|0|3016576595|3016576600|0|0|0|0|0|0|0|0|0|0
680|R1|1|2|0|1|1|1|0|0|0|0|1|0|3026149726|3026149731|0|0|0|0|0|0|0|0|0|0
681|R1|1|2|0|1|1|1|0|0|0|0|1|0|3034126282|3034126287|0|0|0|0|0|0|0|0|0|0
682|R1|1|2|0|1|1|1|0|0|0|0|1|0|3042115434|3042115439|0|0|0|0|0|0|0|0|0|0
683|R1|1|2|0|1|1|1|0|0|0|0|1|0|3050673657|3050673662|0|0|0|0|0|0|0|0|0|0
684|R1|1|2|0|1|1|1|0|0|0|0|1|0|3058364030|3058364035|0|0|0|0|0|0|0|0|0|0
685|R1|1|2|0|1|1|1|0|0|0|0|1|0|3065813730|3065813735|0|0|0|0|0|0|0|0|0|0
686|R1|1|2|0|1|1|1|0|0|0|0|1|0|3073825625|3073825630|0|0|0|0|0|0|0|0|0|0
687|R1|1|2|0|1|1|1|0|0|0|0|1|0|3080352892|3080352897|0|0|0|0|0|0|0|0|0|0
688|R1|1|2|0|1|1|1|0|0|0|0|1|0|3089794311|3089794316|0|0|0|0|0|0|0|0|0|0
689|R1|1|2|0|1|1|1|0|0|0|0|1|0|3096755662|3096755667|0|0|0|0|0|0|0|0|0|0
690|R1|1|2|0|1|1|1|0|0|0|0|1|0|3103003746|3103003751|0|0|0|0|0|0|0|0|0|0
691|R1|1|2|0|1|1|1|0|0|0|0|1|0|3110118977|3110118982|0|0|0|0|0|0|0|0|0|0
692|R1|1|2|0|1|1|1|0|0|0|0|1|0|3119341880|3119341885|0|0|0|0|0|0|0|0|0|0
693|R1|1|2|0|1|1|1|0|0|0|0|1|0|3127404915|3127404920|0|0|0|0|0|0|0|0|0|0
694|R1|1|2|0|1|1|1|0|0|0|0|1|0|3135233436|3135233441|0|0|0|0|0|0|0|0|0|0
695|R1|1|2|0|1|1|1|0|0|0|0|1|0|3142769871|3142769876|0|0|0|0|0|0|0|0|0|0
696|R1|1|2|0|1|1|1|0|0|0|0|1|0|3150585671|3150585676|0|0|0|0|0|0|0|0|0|0
697|R1|1|2|0|1|1|1|0|0|0|0|1|0|3158057911|3158057916|0|0|0|0|0|0|0|0|0|0
698|R1|1|2|0|1|1|1|0|0|0|0|1|0|3164736175|3164736180|0|0|0|0|0|0|0|0|0|0
699|R1|1|2|0|1|1|1|0|0|0|0|1|0|3172227320|3172227325|0|0|0|0|0|0|0|0|0|0
700|R1|1|2|0|1|1|1|0|0|0|0|1|0|3179728124|3179728129|0|0|0|0|0|0|0|0|0|0
701|R1|1|2|0|1|1|1|0|0|0|0|1|0|3186959344|3186959349|0|0|0|0|0|0|0|0|0|0
702|R1|1|2|0|1|1|1|0|0|0|0|1|0|3194132414|3194132419|0|0|0|0|0|0|0|0|0|0
703|R1|1|2|0|1|1|1|0|0|0|0|1|0|3202063754|3202063759|0|0|0|0|0|0|0|0|0|0
704|R1|1|2|0|1|1|1|0|0|0|0|1|0|3210480290|3210480295|0|0|0|0|0|0|0|0|0|0
705|R1|1|2|0|1|1|1|0|0|0|0|1|0|3218575796|3218575801|0|0|0|0|0|0|0|0|0|0
706|R1|1|2|0|1|1|1|0|0|0|0|1|0|3226696674|3226696679|0|0|0|0|0|0|0|0|0|0
707|R1|1|2|0|1|1|1|0|0|0|0|1|0|3234595993|3234595998|0|0|0|0|0|0|0|0|0|0
708|R1|1|2|0|1|1|1|0|0|0|0|1|0|3242617287|3242617292|0|0|0|0|0|0|0|0|0|0
709|R1|1|2|0|1|1|1|0|0|0|0|1|0|3250118392|3250118397|0|0|0|0|0|0|0|0|0|0
710|R1|1|2|0|1|1|1|0|0|0|0|1|0|3257796417|3257796422|0|0|0|0|0|0|0|0|0|0
711|R1|1|2|0|1|1|1|0|0|0|0|1|0|3264420097|3264420102|0|0|0|0|0|0|0|0|0|0
712|R1|1|2|0|1|1|1|0|0|0|0|1|0|3273822964|3273822969|0|0|0|0|0|0|0|0|0|0
713|R1|1|2|0|1|1|1|0|0|0|0|1|0|3281433299|3281433304|0|0|0|0|0|0|0|0|0|0
714|R1|1|2|0|1|1|1|0|0|0|0|1|0|3289808001|3289808006|0|0|0|0|0|0|0|0|0|0
715|R1|1|2|0|1|1|1|0|0|0|0|1|0|3297620787|3297620792|0|0|0|0|0|0|0|0|0|0
716|R1|1|2|0|1|1|1|0|0|0|0|1|0|3307476697|3307476702|0|0|0|0|0|0|0|0|0|0
717|R1|1|2|0|1|1|1|0|0|0|0|1|0|3313692335|3313692340|0|0|0|0|0|0|0|0|0|0
718|R1|1|2|0|1|1|1|0|0|0|0|1|0|3321039203|3321039208|0|0|0|0|0|0|0|0|0|0
719|R1|1|2|0|1|1|1|0|0|0|0|1|0|3329458881|3329458886|0|0|0|0|0|0|0|0|0|0
720|R1|1|2|0|1|1|1|0|0|0|0|1|0|3337213495|3337213500|0|0|0|0|0|0|0|0|0|0
721|R1|1|2|0|1|1|1|0|0|0|0|1|0|3345308965|3345308970|0|0|0|0|0|0|0|0|0|0
722|R1|1|2|0|1|1|1|0|0|0|0|1|0|3353381651|3353381656|0|0|0|0|0|0|0|0|0|0
723|R1|1|2|0|1|1|1|0|0|0|0|1|0|3361605345|3361605350|0|0|0|0|0|0|0|0|0|0
724|R1|1|2|0|1|1|1|0|0|0|0|1|0|3371519041|3371519046|0|0|0|0|0|0|0|0|0|0
725|R1|1|2|0|1|1|1|0|0|0|0|1|0|3378885203|3378885208|0|0|0|0|0|0|0|0|0|0
726|R1|1|2|0|1|1|1|0|0|0|0|1|0|3386945038|3386945043|0|0|0|0|0|0|0|0|0|0
727|R1|1|2|0|1|1|1|0|0|0|0|1|0|3394940755|3394940760|0|0|0|0|0|0|0|0|0|0
728|R1|1|2|0|1|1|1|0|0|0|0|1|0|3402968468|3402968473|0|0|0|0|0|0|0|0|0|0
729|R1|1|2|0|1|1|1|0|0|0|0|1|0|3410096546|3410096551|0|0|0|0|0|0|0|0|0|0
730|R1|1|2|0|1|1|1|0|0|0|0|1|0|3417401450|3417401455|0|0|0|0|0|0|0|0|0|0
731|R1|1|2|0|1|1|1|0|0|0|0|1|0|3425223518|3425223523|0|0|0|0|0|0|0|0|0|0
732|R1|1|2|0|1|1|1|0|0|0|0|1|0|3434417527|3434417532|0|0|0|0|0|0|0|0|0|0
733|R1|1|2|0|1|1|1|0|0|0|0|1|0|3441606839|3441606844|0|0|0|0|0|0|0|0|0|0
734|R1|1|2|0|1|1|1|0|0|0|0|1|0|3448699599|3448699604|0|0|0|0|0|0|0|0|0|0
735|R1|1|2|0|1|1|1|0|0|0|0|1|0|3455773081|3455773086|0|0|0|0|0|0|0|0|0|0
736|R1|1|2|0|1|1|1|0|0|0|0|1|0|3464057866|3464057871|0|0|0|0|0|0|0|0|0|0
737|R1|1|2|0|1|1|1|0|0|0|0|1|0|3471947420|3471947425|0|0|0|0|0|0|0|0|0|0
738|R1|1|2|0|1|1|1|0|0|0|0|1|0|3479525315|3479525320|0|0|0|0|0|0|0|0|0|0
739|R1|1|2|0|1|1|1|0|0|0|0|1|0|3487289825|3487289830|0|0|0|0|0|0|0|0|0|0
740|R1|1|2|0|1|1|1|0|0|0|0|1|0|3495250099|3495250104|0|0|0|0|0|0|0|0|0|0
741|R1|1|2|0|1|1|1|0|0|0|0|1|0|3503126807|3503126812|0|0|0|0|0|0|0|0|0|0
742|R1|1|2|0|1|1|1|0|0|0|0|1|0|3510900687|3510900692|0|0|0|0|0|0|0|0|0|0
743|R1|1|2|0|1|1|1|0|0|0|0|1|0|3518700418|3518700423|0|0|0|0|0|0|0|0|0|0
744|R1|1|2|0|1|1|1|0|0|0|0|1|0|3525879915|3525879920|0|0|0|0|0|0|0|0|0|0
745|R1|1|2|0|1|1|1|0|0|0|0|1|0|3534373582|3534373587|0|0|0|0|0|0|0|0|0|0
746|R1|1|2|0|1|1|1|0|0|0|0|1|0|3542231320|3542231325|0|0|0|0|0|0|0|0|0|0
747|R1|1|2|0|1|1|1|0|0|0|0|1|0|3551402885|3551402890|0|0|0|0|0|0|0|0|0|0
748|R1|1|2|0|1|1|1|0|0|0|0|1|0|3561361564|3561361569|0|0|0|0|0|0|0|0|0|0
749|R1|1|2|0|1|1|1|0|0|0|0|1|0|3568242383|3568242388|0|0|0|0|0|0|0|0|0|0
750|R1|1|2|0|1|1|1|0|0|0|0|1|0|3575274095|3575274100|0|0|0|0|0|0|0|0|0|0
751|R1|1|2|0|1|1|1|0|0|0|0|1|0|3582633834|3582633839|0|0|0|0|0|0|0|0|0|0
752|R1|1|2|0|1|1|1|0|0|0|0|1|0|3592631060|3592631065|0|0|0|0|0|0|0|0|0|0
753|R1|1|2|0|1|1|1|0|0|0|0|1|0|3600546306|3600546311|0|0|0|0|0|0|0|0|0|0
754|R1|1|2|0|1|1|1|0|0|0|0|1|0|3607726050|3607726055|0|0|0|0|0|0|0|0|0|0
755|R1|1|2|0|1|1|1|0|0|0|0|1|0|3615679983|3615679988|0|0|0|0|0|0|0|0|0|0
756|R1|1|2|0|1|1|1|0|0|0|0|1|0|3623910119|3623910124|0|0|0|0|0|0|0|0|0|0
757|R1|1|2|0|1|1|1|0|0|0|0|1|0|3630071152|3630071157|0|0|0|0|0|0|0|0|0|0
758|R1|1|2|0|1|1|1|0|0|0|0|1|0|3636325378|3636325383|0|0|0|0|0|0|0|0|0|0
759|R1|1|2|0|1|1|1|0|0|0|0|1|0|3644282364|3644282369|0|0|0|0|0|0|0|0|0|0
760|R1|1|2|0|1|1|1|0|0|0|0|1|0|3652904449|3652904454|0|0|0|0|0|0|0|0|0|0
761|R1|1|2|0|1|1|1|0|0|0|0|1|0|3660530677|3660530682|0|0|0|0|0|0|0|0|0|0
762|R1|1|2|0|1|1|1|0|0|0|0|1|0|3667700559|3667700564|0|0|0|0|0|0|0|0|0|0
763|R1|1|2|0|1|1|1|0|0|0|0|1|0|3674966776|3674966781|0|0|0|0|0|0|0|0|0|0
764|R1|1|2|0|1|1|1|0|0|0|0|1|0|3683813761|3683813766|0|0|0|0|0|0|0|0|0|0
765|R1|1|2|0|1|1|1|0|0|0|0|1|0|3691549090|3691549095|0|0|0|0|0|0|0|0|0|0
766|R1|1|2|0|1|1|1|0|0|0|0|1|0|3699406831|3699406836|0|0|0|0|0|0|0|0|0|0
767|R1|1|2|0|1|1|1|0|0|0|0|1|0|3707611527|3707611532|0|0|0|0|0|0|0|0|0|0
768|R1|1|2|0|1|1|1|0|0|0|0|1|0|3717181413|3717181418|0|0|0|0|0|0|0|0|0|0
769|R1|1|2|0|1|1|1|0|0|0|0|1|0|3724733872|3724733877|0|0|0|0|0|0|0|0|0|0
770|R1|1|2|0|1|1|1|0|0|0|0|1|0|3731608106|3731608111|0|0|0|0|0|0|0|0|0|0
771|R1|1|2|0|1|1|1|0|0|0|0|1|0|3739009560|3739009565|0|0|0|0|0|0|0|0|0|0
772|R1|1|2|0|1|1|1|0|0|0|0|1|0|3746764130|3746764135|0|0|0|0|0|0|0|0|0|0
773|R1|1|2|0|1|1|1|0|0|0|0|1|0|3753725140|3753725145|0|0|0|0|0|0|0|0|0|0
774|R1|1|2|0|1|1|1|0|0|0|0|1|0|3762003751|3762003756|0|0|0|0|0|0|0|0|0|0
775|R1|1|2|0|1|1|1|0|0|0|0|1|0|3770497327|3770497332|0|0|0|0|0|0|0|0|0|0
776|R1|1|2|0|1|1|1|0|0|0|0|1|0|3780327539|3780327544|0|0|0|0|0|0|0|0|0|0
777|R1|1|2|0|1|1|1|0|0|0|0|1|0|3787327234|3787327239|0|0|0|0|0|0|0|0|0|0
778|R1|1|2|0|1|1|1|0|0|0|0|1|0|3794400696|3794400701|0|0|0|0|0|0|0|0|0|0
779|R1|1|2|0|1|1|1|0|0|0|0|1|0|3801686191|3801686196|0|0|0|0|0|0|0|0|0|0
780|R1|1|2|0|1|1|1|0|0|0|0|1|0|3811667347|3811667352|0|0|0|0|0|0|0|0|0|0
781|R1|1|2|0|1|1|1|0|0|0|0|1|0|3819431568|3819431573|0|0|0|0|0|0|0|0|0|0
782|R1|1|2|0|1|1|1|0|0|0|0|1|0|3827443187|3827443192|0|0|0|0|0|0|0|0|0|0
783|R1|1|2|0|1|1|1|0|0|0|0|1|0|3835278382|3835278387|0|0|0|0|0|0|0|0|0|0
784|R1|1|2|0|1|1|1|0|0|0|0|1|0|3844389150|3844389155|0|0|0|0|0|0|0|0|0|0
785|R1|1|2|0|1|1|1|0|0|0|0|1|0|3852410730|3852410735|0|0|0|0|0|0|0|0|0|0
786|R1|1|2|0|1|1|1|0|0|0|0|1|0|3859301038|3859301043|0|0|0|0|0|0|0|0|0|0
787|R1|1|2|0|1|1|1|0|0|0|0|1|0|3866824286|3866824291|0|0|0|0|0|0|0|0|0|0
788|R1|1|2|0|1|1|1|0|0|0|0|1|0|3875237838|3875237843|0|0|0|0|0|0|0|0|0|0
789|R1|1|2|0|1|1|1|0|0|0|0|1|0|3882712944|3882712949|0|0|0|0|0|0|0|0|0|0
790|R1|1|2|0|1|1|1|0|0|0|0|1|0|3888738978|3888738983|0|0|0|0|0|0|0|0|0|0
791|R1|1|2|0|1|1|1|0|0|0|0|1|0|3895966670|3895966675|0|0|0|0|0|0|0|0|0|0
792|R1|1|2|0|1|1|1|0|0|0|0|1|0|3904318882|3904318887|0|0|0|0|0|0|0|0|0|0
793|R1|1|2|0|1|1|1|0|0|0|0|1|0|3912163438|3912163443|0|0|0|0|0|0|0|0|0|0
794|R1|1|2|0|1|1|1|0|0|0|0|1|0|3919320431|3919320436|0|0|0|0|0|0|0|0|0|0
795|R1|1|2|0|1|1|1|0|0|0|0|1|0|3926368335|3926368340|0|0|0|0|0|0|0|0|0|0
796|R1|1|2|0|1|1|1|0|0|0|0|1|0|3934373523|3934373528|0|0|0|0|0|0|0|0|0|0
797|R1|1|2|0|1|1|1|0|0|0|0|1|0|3941855324|3941855329|0|0|0|0|0|0|0|0|0|0
798|R1|1|2|0|1|1|1|0|0|0|0|1|0|3948023087|3948023092|0|0|0|0|0|0|0|0|0|0
799|R1|1|2|0|1|1|1|0|0|0|0|1|0|3955774622|3955774627|0|0|0|0|0|0|0|0|0|0
800|R1|1|2|0|1|1|1|0|0|0|0|1|0|3962790238|3962790243|0|0|0|0|0|0|0|0|0|0
801|R1|1|2|0|1|1|1|0|0|0|0|1|0|3968922300|3968922305|0|0|0|0|0|0|0|0|0|0
802|R1|1|2|0|1|1|1|0|0|0|0|1|0|3975822607|3975822612|0|0|0|0|0|0|0|0|0|0
803|R1|1|2|0|1|1|1|0|0|0|0|1|0|3983156302|3983156307|0|0|0|0|0|0|0|0|0|0
804|R1|1|2|0|1|1|1|0|0|0|0|1|0|3990644229|3990644234|0|0|0|0|0|0|0|0|0|0
805|R1|1|2|0|1|1|1|0|0|0|0|1|0|4000570798|4000570803|0|0|0|0|0|0|0|0|0|0
806|R1|1|2|0|1|1|1|0|0|0|0|1|0|4007898378|4007898383|0|0|0|0|0|0|0|0|0|0
807|R1|1|2|0|1|1|1|0|0|0|0|1|0|4016035614|4016035619|0|0|0|0|0|0|0|0|0|0
808|R1|1|2|0|1|1|1|0|0|0|0|1|0|4024153578|4024153583|0|0|0|0|0|0|0|0|0|0
809|R1|1|2|0|1|1|1|0|0|0|0|1|0|4033376775|4033376780|0|0|0|0|0|0|0|0|0|0
810|R1|1|2|0|1|1|1|0|0|0|0|1|0|4041504376|4041504381|0|0|0|0|0|0|0|0|0|0
811|R1|1|2|0|1|1|1|0|0|0|0|1|0|4047459983|4047459988|0|0|0|0|0|0|0|0|0|0
812|R1|1|2|0|1|1|1|0|0|0|0|1|0|4055680759|4055680764|0|0|0|0|0|0|0|0|0|0
813|R1|1|2|0|1|1|1|0|0|0|0|1|0|4065465904|4065465909|0|0|0|0|0|0|0|0|0|0
814|R1|1|2|0|1|1|1|0|0|0|0|1|0|4072835262|4072835267|0|0|0|0|0|0|0|0|0|0
815|R1|1|2|0|1|1|1|0|0|0|0|1|0|4081023938|4081023943|0|0|0|0|0|0|0|0|0|0
816|R1|1|2|0|1|1|1|0|0|0|0|1|0|4089665337|4089665342|0|0|0|0|0|0|0|0|0|0
817|R1|1|2|0|1|1|1|0|0|0|0|1|0|4097802288|4097802293|0|0|0|0|0|0|0|0|0|0
818|R1|1|2|0|1|1|1|0|0|0|0|1|0|4105043127|4105043132|0|0|0|0|0|0|0|0|0|0
819|R1|1|2|0|1|1|1|0|0|0|0|1|0|4113010059|4113010064|0|0|0|0|0|0|0|0|0|0
820|R1|1|2|0|1|1|1|0|0|0|0|1|0|4122036980|4122036985|0|0|0|0|0|0|0|0|0|0
821|R1|1|2|0|1|1|1|0|0|0|0|1|0|4129958800|4129958805|0|0|0|0|0|0|0|0|0|0
822|R1|1|2|0|1|1|1|0|0|0|0|1|0|4137067621|4137067626|0|0|0|0|0|0|0|0|0|0
823|R1|1|2|0|1|1|1|0|0|0|0|1|0|4145104961|4145104966|0|0|0|0|0|0|0|0|0|0
824|R1|1|2|0|1|1|1|0|0|0|0|1|0|4154289326|4154289331|0|0|0|0|0|0|0|0|0|0
825|R1|1|2|0|1|1|1|0|0|0|0|1|0|4161696942|4161696947|0|0|0|0|0|0|0|0|0|0
826|R1|1|2|0|1|1|1|0|0|0|0|1|0|4169650840|4169650845|0|0|0|0|0|0|0|0|0|0
827|R1|1|2|0|1|1|1|0|0|0|0|1|0|4176701817|4176701822|0|0|0|0|0|0|0|0|0|0
828|R1|1|2|0|1|1|1|0|0|0|0|1|0|4185323970|4185323975|0|0|0|0|0|0|0|0|0|0
829|R1|1|2|0|1|1|1|0|0|0|0|1|0|4193933198|4193933203|0|0|0|0|0|0|0|0|0|0
830|R1|1|2|0|1|1|1|0|0|0|0|1|0|4202256495|4202256500|0|0|0|0|0|0|0|0|0|0
831|R1|1|2|0|1|1|1|0|0|0|0|1|0|4210101070|4210101075|0|0|0|0|0|0|0|0|0|0
832|R1|1|2|0|1|1|1|0|0|0|0|1|0|4218601063|4218601068|0|0|0|0|0|0|0|0|0|0
833|R1|1|2|0|1|1|1|0|0|0|0|1|0|4226670931|4226670936|0|0|0|0|0|0|0|0|0|0
834|R1|1|2|0|1|1|1|0|0|0|0|1|0|4234631457|4234631462|0|0|0|0|0|0|0|0|0|0
835|R1|1|2|0|1|1|1|0|0|0|0|1|0|4242819815|4242819820|0|0|0|0|0|0|0|0|0|0
836|R1|1|2|0|1|1|1|0|0|0|0|1|0|4252646757|4252646762|0|0|0|0|0|0|0|0|0|0
837|R1|1|2|0|1|1|1|0|0|0|0|1|0|4259887303|4259887308|0|0|0|0|0|0|0|0|0|0
838|R1|1|2|0|1|1|1|0|0|0|0|1|0|4267008967|4267008972|0|0|0|0|0|0|0|0|0|0
839|R1|1|2|0|1|1|1|0|0|0|0|1|0|4274018647|4274018652|0|0|0|0|0|0|0|0|0|0
840|R1|1|2|0|1|1|1|0|0|0|0|1|0|4282621514|4282621519|0|0|0|0|0|0|0|0|0|0
841|R1|1|2|0|1|1|1|0|0|0|0|1|0|4290906241|4290906246|0|0|0|0|0|0|0|0|0|0
842|R1|1|2|0|1|1|1|0|0|0|0|1|0|3619663|3619668|0|0|0|0|0|0|0|0|0|0
843|R1|1|2|0|1|1|1|0|0|0|0|1|0|11907937|11907942|0|0|0|0|0|0|0|0|0|0
844|R1|1|2|0|1|1|1|0|0|0|0|1|0|21644924|21644929|0|0|0|0|0|0|0|0|0|0
845|R1|1|2|0|1|1|1|0|0|0|0|1|0|29190686|29190691|0|0|0|0|0|0|0|0|0|0
846|R1|1|2|0|1|1|1|0|0|0|0|1|0|36842590|36842595|0|0|0|0|0|0|0|0|0|0
847|R1|1|2|0|1|1|1|0|0|0|0|1|0|44153811|44153816|0|0|0|0|0|0|0|0|0|0
848|R1|1|2|0|1|1|1|0|0|0|0|1|0|53277116|53277121|0|0|0|0|0|0|0|0|0|0
849|R1|1|2|0|1|1|1|0|0|0|0|1|0|60572554|60572559|0|0|0|0|0|0|0|0|0|0
850|R1|1|2|0|1|1|1|0|0|0|0|1|0|68684116|68684121|0|0|0|0|0|0|0|0|0|0
851|R1|1|2|0|1|1|1|0|0|0|0|1|0|76927092|76927097|0|0|0|0|0|0|0|0|0|0
852|R1|1|2|0|1|1|1|0|0|0|0|1|0|86892194|86892199|0|0|0|0|0|0|0|0|0|0
853|R1|1|2|0|1|1|1|0|0|0|0|1|0|94948847|94948852|0|0|0|0|0|0|0|0|0|0
854|R1|1|2|0|1|1|1|0|0|0|0|1|0|102594242|102594247|0|0|0|0|0|0|0|0|0|0
855|R1|1|2|0|1|1|1|0|0|0|0|1|0|111621159|111621164|0|0|0|0|0|0|0|0|0|0
856|R1|1|2|0|1|1|1|0|0|0|0|1|0|119494923|119494928|0|0|0|0|0|0|0|0|0|0
857|R1|1|2|0|1|1|1|0|0|0|0|1|0|127535774|127535779|0|0|0|0|0|0|0|0|0|0
858|R1|1|2|0|1|1|1|0|0|0|0|1|0|134471111|134471116|0|0|0|0|0|0|0|0|0|0
859|R1|1|2|0|1|1|1|0|0|0|0|1|0|142383294|142383299|0|0|0|0|0|0|0|0|0|0
860|R1|1|2|0|1|1|1|0|0|0|0|1|0|149643111|149643116|0|0|0|0|0|0|0|0|0|0
861|R1|1|2|0|1|1|1|0|0|0|0|1|0|157323847|157323852|0|0|0|0|0|0|0|0|0|0
862|R1|1|2|0|1|1|1|0|0|0|0|1|0|164840692|164840697|0|0|0|0|0|0|0|0|0|0
863|R1|1|2|0|1|1|1|0|0|0|0|1|0|171127255|171127260|0|0|0|0|0|0|0|0|0|0
864|R1|1|2|0|1|1|1|0|0|0|0|1|0|180533399|180533404|0|0|0|0|0|0|0|0|0|0
865|R1|1|2|0|1|1|1|0|0|0|0|1|0|188284778|188284783|0|0|0|0|0|0|0|0|0|0
866|R1|1|2|0|1|1|1|0|0|0|0|1|0|195605994|195605999|0|0|0|0|0|0|0|0|0|0
867|R1|1|2|0|1|1|1|0|0|0|0|1|0|203624368|203624373|0|0|0|0|0|0|0|0|0|0
868|R1|1|2|0|1|1|1|0|0|0|0|1|0|213277806|213277811|0|0|0|0|0|0|0|0|0|0
869|R1|1|2|0|1|1|1|0|0|0|0|1|0|220473505|220473510|0|0|0|0|0|0|0|0|0|0
870|R1|1|2|0|1|1|1|0|0|0|0|1|0|229092404|229092409|0|0|0|0|0|0|0|0|0|0
871|R1|1|2|0|1|1|1|0|0|0|0|1|0|237316751|237316756|0|0|0|0|0|0|0|0|0|0
872|R1|1|2|0|1|1|1|0|0|0|0|1|0|245003914|245003919|0|0|0|0|0|0|0|0|0|0
873|R1|1|2|0|1|1|1|0|0|0|0|1|0|253301518|253301523|0|0|0|0|0|0|0|0|0|0
874|R1|1|2|0|1|1|1|0|0|0|0|1|0|261380983|261380988|0|0|0|0|0|0|0|0|0|0
875|R1|1|2|0|1|1|1|0|0|0|0|1|0|270902839|270902844|0|0|0|0|0|0|0|0|0|0
876|R1|1|2|0|1|1|1|0|0|0|0|1|0|278679946|278679951|0|0|0|0|0|0|0|0|0|0
877|R1|1|2|0|1|1|1|0|0|0|0|1|0|286579407|286579412|0|0|0|0|0|0|0|0|0|0
878|R1|1|2|0|1|1|1|0|0|0|0|1|0|294770983|294770988|0|0|0|0|0|0|0|0|0|0
879|R1|1|2|0|1|1|1|0|0|0|0|1|0|303685459|303685464|0|0|0|0|0|0|0|0|0|0
880|R1|1|2|0|1|1|1|0|0|0|0|1|0|311832057|311832062|0|0|0|0|0|0|0|0|0|0
881|R1|1|2|0|1|1|1|0|0|0|0|1|0|319165775|319165780|0|0|0|0|0|0|0|0|0|0
882|R1|1|2|0|1|1|1|0|0|0|0|1|0|327036048|327036053|0|0|0|0|0|0|0|0|0|0
883|R1|1|2|0|1|1|1|0|0|0|0|1|0|335279115|335279120|0|0|0|0|0|0|0|0|0|0
884|R1|1|2|0|1|1|1|0|0|0|0|1|0|343252215|343252220|0|0|0|0|0|0|0|0|0|0
885|R1|1|2|0|1|1|1|0|0|0|0|1|0|350842992|350842997|0|0|0|0|0|0|0|0|0|0
886|R1|1|2|0|1|1|1|0|0|0|0|1|0|358472295|358472300|0|0|0|0|0|0|0|0|0|0
887|R1|1|2|0|1|1|1|0|0|0|0|1|0|365648702|365648707|0|0|0|0|0|0|0|0|0|0
888|R1|1|2|0|1|1|1|0|0|0|0|1|0|372908583|372908588|0|0|0|0|0|0|0|0|0|0
889|R1|1|2|0|1|1|1|0|0|0|0|1|0|380184449|380184454|0|0|0|0|0|0|0|0|0|0
890|R1|1|2|0|1|1|1|0|0|0|0|1|0|387997002|387997007|0|0|0|0|0|0|0|0|0|0
891|R1|1|2|0|1|1|1|0|0|0|0|1|0|396394191|396394196|0|0|0|0|0|0|0|0|0|0
892|R1|1|2|0|1|1|1|0|0|0|0|1|0|404197020|404197025|0|0|0|0|0|0|0|0|0|0
893|R1|1|2|0|1|1|1|0|0|0|0|1|0|411562853|411562858|0|0|0|0|0|0|0|0|0|0
894|R1|1|2|0|1|1|1|0|0|0|0|1|0|418446766|418446771|0|0|0|0|0|0|0|0|0|0
895|R1|1|2|0|1|1|1|0|0|0|0|1|0|427190969|427190974|0|0|0|0|0|0|0|0|0|0
896|R1|1|2|0|1|1|1|0|0|0|0|1|0|434978046|434978051|0|0|0|0|0|0|0|0|0|0
897|R1|1|2|0|1|1|1|0|0|0|0|1|0|442742296|442742301|0|0|0|0|0|0|0|0|0|0
898|R1|1|2|0|1|1|1|0|0|0|0|1|0|449880024|449880029|0|0|0|0|0|0|0|0|0|0
899|R1|1|2|0|1|1|1|0|0|0|0|1|0|458855544|458855549|0|0|0|0|0|0|0|0|0|0
900|R1|1|2|0|1|1|1|0|0|0|0|1|0|466035055|466035060|0|0|0|0|0|0|0|0|0|0
901|R1|1|2|0|1|1|1|0|0|0|0|1|0|474448313|474448318|0|0|0|0|0|0|0|0|0|0
902|R1|1|2|0|1|1|1|0|0|0|0|1|0|482826227|482826232|0|0|0|0|0|0|0|0|0|0
903|R1|1|2|0|1|1|1|0|0|0|0|1|0|492331882|492331887|0|0|0|0|0|0|0|0|0|0
904|R1|1|2|0|1|1|1|0|0|0|0|1|0|499517794|499517799|0|0|0|0|0|0|0|0|0|0
905|R1|1|2|0|1|1|1|0|0|0|0|1|0|508747425|508747430|0|0|0|0|0|0|0|0|0|0
906|R1|1|2|0|1|1|1|0|0|0|0|1|0|515576711|515576716|0|0|0|0|0|0|0|0|0|0
907|R1|1|2|0|1|1|1|0|0|0|0|1|0|524796468|524796473|0|0|0|0|0|0|0|0|0|0
908|R1|1|2|0|1|1|1|0|0|0|0|1|0|532547883|532547888|0|0|0|0|0|0|0|0|0|0
909|R1|1|2|0|1|1|1|0|0|0|0|1|0|540071294|540071299|0|0|0|0|0|0|0|0|0|0
910|R1|1|2|0|1|1|1|0|0|0|0|1|0|547154402|547154407|0|0|0|0|0|0|0|0|0|0
911|R1|1|2|0|1|1|1|0|0|0|0|1|0|555497278|555497283|0|0|0|0|0|0|0|0|0|0
912|R1|1|2|0|1|1|1|0|0|0|0|1|0|563309716|563309721|0|0|0|0|0|0|0|0|0|0
913|R1|1|2|0|1|1|1|0|0|0|0|1|0|570405706|570405711|0|0|0|0|0|0|0|0|0|0
914|R1|1|2|0|1|1|1|0|0|0|0|1|0|578420641|578420646|0|0|0|0|0|0|0|0|0|0
915|R1|1|2|0|1|1|1|0|0|0|0|1|0|587126273|587126278|0|0|0|0|0|0|0|0|0|0
916|R1|1|2|0|1|1|1|0|0|0|0|1|0|594652769|594652774|0|0|0|0|0|0|0|0|0|0
917|R1|1|2|0|1|1|1|0|0|0|0|1|0|602542602|602542607|0|0|0|0|0|0|0|0|0|0
918|R1|1|2|0|1|1|1|0|0|0|0|1|0|608948087|608948092|0|0|0|0|0|0|0|0|0|0
919|R1|1|2|0|1|1|1|0|0|0|0|1|0|618987082|618987087|0|0|0|0|0|0|0|0|0|0
920|R1|1|2|0|1|1|1|0|0|0|0|1|0|627030858|627030863|0|0|0|0|0|0|0|0|0|0
921|R1|1|2|0|1|1|1|0|0|0|0|1|0|634679435|634679440|0|0|0|0|0|0|0|0|0|0
922|R1|1|2|0|1|1|1|0|0|0|0|1|0|641232403|641232408|0|0|0|0|0|0|0|0|0|0
923|R1|1|2|0|1|1|1|0|0|0|0|1|0|648354072|648354077|0|0|0|0|0|0|0|0|0|0
924|R1|1|2|0|1|1|1|0|0|0|0|1|0|656346434|656346439|0|0|0|0|0|0|0|0|0|0
925|R1|1|2|0|1|1|1|0|0|0|0|1|0|663471495|663471500|0|0|0|0|0|0|0|0|0|0
926|R1|1|2|0|1|1|1|0|0|0|0|1|0|671993994|671993999|0|0|0|0|0|0|0|0|0|0
927|R1|1|2|0|1|1|1|0|0|0|0|1|0|681390401|681390406|0|0|0|0|0|0|0|0|0|0
928|R1|1|2|0|1|1|1|0|0|0|0|1|0|688933323|688933328|0|0|0|0|0|0|0|0|0|0
929|R1|1|2|0|1|1|1|0|0|0|0|1|0|697568307|697568312|0|0|0|0|0|0|0|0|0|0
930|R1|1|2|0|1|1|1|0|0|0|0|1|0|705027338|705027343|0|0|0|0|0|0|0|0|0|0
931|R1|1|2|0|1|1|1|0|0|0|0|1|0|717312176|717312181|0|0|0|0|0|0|0|0|0|0
932|R1|1|2|0|1|1|1|0|0|0|0|1|0|724122178|724122183|0|0|0|0|0|0|0|0|0|0
933|R1|1|2|0|1|1|1|0|0|0|0|1|0|731163659|731163664|0|0|0|0|0|0|0|0|0|0
934|R1|1|2|0|1|1|1|0|0|0|0|1|0|738442753|738442758|0|0|0|0|0|0|0|0|0|0
935|R1|1|2|0|1|1|1|0|0|0|0|1|0|746425634|746425639|0|0|0|0|0|0|0|0|0|0
936|R1|1|2|0|1|1|1|0|0|0|0|1|0|753470178|753470183|0|0|0|0|0|0|0|0|0|0
937|R1|1|2|0|1|1|1|0|0|0|0|1|0|759528362|759528367|0|0|0|0|0|0|0|0|0|0
938|R1|1|2|0|1|1|1|0|0|0|0|1|0|766833171|766833176|0|0|0|0|0|0|0|0|0|0
939|R1|1|2|0|1|1|1|0|0|0|0|1|0|776975018|776975023|0|0|0|0|0|0|0|0|0|0
940|R1|1|2|0|1|1|1|0|0|0|0|1|0|784977022|784977027|0|0|0|0|0|0|0|0|0|0
941|R1|1|2|0|1|1|1|0|0|0|0|1|0|793727667|793727672|0|0|0|0|0|0|0|0|0|0
942|R1|1|2|0|1|1|1|0|0|0|0|1|0|801402265|801402270|0|0|0|0|0|0|0|0|0|0
943|R1|1|2|0|1|1|1|0|0|0|0|1|0|810676906|810676911|0|0|0|0|0|0|0|0|0|0
944|R1|1|2|0|1|1|1|0|0|0|0|1|0|818694977|818694982|0|0|0|0|0|0|0|0|0|0
945|R1|1|2|0|1|1|1|0|0|0|0|1|0|827339562|827339567|0|0|0|0|0|0|0|0|0|0
946|R1|1|2|0|1|1|1|0|0|0|0|1|0|835805066|835805071|0|0|0|0|0|0|0|0|0|0
947|R1|1|2|0|1|1|1|0|0|0|0|1|0|842987774|842987779|0|0|0|0|0|0|0|0|0|0
948|R1|1|2|0|1|1|1|0|0|0|0|1|0|850353934|850353939|0|0|0|0|0|0|0|0|0|0
949|R1|1|2|0|1|1|1|0|0|0|0|1|0|858468394|858468399|0|0|0|0|0|0|0|0|0|0
950|R1|1|2|0|1|1|1|0|0|0|0|1|0|867630277|867630282|0|0|0|0|0|0|0|0|0|0
951|R1|1|2|0|1|1|1|0|0|0|0|1|0|875455562|875455567|0|0|0|0|0|0|0|0|0|0
952|R1|1|2|0|1|1|1|0|0|0|0|1|0|883855964|883855969|0|0|0|0|0|0|0|0|0|0
953|R1|1|2|0|1|1|1|0|0|0|0|1|0|891989711|891989716|0|0|0|0|0|0|0|0|0|0
954|R1|1|2|0|1|1|1|0|0|0|0|1|0|901659339|901659344|0|0|0|0|0|0|0|0|0|0
955|R1|1|2|0|1|1|1|0|0|0|0|1|0|909208641|909208646|0|0|0|0|0|0|0|0|0|0
956|R1|1|2|0|1|1|1|0|0|0|0|1|0|917329847|917329852|0|0|0|0|0|0|0|0|0|0
957|R1|1|2|0|1|1|1|0|0|0|0|1|0|924271591|924271596|0|0|0|0|0|0|0|0|0|0
958|R1|1|2|0|1|1|1|0|0|0|0|1|0|931168350|931168355|0|0|0|0|0|0|0|0|0|0
959|R1|1|2|0|1|1|1|0|0|0|0|1|0|938817264|938817269|0|0|0|0|0|0|0|0|0|0
960|R1|1|2|0|1|1|1|0|0|0|0|1|0|946658794|946658799|0|0|0|0|0|0|0|0|0|0
961|R1|1|2|0|1|1|1|0|0|0|0|1|0|953873665|953873670|0|0|0|0|0|0|0|0|0|0
962|R1|1|2|0|1|1|1|0|0|0|0|1|0|962643559|962643564|0|0|0|0|0|0|0|0|0|0
963|R1|1|2|0|1|1|1|0|0|0|0|1|0|970016071|970016076|0|0|0|0|0|0|0|0|0|0
964|R1|1|2|0|1|1|1|0|0|0|0|1|0|978117717|978117722|0|0|0|0|0|0|0|0|0|0
965|R1|1|2|0|1|1|1|0|0|0|0|1|0|985856531|985856536|0|0|0|0|0|0|0|0|0|0
966|R1|1|2|0|1|1|1|0|0|0|0|1|0|994240883|994240888|0|0|0|0|0|0|0|0|0|0
967|R1|1|2|0|1|1|1|0|0|0|0|1|0|1001488101|1001488106|0|0|0|0|0|0|0|0|0|0
968|R1|1|2|0|1|1|1|0|0|0|0|1|0|1009753904|1009753909|0|0|0|0|0|0|0|0|0|0
969|R1|1|2|0|1|1|1|0|0|0|0|1|0|1017620965|1017620970|0|0|0|0|0|0|0|0|0|0
970|R1|1|2|0|1|1|1|0|0|0|0|1|0|1025507306|1025507311|0|0|0|0|0|0|0|0|0|0
971|R1|1|2|0|1|1|1|0|0|0|0|1|0|1035671704|1035671709|0|0|0|0|0|0|0|0|0|0
972|R1|1|2|0|1|1|1|0|0|0|0|1|0|1041996760|1041996765|0|0|0|0|0|0|0|0|0|0
973|R1|1|2|0|1|1|1|0|0|0|0|1|0|1049613263|1049613268|0|0|0|0|0|0|0|0|0|0
974|R1|1|2|0|1|1|1|0|0|0|0|1|0|1058412087|1058412092|0|0|0|0|0|0|0|0|0|0
975|R1|1|2|0|1|1|1|0|0|0|0|1|0|1064997194|1064997199|0|0|0|0|0|0|0|0|0|0
976|R1|1|2|0|1|1|1|0|0|0|0|1|0|1072469070|1072469075|0|0|0|0|0|0|0|0|0|0
977|R1|1|2|0|1|1|1|0|0|0|0|1|0|1080625610|1080625615|0|0|0|0|0|0|0|0|0|0
978|R1|1|2|0|1|1|1|0|0|0|0|1|0|1088367379|1088367384|0|0|0|0|0|0|0|0|0|0
979|R1|1|2|0|1|1|1|0|0|0|0|1|0|1095803906|1095803911|0|0|0|0|0|0|0|0|0|0
980|R1|1|2|0|1|1|1|0|0|0|0|1|0|1103012398|1103012403|0|0|0|0|0|0|0|0|0|0
981|R1|1|2|0|1|1|1|0|0|0|0|1|0|1110529396|1110529401|0|0|0|0|0|0|0|0|0|0
982|R1|1|2|0|1|1|1|0|0|0|0|1|0|1117381172|1117381177|0|0|0|0|0|0|0|0|0|0
983|R1|1|2|0|1|1|1|0|0|0|0|1|0|1127024985|1127024990|0|0|0|0|0|0|0|0|0|0
984|R1|1|2|0|1|1|1|0|0|0|0|1|0|1133083169|1133083174|0|0|0|0|0|0|0|0|0|0
985|R1|1|2|0|1|1|1|0|0|0|0|1|0|1140298178|1140298183|0|0|0|0|0|0|0|0|0|0
986|R1|1|2|0|1|1|1|0|0|0|0|1|0|1147394142|1147394147|0|0|0|0|0|0|0|0|0|0
987|R1|1|2|0|1|1|1|0|0|0|0|1|0|1156305423|1156305428|0|0|0|0|0|0|0|0|0|0
988|R1|1|2|0|1|1|1|0|0|0|0|1|0|1162434288|1162434293|0|0|0|0|0|0|0|0|0|0
989|R1|1|2|0|1|1|1|0|0|0|0|1|0|1169890497|1169890502|0|0|0|0|0|0|0|0|0|0
990|R1|1|2|0|1|1|1|0|0|0|0|1|0|1178397086|1178397091|0|0|0|0|0|0|0|0|0|0
991|R1|1|2|0|1|1|1|0|0|0|0|1|0|1187909162|1187909167|0|0|0|0|0|0|0|0|0|0
992|R1|1|2|0|1|1|1|0|0|0|0|1|0|1195644513|1195644518|0|0|0|0|0|0|0|0|0|0
993|R1|1|2|0|1|1|1|0|0|0|0|1|0|1203531166|1203531171|0|0|0|0|0|0|0|0|0|0
994|R1|1|2|0|1|1|1|0|0|0|0|1|0|1210498640|1210498645|0|0|0|0|0|0|0|0|0|0
995|R1|1|2|0|1|1|1|0|0|0|0|1|0|1219573770|1219573775|0|0|0|0|0|0|0|0|0|0
996|R1|1|2|0|1|1|1|0|0|0|0|1|0|1226772828|1226772833|0|0|0|0|0|0|0|0|0|0
997|R1|1|2|0|1|1|1|0|0|0|0|1|0|1234926114|1234926119|0|0|0|0|0|0|0|0|0|0
998|R1|1|2|0|1|1|1|0|0|0|0|1|0|1242918480|1242918485|0|0|0|0|0|0|0|0|0|0
999|R1|1|2|0|1|1|1|0|0|0|0|1|0|1252780766|1252780771|0|0|0|0|0|0|0|0|0|0
