captured_ms|sequence|label|role|admission_snapshot_words_csv|ps_runtime_words_csv|pl_perf_snapshot_words_csv
1786192943338|1002|ps_reset_rotating_1_clean64|fixed|4,1378943233,16781056,6141229,6057179,69549,0,69549,0,1476,0,738,0,0,0,5784,5784,4715016,4715016,4096,4096,0,0,738,738,338989284,338989284,338989300,338989300,0,0,0,0,0,0,0,0,4096,256,131072,4,15|4,0,67108864,262144,256,0,0,0,0,96,0,84,0,25,22,0,1,100,0|6,1164955247,0,0,0,5767168,0,5767168,0,17652,0,0,22,0,0,0,0,0,0,0,6887755,0,0,0,0,0
1786192943338|1002|ps_reset_rotating_1_clean64|rotating|4,1378943233,33558272,6268343,6182138,6197289,6182138,6197289,6182138,5927,5904,5904,5904,0,0,754,0,182244976,181884896,4096,4096,0,0,5904,5904,375471025,375471334,375471033,375471350,0,0,0,0,0,0,0,0,4096,256,131072,4,15|4,0,67108864,262144,256,0,0,0,0,100,0,88,0,25,22,0,1,100,0|6,500931053,0,5877824,0,0,0,0,0,6242530,0,22,0,326738527,0,326738527,0,2080,319853470,0,9778409,0,0,0,0,0
1786192948340|1002|ps_reset_rotating_1_clean64|fixed|6,1378943233,16781056,12405250,12235037,140693,0,140693,0,2986,0,1493,0,0,0,11689,11689,9538672,9538672,4096,4096,0,0,1493,1493,659123192,659123192,659123200,659123200,0,0,0,0,0,0,0,0,4096,256,131072,4,15|4,0,67108864,262144,256,0,0,0,0,188,0,176,0,47,44,0,1,188,0|8,1484201339,0,0,0,11534336,0,11534336,0,35385,0,0,44,0,0,0,0,0,0,0,6928050,0,0,0,0,0
1786192948340|1002|ps_reset_rotating_1_clean64|rotating|6,1378943233,33554687,12502877,12330829,12361051,12330829,12361051,12330829,11826,11782,11780,11780,0,0,1505,0,363650479,362931690,4096,4096,0,0,11781,11781,693938092,693938089,693938100,693938097,0,0,0,0,0,0,0,0,4096,256,131072,4,15|4,0,67108864,262144,256,0,0,0,0,188,0,176,0,47,44,0,1,188,0|8,820222782,0,11684512,0,0,0,0,0,12406694,0,44,0,644578584,0,644578584,0,2080,635983554,0,12634355,0,0,0,0,0
1786192953345|1002|ps_reset_rotating_1_clean64|fixed|8,1378943233,16781056,18678721,18419837,211937,0,211937,0,4498,0,2249,0,0,0,17598,17598,14368728,14368728,4096,4096,0,0,2249,2249,979488511,979488511,979488519,979488519,0,0,0,0,0,0,0,0,4096,256,131072,4,15|4,0,67108864,262144,256,0,0,0,0,276,0,264,0,69,66,0,1,276,0|10,1804071880,0,0,0,17301504,0,17301504,0,53172,0,0,66,0,0,0,0,0,0,0,6982797,0,0,0,0,0
1786192953345|1002|ps_reset_rotating_1_clean64|rotating|8,1378943233,33554687,18793311,18533055,18580148,18533055,18580148,18533055,17773,17707,17705,17705,0,0,2262,0,546541336,545462323,4096,4096,0,0,17706,17706,1014981370,1014981343,1014981378,1014981351,0,0,0,0,0,0,0,0,4096,256,131072,4,15|4,0,67108864,262144,256,0,0,0,0,276,0,264,0,69,66,0,1,276,0|10,1140385471,0,17507008,0,0,0,0,0,18592014,0,66,0,963285649,0,963285649,0,2080,952984448,0,15489893,0,0,0,0,0
1786192958360|1002|ps_reset_rotating_1_clean64|fixed|10,1378943233,16781056,25002813,24656053,283651,0,283651,0,6020,0,3010,0,0,0,23554,23554,19230736,19230736,4096,4096,0,0,3010,3010,1302200786,1302200786,1302200794,1302200794,0,0,0,0,0,0,0,0,4096,256,131072,4,15|4,0,67108864,262144,256,0,0,0,0,364,0,352,0,91,88,0,1,364,0|12,2126991740,0,0,0,23068672,0,23068672,0,71101,0,0,88,0,0,0,0,0,0,0,7028853,0,0,0,0,0
1786192958360|1002|ps_reset_rotating_1_clean64|rotating|10,1378943233,33554687,25126344,24778191,24841376,24778191,24841376,24778191,23760,23673,23670,23670,0,0,3024,0,730666494,729228185,4096,4096,0,0,23671,23671,1338174731,1338174752,1338174739,1338174760,0,0,0,0,0,0,0,0,4096,256,131072,4,15|4,0,67108864,262144,256,0,0,0,0,368,0,356,0,92,89,0,1,368,0|12,1465126019,0,23415544,0,0,0,0,0,24863621,0,89,0,1286549063,0,1286549063,0,2080,1274425574,0,18475364,0,0,0,0,0
1786192963361|1002|ps_reset_rotating_1_clean64|fixed|12,1378943233,16781056,31258711,30825057,354612,0,354612,0,7526,0,3763,0,0,0,29446,29446,24041576,24041576,4096,4096,0,0,3763,3763,1621472050,1621472050,1621472058,1621472058,0,0,0,0,0,0,0,0,4096,256,131072,4,15|4,0,67108864,262144,256,0,0,0,0,452,0,440,0,113,110,0,1,452,0|14,2445017293,0,0,0,28835840,0,28835840,0,88770,0,0,110,0,0,0,0,0,0,0,7074874,0,0,0,0,0
1786192963361|1002|ps_reset_rotating_1_clean64|rotating|12,1378943233,33554687,31350461,30915055,30994817,30915055,30994817,30915055,29645,29535,29532,29532,0,0,3774,0,911610239,909797504,4096,4096,0,0,29533,29533,1655954723,1655954752,1655954731,1655954704,0,0,0,0,0,0,0,0,4096,256,131072,4,15|4,0,67108864,262144,256,0,0,0,0,456,0,444,0,114,111,0,1,456,0|14,1780203839,0,29145408,0,0,0,0,0,30950600,0,111,0,1600194417,0,1600194417,0,2080,1586346744,0,21329105,0,0,0,0,0
1786192968382|1002|ps_reset_rotating_1_clean64|fixed|14,1378943233,16781056,37537026,37015884,425849,0,425849,0,9038,0,4519,0,0,0,35360,35360,28871608,28871608,4096,4096,0,0,4519,4519,1942034718,1942034718,1942034726,1942034726,0,0,0,0,0,0,0,0,4096,256,131072,4,15|4,0,67108864,262144,256,0,0,0,0,544,0,532,0,136,133,0,1,544,0|16,2766576174,0,0,0,34865152,0,34865152,0,106651,0,0,133,0,0,0,0,0,0,0,7123424,0,0,0,0,0
1786192968382|1002|ps_reset_rotating_1_clean64|rotating|14,1378943233,33554687,37658148,37134903,37230883,37134903,37230883,37134903,35609,35477,35474,35474,0,0,4534,0,1095027436,1092855663,4096,4096,0,0,35475,35475,1977913177,1977913174,1977913185,1977913182,0,0,0,0,0,0,0,0,4096,256,131072,4,15|4,0,67108864,262144,256,0,0,0,0,544,0,532,0,136,133,0,1,544,0|16,2103359605,0,35023232,0,0,0,0,0,37194484,0,133,0,1921880727,0,1921880727,0,2080,1906339826,0,24183579,0,0,0,0,0
1786192973384|1002|ps_reset_rotating_1_clean64|fixed|16,1378943233,16781056,43807953,43200099,496998,0,496998,0,10548,0,5274,0,0,0,41267,41267,33695264,33695264,4096,4096,0,0,5274,5274,2261967557,2261967557,2261967565,2261967565,0,0,0,0,0,0,0,0,4096,256,131072,4,15|4,0,67108864,262144,256,0,0,0,0,632,0,620,0,158,155,0,1,632,0|18,3086601103,0,0,0,40632320,0,40632320,0,124438,0,0,155,0,0,0,0,0,0,0,7167163,0,0,0,0,0
1786192973384|1002|ps_reset_rotating_1_clean64|rotating|16,1378943233,33554687,43920035,43310943,43421811,43310943,43421811,43310943,41529,41375,41372,41372,0,0,5287,0,1277094069,1274564016,4096,4096,0,0,41373,41373,2297517726,2297517747,2297517734,2297517755,0,0,0,0,0,0,0,0,4096,256,131072,4,15|4,0,67108864,262144,256,0,0,0,0,632,0,620,0,158,155,0,1,632,0|18,2422366820,0,40822016,0,0,0,0,0,43358128,0,155,0,2239438246,0,2239438246,0,2080,2222188780,0,27036420,0,0,0,0,0
1786192978396|1002|ps_reset_rotating_1_clean64|fixed|18,1378943233,16781056,50089630,49396021,568241,0,568241,0,12060,0,6030,0,0,0,47184,47184,38525336,38525336,4096,4096,0,0,6030,6030,2582529298,2582529298,2582529306,2582529306,0,0,0,0,0,0,0,0,4096,256,131072,4,15|4,0,67108864,262144,256,0,0,0,0,720,0,708,0,180,177,0,1,720,0|20,3406920069,0,0,0,46399488,0,46399488,0,142225,0,0,177,0,0,0,0,0,0,0,7204770,0,0,0,0,0
1786192978396|1002|ps_reset_rotating_1_clean64|rotating|18,1378943233,33554687,50168826,49474354,49599641,49474354,49599641,49474354,47437,47261,47258,47258,0,0,6040,0,1458782843,1455894334,4096,4096,0,0,47259,47259,2616468052,2616468041,2616468068,2616468049,0,0,0,0,0,0,0,0,4096,256,131072,4,15|4,0,67108864,262144,256,0,0,0,0,720,0,708,0,180,177,0,1,720,0|20,2742325065,0,46644512,0,0,0,0,0,49540125,0,177,0,2557940867,0,2557940867,0,2080,2538986469,0,29890719,0,0,0,0,0
1786192983406|1002|ps_reset_rotating_1_clean64|fixed|20,1378943233,16781056,56391817,55610738,639768,0,639768,0,13578,0,6789,0,0,0,53121,53121,43374512,43374512,4096,4096,0,0,6789,6789,2904382383,2904382383,2904382391,2904382391,0,0,0,0,0,0,0,0,4096,256,131072,4,15|4,0,67108864,262144,256,0,0,0,0,808,0,796,0,202,199,0,1,808,0|22,3728626991,0,0,0,52166656,0,52166656,0,160106,0,0,199,0,0,0,0,0,0,0,7252790,0,0,0,0,0
1786192983406|1002|ps_reset_rotating_1_clean64|rotating|20,1378943233,33554687,56500282,55717356,55859293,55717356,55859293,55717356,53425,53226,53223,53223,0,0,6802,0,1642892361,1639630164,4096,4096,0,0,53224,53224,2939765586,2939765575,2939765594,2939765583,0,0,0,0,0,0,0,0,4096,256,131072,4,15|4,0,67108864,262144,256,0,0,0,0,812,0,800,0,203,200,0,1,812,0|22,3064583359,0,52499936,0,0,0,0,0,55763433,0,200,0,2878735305,0,2878735305,0,2080,2857947103,0,32876381,0,0,0,0,0
1786192988414|1002|ps_reset_rotating_1_clean64|fixed|22,1378943233,16780339,62652177,61784780,710818,0,710818,0,15086,0,7543,0,0,0,59018,59018,48191496,48191496,4096,4096,0,0,7543,7543,3224086393,3224086393,3224086401,3224086401,0,0,0,0,0,0,0,0,4096,256,131072,4,15|5,0,67108864,262144,256,0,0,0,0,900,0,888,0,225,222,0,1,900,0|24,4049291301,0,0,0,58195968,0,58195968,0,177940,0,0,222,0,0,0,0,0,0,0,7304250,0,0,0,0,0
1786192988414|1002|ps_reset_rotating_1_clean64|rotating|22,1378943233,33554687,62760408,61891283,62048365,61891283,62048365,61891283,59344,59124,59120,59120,0,0,7556,0,1824915114,1821293656,4096,4096,0,0,59121,59121,3259302055,3259302076,3259302063,3259302052,0,0,0,0,0,0,0,0,4096,256,131072,4,15|4,0,67108864,262144,256,0,0,0,0,900,0,888,0,225,222,0,1,900,0|24,3385827536,0,58346144,0,0,0,0,0,61970359,0,222,0,3198517930,0,3198517930,0,2080,3176027715,0,35732852,0,0,0,0,0
1786192993419|1002|ps_reset_rotating_1_clean64|fixed|24,1378943233,16781056,68930409,67975294,782059,0,782059,0,16598,0,8299,0,0,0,64931,64931,53021800,53021800,4096,4096,0,0,8299,8299,3544453480,3544453480,3544453488,3544453488,0,0,0,0,0,0,0,0,4096,256,131072,4,15|4,0,67108864,262144,256,0,0,0,0,988,0,976,0,247,244,0,1,988,0|26,73973199,1,0,0,63963136,0,63963136,0,195703,0,0,244,0,0,0,0,0,0,0,7349157,0,0,0,0,0
1786192993419|1002|ps_reset_rotating_1_clean64|rotating|24,1378943233,33558272,69039885,68083326,68256600,68083326,68256600,68083326,65280,65037,65034,65034,0,0,8312,0,2007465288,2003485800,4096,4096,0,0,65034,65034,3579736632,3579736957,3579736640,3579736965,0,0,0,0,0,0,0,0,4096,256,131072,4,15|4,0,67108864,262144,256,0,0,0,0,988,0,976,0,247,244,0,1,988,0|26,3706088582,0,64168640,0,0,0,0,0,68158688,0,244,0,3517323352,0,3517323352,0,2080,3493125475,0,38589881,0,0,0,0,0
1786193003848|1004|ps_reset_rotating_2_clean64|fixed|30,1378943233,16781056,6143082,6059324,69643,0,69643,0,1478,0,739,0,0,0,5786,5786,4721392,4721392,4096,4096,0,0,739,739,340457346,340457346,340457354,340457354,0,0,0,0,0,0,0,0,4096,256,131072,4,15|4,0,67108864,262144,256,0,0,0,0,96,0,84,0,24,21,0,1,100,0|36,741698925,1,0,0,5767168,0,5767168,0,17622,0,0,22,0,0,0,0,0,0,0,6890471,0,0,0,0,0
1786193003848|1004|ps_reset_rotating_2_clean64|rotating|30,1378943233,33554687,6254441,6168661,6183575,6168661,6183575,6168661,5915,5892,5891,5891,0,0,752,0,181848641,181488920,4096,4096,0,0,5892,5892,377393818,377393831,377393826,377393815,0,0,0,0,0,0,0,0,4096,256,131072,4,15|4,0,67108864,262144,256,0,0,0,0,100,0,88,0,25,22,0,1,100,0|36,77600172,1,5862016,0,0,0,0,0,6225176,0,22,0,325862341,0,325862341,0,2080,318973702,0,9778588,0,0,0,0,0
1786193008857|1004|ps_reset_rotating_2_clean64|fixed|32,1378943233,16781056,12421232,12250770,140882,0,140882,0,2990,0,1495,0,0,0,11703,11704,9551456,9551456,4096,4096,0,0,1495,1495,661019506,661019506,661019514,661019514,0,0,0,0,0,0,0,0,4096,256,131072,4,15|4,0,67108864,262144,256,0,0,0,0,188,0,176,0,47,44,0,1,188,0|38,1062575740,1,0,0,11534336,0,11534336,0,35432,0,0,44,0,0,0,0,0,0,0,6928311,0,0,0,0,0
1786193008857|1004|ps_reset_rotating_2_clean64|rotating|32,1378943233,33558272,12535835,12363998,12393633,12363998,12393633,12363998,11858,11812,11812,11812,0,0,1509,0,364612696,363894368,4096,4096,0,0,11812,11812,698199675,698199976,698199683,698199992,0,0,0,0,0,0,0,0,4096,256,131072,4,15|4,0,67108864,262144,256,0,0,0,0,188,0,176,0,47,44,0,1,188,0|38,398539262,1,11700320,0,0,0,0,0,12422113,0,44,0,645341855,0,645341855,0,2080,636751230,0,12633335,0,0,0,0,0
1786193013857|1004|ps_reset_rotating_2_clean64|fixed|34,1378943233,16781056,18689992,18431880,212030,0,212030,0,4500,0,2250,0,0,0,17608,17608,14375120,14375120,4096,4096,0,0,2250,2250,980954716,980954716,980954724,980954724,0,0,0,0,0,0,0,0,4096,256,131072,4,15|4,0,67108864,262144,256,0,0,0,0,276,0,264,0,69,66,0,1,276,0|40,1381452598,1,0,0,17301504,0,17301504,0,53149,0,0,66,0,0,0,0,0,0,0,6967445,0,0,0,0,0
1786193013857|1004|ps_reset_rotating_2_clean64|rotating|34,1378943233,33558272,18770029,18510890,18557056,18510890,18557056,18510890,17752,17684,17684,17684,0,0,2260,0,545870232,544790440,4096,4096,0,0,17684,17684,1016398672,1016399005,1016398680,1016399013,0,0,0,0,0,0,0,0,4096,256,131072,4,15|4,0,67108864,262144,256,0,0,0,0,276,0,264,0,69,66,0,1,276,0|40,716684450,1,17483296,0,0,0,0,0,18568066,0,66,0,962041299,0,962041299,0,2080,951736368,0,15488523,0,0,0,0,0
1786193018858|1004|ps_reset_rotating_2_clean64|fixed|36,1378943233,16781056,24962054,24615857,283178,0,283178,0,6010,0,3005,0,0,0,23515,23515,19198776,19198776,4096,4096,0,0,3005,3005,1301085128,1301085128,1301085136,1301085136,0,0,0,0,0,0,0,0,4096,256,131072,4,15|4,0,67108864,262144,256,0,0,0,0,364,0,352,0,91,88,0,1,364,0|42,1702278182,1,0,0,23068672,0,23068672,0,70983,0,0,88,0,0,0,0,0,0,0,7012674,0,0,0,0,0
1786193018858|1004|ps_reset_rotating_2_clean64|rotating|36,1378943233,33558272,25068301,24721064,24783896,24721064,24783896,24721064,23706,23616,23616,23616,0,0,3018,0,728978480,727540792,4096,4096,0,0,23616,23616,1337818492,1337818833,1337818500,1337818841,0,0,0,0,0,0,0,0,4096,256,131072,4,15|4,0,67108864,262144,256,0,0,0,0,364,0,352,0,91,88,0,1,368,0|42,1039184821,1,23346624,0,0,0,0,0,24796073,0,89,0,1283075838,0,1283075838,0,2080,1270941563,0,18471422,0,0,0,0,0
1786193023866|1004|ps_reset_rotating_2_clean64|fixed|38,1378943233,16781056,31240883,30807044,354422,0,354422,0,7522,0,3761,0,0,0,29429,29429,24028808,24028808,4096,4096,0,0,3761,3761,1621648202,1621648202,1621648210,1621648210,0,0,0,0,0,0,0,0,4096,256,131072,4,15|4,0,67108864,262144,256,0,0,0,0,452,0,440,0,113,110,0,1,452,0|44,2023892216,1,0,0,28835840,0,28835840,0,88845,0,0,110,0,0,0,0,0,0,0,7056177,0,0,0,0,0
1786193023866|1004|ps_reset_rotating_2_clean64|rotating|38,1378943233,33554687,31377018,30941111,31021091,30941111,31021091,30941111,29671,29558,29557,29557,0,0,3777,0,912370618,910558653,4096,4096,0,0,29558,29558,1659878031,1659878028,1659878039,1659878036,0,0,0,0,0,0,0,0,4096,256,131072,4,15|4,0,67108864,262144,256,0,0,0,0,456,0,444,0,114,111,0,1,456,0|44,1360059579,1,29184928,0,0,0,0,0,30996259,0,111,0,1602491020,0,1602491020,0,2080,1588654537,0,21326391,0,0,0,0,0
1786193028875|1004|ps_reset_rotating_2_clean64|fixed|40,1378943233,16781056,37546225,37024396,425944,0,425944,0,9040,0,4520,0,0,0,35368,35368,28878000,28878000,4096,4096,0,0,4520,4520,1943498785,1943498785,1943498793,1943498793,0,0,0,0,0,0,0,0,4096,256,131072,4,15|4,0,67108864,262144,256,0,0,0,0,544,0,532,0,136,133,0,1,544,0|46,2347865807,1,0,0,34865152,0,34865152,0,106863,0,0,133,0,0,0,0,0,0,0,7098684,0,0,0,0,0
1786193028875|1004|ps_reset_rotating_2_clean64|rotating|40,1378943233,33558272,37731556,37206750,37303536,37206750,37303536,37206750,35678,35543,35543,35543,0,0,4542,0,1097137496,1094969008,4096,4096,0,0,35543,35543,1984171811,1984172152,1984171819,1984172160,0,0,0,0,0,0,0,0,4096,256,131072,4,15|4,0,67108864,262144,256,0,0,0,0,544,0,532,0,136,133,0,1,544,0|46,1685575867,1,35110176,0,0,0,0,0,37286076,0,133,0,1926525996,0,1926525996,0,2080,1911006502,0,24180830,0,0,0,0,0
1786193033898|1004|ps_reset_rotating_2_clean64|fixed|42,1378943233,16781056,43866145,43256402,497659,0,497659,0,10562,0,5281,0,0,0,41321,41321,33740032,33740032,4096,4096,0,0,5281,5281,2266011536,2266011536,2266011544,2266011544,0,0,0,0,0,0,0,0,4096,256,131072,4,15|4,0,67108864,262144,256,0,0,0,0,632,0,620,0,158,155,0,1,632,0|48,2669594045,1,0,0,40632320,0,40632320,0,124744,0,0,155,0,0,0,0,0,0,0,7138357,0,0,0,0,0
1786193033898|1004|ps_reset_rotating_2_clean64|rotating|42,1378943233,33554687,44033382,43421751,43533841,43421751,43533841,43421751,41636,41482,41478,41478,0,0,5301,0,1280364478,1277837817,4096,4096,0,0,41479,41479,2305807074,2305807079,2305807082,2305807095,0,0,0,0,0,0,0,0,4096,256,131072,4,15|4,0,67108864,262144,256,0,0,0,0,636,0,624,0,159,156,0,1,636,0|48,2007304873,1,40957696,0,0,0,0,0,43499697,0,156,0,2246793122,0,2246793122,0,2080,2229440172,0,27164447,0,0,0,0,0
1786193038923|1004|ps_reset_rotating_2_clean64|fixed|44,1378943233,16781056,50150379,49454739,568902,0,568902,0,12074,0,6037,0,0,0,47241,47241,38570064,38570064,4096,4096,0,0,6037,6037,2586572734,2586572734,2586572742,2586572742,0,0,0,0,0,0,0,0,4096,256,131072,4,15|4,0,67108864,262144,256,0,0,0,0,720,0,708,0,180,177,0,1,720,0|50,2988314554,1,0,0,46399488,0,46399488,0,142437,0,0,177,0,0,0,0,0,0,0,7185286,0,0,0,0,0
1786193038923|1004|ps_reset_rotating_2_clean64|rotating|44,1378943233,33554687,50256827,49559883,49686703,49559883,49686703,49559883,47521,47345,47341,47341,0,0,6050,0,1461323687,1458437394,4096,4096,0,0,47342,47342,2623494473,2623494470,2623494481,2623494478,0,0,0,0,0,0,0,0,4096,256,131072,4,15|4,0,67108864,262144,256,0,0,0,0,724,0,712,0,181,178,0,1,724,0|50,2324818494,1,46732768,0,0,0,0,0,49633852,0,178,0,2562862975,0,2562862975,0,2080,2543796186,0,30017471,0,0,0,0,0
1786193043930|1004|ps_reset_rotating_2_clean64|fixed|46,1378943233,16781056,56405483,55623885,639861,0,639861,0,13580,0,6790,0,0,0,53133,53133,43380888,43380888,4096,4096,0,0,6790,6790,2905845472,2905845472,2905845488,2905845488,0,0,0,0,0,0,0,0,4096,256,131072,4,15|4,0,67108864,262144,256,0,0,0,0,812,0,800,0,203,200,0,1,812,0|52,3309611101,1,0,0,52428800,0,52428800,0,160301,0,0,200,0,0,0,0,0,0,0,7236189,0,0,0,0,0
1786193043930|1004|ps_reset_rotating_2_clean64|rotating|46,1378943233,33558272,56560630,55776579,55918886,55776579,55918886,55776579,53482,53284,53280,53280,0,0,6810,0,1644641952,1641380976,4096,4096,0,0,53280,53280,2945390001,2945390366,2945390017,2945390374,0,0,0,0,0,0,0,0,4096,256,131072,4,15|4,0,67108864,262144,256,0,0,0,0,812,0,800,0,203,200,0,1,812,0|52,2646776509,1,52586880,0,0,0,0,0,55854279,0,200,0,2883357462,0,2883357462,0,2080,2862592136,0,32872163,0,0,0,0,0
1786193048935|1004|ps_reset_rotating_2_clean64|fixed|48,1378943233,16781056,62674380,61805671,711005,0,711005,0,15090,0,7545,0,0,0,59039,59039,48204544,48204544,4096,4096,0,0,7545,7545,3225977443,3225977443,3225977451,3225977451,0,0,0,0,0,0,0,0,4096,256,131072,4,15|4,0,67108864,262144,256,0,0,0,0,900,0,888,0,225,222,0,1,900,0|54,3628008363,1,0,0,58195968,0,58195968,0,177987,0,0,222,0,0,0,0,0,0,0,7274726,0,0,0,0,0
1786193048935|1004|ps_reset_rotating_2_clean64|rotating|48,1378943233,33558272,62800571,61930027,62088057,61930027,62088057,61930027,59382,59163,59158,59158,0,0,7561,0,1826083880,1822463176,4096,4096,0,0,59158,59158,3263910348,3263910673,3263910356,3263910681,0,0,0,0,0,0,0,0,4096,256,131072,4,15|4,0,67108864,262144,256,0,0,0,0,900,0,888,0,225,222,0,1,900,0|54,2966045496,1,58393568,0,0,0,0,0,62022754,0,222,0,3201174777,0,3201174777,0,2080,3178701238,0,35726349,0,0,0,0,0
1786193053941|1004|ps_reset_rotating_2_clean64|fixed|50,1378943233,16781056,68948651,67991850,782249,0,782249,0,16602,0,8301,0,0,0,64948,64948,53034600,53034600,4096,4096,0,0,8301,8301,3546343054,3546343054,3546343062,3546343062,0,0,0,0,0,0,0,0,4096,256,131072,4,15|4,0,67108864,262144,256,0,0,0,0,988,0,976,0,247,244,0,1,988,0|56,3949155878,1,0,0,63963136,0,63963136,0,195845,0,0,244,0,0,0,0,0,0,0,7314338,0,0,0,0,0
1786193053941|1004|ps_reset_rotating_2_clean64|rotating|50,1378943233,33554687,69109200,68150391,68325159,68150391,68325159,68150391,65346,65106,65099,65099,0,0,8320,0,2009481541,2005501824,4096,4096,0,0,65100,65100,3585849696,3585849717,3585849704,3585849709,0,0,0,0,0,0,0,0,4096,256,131072,4,15|4,0,67108864,262144,256,0,0,0,0,988,0,980,0,248,245,0,1,992,0|56,3287326162,1,64233184,0,0,0,0,0,68227505,0,245,0,3520995539,0,3520995539,0,2080,3496685166,0,38711647,0,0,0,0,0
1786193065016|1006|ps_reset_rotating_3_clean64|fixed|56,1378943233,16781056,6157382,6073669,69737,0,69737,0,1480,0,740,0,0,0,5799,5799,4727776,4727776,4096,4096,0,0,740,740,344183843,344183843,344183851,344183851,0,0,0,0,0,0,0,0,4096,256,131072,4,15|4,0,67108864,262144,256,0,0,0,0,100,0,88,0,25,22,0,1,100,0|66,365046707,2,0,0,5767168,0,5767168,0,17834,0,0,22,0,0,0,0,0,0,0,6886431,0,0,0,0,0
1786193065016|1006|ps_reset_rotating_3_clean64|rotating|56,1378943233,33554687,6340877,6254439,6268973,6254439,6268973,6254439,5996,5973,5972,5972,0,0,763,0,184349776,183991044,4096,4096,0,0,5973,5973,396769988,396769937,396769948,396769953,0,0,0,0,0,0,0,0,4096,256,131072,4,15|4,0,67108864,262144,256,0,0,0,0,100,0,88,0,25,22,0,1,100,0|66,3998347426,1,5980576,0,0,0,0,0,6348013,0,22,0,332115681,0,332115681,0,2080,325253926,0,9777142,0,0,0,0,0
1786193070022|1006|ps_reset_rotating_3_clean64|fixed|58,1378943233,16781056,12428817,12257164,140976,0,140976,0,2992,0,1496,0,0,0,11711,11711,9557856,9557856,4096,4096,0,0,1496,1496,664420525,664420525,664420533,664420533,0,0,0,0,0,0,0,0,4096,256,131072,4,15|4,0,67108864,262144,256,0,0,0,0,188,0,176,0,47,44,0,1,188,0|68,684059917,2,0,0,11534336,0,11534336,0,35550,0,0,44,0,0,0,0,0,0,0,6931626,0,0,0,0,0
1786193070022|1006|ps_reset_rotating_3_clean64|rotating|58,1378943233,33554687,12617331,12443466,12474183,12443466,12474183,12443466,11934,11890,11888,11888,0,0,1519,0,366972537,366253964,4096,4096,0,0,11889,11889,717341361,717341350,717341369,717341358,0,0,0,0,0,0,0,0,4096,256,131072,4,15|4,0,67108864,262144,256,0,0,0,0,188,0,176,0,47,44,0,1,192,0|68,23810343,2,11804384,0,0,0,0,0,12531651,0,45,0,651089942,0,651089942,0,2080,642390609,0,12759790,0,0,0,0,0
1786193075033|1006|ps_reset_rotating_3_clean64|fixed|60,1378943233,16781056,18727189,18468701,212408,0,212408,0,4508,0,2254,0,0,0,17643,17643,14400704,14400704,4096,4096,0,0,2254,2254,985966870,985966870,985966878,985966878,0,0,0,0,0,0,0,0,4096,256,131072,4,15|4,0,67108864,262144,256,0,0,0,0,276,0,264,0,69,66,0,1,276,0|70,1005175209,2,0,0,17301504,0,17301504,0,53385,0,0,66,0,0,0,0,0,0,0,6975601,0,0,0,0,0
1786193075033|1006|ps_reset_rotating_3_clean64|rotating|60,1378943233,33554687,18901724,18641294,18687339,18641294,18687339,18641294,17876,17810,17808,17808,0,0,2275,0,549704232,548625552,4096,4096,0,0,17809,17809,1038106483,1038106480,1038106451,1038106448,0,0,0,0,0,0,0,0,4096,256,131072,4,15|4,0,67108864,262144,256,0,0,0,0,280,0,268,0,70,67,0,1,280,0|70,345222522,2,17650592,0,0,0,0,0,18741544,0,67,0,971040569,0,971040569,0,2080,960642575,0,15612909,0,0,0,0,0
1786193080034|1006|ps_reset_rotating_3_clean64|fixed|62,1378943233,16781056,24979773,24633842,283368,0,283368,0,6014,0,3007,0,0,0,23533,23533,19211544,19211544,4096,4096,0,0,3007,3007,1305238054,1305238054,1305238062,1305238062,0,0,0,0,0,0,0,0,4096,256,131072,4,15|4,0,67108864,262144,256,0,0,0,0,364,0,352,0,91,88,0,1,364,0|72,1325273737,2,0,0,23068672,0,23068672,0,71171,0,0,88,0,0,0,0,0,0,0,7028595,0,0,0,0,0
1786193080034|1006|ps_reset_rotating_3_clean64|rotating|62,1378943233,33554687,25140282,24792000,24855031,24792000,24855031,24792000,23775,23686,23684,23684,0,0,3027,0,731084051,729628720,4096,4096,0,0,23685,23685,1356641195,1356641224,1356641203,1356641184,0,0,0,0,0,0,0,0,4096,256,131072,4,15|4,0,67108864,262144,256,0,0,0,0,368,0,356,0,92,89,0,1,368,0|72,662956132,2,23425664,0,0,0,0,0,24879770,0,89,0,1287330411,0,1287330411,0,2080,1275218705,0,18465806,0,0,0,0,0
1786193085037|1006|ps_reset_rotating_3_clean64|fixed|64,1378943233,16781056,31252885,30819845,354517,0,354517,0,7524,0,3762,0,0,0,29441,29441,24035192,24035192,4096,4096,0,0,3762,3762,1625369281,1625369281,1625369289,1625369289,0,0,0,0,0,0,0,0,4096,256,131072,4,15|4,0,67108864,262144,256,0,0,0,0,452,0,440,0,113,110,0,1,452,0|74,1642572511,2,0,0,28835840,0,28835840,0,88817,0,0,110,0,0,0,0,0,0,0,7068241,0,0,0,0,0
1786193085037|1006|ps_reset_rotating_3_clean64|rotating|64,1378943233,33554687,31352140,30917232,30996401,30917232,30996401,30917232,29647,29537,29534,29534,0,0,3775,0,911676536,909860777,4096,4096,0,0,29535,29535,1673675130,1673675119,1673675090,1673675135,0,0,0,0,0,0,0,0,4096,256,131072,4,15|4,0,67108864,262144,256,0,0,0,0,456,0,444,0,114,111,0,1,456,0|74,979063787,2,29177024,0,0,0,0,0,30986652,0,111,0,1602000226,0,1602000226,0,2080,1588168919,0,21319501,0,0,0,0,0
1786193090045|1006|ps_reset_rotating_3_clean64|fixed|66,1378943233,16781056,37535295,37014949,425756,0,425756,0,9036,0,4518,0,0,0,35359,35359,28865216,28865216,4096,4096,0,0,4518,4518,1945929773,1945929773,1945929781,1945929781,0,0,0,0,0,0,0,0,4096,256,131072,4,15|5,0,67108864,262144,256,0,0,0,0,544,0,532,0,136,133,0,1,544,0|76,1962941446,2,0,0,34865152,0,34865152,0,106627,0,0,133,0,0,0,0,0,0,0,7114452,0,0,0,0,0
1786193090045|1006|ps_reset_rotating_3_clean64|rotating|66,1378943233,33554687,37638183,37115873,37211201,37115873,37211201,37115873,35591,35459,35456,35456,0,0,4531,0,1094462819,1092288038,4096,4096,0,0,35457,35457,1994538807,1994538812,1994538815,1994538820,0,0,0,0,0,0,0,0,4096,256,131072,4,15|4,0,67108864,262144,256,0,0,0,0,544,0,532,0,136,133,0,1,544,0|76,1300944982,2,35031136,0,0,0,0,0,37205584,0,133,0,1922417893,0,1922417893,0,2080,1906889852,0,24172390,0,0,0,0,0
1786193095046|1006|ps_reset_rotating_3_clean64|fixed|68,1378943233,16781056,43800817,43193510,496903,0,496903,0,10546,0,5273,0,0,0,41261,41261,33688864,33688864,4096,4096,0,0,5273,5273,2265863019,2265863019,2265863027,2265863027,0,0,0,0,0,0,0,0,4096,256,131072,4,15|4,0,67108864,262144,256,0,0,0,0,632,0,620,0,158,155,0,1,632,0|78,2283232867,2,0,0,40632320,0,40632320,0,124414,0,0,155,0,0,0,0,0,0,0,7165198,0,0,0,0,0
1786193095046|1006|ps_reset_rotating_3_clean64|rotating|68,1378943233,33554687,43900238,43291726,43402202,43291726,43402202,43291726,41511,41357,41354,41354,0,0,5285,0,1276536184,1274000747,4096,4096,0,0,41355,41355,2314150212,2314150241,2314150228,2314150249,0,0,0,0,0,0,0,0,4096,256,131072,4,15|4,0,67108864,262144,256,0,0,0,0,632,0,620,0,158,155,0,1,632,0|78,1618620639,2,40806208,0,0,0,0,0,43342927,0,155,0,2238649782,0,2238649782,0,2080,2221407828,0,27025488,0,0,0,0,0
1786193100046|1006|ps_reset_rotating_3_clean64|fixed|70,1378943233,16781056,50070446,49377956,568052,0,568052,0,12056,0,6028,0,0,0,47167,47167,38512568,38512568,4096,4096,0,0,6028,6028,2585993593,2585993593,2585993601,2585993601,0,0,0,0,0,0,0,0,4096,256,131072,4,15|4,0,67108864,262144,256,0,0,0,0,720,0,708,0,180,177,0,1,720,0|80,2604201528,2,0,0,46399488,0,46399488,0,142249,0,0,177,0,0,0,0,0,0,0,7216743,0,0,0,0,0
1786193100046|1006|ps_reset_rotating_3_clean64|rotating|70,1378943233,33558272,50222214,49528052,49652466,49528052,49652466,49528052,47488,47312,47310,47310,0,0,6046,0,1460366936,1457473336,4096,4096,0,0,47310,47310,2636815873,2636816190,2636815881,2636816198,0,0,0,0,0,0,0,0,4096,256,131072,4,15|4,0,67108864,262144,256,0,0,0,0,724,0,712,0,181,178,0,1,724,0|80,1942438923,2,46693248,0,0,0,0,0,49597108,0,178,0,2560996306,0,2560996306,0,2080,2541929902,0,30008584,0,0,0,0,0
1786193105053|1006|ps_reset_rotating_3_clean64|fixed|72,1378943233,16781056,56348904,55569706,639295,0,639295,0,13568,0,6784,0,0,0,53081,53081,43342600,43342600,4096,4096,0,0,6784,6784,2906558072,2906558072,2906558080,2906558080,0,0,0,0,0,0,0,0,4096,256,131072,4,15|4,0,67108864,262144,256,0,0,0,0,808,0,796,0,202,199,0,1,808,0|82,2924027973,2,0,0,52166656,0,52166656,0,160012,0,0,199,0,0,0,0,0,0,0,7259685,0,0,0,0,0
1786193105053|1006|ps_reset_rotating_3_clean64|rotating|72,1378943233,33554687,56448478,55668243,55808054,55668243,55808054,55668243,53376,53179,53175,53175,0,0,6796,0,1641417826,1638166384,4096,4096,0,0,53176,53176,2954673238,2954673267,2954673246,2954673243,0,0,0,0,0,0,0,0,4096,256,131072,4,15|4,0,67108864,262144,256,0,0,0,0,812,0,800,0,203,200,0,1,812,0|82,2260439314,2,52476224,0,0,0,0,0,55740286,0,200,0,2877550953,0,2877550953,0,2080,2856769170,0,32864845,0,0,0,0,0
1786193110056|1006|ps_reset_rotating_3_clean64|fixed|74,1378943233,16781056,62624689,61758553,710443,0,710443,0,15078,0,7539,0,0,0,58992,58992,48166192,48166192,4096,4096,0,0,7539,7539,3226690100,3226690100,3226690108,3226690108,0,0,0,0,0,0,0,0,4096,256,131072,4,15|4,0,67108864,262144,256,0,0,0,0,900,0,888,0,225,222,0,1,900,0|84,3244416342,2,0,0,58195968,0,58195968,0,177822,0,0,222,0,0,0,0,0,0,0,7303306,0,0,0,0,0
1786193110056|1006|ps_reset_rotating_3_clean64|rotating|74,1378943233,33558272,62734117,61866120,62022356,61866120,62022356,61866120,59319,59099,59096,59096,0,0,7553,0,1824177520,1820549656,4096,4096,0,0,59096,59096,3275595799,3275596116,3275595807,3275596132,0,0,0,0,0,0,0,0,4096,256,131072,4,15|4,0,67108864,262144,256,0,0,0,0,900,0,888,0,225,222,0,1,900,0|84,2581525686,2,58322432,0,0,0,0,0,61944110,0,222,0,3197175773,0,3197175773,0,2080,3174694082,0,35719211,0,0,0,0,0
1786193115059|1006|ps_reset_rotating_3_clean64|fixed|76,1378943233,16781056,68891655,67938946,781588,0,781588,0,16588,0,8294,0,0,0,64899,64899,52989864,52989864,4096,4096,0,0,8294,8294,3546823544,3546823544,3546823552,3546823552,0,0,0,0,0,0,0,0,4096,256,131072,4,15|4,0,67108864,262144,256,0,0,0,0,988,0,976,0,247,244,0,1,988,0|86,3565285930,2,0,0,63963136,0,63963136,0,195656,0,0,244,0,0,0,0,0,0,0,7337261,0,0,0,0,0
1786193115059|1006|ps_reset_rotating_3_clean64|rotating|76,1378943233,33554687,69025543,68070420,68242351,68070420,68242351,68070420,65271,65029,65025,65025,0,0,8311,0,2007197040,2003211408,4096,4096,0,0,65026,65026,3596881060,3596881057,3596881036,3596881017,0,0,0,0,0,0,0,0,4096,256,131072,4,15|4,0,67108864,262144,256,0,0,0,0,988,0,976,0,247,244,0,1,988,0|86,2903667597,2,64176544,0,0,0,0,0,68165482,0,244,0,3517854156,0,3517854156,0,2080,3493672084,0,38575747,0,0,0,0,0
1786193126172|1008|ps_reset_rotating_4_clean64|fixed|82,1378943233,16781056,6136344,6051074,69549,0,69549,0,1476,0,738,0,0,0,5784,5784,4715016,4715016,4096,4096,0,0,738,738,345544908,345544908,345544924,345544924,0,0,0,0,0,0,0,0,4096,256,131072,4,15|4,0,67108864,262144,256,0,0,0,0,96,0,84,0,24,21,0,1,96,0|96,4275587885,2,0,0,5505024,0,5505024,0,17575,0,0,21,0,0,0,0,0,0,0,6894898,0,0,0,0,0
1786193126172|1008|ps_reset_rotating_4_clean64|rotating|82,1378943233,33557555,6241738,6154393,6170872,6154393,6170872,6154393,5907,5884,5884,5884,0,0,752,0,181627432,181268285,4096,4096,0,0,5885,5885,385782467,385782448,385782443,385782456,0,0,0,0,0,0,0,0,4096,256,131072,4,15|4,0,67108864,262144,256,0,0,0,0,100,0,88,0,25,22,0,1,100,0|96,3613371407,2,5893632,0,0,0,0,0,6247259,0,22,0,327296892,0,327296892,0,2080,320415067,0,9778551,0,0,0,0,0
1786193131177|1008|ps_reset_rotating_4_clean64|fixed|84,1378943233,16781056,12399487,12227000,140693,0,140693,0,2986,0,1493,0,0,0,11693,11693,9538672,9538672,4096,4096,0,0,1493,1493,665679047,665679047,665679055,665679055,0,0,0,0,0,0,0,0,4096,256,131072,4,15|4,0,67108864,262144,256,0,0,0,0,188,0,176,0,47,44,0,1,188,0|98,302031334,3,0,0,11534336,0,11534336,0,35456,0,0,44,0,0,0,0,0,0,0,6950614,0,0,0,0,0
1786193131177|1008|ps_reset_rotating_4_clean64|rotating|84,1378943233,33554687,12550127,12375197,12407642,12375197,12407642,12375197,11882,11836,11835,11835,0,0,1512,0,365339690,364621317,4096,4096,0,0,11836,11836,708249594,708249599,708249602,708249607,0,0,0,0,0,0,0,0,4096,256,131072,4,15|4,0,67108864,262144,256,0,0,0,0,188,0,176,0,47,44,0,1,188,0|98,3935819930,2,11755648,0,0,0,0,0,12467556,0,44,0,648279911,0,648279911,0,2080,639699556,0,12634933,0,0,0,0,0
1786193136184|1008|ps_reset_rotating_4_clean64|fixed|86,1378943233,16781056,18668775,18409911,212030,0,212030,0,4500,0,2250,0,0,0,17605,17605,14375120,14375120,4096,4096,0,0,2250,2250,986475231,986475231,986475239,986475239,0,0,0,0,0,0,0,0,4096,256,131072,4,15|4,0,67108864,262144,256,0,0,0,0,276,0,264,0,69,66,0,1,276,0|100,621373262,3,0,0,17301504,0,17301504,0,53196,0,0,66,0,0,0,0,0,0,0,6989612,0,0,0,0,0
1786193136184|1008|ps_reset_rotating_4_clean64|rotating|86,1378943233,33554687,18777783,18517586,18564525,18517586,18564525,18517586,17777,17709,17708,17708,0,0,2263,0,546617061,545537856,4096,4096,0,0,17709,17709,1026488385,1026488358,1026488393,1026488366,0,0,0,0,0,0,0,0,4096,256,131072,4,15|4,0,67108864,262144,256,0,0,0,0,276,0,264,0,69,66,0,1,276,0|100,4252468729,2,17514912,0,0,0,0,0,18578408,0,66,0,963488894,0,963488894,0,2080,953188295,0,15490968,0,0,0,0,0
1786193141184|1008|ps_reset_rotating_4_clean64|fixed|88,1378943233,16781056,24964212,24618053,283461,0,283461,0,6016,0,3008,0,0,0,23541,23541,19217944,19217944,4096,4096,0,0,3008,3008,1307897672,1307897672,1307897680,1307897680,0,0,0,0,0,0,0,0,4096,256,131072,4,15|4,0,67108864,262144,256,0,0,0,0,364,0,352,0,91,88,0,1,364,0|102,943596096,3,0,0,23068672,0,23068672,0,71101,0,0,88,0,0,0,0,0,0,0,7027008,0,0,0,0,0
1786193141184|1008|ps_reset_rotating_4_clean64|rotating|88,1378943233,33554687,25100677,24752931,24815709,24752931,24815709,24752931,23760,23670,23669,23669,0,0,3024,0,730635001,729197788,4096,4096,0,0,23670,23670,1349487708,1349487689,1349487716,1349487697,0,0,0,0,0,0,0,0,4096,256,131072,4,15|4,0,67108864,262144,256,0,0,0,0,368,0,356,0,92,89,0,1,368,0|102,281597199,3,23401952,0,0,0,0,0,24831757,0,89,0,1286112900,0,1286112900,0,2080,1273985992,0,18475923,0,0,0,0,0
1786193146194|1008|ps_reset_rotating_4_clean64|fixed|90,1378943233,16781056,31222534,30789277,354517,0,354517,0,7524,0,3762,0,0,0,29440,29440,24035192,24035192,4096,4096,0,0,3762,3762,1627600679,1627600679,1627600687,1627600687,0,0,0,0,0,0,0,0,4096,256,131072,4,15|4,0,67108864,262144,256,0,0,0,0,452,0,440,0,113,110,0,1,452,0|104,1262341864,3,0,0,28835840,0,28835840,0,88793,0,0,110,0,0,0,0,0,0,0,7072541,0,0,0,0,0
1786193146194|1008|ps_reset_rotating_4_clean64|rotating|90,1378943233,33554687,31332388,30897207,30976555,30897207,30976555,30897207,29658,29545,29544,29544,0,0,3776,0,911970384,910157568,4096,4096,0,0,29545,29545,1667953996,1667953993,1667953964,1667953961,0,0,0,0,0,0,0,0,4096,256,131072,4,15|4,0,67108864,262144,256,0,0,0,0,456,0,444,0,114,111,0,1,456,0|104,600229156,3,29200736,0,0,0,0,0,30982095,0,111,0,1603295161,0,1603295161,0,2080,1589457391,0,21331061,0,0,0,0,0
1786193151197|1008|ps_reset_rotating_4_clean64|fixed|92,1378943233,16781056,37478480,36958997,425568,0,425568,0,9032,0,4516,0,0,0,35339,35339,28852424,28852424,4096,4096,0,0,4516,4516,1947300146,1947300146,1947300154,1947300154,0,0,0,0,0,0,0,0,4096,256,131072,4,15|5,0,67108864,262144,256,0,0,0,0,544,0,532,0,136,133,0,1,544,0|106,1583181810,3,0,0,34865152,0,34865152,0,106627,0,0,133,0,0,0,0,0,0,0,7114364,0,0,0,0,0
1786193151197|1008|ps_reset_rotating_4_clean64|rotating|92,1378943233,33554687,37601998,37080364,37175016,37080364,37175016,37080364,35591,35456,35455,35455,0,0,4531,0,1094440408,1092268851,4096,4096,0,0,35456,35456,1988256579,1988256576,1988256555,1988256584,0,0,0,0,0,0,0,0,4096,256,131072,4,15|4,0,67108864,262144,256,0,0,0,0,544,0,532,0,136,133,0,1,544,0|106,919072039,3,34999520,0,0,0,0,0,37135732,0,133,0,1920688348,0,1920688348,0,2080,1905143307,0,24182608,0,0,0,0,0
1786193156206|1008|ps_reset_rotating_4_clean64|fixed|94,1378943233,16781056,43772366,43164407,497093,0,497093,0,10550,0,5275,0,0,0,41273,41273,33701664,33701664,4096,4096,0,0,5275,5275,2268951731,2268951731,2268951739,2268951739,0,0,0,0,0,0,0,0,4096,256,131072,4,15|4,0,67108864,262144,256,0,0,0,0,632,0,620,0,158,155,0,1,632,0|108,1906164616,3,0,0,40632320,0,40632320,0,124579,0,0,155,0,0,0,0,0,0,0,7156014,0,0,0,0,0
1786193156206|1008|ps_reset_rotating_4_clean64|rotating|94,1378943233,33554687,43944506,43334902,43445527,43334902,43445527,43334902,41593,41436,41435,41435,0,0,5295,0,1279028589,1276499336,4096,4096,0,0,41436,41436,2312252376,2312252333,2312252384,2312252349,0,0,0,0,0,0,0,0,4096,256,131072,4,15|4,0,67108864,262144,256,0,0,0,0,636,0,624,0,159,156,0,1,636,0|108,1244784606,3,40918176,0,0,0,0,0,43420942,0,156,0,2244921251,0,2244921251,0,2080,2227559139,0,27165113,0,0,0,0,0
1786193161227|1008|ps_reset_rotating_4_clean64|fixed|96,1378943233,16781056,50043168,49348576,568334,0,568334,0,12062,0,6031,0,0,0,47188,47188,38531712,38531712,4096,4096,0,0,6031,6031,2589512756,2589512756,2589512764,2589512764,0,0,0,0,0,0,0,0,4096,256,131072,4,15|4,0,67108864,262144,256,0,0,0,0,720,0,708,0,180,177,0,1,720,0|110,2225089672,3,0,0,46399488,0,46399488,0,142296,0,0,177,0,0,0,0,0,0,0,7197730,0,0,0,0,0
1786193161227|1008|ps_reset_rotating_4_clean64|rotating|96,1378943233,33558272,50171385,49475304,49601637,49475304,49601637,49475304,47488,47310,47309,47309,0,0,6046,0,1460332800,1457444328,4096,4096,0,0,47309,47309,2630520479,2630520812,2630520487,2630520820,0,0,0,0,0,0,0,0,4096,256,131072,4,15|4,0,67108864,262144,256,0,0,0,0,724,0,712,0,181,178,0,1,724,0|110,1563101001,3,46709056,0,0,0,0,0,49562484,0,178,0,2561789926,0,2561789926,0,2080,2542716603,0,30018903,0,0,0,0,0
1786193166234|1008|ps_reset_rotating_4_clean64|fixed|98,1378943233,16781056,56305320,55524838,639484,0,639484,0,13572,0,6786,0,0,0,53098,53098,43355368,43355368,4096,4096,0,0,6786,6786,2909643122,2909643122,2909643138,2909643138,0,0,0,0,0,0,0,0,4096,256,131072,4,15|4,0,67108864,262144,256,0,0,0,0,808,0,796,0,202,199,0,1,808,0|112,2545457613,3,0,0,52166656,0,52166656,0,160106,0,0,199,0,0,0,0,0,0,0,7244059,0,0,0,0,0
1786193166234|1008|ps_reset_rotating_4_clean64|rotating|98,1378943233,33554687,56420119,55637583,55779319,55637583,55779319,55637583,53409,53208,53206,53206,0,0,6800,0,1642371481,1639107016,4096,4096,0,0,53207,53207,2950216942,2950216955,2950216950,2950216931,0,0,0,0,0,0,0,0,4096,256,131072,4,15|4,0,67108864,262144,256,0,0,0,0,812,0,800,0,203,200,0,1,812,0|112,1881335407,3,52499936,0,0,0,0,0,55698414,0,200,0,2878576612,0,2878576612,0,2080,2857793229,0,32871542,0,0,0,0,0
1786193171237|1008|ps_reset_rotating_4_clean64|fixed|100,1378943233,16780339,62569749,61702535,710724,0,710724,0,15084,0,7542,0,0,0,59010,59010,48183737,48183737,4096,4096,0,0,7542,7542,3230204924,3230204924,3230204932,3230204932,0,0,0,0,0,0,0,0,4096,256,131072,4,15|5,0,67108864,262144,256,0,0,0,0,900,0,888,0,225,222,0,1,900,0|114,2865184715,3,0,0,58195968,0,58195968,0,177869,0,0,222,0,0,0,0,0,0,0,7293292,0,0,0,0,0
1786193171237|1008|ps_reset_rotating_4_clean64|rotating|100,1378943233,33554687,62677691,61808616,61965743,61808616,61965743,61808616,59336,59113,59111,59111,0,0,7555,0,1824661552,1821036755,4096,4096,0,0,59112,59112,3270205121,3270205150,3270205129,3270205158,0,0,0,0,0,0,0,0,4096,256,131072,4,15|4,0,67108864,262144,256,0,0,0,0,900,0,888,0,225,222,0,1,900,0|114,2202402073,3,58338240,0,0,0,0,0,61890203,0,222,0,3198183702,0,3198183702,0,2080,3175699380,0,35725242,0,0,0,0,0
1786193176242|1008|ps_reset_rotating_4_clean64|fixed|102,1378943233,16781056,68831560,67877272,781871,0,781871,0,16594,0,8297,0,0,0,64916,64916,53009032,53009032,4096,4096,0,0,8297,8297,3550140775,3550140775,3550140783,3550140783,0,0,0,0,0,0,0,0,4096,256,131072,4,15|4,0,67108864,262144,256,0,0,0,0,988,0,976,0,247,244,0,1,988,0|116,3186521335,3,0,0,63963136,0,63963136,0,195727,0,0,244,0,0,0,0,0,0,0,7343805,0,0,0,0,0
1786193176242|1008|ps_reset_rotating_4_clean64|rotating|102,1378943233,33554687,68977794,68021916,68194319,68021916,68194319,68021916,65301,65056,65054,65054,0,0,8314,0,2008088028,2004105527,4096,4096,0,0,65055,65055,3592190360,3592190357,3592190368,3592190365,0,0,0,0,0,0,0,0,4096,256,131072,4,15|4,0,67108864,262144,256,0,0,0,0,988,0,976,0,247,244,0,1,988,0|116,2524502157,3,64200256,0,0,0,0,0,68105568,0,244,0,3518818282,0,3518818282,0,2080,3494636076,0,38580978,0,0,0,0,0
1786193187224|1010|ps_reset_rotating_5_clean64|fixed|108,1378943233,16781056,6153360,6068327,69737,0,69737,0,1480,0,740,0,0,0,5801,5801,4727776,4727776,4096,4096,0,0,740,740,343576030,343576030,343576038,343576038,0,0,0,0,0,0,0,0,4096,256,131072,4,15|5,0,67108864,262144,256,0,0,0,0,100,0,88,0,25,22,0,1,100,0|126,3888911027,3,0,0,5767168,0,5767168,0,17692,0,0,22,0,0,0,0,0,0,0,6895477,0,0,0,0,0
1786193187224|1010|ps_reset_rotating_5_clean64|rotating|108,1378943233,33554687,6272491,6185246,6201343,6185246,6201343,6185246,5937,5914,5913,5913,0,0,755,0,182531921,182170820,4096,4096,0,0,5914,5914,387798022,387798043,387798038,387798051,0,0,0,0,0,0,0,0,4096,256,131072,4,15|4,0,67108864,262144,256,0,0,0,0,100,0,88,0,25,22,0,1,100,0|126,3230581328,3,5996384,0,0,0,0,0,6357923,0,22,0,332954487,0,332954487,0,2080,326096211,0,9777072,0,0,0,0,0
1786193192245|1010|ps_reset_rotating_5_clean64|fixed|110,1378943233,16781056,12538107,12363778,142392,0,142392,0,3022,0,1511,0,0,0,11824,11824,9653688,9653688,4096,4096,0,0,1511,1511,670385602,670385602,670385610,670385610,0,0,0,0,0,0,0,0,4096,256,131072,4,15|4,0,67108864,262144,256,0,0,0,0,188,0,176,0,47,44,0,1,188,0|128,4214861408,3,0,0,11534336,0,11534336,0,35787,0,0,44,0,0,0,0,0,0,0,6935763,0,0,0,0,0
1786193192245|1010|ps_reset_rotating_5_clean64|rotating|110,1378943233,33554687,12642824,12467283,12499302,12467283,12499302,12467283,11969,11924,11923,11923,0,0,1523,0,368052347,367333222,4096,4096,0,0,11924,11924,713413969,713413974,713413977,713413982,0,0,0,0,0,0,0,0,4096,256,131072,4,15|4,0,67108864,262144,256,0,0,0,0,192,0,180,0,48,45,0,1,192,0|128,3552006759,3,11836000,0,0,0,0,0,12555447,0,45,0,652920014,0,652920014,0,2080,644227360,0,12759914,0,0,0,0,0
1786193197280|1010|ps_reset_rotating_5_clean64|fixed|112,1378943233,16781056,18844969,18583735,213917,0,213917,0,4540,0,2270,0,0,0,17771,17771,14502856,14502856,4096,4096,0,0,2270,2270,992235542,992235542,992235550,992235550,0,0,0,0,0,0,0,0,4096,256,131072,4,15|5,0,67108864,262144,256,0,0,0,0,280,0,268,0,70,67,0,1,280,0|130,243943068,4,0,0,17563648,0,17563648,0,53808,0,0,67,0,0,0,0,0,0,0,6983052,0,0,0,0,0
1786193197280|1010|ps_reset_rotating_5_clean64|rotating|112,1378943233,33554687,19000921,18737096,18785120,18737096,18785120,18737096,17987,17919,17918,17918,0,0,2290,0,553111046,552017297,4096,4096,0,0,17919,17919,1038350332,1038350313,1038350340,1038350321,0,0,0,0,0,0,0,0,4096,256,131072,4,15|4,0,67108864,262144,256,0,0,0,0,280,0,268,0,70,67,0,1,280,0|130,3875525917,3,17721728,0,0,0,0,0,18800436,0,67,0,974967740,0,974967740,0,2080,964584936,0,15613007,0,0,0,0,0
1786193202285|1010|ps_reset_rotating_5_clean64|fixed|114,1378943233,16781056,25078987,24730605,284780,0,284780,0,6044,0,3022,0,0,0,23648,23648,19307360,19307360,4096,4096,0,0,3022,3022,1311076831,1311076831,1311076839,1311076839,0,0,0,0,0,0,0,0,4096,256,131072,4,15|4,0,67108864,262144,256,0,0,0,0,368,0,356,0,92,89,0,1,368,0|132,560984934,4,0,0,23330816,0,23330816,0,71430,0,0,89,0,0,0,0,0,0,0,7025426,0,0,0,0,0
1786193202285|1010|ps_reset_rotating_5_clean64|rotating|114,1378943233,33558272,25200240,24849696,24914045,24849696,24914045,24849696,23853,23763,23763,23763,0,0,3037,0,733516600,732064216,4096,4096,0,0,23763,23763,1355055176,1355055517,1355055184,1355055525,0,0,0,0,0,0,0,0,4096,256,131072,4,15|4,0,67108864,262144,256,0,0,0,0,368,0,356,0,92,89,0,1,368,0|132,4193924981,3,23512608,0,0,0,0,0,24945605,0,89,0,1291919084,0,1291919084,0,2080,1279825967,0,18465899,0,0,0,0,0
1786193207305|1010|ps_reset_rotating_5_clean64|fixed|116,1378943233,16780339,31355949,30920201,356079,0,356079,0,7557,0,3778,0,0,0,29566,29566,24138785,24138785,4096,4096,0,0,3779,3779,1631869209,1631869209,1631869217,1631869217,0,0,0,0,0,0,0,0,4096,256,131072,4,15|4,0,67108864,262144,256,0,0,0,0,456,0,444,0,114,111,0,1,456,0|134,883321560,4,0,0,29097984,0,29097984,0,89335,0,0,111,0,0,0,0,0,0,0,7066074,0,0,0,0,0
1786193207305|1010|ps_reset_rotating_5_clean64|rotating|116,1378943233,33554687,31519297,31081898,31161388,31081898,31161388,31081898,29832,29720,29719,29719,0,0,3798,0,917391194,915580349,4096,4096,0,0,29720,29720,1677818462,1677818443,1677818470,1677818451,0,0,0,0,0,0,0,0,4096,256,131072,4,15|4,0,67108864,262144,256,0,0,0,0,456,0,444,0,115,112,0,1,460,0|134,221065062,4,29368032,0,0,0,0,0,31160644,0,112,0,1612562605,0,1612562605,0,2080,1598637831,0,21449414,0,0,0,0,0
1786193212342|1010|ps_reset_rotating_5_clean64|fixed|118,1378943233,16780339,37639274,37116476,427453,0,427453,0,9072,0,4536,0,0,0,35490,35490,28977686,28977686,4096,4096,0,0,4536,4536,1952862616,1952862616,1952862624,1952862624,0,0,0,0,0,0,0,0,4096,256,131072,4,15|4,0,67108864,262144,256,0,0,0,0,544,0,532,0,136,133,0,1,544,0|136,1203390570,4,0,0,34865152,0,34865152,0,107122,0,0,133,0,0,0,0,0,0,0,7112988,0,0,0,0,0
1786193212342|1010|ps_reset_rotating_5_clean64|rotating|118,1378943233,33558272,37763249,37239131,37334477,37239131,37334477,37239131,35741,35607,35607,35607,0,0,4550,0,1099115200,1096947136,4096,4096,0,0,35607,35607,1996823766,1996824083,1996823774,1996824099,0,0,0,0,0,0,0,0,4096,256,131072,4,15|4,0,67108864,262144,256,0,0,0,0,548,0,536,0,137,134,0,1,548,0|136,540265672,4,35174720,0,0,0,0,0,37321669,0,134,0,1930311543,0,1930311543,0,2080,1914677353,0,24304803,0,0,0,0,0
1786193217363|1010|ps_reset_rotating_5_clean64|fixed|120,1378943233,16781056,43912310,43302150,498602,0,498602,0,10582,0,5291,0,0,0,41404,41403,33803888,33803888,4096,4096,0,0,5291,5291,2272997614,2272997614,2272997622,2272997622,0,0,0,0,0,0,0,0,4096,256,131072,4,15|4,0,67108864,262144,256,0,0,0,0,636,0,624,0,159,156,0,1,636,0|138,1525456786,4,0,0,40894464,0,40894464,0,125026,0,0,156,0,0,0,0,0,0,0,7156119,0,0,0,0,0
1786193217363|1010|ps_reset_rotating_5_clean64|rotating|120,1378943233,33554687,44092128,43479089,43591454,43479089,43591454,43479089,41731,41574,41573,41573,0,0,5313,0,1283285872,1280742184,4096,4096,0,0,41574,41574,2320235265,2320235262,2320235257,2320235230,0,0,0,0,0,0,0,0,4096,256,131072,4,15|4,0,67108864,262144,256,0,0,0,0,636,0,624,0,159,156,0,1,636,0|138,863682287,4,41060448,0,0,0,0,0,43565100,0,156,0,2252256726,0,2252256726,0,2080,2234928222,0,27162060,0,0,0,0,0
1786193222402|1010|ps_reset_rotating_5_clean64|fixed|122,1378943233,16781056,50216812,49518932,570312,0,570312,0,12104,0,6052,0,0,0,47348,47348,38665872,38665872,4096,4096,0,0,6052,6052,2595384724,2595384724,2595384732,2595384732,0,0,0,0,0,0,0,0,4096,256,131072,4,15|4,0,67108864,262144,256,0,0,0,0,724,0,712,0,181,178,0,1,724,0|140,1847547156,4,0,0,46661632,0,46661632,0,142908,0,0,178,0,0,0,0,0,0,0,7194740,0,0,0,0,0
1786193222402|1010|ps_reset_rotating_5_clean64|rotating|122,1378943233,33554687,50407596,49707578,49835207,49707578,49835207,49707578,47707,47528,47528,47528,0,0,6074,0,1467091386,1464186829,4096,4096,0,0,47528,47528,2642857189,2642857530,2642857197,2642857538,0,0,0,0,0,0,0,0,4096,256,131072,4,15|4,0,67108864,262144,256,0,0,0,0,728,0,716,0,182,179,0,1,728,0|140,1187442148,4,46943440,0,0,0,0,0,49812110,0,179,0,2574545839,0,2574545839,0,2080,2555390048,0,30146981,0,0,0,0,0
1786193227414|1010|ps_reset_rotating_5_clean64|fixed|124,1378943233,16781056,56496371,55712048,641555,0,641555,0,13616,0,6808,0,0,0,53269,53269,43495928,43495928,4096,4096,0,0,6808,6808,2916073419,2916073419,2916073427,2916073427,0,0,0,0,0,0,0,0,4096,256,131072,4,15|4,0,67108864,262144,256,0,0,0,0,812,0,800,0,203,200,0,1,812,0|142,2169479914,4,0,0,52428800,0,52428800,0,160789,0,0,200,0,0,0,0,0,0,0,7240433,0,0,0,0,0
1786193227414|1010|ps_reset_rotating_5_clean64|rotating|124,1378943233,33554687,56699049,55912494,56055233,55912494,56055233,55912494,53662,53461,53460,53460,0,0,6832,0,1650207303,1646943746,4096,4096,0,0,53461,53461,2964304379,2964304392,2964304387,2964304400,0,0,0,0,0,0,0,0,4096,256,131072,4,15|4,0,67108864,262144,256,0,0,0,0,816,0,804,0,204,201,0,1,816,0|142,1508692027,4,52785792,0,0,0,0,0,56013156,0,201,0,2894335130,0,2894335130,0,2080,2873479220,0,33000873,0,0,0,0,0
1786193232436|1010|ps_reset_rotating_5_clean64|fixed|126,1378943233,16781056,62786700,61915551,712987,0,712987,0,15132,0,7566,0,0,0,59200,59200,48338752,48338752,4096,4096,0,0,7566,7566,3237493779,3237493779,3237493787,3237493787,0,0,0,0,0,0,0,0,4096,256,131072,4,15|4,0,67108864,262144,256,0,0,0,0,900,0,888,0,225,222,0,1,900,0|144,2489241788,4,0,0,58195968,0,58195968,0,178576,0,0,222,0,0,0,0,0,0,0,7283291,0,0,0,0,0
1786193232436|1010|ps_reset_rotating_5_clean64|rotating|126,1378943233,33554687,62947497,62073533,62232627,62073533,62232627,62073533,59576,59352,59351,59351,0,0,7586,0,1832056632,1828415835,4096,4096,0,0,59352,59352,3283654046,3283654051,3283654054,3283654059,0,0,0,0,0,0,0,0,4096,256,131072,4,15|4,0,67108864,262144,256,0,0,0,0,904,0,892,0,226,223,0,1,904,0|144,1827116201,4,58576672,0,0,0,0,0,62159181,0,223,0,3211311584,0,3211311584,0,2080,3188744888,0,35854238,0,0,0,0,0
1786193237449|1010|ps_reset_rotating_5_clean64|fixed|128,1378943233,16781056,69067454,68110041,784322,0,784322,0,16646,0,8323,0,0,0,65122,65122,53175112,53175112,4096,4096,0,0,8323,8323,3558486330,3558486330,3558486338,3558486338,0,0,0,0,0,0,0,0,4096,256,131072,4,15|4,0,67108864,262144,256,0,0,0,0,992,0,980,0,248,245,0,1,992,0|146,2810710418,4,0,0,64225280,0,64225280,0,196433,0,0,245,0,0,0,0,0,0,0,7323726,0,0,0,0,0
1786193237449|1010|ps_reset_rotating_5_clean64|rotating|128,1378943233,33558272,69230680,68270719,68444474,68270719,68444474,68270719,65522,65276,65276,65276,0,0,8343,0,2014938920,2010938592,4096,4096,0,0,65276,65276,3604668416,3604668765,3604668424,3604668773,0,0,0,0,0,0,0,0,4096,256,131072,4,15|4,0,67108864,262144,256,0,0,0,0,992,0,980,0,248,245,0,1,992,0|146,2148972748,4,64430784,0,0,0,0,0,68371731,0,245,0,3531704603,0,3531704603,0,2080,3507438141,0,38710159,0,0,0,0,0
