captured_ms|sequence|label|role|admission_snapshot_words_csv|ps_runtime_words_csv|pl_perf_snapshot_words_csv
1785967905234|1002|sustained_300s_f2r_00001_16777216|fixed|4,1378943233,16777471,6539635,6453781,6469603,6453781,6469603,6453781,11658,11636,5817,5817,0,0,742,0,179594197,179251056,4096,4096,0,0,5818,5818,670601850,670601863,670601858,670601839,0,0,0,0,0,0,0,0,4096,256,131072,4,15|4,0,16777216,262144,64,0,0,0,0,100,0,88,0,25,22,0,1,100,0|10,1412471628,0,5798784,0,0,0,0,0,6521395,0,22,0,320899755,0,320899755,0,2080,315403394,0,7899415,0,0,0,0,0
1785967905234|1002|sustained_300s_f2r_00001_16777216|rotating|4,1378943233,33558272,6680873,6592718,71640,0,71640,0,1518,0,759,0,0,0,5943,5943,4849240,4849240,4096,4096,0,0,759,759,657060118,657060118,657060126,657060126,0,0,0,0,0,0,0,0,4096,256,131072,4,15|4,0,16777216,262144,64,0,0,0,0,100,0,88,0,25,22,0,1,100,0|10,715295765,0,0,0,5767168,0,5767168,0,18170,0,0,22,0,0,0,0,0,0,0,5012652,0,0,0,0,0
1785967910247|1002|sustained_300s_f2r_00001_16777216|fixed|6,1378943233,16777471,13189389,13014956,13047909,13014956,13047909,13014956,23517,23472,11735,11735,0,0,1499,0,362289076,361570392,4096,4096,0,0,11736,11736,991402902,991402915,991402910,991402891,0,0,0,0,0,0,0,0,4096,256,131072,4,15|4,0,16777216,262144,64,0,0,0,0,188,0,176,0,47,44,0,1,188,0|12,1733323961,0,11633056,0,0,0,0,0,13086530,0,44,0,640293520,0,640293520,0,2080,633080959,0,10767368,0,0,0,0,0
1785967910247|1002|sustained_300s_f2r_00001_16777216|rotating|6,1378943233,33558272,13284699,13109204,142522,0,142522,0,3020,0,1510,0,0,0,11820,11820,9647304,9647304,4096,4096,0,0,1510,1510,975486847,975486847,975486855,975486855,0,0,0,0,0,0,0,0,4096,256,131072,4,15|4,0,16777216,262144,64,0,0,0,0,188,0,176,0,47,44,0,1,188,0|12,1031270283,0,0,0,11534336,0,11534336,0,35748,0,0,44,0,0,0,0,0,0,0,5059183,0,0,0,0,0
1785967920487|1003|sustained_300s_f2r_00002_67108864|fixed|10,1378943233,16781056,6562901,6476792,6492520,6476792,6492520,6476792,5864,5843,5842,5842,0,0,745,0,180260752,179918032,4096,4096,0,0,5842,5842,1647958121,1647958454,1647958129,1647958462,0,0,0,0,0,0,0,0,4096,256,131072,4,15|4,0,67108864,262144,256,0,0,0,0,100,0,88,0,25,22,0,1,100,0|20,2388808543,0,5806688,0,0,0,0,0,6522871,0,22,0,321196240,0,321196240,0,2080,315692857,0,7908234,0,0,0,0,0
1785967920487|1003|sustained_300s_f2r_00002_67108864|rotating|10,1378943233,33558272,6660721,6572828,71450,0,71450,0,1514,0,757,0,0,0,5929,5929,4836456,4836456,4096,4096,0,0,757,757,1632247985,1632247985,1632247993,1632247993,0,0,0,0,0,0,0,0,4096,256,131072,4,15|4,0,67108864,262144,256,0,0,0,0,100,0,88,0,25,22,0,1,100,0|20,1687600268,0,0,0,5767168,0,5767168,0,17957,0,0,22,0,0,0,0,0,0,0,5042309,0,0,0,0,0
1785967925495|1003|sustained_300s_f2r_00002_67108864|fixed|12,1378943233,16777471,13184520,13010226,13043040,13010226,13043040,13010226,11782,11737,11735,11735,0,0,1499,0,362118432,361400099,4096,4096,0,0,11736,11736,1967481492,1967481505,1967481500,1967481513,0,0,0,0,0,0,0,0,4096,256,131072,4,15|4,0,67108864,262144,256,0,0,0,0,188,0,176,0,47,44,0,1,188,0|22,2709088763,0,11629184,0,0,0,0,0,13075195,0,44,0,640020836,0,640020836,0,2080,632790260,0,10784794,0,0,0,0,0
1785967925495|1003|sustained_300s_f2r_00002_67108864|rotating|12,1378943233,33558272,13291424,13115980,142616,0,142616,0,3022,0,1511,0,0,0,11831,11831,9653688,9653688,4096,4096,0,0,1511,1511,1951972594,1951972594,1951972602,1951972602,0,0,0,0,0,0,0,0,4096,256,131072,4,15|4,0,67108864,262144,256,0,0,0,0,188,0,176,0,47,44,0,1,188,0|22,2008222218,0,0,0,11534336,0,11534336,0,35795,0,0,44,0,0,0,0,0,0,0,5082223,0,0,0,0,0
1785967930503|1003|sustained_300s_f2r_00002_67108864|fixed|14,1378943233,16781056,19825571,19563403,19612735,19563403,19612735,19563403,17716,17649,17648,17648,0,0,2255,0,544546688,543469568,4096,4096,0,0,17648,17648,2287854984,2287855317,2287854992,2287855325,0,0,0,0,0,0,0,0,4096,256,131072,4,15|4,0,67108864,262144,256,0,0,0,0,276,0,264,0,69,66,0,1,276,0|24,3028760178,0,17443776,0,0,0,0,0,19613629,0,66,0,958238603,0,958238603,0,2080,949279534,0,13660957,0,0,0,0,0
1785967930503|1003|sustained_300s_f2r_00002_67108864|rotating|14,1378943233,33558272,19922716,19659479,213876,0,213876,0,4532,0,2266,0,0,0,17734,17734,14477336,14477336,4096,4096,0,0,2266,2266,2272126584,2272126584,2272126592,2272126592,0,0,0,0,0,0,0,0,4096,256,131072,4,15|4,0,67108864,262144,256,0,0,0,0,276,0,264,0,69,66,0,1,276,0|24,2327345562,0,0,0,17301504,0,17301504,0,53562,0,0,66,0,0,0,0,0,0,0,5126097,0,0,0,0,0
1785967935514|1003|sustained_300s_f2r_00002_67108864|fixed|16,1378943233,16777471,26479273,26129157,26194989,26129157,26194989,26129157,23661,23572,23570,23570,0,0,3012,0,727293301,725856896,4096,4096,0,0,23571,23571,2608803462,2608803443,2608803470,2608803451,0,0,0,0,0,0,0,0,4096,256,131072,4,15|4,0,67108864,262144,256,0,0,0,0,364,0,352,0,91,88,0,1,364,0|26,3349839380,0,23282080,0,0,0,0,0,26181926,0,88,0,1277858229,0,1277858229,0,2080,1267174504,0,16538374,0,0,0,0,0
1785967935514|1003|sustained_300s_f2r_00002_67108864|rotating|16,1378943233,33558272,26550409,26199538,285035,0,285035,0,6040,0,3020,0,0,0,23634,23634,19294568,19294568,4096,4096,0,0,3020,3020,2591852080,2591852080,2591852088,2591852088,0,0,0,0,0,0,0,0,4096,256,131072,4,15|4,0,67108864,262144,256,0,0,0,0,364,0,352,0,91,88,0,1,364,0|26,2647268317,0,0,0,23068672,0,23068672,0,71352,0,0,88,0,0,0,0,0,0,0,5169046,0,0,0,0,0
1785967940522|1003|sustained_300s_f2r_00002_67108864|fixed|18,1378943233,16777471,33118988,32681286,32763448,32681286,32763448,32681286,29593,29483,29480,29480,0,0,3767,0,909655417,907859964,4096,4096,0,0,29481,29481,2929069170,2929069183,2929069178,2929069191,0,0,0,0,0,0,0,0,4096,256,131072,4,15|4,0,67108864,262144,256,0,0,0,0,452,0,440,0,113,110,0,1,456,0|28,3670146457,0,29105888,0,0,0,0,0,32730968,0,111,0,1596709354,0,1596709354,0,2080,1584163965,0,19545108,0,0,0,0,0
1785967940522|1003|sustained_300s_f2r_00002_67108864|rotating|18,1378943233,33558272,33197963,32758624,356483,0,356483,0,7554,0,3777,0,0,0,29551,29551,24131008,24131008,4096,4096,0,0,3777,3777,2912669032,2912669032,2912669040,2912669040,0,0,0,0,0,0,0,0,4096,256,131072,4,15|4,0,67108864,262144,256,0,0,0,0,456,0,444,0,114,111,0,1,456,0|28,2968754273,0,0,0,29097984,0,29097984,0,89262,0,0,111,0,0,0,0,0,0,0,5222208,0,0,0,0,0
1785967945525|1003|sustained_300s_f2r_00002_67108864|fixed|20,1378943233,16777471,39748618,39222316,39321727,39222316,39321727,39222316,35523,35390,35387,35387,0,0,4523,0,1091925549,1089754736,4096,4096,0,0,35388,35388,3249300836,3249300849,3249300844,3249300825,0,0,0,0,0,0,0,0,4096,256,131072,4,15|4,0,67108864,262144,256,0,0,0,0,544,0,532,0,136,133,0,1,544,0|30,3990434147,0,34928384,0,0,0,0,0,39276383,0,133,0,1915541420,0,1915541420,0,2080,1901268385,0,22422121,0,0,0,0,0
1785967945525|1003|sustained_300s_f2r_00002_67108864|rotating|20,1378943233,33558272,39827218,39300162,427649,0,427649,0,9062,0,4531,0,0,0,35458,35458,28948320,28948320,4096,4096,0,0,4531,4531,3232394125,3232394125,3232394133,3232394133,0,0,0,0,0,0,0,0,4096,256,131072,4,15|4,0,67108864,262144,256,0,0,0,0,544,0,532,0,136,133,0,1,544,0|30,3288112952,0,0,0,34865152,0,34865152,0,107030,0,0,133,0,0,0,0,0,0,0,5261953,0,0,0,0,0
1785967950529|1003|sustained_300s_f2r_00002_67108864|fixed|22,1378943233,16781056,46382487,45768445,45884335,45768445,45884335,45768445,41455,41300,41298,41298,0,0,5278,0,1274291088,1271761488,4096,4096,0,0,41298,41298,3569568583,3569568916,3569568591,3569568924,0,0,0,0,0,0,0,0,4096,256,131072,4,15|4,0,67108864,262144,256,0,0,0,0,632,0,620,0,158,155,0,1,632,0|32,15490539,1,40750880,0,0,0,0,0,45816988,0,155,0,2234109484,0,2234109484,0,2080,2218106621,0,25301316,0,0,0,0,0
1785967950529|1003|sustained_300s_f2r_00002_67108864|rotating|22,1378943233,33558272,46459422,45844500,499004,0,499004,0,10574,0,5287,0,0,0,41366,41366,33778352,33778352,4096,4096,0,0,5287,5287,3552980933,3552980933,3552980941,3552980941,0,0,0,0,0,0,0,0,4096,256,131072,4,15|4,0,67108864,262144,256,0,0,0,0,632,0,620,0,158,155,0,1,632,0|32,3608379098,0,0,0,40632320,0,40632320,0,124845,0,0,155,0,0,0,0,0,0,0,5307000,0,0,0,0,0
1785967955545|1003|sustained_300s_f2r_00002_67108864|fixed|24,1378943233,16777471,53037328,52335379,52467631,52335379,52467631,52335379,47406,47230,47226,47226,0,0,6036,0,1457214722,1454325837,4096,4096,0,0,47227,47227,3890828717,3890828698,3890828725,3890828706,0,0,0,0,0,0,0,0,4096,256,131072,4,15|4,0,67108864,262144,256,0,0,0,0,720,0,708,0,180,177,0,1,720,0|34,336596873,1,46589184,0,0,0,0,0,52380628,0,177,0,2553756242,0,2553756242,0,2080,2536028582,0,28178874,0,0,0,0,0
1785967955545|1003|sustained_300s_f2r_00002_67108864|rotating|24,1378943233,33558272,53113922,52411209,570450,0,570450,0,12088,0,6044,0,0,0,47294,47294,38614720,38614720,4096,4096,0,0,6044,6044,3873995868,3873995868,3873995876,3873995876,0,0,0,0,0,0,0,0,4096,256,131072,4,15|4,0,67108864,262144,256,0,0,0,0,720,0,708,0,180,177,0,1,720,0|34,3930560830,0,0,0,46661632,0,46661632,0,142800,0,0,178,0,0,0,0,0,0,0,5363428,0,0,0,0,0
1785967960549|1003|sustained_300s_f2r_00002_67108864|fixed|26,1378943233,16777471,59707693,58917961,59066459,58917961,59066459,58917961,53366,53168,53165,53165,0,0,6794,0,1640456148,1637208135,4096,4096,0,0,53165,53165,4212618336,4212618669,4212618344,4212618677,0,0,0,0,0,0,0,0,4096,256,131072,4,15|4,0,67108864,262144,256,0,0,0,0,812,0,800,0,203,200,0,1,812,0|36,658889836,1,52444608,0,0,0,0,0,58969808,0,200,0,2874585349,0,2874585349,0,2080,2855002036,0,31186385,0,0,0,0,0
1785967960549|1003|sustained_300s_f2r_00002_67108864|rotating|26,1378943233,33558272,59788748,58997362,642179,0,642179,0,13608,0,6804,0,0,0,53237,53237,43470344,43470344,4096,4096,0,0,6804,6804,4196102949,4196102949,4196102957,4196102957,0,0,0,0,0,0,0,0,4096,256,131072,4,15|4,0,67108864,262144,256,0,0,0,0,812,0,800,0,203,200,0,1,812,0|36,4252822652,0,0,0,52428800,0,52428800,0,160710,0,0,200,0,0,0,0,0,0,0,5407684,0,0,0,0,0
1785967965562|1003|sustained_300s_f2r_00002_67108864|fixed|28,1378943233,16781056,66321716,65443588,65609318,65443588,65609318,65443588,59275,59055,59052,59052,0,0,7548,0,1822108512,1818485472,4096,4096,0,0,59052,59052,236677683,236656256,236677691,236656264,0,0,0,0,0,0,0,0,4096,256,131072,4,15|4,0,67108864,262144,256,0,0,0,0,900,0,888,0,225,222,0,1,900,0|38,978907039,1,58267104,0,0,0,0,0,65516432,0,222,0,3193146928,0,3193146928,0,2080,3171835973,0,34063394,0,0,0,0,0
1785967965562|1003|sustained_300s_f2r_00002_67108864|rotating|28,1378943233,33558272,66414922,65535835,713345,0,713345,0,15116,0,7558,0,0,0,59135,59135,48287648,48287648,4096,4096,0,0,7558,7558,220860733,220860733,220860741,220860741,0,0,0,0,0,0,0,0,4096,256,131072,4,15|4,0,67108864,262144,256,0,0,0,0,900,0,888,0,225,222,0,1,900,0|38,276478606,1,0,0,58195968,0,58195968,0,178454,0,0,222,0,0,0,0,0,0,0,5449436,0,0,0,0,0
1785967970563|1003|sustained_300s_f2r_00002_67108864|fixed|30,1378943233,16777471,72955370,71989502,72171712,71989502,72171712,71989502,65207,64964,64960,64960,0,0,8303,0,2004422799,2000440466,4096,4096,0,0,64961,64961,556998271,556998284,556998279,556998292,0,0,0,0,0,0,0,0,4096,256,131072,4,15|4,0,67108864,262144,256,0,0,0,0,988,0,976,0,247,244,0,1,988,0|40,1297977159,1,64065888,0,0,0,0,0,72039222,0,244,0,3510767352,0,3510767352,0,2080,3487724386,0,36939681,0,0,0,0,0
1785967970563|1003|sustained_300s_f2r_00002_67108864|rotating|30,1378943233,33558272,73041530,72074784,784510,0,784510,0,16624,0,8312,0,0,0,65037,65037,53104888,53104888,4096,4096,0,0,8312,8312,540585097,540585097,540585105,540585105,0,0,0,0,0,0,0,0,4096,256,131072,4,15|4,0,67108864,262144,256,0,0,0,0,988,0,976,0,247,244,0,1,988,0|40,596762881,1,0,0,63963136,0,63963136,0,196269,0,0,244,0,0,0,0,0,0,0,5493457,0,0,0,0,0
1785967983523|1005|sustained_300s_f2r_00004_16777216|fixed|36,1378943233,16777471,6126415,6041825,6056383,6041825,6056383,6041825,5837,5815,5814,5814,0,0,742,0,179471943,179131082,4096,4096,0,0,5815,5815,1386279745,1386279766,1386279753,1386279774,0,0,0,0,0,0,0,0,4096,256,131072,4,15|4,0,16777216,262144,64,0,0,0,0,100,0,88,0,25,22,0,1,100,0|54,2127297909,1,5779436,0,0,0,0,0,6088396,0,22,0,320262549,0,320262549,0,2080,314392108,0,8363730,0,0,0,0,0
1785967983523|1005|sustained_300s_f2r_00004_16777216|rotating|36,1378943233,33558272,6199314,6113203,70882,0,70882,0,1502,0,751,0,0,0,5883,5883,4798072,4798072,4096,4096,0,0,751,751,1369461217,1369461217,1369461225,1369461225,0,0,0,0,0,0,0,0,4096,256,131072,4,15|4,0,16777216,262144,64,0,0,0,0,100,0,88,0,25,22,0,1,100,0|54,1425033365,1,0,0,5767168,0,5767168,0,17838,0,0,22,0,0,0,0,0,0,0,5538971,0,0,0,0,0
1785967988538|1005|sustained_300s_f2r_00004_16777216|fixed|38,1378943233,16777471,12369620,12197224,12228045,12197224,12228045,12197224,11784,11740,11738,11738,0,0,1500,0,362345224,361627448,4096,4096,0,0,11739,11739,1707421596,1707421601,1707421564,1707421577,0,0,0,0,0,0,0,0,4096,256,131072,4,15|4,0,16777216,262144,64,0,0,0,0,188,0,176,0,47,44,0,1,188,0|56,2448272469,1,11613376,0,0,0,0,0,12243334,0,44,0,639778624,0,639778624,0,2080,632198737,0,11225125,0,0,0,0,0
1785967988538|1005|sustained_300s_f2r_00004_16777216|rotating|38,1378943233,33557555,12433821,12260783,142260,0,142260,0,3015,0,1507,0,0,0,11800,11800,9628694,9628694,4096,4096,0,0,1508,1508,1690457614,1690457614,1690457622,1690457622,0,0,0,0,0,0,0,0,4096,256,131072,4,15|4,0,16777216,262144,64,0,0,0,0,188,0,176,0,47,44,0,1,188,0|56,1745866670,1,0,0,11534336,0,11534336,0,35677,0,0,44,0,0,0,0,0,0,0,5587195,0,0,0,0,0
1785967998726|1006|sustained_300s_f2r_00005_67108864|fixed|42,1378943233,16777471,6146548,6062889,6076796,6062889,6076796,6062889,5813,5792,5790,5790,0,0,739,0,178731695,178389970,4096,4096,0,0,5791,5791,2359333865,2359333870,2359333873,2359333878,0,0,0,0,0,0,0,0,4096,256,131072,4,15|4,0,67108864,262144,256,0,0,0,0,96,0,84,0,24,21,0,1,96,0|64,3100424992,1,5757952,0,0,0,0,0,6114047,0,21,0,320059853,0,320059853,0,2080,313302822,0,9627787,0,0,0,0,0
1785967998726|1006|sustained_300s_f2r_00005_67108864|rotating|42,1378943233,33558272,6219577,6134475,70598,0,70598,0,1496,0,748,0,0,0,5859,5858,4778928,4778928,4096,4096,0,0,748,748,2342397284,2342397284,2342397292,2342397292,0,0,0,0,0,0,0,0,4096,256,131072,4,15|4,0,67108864,262144,256,0,0,0,0,100,0,88,0,25,22,0,1,100,0|64,2398115741,1,0,0,5767168,0,5767168,0,17768,0,0,22,0,0,0,0,0,0,0,6896809,0,0,0,0,0
1785968003733|1006|sustained_300s_f2r_00005_67108864|fixed|44,1378943233,16777471,12428168,12257044,12286972,12257044,12286972,12257044,11754,11708,11706,11706,0,0,1496,0,361353494,360636753,4096,4096,0,0,11707,11707,2680008436,2680008425,2680008444,2680008441,0,0,0,0,0,0,0,0,4096,256,131072,4,15|4,0,67108864,262144,256,0,0,0,0,188,0,176,0,47,44,0,1,188,0|66,3420765072,1,11581760,0,0,0,0,0,12300846,0,44,0,638943981,0,638943981,0,2080,630369368,0,12590439,0,0,0,0,0
1785968003733|1006|sustained_300s_f2r_00005_67108864|rotating|44,1378943233,33558272,12493600,12321523,141953,0,141953,0,3008,0,1504,0,0,0,11768,11768,9608984,9608984,4096,4096,0,0,1504,1504,2663064233,2663064233,2663064241,2663064241,0,0,0,0,0,0,0,0,4096,256,131072,4,15|4,0,67108864,262144,256,0,0,0,0,188,0,176,0,47,44,0,1,188,0|66,2718405821,1,0,0,11534336,0,11534336,0,35583,0,0,44,0,0,0,0,0,0,0,6940299,0,0,0,0,0
1785968008740|1006|sustained_300s_f2r_00005_67108864|fixed|46,1378943233,16777471,18702855,18444276,18490399,18444276,18490399,18444276,17688,17620,17617,17617,0,0,2251,0,543808424,542733006,4096,4096,0,0,17618,17618,3000278475,3000278456,3000278443,3000278464,0,0,0,0,0,0,0,0,4096,256,131072,4,15|4,0,67108864,262144,256,0,0,0,0,276,0,264,0,69,66,0,1,276,0|68,3741225581,1,17412160,0,0,0,0,0,18492168,0,66,0,957946890,0,957946890,0,2080,947684148,0,15429632,0,0,0,0,0
1785968008740|1006|sustained_300s_f2r_00005_67108864|rotating|46,1378943233,33558272,18777979,18518667,213308,0,213308,0,4520,0,2260,0,0,0,17688,17688,14439016,14439016,4096,4096,0,0,2260,2260,2983611024,2983611024,2983611032,2983611032,0,0,0,0,0,0,0,0,4096,256,131072,4,15|4,0,67108864,262144,256,0,0,0,0,276,0,264,0,69,66,0,1,276,0|68,3039258443,1,0,0,17301504,0,17301504,0,53445,0,0,66,0,0,0,0,0,0,0,6986215,0,0,0,0,0
1785968013749|1006|sustained_300s_f2r_00005_67108864|fixed|48,1378943233,16777471,24987507,24642536,24703601,24642536,24703601,24642536,23631,23540,23537,23537,0,0,3008,0,726552548,725116551,4096,4096,0,0,23538,23538,3321052678,3321052659,3321052686,3321052667,0,0,0,0,0,0,0,0,4096,256,131072,4,15|4,0,67108864,262144,256,0,0,0,0,364,0,352,0,91,88,0,1,364,0|70,4060978330,1,23226752,0,0,0,0,0,24669744,0,88,0,1276245991,0,1276245991,0,2080,1264285509,0,18275042,0,0,0,0,0
1785968013749|1006|sustained_300s_f2r_00005_67108864|rotating|48,1378943233,33558272,25040122,24694600,284474,0,284474,0,6028,0,3014,0,0,0,23587,23587,19256264,19256264,4096,4096,0,0,3014,3014,3303304487,3303304487,3303304495,3303304495,0,0,0,0,0,0,0,0,4096,256,131072,4,15|4,0,67108864,262144,256,0,0,0,0,364,0,352,0,91,88,0,1,364,0|70,3358829104,1,0,0,23068672,0,23068672,0,71212,0,0,88,0,0,0,0,0,0,0,7036392,0,0,0,0,0
1785968018758|1006|sustained_300s_f2r_00005_67108864|fixed|50,1378943233,16777471,31282105,30850874,30926752,30850874,30926752,30850874,29583,29470,29467,29467,0,0,3765,0,909598486,907800713,4096,4096,0,0,29468,29468,3642340377,3642340414,3642340385,3642340422,0,0,0,0,0,0,0,0,4096,256,131072,4,15|4,0,67108864,262144,256,0,0,0,0,452,0,440,0,113,110,0,1,452,0|72,88283028,2,29088768,0,0,0,0,0,30896776,0,110,0,1597052481,0,1597052481,0,2080,1583417825,0,21107068,0,0,0,0,0
1785968018758|1006|sustained_300s_f2r_00005_67108864|rotating|50,1378943233,33558272,31362469,30929481,356388,0,356388,0,7552,0,3776,0,0,0,29543,29543,24124624,24124624,4096,4096,0,0,3776,3776,3626224287,3626224287,3626224295,3626224295,0,0,0,0,0,0,0,0,4096,256,131072,4,15|4,0,67108864,262144,256,0,0,0,0,456,0,444,0,114,111,0,1,456,0|72,3682600867,1,0,0,29097984,0,29097984,0,89239,0,0,111,0,0,0,0,0,0,0,7082823,0,0,0,0,0
1785968023762|1006|sustained_300s_f2r_00005_67108864|fixed|52,1378943233,16777471,37540562,37022515,37114049,37022515,37114049,37022515,35499,35365,35361,35361,0,0,4519,0,1091551056,1089392912,4096,4096,0,0,35362,35362,3961723291,3961723288,3961723259,3961723240,0,0,0,0,0,0,0,0,4096,256,131072,4,15|4,0,67108864,262144,256,0,0,0,0,544,0,532,0,136,133,0,1,544,0|74,407827010,2,34896768,0,0,0,0,0,37067677,0,133,0,1915144463,0,1915144463,0,2080,1899687226,0,24071325,0,0,0,0,0
1785968023762|1006|sustained_300s_f2r_00005_67108864|rotating|52,1378943233,33558272,37613177,37093566,427365,0,427365,0,9056,0,4528,0,0,0,35430,35430,28929128,28929128,4096,4096,0,0,4528,4528,3945048382,3945048382,3945048390,3945048390,0,0,0,0,0,0,0,0,4096,256,131072,4,15|4,0,67108864,262144,256,0,0,0,0,544,0,532,0,136,133,0,1,544,0|74,4000691818,1,0,0,34865152,0,34865152,0,106959,0,0,133,0,0,0,0,0,0,0,7123170,0,0,0,0,0
1785968028762|1006|sustained_300s_f2r_00005_67108864|fixed|54,1378943233,16781056,43806407,43200138,43308633,43200138,43308633,43200138,41426,41269,41266,41266,0,0,5274,0,1273802448,1271268672,4096,4096,0,0,41266,41266,4281755920,4281756237,4281755928,4281756245,0,0,0,0,0,0,0,0,4096,256,131072,4,15|4,0,67108864,262144,256,0,0,0,0,632,0,620,0,158,155,0,1,632,0|76,727917469,2,40719264,0,0,0,0,0,43249550,0,155,0,2233779298,0,2233779298,0,2080,2216628297,0,26914456,0,0,0,0,0
1785968028762|1006|sustained_300s_f2r_00005_67108864|rotating|54,1378943233,33558272,43882388,43275264,498626,0,498626,0,10566,0,5283,0,0,0,41337,41337,33752784,33752784,4096,4096,0,0,5283,5283,4265169328,4265169328,4265169344,4265169344,0,0,0,0,0,0,0,0,4096,256,131072,4,15|4,0,67108864,262144,256,0,0,0,0,632,0,620,0,158,155,0,1,632,0|76,25855616,2,0,0,40632320,0,40632320,0,124774,0,0,155,0,0,0,0,0,0,0,7169920,0,0,0,0,0
1785968033766|1006|sustained_300s_f2r_00005_67108864|fixed|56,1378943233,16777471,50082229,49389080,49513099,49389080,49513099,49389080,47363,47184,47179,47179,0,0,6030,0,1456344207,1453452290,4096,4096,0,0,47180,47180,307214595,307214600,307214603,307214608,0,0,0,0,0,0,0,0,4096,256,131072,4,15|4,0,67108864,262144,256,0,0,0,0,720,0,708,0,180,177,0,1,720,0|78,1048270421,2,46549664,0,0,0,0,0,49436985,0,177,0,2552674650,0,2552674650,0,2080,2533840865,0,29748304,0,0,0,0,0
1785968033766|1006|sustained_300s_f2r_00005_67108864|rotating|56,1378943233,33558272,50150983,49457031,569885,0,569885,0,12076,0,6038,0,0,0,47244,47244,38576440,38576440,4096,4096,0,0,6038,6038,290313726,290313726,290313734,290313734,0,0,0,0,0,0,0,0,4096,256,131072,4,15|4,0,67108864,262144,256,0,0,0,0,720,0,708,0,180,177,0,1,720,0|78,345821062,2,0,0,46399488,0,46399488,0,142565,0,0,177,0,0,0,0,0,0,0,7227083,0,0,0,0,0
1785968038771|1006|sustained_300s_f2r_00005_67108864|fixed|58,1378943233,16777471,56356122,55576467,55715733,55576467,55715733,55576467,53294,53093,53089,53089,0,0,6785,0,1638750990,1635500489,4096,4096,0,0,53089,53089,627387846,627388187,627387854,627388195,0,0,0,0,0,0,0,0,4096,256,131072,4,15|4,0,67108864,262144,256,0,0,0,0,808,0,796,0,202,199,0,1,808,0|80,1369428675,2,52387968,0,0,0,0,0,55642963,0,199,0,2872373328,0,2872373328,0,2080,2851858508,0,32582100,0,0,0,0,0
1785968038771|1006|sustained_300s_f2r_00005_67108864|rotating|58,1378943233,33558272,56448459,55667676,641422,0,641422,0,13592,0,6796,0,0,0,53176,53176,43419224,43419224,4096,4096,0,0,6796,6796,611714676,611714676,611714684,611714684,0,0,0,0,0,0,0,0,4096,256,131072,4,15|5,0,67108864,262144,256,0,0,0,0,812,0,800,0,203,200,0,1,812,0|80,667690178,2,0,0,52428800,0,52428800,0,160497,0,0,200,0,0,0,0,0,0,0,7280566,0,0,0,0,0
1785968043781|1006|sustained_300s_f2r_00005_67108864|fixed|60,1378943233,16777471,62644444,61777544,61932612,61777544,61932612,61777544,59239,59016,59011,59011,0,0,7542,0,1821569398,1817959985,4096,4096,0,0,59012,59012,948296246,948296243,948296254,948296251,0,0,0,0,0,0,0,0,4096,256,131072,4,15|4,0,67108864,262144,256,0,0,0,0,900,0,888,0,225,222,0,1,900,0|82,1689626426,2,58211776,0,0,0,0,0,61826836,0,222,0,3191115127,0,3191115127,0,2080,3168776829,0,35550648,0,0,0,0,0
1785968043781|1006|sustained_300s_f2r_00005_67108864|rotating|60,1378943233,33558272,62741593,61872835,712966,0,712966,0,15108,0,7554,0,0,0,59103,59103,48262064,48262064,4096,4096,0,0,7554,7554,932923225,932923225,932923233,932923233,0,0,0,0,0,0,0,0,4096,256,131072,4,15|4,0,67108864,262144,256,0,0,0,0,900,0,888,0,225,222,0,1,900,0|82,988890501,2,0,0,58195968,0,58195968,0,178360,0,0,222,0,0,0,0,0,0,0,7337022,0,0,0,0,0
1785968048782|1006|sustained_300s_f2r_00005_67108864|fixed|62,1378943233,16777471,68912049,67957424,68128959,67957424,68128959,67957424,65166,64920,64915,64915,0,0,8297,0,2003805281,1999819964,4096,4096,0,0,64916,64916,1268301482,1268301471,1268301490,1268301479,0,0,0,0,0,0,0,0,4096,256,131072,4,15|4,0,67108864,262144,256,0,0,0,0,988,0,976,0,247,244,0,1,988,0|84,2009919802,2,64034272,0,0,0,0,0,68015072,0,244,0,3509952879,0,3509952879,0,2080,3485932142,0,38382454,0,0,0,0,0
1785968048782|1006|sustained_300s_f2r_00005_67108864|rotating|62,1378943233,33558272,69015716,68059954,784227,0,784227,0,16618,0,8309,0,0,0,65013,65013,53085720,53085720,4096,4096,0,0,8309,8309,1253032843,1253032843,1253032859,1253032859,0,0,0,0,0,0,0,0,4096,256,131072,4,15|4,0,67108864,262144,256,0,0,0,0,988,0,976,0,247,244,0,1,988,0|84,1308521637,2,0,0,63963136,0,63963136,0,196151,0,0,244,0,0,0,0,0,0,0,7380291,0,0,0,0,0
1785968061572|1008|sustained_300s_f2r_00007_16777216|fixed|68,1378943233,16781056,6555175,6469014,6484861,6469014,6484861,6469014,5857,5835,5835,5835,0,0,745,0,180044760,179702040,4096,4096,0,0,5835,5835,2087546695,2087547028,2087546703,2087547036,0,0,0,0,0,0,0,0,4096,256,131072,4,15|4,0,16777216,262144,64,0,0,0,0,100,0,88,0,25,22,0,1,100,0|98,2827465956,2,5775116,0,0,0,0,0,6495920,0,22,0,319888423,0,319888423,0,2080,314386953,0,7899545,0,0,0,0,0
1785968061572|1008|sustained_300s_f2r_00007_16777216|rotating|68,1378943233,33558272,6614106,6526576,70977,0,70977,0,1504,0,752,0,0,0,5887,5887,4804472,4804472,4096,4096,0,0,752,752,2070065497,2070065497,2070065505,2070065505,0,0,0,0,0,0,0,0,4096,256,131072,4,15|4,0,16777216,262144,64,0,0,0,0,100,0,88,0,25,22,0,1,100,0|98,2125451815,2,0,0,5767168,0,5767168,0,17838,0,0,22,0,0,0,0,0,0,0,5026339,0,0,0,0,0
1785968066582|1008|sustained_300s_f2r_00007_16777216|fixed|70,1378943233,16777471,13181590,13007288,13040110,13007288,13040110,13007288,11780,11735,11734,11734,0,0,1499,0,362069510,361351177,4096,4096,0,0,11735,11735,2407359554,2407359567,2407359562,2407359575,0,0,0,0,0,0,0,0,4096,256,131072,4,15|4,0,16777216,262144,64,0,0,0,0,188,0,176,0,47,44,0,1,188,0|100,3148402453,2,11613376,0,0,0,0,0,13060866,0,44,0,639365355,0,639365355,0,2080,632148637,0,10767566,0,0,0,0,0
1785968066582|1008|sustained_300s_f2r_00007_16777216|rotating|70,1378943233,33558272,13262455,13087295,142333,0,142333,0,3016,0,1508,0,0,0,11806,11806,9634544,9634544,4096,4096,0,0,1508,1508,2390641106,2390641106,2390641114,2390641114,0,0,0,0,0,0,0,0,4096,256,131072,4,15|4,0,16777216,262144,64,0,0,0,0,188,0,176,0,47,44,0,1,188,0|100,2446302736,2,0,0,11534336,0,11534336,0,35701,0,0,44,0,0,0,0,0,0,0,5068249,0,0,0,0,0
1785968076755|1009|sustained_300s_f2r_00008_16777216|fixed|74,1378943233,16781056,6200504,6114788,6130096,6114788,6130096,6114788,5864,5842,5842,5842,0,0,746,0,180333128,179990008,4096,4096,0,0,5842,5842,3058427666,3058428023,3058427674,3058428031,0,0,0,0,0,0,0,0,4096,256,131072,4,15|4,0,16777216,262144,64,0,0,0,0,100,0,88,0,25,22,0,1,100,0|108,3799401339,2,5806688,0,0,0,0,0,6161110,0,22,0,321371292,0,321371292,0,2080,315818104,0,7982393,0,0,0,0,0
1785968076755|1009|sustained_300s_f2r_00008_16777216|rotating|74,1378943233,33558272,6272672,6185455,71260,0,71260,0,1510,0,755,0,0,0,5910,5910,4823656,4823656,4096,4096,0,0,755,755,3041858135,3041858135,3041858143,3041858143,0,0,0,0,0,0,0,0,4096,256,131072,4,15|4,0,16777216,262144,64,0,0,0,0,100,0,88,0,25,22,0,1,100,0|108,3097345396,2,0,0,5767168,0,5767168,0,17910,0,0,22,0,0,0,0,0,0,0,5120362,0,0,0,0,0
1785968081766|1009|sustained_300s_f2r_00008_16777216|fixed|76,1378943233,16781056,12475350,12302066,12333586,12302066,12333586,12302066,11804,11759,11759,11759,0,0,1502,0,362981064,362262952,4096,4096,0,0,11759,11759,3379157258,3379157607,3379157266,3379157615,0,0,0,0,0,0,0,0,4096,256,131072,4,15|4,0,16777216,262144,64,0,0,0,0,188,0,176,0,47,44,0,1,188,0|110,4120154338,2,11637088,0,0,0,0,0,12351558,0,44,0,640666691,0,640666691,0,2080,633420063,0,10826897,0,0,0,0,0
1785968081766|1009|sustained_300s_f2r_00008_16777216|rotating|76,1378943233,33558272,12548958,12374771,142616,0,142616,0,3022,0,1511,0,0,0,11828,11828,9653688,9653688,4096,4096,0,0,1511,1511,3362410239,3362410239,3362410247,3362410247,0,0,0,0,0,0,0,0,4096,256,131072,4,15|4,0,16777216,262144,64,0,0,0,0,188,0,176,0,47,44,0,1,188,0|110,3417792706,2,0,0,11534336,0,11534336,0,35748,0,0,44,0,0,0,0,0,0,0,5164285,0,0,0,0,0
1785968096420|1011|sustained_300s_f2r_00010_16777216|fixed|82,1378943233,16777471,6139867,6055153,6070115,6055153,6070115,6055153,5813,5791,5790,5790,0,0,739,0,178728503,178387328,4096,4096,0,0,5791,5791,22103505,22103518,22103513,22103494,0,0,0,0,0,0,0,0,4096,256,131072,4,15|4,0,16777216,262144,64,0,0,0,0,96,0,84,0,24,21,0,1,96,0|124,763043291,3,5757952,0,0,0,0,0,6104132,0,21,0,319952280,0,319952280,0,2080,313149501,0,9673554,0,0,0,0,0
1785968096420|1011|sustained_300s_f2r_00010_16777216|rotating|82,1378943233,33558272,6216166,6129915,70692,0,70692,0,1498,0,749,0,0,0,5862,5862,4785304,4785304,4096,4096,0,0,749,749,5727924,5727924,5727940,5727940,0,0,0,0,0,0,0,0,4096,256,131072,4,15|4,0,16777216,262144,64,0,0,0,0,100,0,88,0,25,22,0,1,100,0|124,61133318,3,0,0,5767168,0,5767168,0,17768,0,0,22,0,0,0,0,0,0,0,6900497,0,0,0,0,0
1785968101428|1011|sustained_300s_f2r_00010_16777216|fixed|84,1378943233,16781056,12414868,12242708,12273672,12242708,12273672,12242708,11751,11707,11706,11706,0,0,1496,0,361339272,360621856,4096,4096,0,0,11706,11706,342797129,342797446,342797137,342797454,0,0,0,0,0,0,0,0,4096,256,131072,4,15|4,0,16777216,262144,64,0,0,0,0,188,0,176,0,47,44,0,1,188,0|126,1084569782,3,11597568,0,0,0,0,0,12307199,0,44,0,640018867,0,640018867,0,2080,631349830,0,12688276,0,0,0,0,0
1785968101428|1011|sustained_300s_f2r_00010_16777216|rotating|84,1378943233,33558272,12499880,12326719,142143,0,142143,0,3012,0,1506,0,0,0,11786,11786,9621776,9621776,4096,4096,0,0,1506,1506,326748741,326748741,326748749,326748749,0,0,0,0,0,0,0,0,4096,256,131072,4,15|4,0,16777216,262144,64,0,0,0,0,188,0,176,0,47,44,0,1,188,0|126,382265626,3,0,0,11534336,0,11534336,0,35630,0,0,44,0,0,0,0,0,0,0,6938744,0,0,0,0,0
1785968111621|1012|sustained_300s_f2r_00011_16777216|fixed|88,1378943233,16777471,6540725,6454666,6470599,6454666,6470599,6454666,11672,11650,5824,5824,0,0,743,0,179809585,179466444,4096,4096,0,0,5825,5825,995171322,995171335,995171330,995171343,0,0,0,0,0,0,0,0,4096,256,131072,4,15|4,0,16777216,262144,64,0,0,0,0,100,0,88,0,25,22,0,1,100,0|134,1737085879,3,5806688,0,0,0,0,0,6523292,0,22,0,321318121,0,321318121,0,2080,315823177,0,7899833,0,0,0,0,0
1785968111621|1012|sustained_300s_f2r_00011_16777216|rotating|88,1378943233,33558272,6638011,6550109,71260,0,71260,0,1510,0,755,0,0,0,5910,5910,4823656,4823656,4096,4096,0,0,755,755,979538077,979538077,979538085,979538085,0,0,0,0,0,0,0,0,4096,256,131072,4,15|4,0,16777216,262144,64,0,0,0,0,100,0,88,0,25,22,0,1,100,0|134,1036482891,3,0,0,5767168,0,5767168,0,18004,0,0,22,0,0,0,0,0,0,0,5012168,0,0,0,0,0
1785968116632|1012|sustained_300s_f2r_00011_16777216|fixed|90,1378943233,16777471,13183040,13008433,13041465,13008433,13041465,13008433,23522,23476,11738,11738,0,0,1500,0,362374436,361655671,4096,4096,0,0,11738,11738,1315738123,1315738456,1315738131,1315738464,0,0,0,0,0,0,0,0,4096,256,131072,4,15|4,0,16777216,262144,64,0,0,0,0,188,0,176,0,47,44,0,1,188,0|136,2056750834,3,11621280,0,0,0,0,0,13061200,0,44,0,639529428,0,639529428,0,2080,632308120,0,10773867,0,0,0,0,0
1785968116632|1012|sustained_300s_f2r_00011_16777216|rotating|90,1378943233,33558272,13262509,13087031,142427,0,142427,0,3018,0,1509,0,0,0,11808,11808,9640920,9640920,4096,4096,0,0,1509,1509,1299260155,1299260155,1299260171,1299260171,0,0,0,0,0,0,0,0,4096,256,131072,4,15|4,0,16777216,262144,64,0,0,0,0,188,0,176,0,47,44,0,1,188,0|136,1354644586,3,0,0,11534336,0,11534336,0,35701,0,0,44,0,0,0,0,0,0,0,5062327,0,0,0,0,0
1785968131216|1014|sustained_300s_f2r_00013_16777216|fixed|96,1378943233,16777471,6178160,6092888,6108034,6092888,6108034,6092888,5847,5825,5825,5825,0,0,743,0,179807039,179463586,4096,4096,0,0,5825,5825,2249176456,2249176789,2249176464,2249176797,0,0,0,0,0,0,0,0,4096,256,131072,4,15|4,0,16777216,262144,64,0,0,0,0,100,0,88,0,25,22,0,1,100,0|150,2990140236,3,5790880,0,0,0,0,0,6138815,0,22,0,320446140,0,320446140,0,2080,314895802,0,7981906,0,0,0,0,0
1785968131216|1014|sustained_300s_f2r_00013_16777216|rotating|96,1378943233,33558272,6251898,6165005,71072,0,71072,0,1506,0,753,0,0,0,5894,5894,4810872,4810872,4096,4096,0,0,753,753,2232661105,2232661105,2232661113,2232661113,0,0,0,0,0,0,0,0,4096,256,131072,4,15|4,0,16777216,262144,64,0,0,0,0,100,0,88,0,25,22,0,1,100,0|150,2287993850,3,0,0,5767168,0,5767168,0,17862,0,0,22,0,0,0,0,0,0,0,5124715,0,0,0,0,0
1785968136223|1014|sustained_300s_f2r_00013_16777216|fixed|98,1378943233,16777471,12453929,12281181,12312354,12281181,12312354,12281181,11787,11743,11741,11741,0,0,1500,0,362447927,361729490,4096,4096,0,0,11742,11742,2569900562,2569900591,2569900570,2569900599,0,0,0,0,0,0,0,0,4096,256,131072,4,15|4,0,16777216,262144,64,0,0,0,0,188,0,176,0,47,44,0,1,188,0|152,3310850526,3,11621280,0,0,0,0,0,12329627,0,44,0,639698830,0,639698830,0,2080,632454446,0,10827016,0,0,0,0,0
1785968136223|1014|sustained_300s_f2r_00013_16777216|rotating|98,1378943233,33558272,12535447,12361718,142522,0,142522,0,3020,0,1510,0,0,0,11818,11818,9647304,9647304,4096,4096,0,0,1510,1510,2553643576,2553643576,2553643584,2553643584,0,0,0,0,0,0,0,0,4096,256,131072,4,15|4,0,16777216,262144,64,0,0,0,0,188,0,176,0,47,44,0,1,188,0|152,2609663006,3,0,0,11534336,0,11534336,0,35772,0,0,44,0,0,0,0,0,0,0,5170232,0,0,0,0,0
1785968146460|1015|sustained_300s_f2r_00014_16777216|fixed|102,1378943233,16781056,6123880,6039382,6053848,6039382,6053848,6039382,5834,5812,5812,5812,0,0,742,0,179399224,179058616,4096,4096,0,0,5812,5812,3224812566,3224812899,3224812574,3224812907,0,0,0,0,0,0,0,0,4096,256,131072,4,15|4,0,16777216,262144,64,0,0,0,0,96,0,88,0,25,22,0,1,100,0|160,3965772447,3,5775072,0,0,0,0,0,6084573,0,22,0,320118173,0,320118173,0,2080,314192634,0,8468325,0,0,0,0,0
1785968146460|1015|sustained_300s_f2r_00014_16777216|rotating|102,1378943233,33558272,6196009,6109986,70882,0,70882,0,1502,0,751,0,0,0,5880,5880,4798072,4798072,4096,4096,0,0,751,751,3208137703,3208137703,3208137711,3208137711,0,0,0,0,0,0,0,0,4096,256,131072,4,15|4,0,16777216,262144,64,0,0,0,0,100,0,88,0,25,22,0,1,100,0|160,3263715168,3,0,0,5767168,0,5767168,0,17838,0,0,22,0,0,0,0,0,0,0,5489711,0,0,0,0,0
1785968151466|1015|sustained_300s_f2r_00014_16777216|fixed|104,1378943233,16777471,12349555,12177364,12208170,12177364,12208170,12177364,11769,11723,11722,11722,0,0,1498,0,361850968,361133012,4096,4096,0,0,11723,11723,3545233636,3545233609,3545233620,3545233617,0,0,0,0,0,0,0,0,4096,256,131072,4,15|4,0,16777216,262144,64,0,0,0,0,188,0,176,0,47,44,0,1,188,0|162,4286149072,3,11605472,0,0,0,0,0,12224830,0,44,0,639037198,0,639037198,0,2080,631403439,0,11327609,0,0,0,0,0
1785968151466|1015|sustained_300s_f2r_00014_16777216|rotating|104,1378943233,33558272,12426192,12253193,142238,0,142238,0,3014,0,1507,0,0,0,11795,11795,9628168,9628168,4096,4096,0,0,1507,1507,3528704601,3528704601,3528704609,3528704609,0,0,0,0,0,0,0,0,4096,256,131072,4,15|4,0,16777216,262144,64,0,0,0,0,188,0,176,0,47,44,0,1,188,0|162,3584238883,3,0,0,11534336,0,11534336,0,35654,0,0,44,0,0,0,0,0,0,0,5542785,0,0,0,0,0
1785968204883|1028|sustained_300s_r2f_00001_16777216|fixed|132,1378943233,16781056,6544357,6458507,70112,0,70112,0,1488,0,744,0,0,0,5827,5827,4753352,4753352,4096,4096,0,0,744,744,2669011168,2669011168,2669011176,2669011176,0,0,0,0,0,0,0,0,4096,256,131072,4,15|5,0,16777216,262144,64,0,0,0,0,100,0,88,0,25,22,0,1,100,0|242,3410004447,4,0,0,5767168,0,5767168,0,17669,0,0,22,0,0,0,0,0,0,0,5018097,0,0,0,0,0
1785968204883|1028|sustained_300s_r2f_00001_16777216|rotating|132,1378943233,33554687,6620952,6533561,6549991,6533561,6549991,6533561,11815,11793,5895,5895,0,0,753,0,182010097,181650636,4096,4096,0,0,5896,5896,2652631454,2652631435,2652631462,2652631443,0,0,0,0,0,0,0,0,4096,256,131072,4,15|4,0,16777216,262144,64,0,0,0,0,100,0,88,0,25,22,0,1,100,0|242,2707923594,4,5846208,0,0,0,0,0,6572444,0,22,0,323687489,0,323687489,0,2080,318194066,0,7908058,0,0,0,0,0
1785968209893|1028|sustained_300s_r2f_00001_16777216|fixed|134,1378943233,16781056,13187316,13012944,141354,0,141354,0,3000,0,1500,0,0,0,11742,11742,9583400,9583400,4096,4096,0,0,1500,1500,2989396347,2989396347,2989396355,2989396355,0,0,0,0,0,0,0,0,4096,256,131072,4,15|4,0,16777216,262144,64,0,0,0,0,188,0,176,0,47,44,0,1,188,0|244,3730608647,4,0,0,11534336,0,11534336,0,35480,0,0,44,0,0,0,0,0,0,0,5061641,0,0,0,0,0
1785968209893|1028|sustained_300s_r2f_00001_16777216|rotating|134,1378943233,33554687,13268136,13092904,13125934,13092904,13125934,13092904,23674,23630,11814,11814,0,0,1509,0,364724383,364005704,4096,4096,0,0,11815,11815,2973350953,2973350974,2973350969,2973350958,0,0,0,0,0,0,0,0,4096,256,131072,4,15|4,0,16777216,262144,64,0,0,0,0,188,0,176,0,47,44,0,1,188,0|244,3028449259,4,11676608,0,0,0,0,0,13127936,0,44,0,642755554,0,642755554,0,2080,635539606,0,10781647,0,0,0,0,0
1785968220076|1029|sustained_300s_r2f_00002_67108864|fixed|138,1378943233,16781056,6538532,6452726,70018,0,70018,0,1486,0,743,0,0,0,5821,5821,4746960,4746960,4096,4096,0,0,743,743,3641327009,3641327009,3641327017,3641327017,0,0,0,0,0,0,0,0,4096,256,131072,4,15|5,0,67108864,262144,256,0,0,0,0,100,0,88,0,25,22,0,1,100,0|252,87438124,5,0,0,5767168,0,5767168,0,17645,0,0,22,0,0,0,0,0,0,0,5022977,0,0,0,0,0
1785968220076|1029|sustained_300s_r2f_00002_67108864|rotating|138,1378943233,33554687,6613025,6525668,6542159,6525668,6542159,6525668,5911,5888,5887,5887,0,0,752,0,181656592,181297301,4096,4096,0,0,5888,5888,3624929074,3624929055,3624929050,3624929063,0,0,0,0,0,0,0,0,4096,256,131072,4,15|4,0,67108864,262144,256,0,0,0,0,100,0,88,0,25,22,0,1,100,0|252,3680985483,4,5854112,0,0,0,0,0,6580720,0,22,0,324003682,0,324003682,0,2080,318511831,0,7908217,0,0,0,0,0
1785968225089|1029|sustained_300s_r2f_00002_67108864|fixed|140,1378943233,16781056,13191389,13017168,141449,0,141449,0,3002,0,1501,0,0,0,11744,11744,9589800,9589800,4096,4096,0,0,1501,1501,3962572415,3962572415,3962572423,3962572423,0,0,0,0,0,0,0,0,4096,256,131072,4,15|4,0,67108864,262144,256,0,0,0,0,188,0,176,0,47,44,0,1,188,0|254,408388317,5,0,0,11534336,0,11534336,0,35480,0,0,44,0,0,0,0,0,0,0,5069296,0,0,0,0,0
1785968225089|1029|sustained_300s_r2f_00002_67108864|rotating|140,1378943233,33554687,13257086,13082184,13114977,13082184,13114977,13082184,11848,11803,11802,11802,0,0,1508,0,364177867,363459534,4096,4096,0,0,11803,11803,3945469839,3945469852,3945469847,3945469860,0,0,0,0,0,0,0,0,4096,256,131072,4,15|4,0,67108864,262144,256,0,0,0,0,188,0,176,0,47,44,0,1,188,0|254,4001048350,4,11676608,0,0,0,0,0,13126583,0,44,0,642610925,0,642610925,0,2080,635392183,0,10784475,0,0,0,0,0
1785968230102|1029|sustained_300s_r2f_00002_67108864|fixed|142,1378943233,16781056,19835447,19573499,212690,0,212690,0,4514,0,2257,0,0,0,17660,17660,14419848,14419848,4096,4096,0,0,2257,2257,4283142238,4283142238,4283142246,4283142246,0,0,0,0,0,0,0,0,4096,256,131072,4,15|4,0,67108864,262144,256,0,0,0,0,276,0,264,0,69,66,0,1,276,0|256,729277306,5,0,0,17301504,0,17301504,0,53314,0,0,66,0,0,0,0,0,0,0,5111549,0,0,0,0,0
1785968230102|1029|sustained_300s_r2f_00002_67108864|rotating|142,1378943233,33554687,19913088,19650372,19699642,19650372,19699642,19650372,17798,17730,17729,17729,0,0,2265,0,547070519,545993146,4096,4096,0,0,17730,17730,4266642882,4266642895,4266642890,4266642903,0,0,0,0,0,0,0,0,4096,256,131072,4,15|4,0,67108864,262144,256,0,0,0,0,276,0,264,0,69,66,0,1,276,0|256,27408637,5,17522816,0,0,0,0,0,19697640,0,66,0,962476956,0,962476956,0,2080,953550288,0,13646859,0,0,0,0,0
1785968235105|1029|sustained_300s_r2f_00002_67108864|fixed|144,1378943233,16781056,26476735,26127103,283840,0,283840,0,6024,0,3012,0,0,0,23573,23573,19243504,19243504,4096,4096,0,0,3012,3012,308322677,308322677,308322693,308322693,0,0,0,0,0,0,0,0,4096,256,131072,4,15|4,0,67108864,262144,256,0,0,0,0,364,0,352,0,91,88,0,1,364,0|258,1049630553,5,0,0,23068672,0,23068672,0,71101,0,0,88,0,0,0,0,0,0,0,5164122,0,0,0,0,0
1785968235105|1029|sustained_300s_r2f_00002_67108864|rotating|144,1378943233,33554687,26547891,26197482,26263299,26197482,26263299,26197482,23727,23637,23636,23636,0,0,3020,0,729328460,727892048,4096,4096,0,0,23637,23637,291758413,291758426,291758421,291758402,0,0,0,0,0,0,0,0,4096,256,131072,4,15|4,0,67108864,262144,256,0,0,0,0,364,0,352,0,91,88,0,1,364,0|258,347148497,5,23330816,0,0,0,0,0,26237333,0,89,0,1280764816,0,1280764816,0,2080,1270114132,0,16516897,0,0,0,0,0
1785968240106|1029|sustained_300s_r2f_00002_67108864|fixed|146,1378943233,16781056,33108822,32671750,354986,0,354986,0,7534,0,3767,0,0,0,29476,29476,24067096,24067096,4096,4096,0,0,3767,3767,628474093,628474093,628474101,628474101,0,0,0,0,0,0,0,0,4096,256,131072,4,15|4,0,67108864,262144,256,0,0,0,0,452,0,440,0,113,110,0,1,452,0|260,1369569631,5,0,0,28835840,0,28835840,0,88887,0,0,110,0,0,0,0,0,0,0,5204687,0,0,0,0,0
1785968240106|1029|sustained_300s_r2f_00002_67108864|rotating|146,1378943233,33554687,33185236,32746609,32829403,32746609,32829403,32746609,29658,29545,29544,29544,0,0,3776,0,911632466,909820701,4096,4096,0,0,29545,29545,612045332,612045313,612045340,612045321,0,0,0,0,0,0,0,0,4096,256,131072,4,15|4,0,67108864,262144,256,0,0,0,0,456,0,444,0,114,111,0,1,456,0|260,668101639,5,29169120,0,0,0,0,0,32800087,0,111,0,1600258382,0,1600258382,0,2080,1587751174,0,19521836,0,0,0,0,0
1785968245115|1029|sustained_300s_r2f_00002_67108864|fixed|148,1378943233,16781056,39755445,39229939,426227,0,426227,0,9046,0,4523,0,0,0,35393,35393,28897168,28897168,4096,4096,0,0,4523,4523,948855286,948855286,948855294,948855294,0,0,0,0,0,0,0,0,4096,256,131072,4,15|4,0,67108864,262144,256,0,0,0,0,544,0,532,0,136,133,0,1,544,0|262,1690353065,5,0,0,34865152,0,34865152,0,106721,0,0,133,0,0,0,0,0,0,0,5256458,0,0,0,0,0
1785968245115|1029|sustained_300s_r2f_00002_67108864|rotating|148,1378943233,33554687,39869043,39342278,39441590,39342278,39441590,39342278,35630,35496,35494,35494,0,0,4536,0,1095216231,1093045418,4096,4096,0,0,35495,35495,934436424,934436437,934436432,934436445,0,0,0,0,0,0,0,0,4096,256,131072,4,15|4,0,67108864,262144,256,0,0,0,0,544,0,532,0,136,133,0,1,544,0|262,989881423,5,35023232,0,0,0,0,0,39383186,0,133,0,1920574638,0,1920574638,0,2080,1906353939,0,22391482,0,0,0,0,0
1785968250134|1029|sustained_300s_r2f_00002_67108864|fixed|150,1378943233,16781056,46411843,45798414,497659,0,497659,0,10562,0,5281,0,0,0,41319,41319,33740032,33740032,4096,4096,0,0,5281,5281,1270282629,1270282629,1270282637,1270282637,0,0,0,0,0,0,0,0,4096,256,131072,4,15|4,0,67108864,262144,256,0,0,0,0,632,0,620,0,158,155,0,1,632,0|264,2012847237,5,0,0,40632320,0,40632320,0,124627,0,0,155,0,0,0,0,0,0,0,5301918,0,0,0,0,0
1785968250134|1029|sustained_300s_r2f_00002_67108864|rotating|150,1378943233,33554687,46526920,45912324,46028128,45912324,46028128,45912324,41579,41423,41421,41421,0,0,5293,0,1278102146,1275572301,4096,4096,0,0,41422,41422,1255598459,1255598440,1255598467,1255598448,0,0,0,0,0,0,0,0,4096,256,131072,4,15|4,0,67108864,262144,256,0,0,0,0,632,0,620,0,158,155,0,1,632,0|264,1311567137,5,40869440,0,0,0,0,0,45963603,0,155,0,2240798800,0,2240798800,0,2080,2224872228,0,25251813,0,0,0,0,0
1785968255141|1029|sustained_300s_r2f_00002_67108864|fixed|152,1378943233,16781056,53093891,52392412,569280,0,569280,0,12082,0,6041,0,0,0,47267,47267,38595584,38595584,4096,4096,0,0,6041,6041,1592582638,1592582638,1592582646,1592582646,0,0,0,0,0,0,0,0,4096,256,131072,4,15|4,0,67108864,262144,256,0,0,0,0,720,0,708,0,180,177,0,1,720,0|266,2334950315,5,0,0,46399488,0,46399488,0,142531,0,0,177,0,0,0,0,0,0,0,5351381,0,0,0,0,0
1785968255141|1029|sustained_300s_r2f_00002_67108864|rotating|152,1378943233,33556360,53203971,52500560,52633470,52500560,52633470,52500560,47545,47367,47365,47365,0,0,6054,0,1461494440,1458589480,4096,4096,0,0,47365,47365,1577771072,1577771405,1577771080,1577771413,0,0,0,0,0,0,0,0,4096,256,131072,4,15|4,0,67108864,262144,256,0,0,0,0,724,0,712,0,181,178,0,1,724,0|266,1634751864,5,46748576,0,0,0,0,0,52572448,0,178,0,2562513743,0,2562513743,0,2080,2544739366,0,28256567,0,0,0,0,0
1785968260147|1029|sustained_300s_r2f_00002_67108864|fixed|154,1378943233,16781056,59699415,58910678,640049,0,640049,0,13584,0,6792,0,0,0,53147,53147,43393648,43393648,4096,4096,0,0,6792,6792,1911013506,1911013506,1911013514,1911013514,0,0,0,0,0,0,0,0,4096,256,131072,4,15|4,0,67108864,262144,256,0,0,0,0,808,0,796,0,202,199,0,1,808,0|268,2652601632,5,0,0,52428800,0,52428800,0,160200,0,0,200,0,0,0,0,0,0,0,5401977,0,0,0,0,0
1785968260147|1029|sustained_300s_r2f_00002_67108864|rotating|154,1378943233,33554687,59792227,59001755,59151144,59001755,59151144,59001755,53433,53233,53230,53230,0,0,6803,0,1642472320,1639208072,4096,4096,0,0,53231,53231,1895637093,1895637074,1895637069,1895637082,0,0,0,0,0,0,0,0,4096,256,131072,4,15|4,0,67108864,262144,256,0,0,0,0,812,0,800,0,203,200,0,1,812,0|268,1951173863,5,52499936,0,0,0,0,0,59043554,0,200,0,2877497902,0,2877497902,0,2080,2857987321,0,31126865,0,0,0,0,0
1785968265148|1029|sustained_300s_r2f_00002_67108864|fixed|156,1378943233,16781056,66332369,65455222,711288,0,711288,0,15096,0,7548,0,0,0,59052,59052,48223728,48223728,4096,4096,0,0,7548,7548,2231266949,2231266949,2231266957,2231266957,0,0,0,0,0,0,0,0,4096,256,131072,4,15|4,0,67108864,262144,256,0,0,0,0,900,0,888,0,225,222,0,1,900,0|270,2972695694,5,0,0,58195968,0,58195968,0,177963,0,0,222,0,0,0,0,0,0,0,5453680,0,0,0,0,0
1785968265148|1029|sustained_300s_r2f_00002_67108864|rotating|156,1378943233,33554687,66429633,65551528,65717401,65551528,65717401,65551528,59363,59141,59138,59138,0,0,7558,0,1824779743,1821156450,4096,4096,0,0,59139,59139,2215800113,2215800126,2215800121,2215800134,0,0,0,0,0,0,0,0,4096,256,131072,4,15|4,0,67108864,262144,256,0,0,0,0,900,0,888,0,225,222,0,1,900,0|270,2271007749,5,58322432,0,0,0,0,0,65586259,0,222,0,3195876164,0,3195876164,0,2080,3174643243,0,33998572,0,0,0,0,0
1785968270156|1029|sustained_300s_r2f_00002_67108864|fixed|158,1378943233,16781056,72974437,72009736,782436,0,782436,0,16606,0,8303,0,0,0,64964,64964,53047384,53047384,4096,4096,0,0,8303,8303,2551549933,2551549933,2551549941,2551549941,0,0,0,0,0,0,0,0,4096,256,131072,4,15|4,0,67108864,262144,256,0,0,0,0,988,0,976,0,247,244,0,1,988,0|272,3292875433,5,0,0,63963136,0,63963136,0,195750,0,0,244,0,0,0,0,0,0,0,5502250,0,0,0,0,0
1785968270156|1029|sustained_300s_r2f_00002_67108864|rotating|158,1378943233,33554687,73053090,72087521,72269805,72087521,72269805,72087521,65281,65038,65034,65034,0,0,8312,0,2006694739,2002712406,4096,4096,0,0,65035,65035,2535294621,2535294634,2535294629,2535294642,0,0,0,0,0,0,0,0,4096,256,131072,4,15|4,0,67108864,262144,256,0,0,0,0,988,0,976,0,247,244,0,1,988,0|272,2590587316,5,64129120,0,0,0,0,0,72123984,0,244,0,3514004059,0,3514004059,0,2080,3491039750,0,36875933,0,0,0,0,0
1785968282924|1031|sustained_300s_r2f_00004_16777216|fixed|164,1378943233,16781056,6137545,6053100,70018,0,70018,0,1486,0,743,0,0,0,5824,5824,4746960,4746960,4096,4096,0,0,743,743,3368616275,3368616275,3368616283,3368616283,0,0,0,0,0,0,0,0,4096,256,131072,4,15|5,0,16777216,262144,64,0,0,0,0,100,0,88,0,25,22,0,1,100,0|286,4110010650,5,0,0,5767168,0,5767168,0,17669,0,0,22,0,0,0,0,0,0,0,5490208,0,0,0,0,0
1785968282924|1031|sustained_300s_r2f_00004_16777216|rotating|164,1378943233,33554687,6225160,6139020,6154106,6139020,6154106,6139020,5931,5908,5908,5908,0,0,754,0,182360564,182003287,4096,4096,0,0,5908,5908,3353320147,3353320464,3353320155,3353320472,0,0,0,0,0,0,0,0,4096,256,131072,4,15|4,0,16777216,262144,64,0,0,0,0,100,0,88,0,25,22,0,1,100,0|286,3408647116,5,5862016,0,0,0,0,0,6175952,0,22,0,324729271,0,324729271,0,2062,318882484,0,8359215,0,0,0,0,0
1785968287930|1031|sustained_300s_r2f_00004_16777216|fixed|166,1378943233,16781056,12366117,12194150,141354,0,141354,0,3000,0,1500,0,0,0,11740,11740,9583400,9583400,4096,4096,0,0,1500,1500,3689420598,3689420598,3689420606,3689420606,0,0,0,0,0,0,0,0,4096,256,131072,4,15|4,0,16777216,262144,64,0,0,0,0,188,0,176,0,47,44,0,1,188,0|288,135479195,6,0,0,11534336,0,11534336,0,35480,0,0,44,0,0,0,0,0,0,0,5533984,0,0,0,0,0
1785968287930|1031|sustained_300s_r2f_00004_16777216|rotating|166,1378943233,33554687,12459235,12286281,12316843,12286281,12316843,12286281,11874,11830,11828,11828,0,0,1511,0,365108015,364391218,4096,4096,0,0,11829,11829,3674139325,3674139338,3674139333,3674139346,0,0,0,0,0,0,0,0,4096,256,131072,4,15|4,0,16777216,262144,64,0,0,0,0,188,0,176,0,47,44,0,1,188,0|288,3730567851,5,11716128,0,0,0,0,0,12344518,0,44,0,645186478,0,645186478,0,2080,637631395,0,11223666,0,0,0,0,0
1785968298166|1032|sustained_300s_r2f_00005_67108864|fixed|170,1378943233,16781056,6148034,6063507,69643,0,69643,0,1478,0,739,0,0,0,5791,5791,4721392,4721392,4096,4096,0,0,739,739,49258082,49258082,49258090,49258090,0,0,0,0,0,0,0,0,4096,256,131072,4,15|4,0,67108864,262144,256,0,0,0,0,96,0,84,0,24,21,0,1,96,0|296,790671418,6,0,0,5505024,0,5505024,0,17551,0,0,21,0,0,0,0,0,0,0,6885771,0,0,0,0,0
1785968298166|1032|sustained_300s_r2f_00005_67108864|rotating|170,1378943233,33554687,6222901,6136852,6152318,6136852,6152318,6136852,5885,5864,5861,5861,0,0,749,0,180929068,180570031,4096,4096,0,0,5862,5862,33189732,33189729,33189740,33189737,0,0,0,0,0,0,0,0,4096,256,131072,4,15|4,0,67108864,262144,256,0,0,0,0,100,0,88,0,25,22,0,1,100,0|296,89272400,6,5830400,0,0,0,0,0,6188904,0,22,0,324036379,0,324036379,0,2080,317148548,0,9770956,0,0,0,0,0
1785968303178|1032|sustained_300s_r2f_00005_67108864|fixed|172,1378943233,16781056,12430299,12257770,140976,0,140976,0,2992,0,1496,0,0,0,11708,11708,9557856,9557856,4096,4096,0,0,1496,1496,369923018,369923018,369923026,369923026,0,0,0,0,0,0,0,0,4096,256,131072,4,15|4,0,67108864,262144,256,0,0,0,0,188,0,176,0,47,44,0,1,188,0|298,1111374609,6,0,0,11534336,0,11534336,0,35385,0,0,44,0,0,0,0,0,0,0,6941738,0,0,0,0,0
1785968303178|1032|sustained_300s_r2f_00005_67108864|rotating|172,1378943233,33558272,12523630,12350073,12381615,12350073,12381615,12350073,11841,11798,11796,11796,0,0,1507,0,364119032,363400576,4096,4096,0,0,11796,11796,354735287,354735644,354735303,354735652,0,0,0,0,0,0,0,0,4096,256,131072,4,15|4,0,67108864,262144,256,0,0,0,0,188,0,176,0,47,44,0,1,188,0|298,410144757,6,11668704,0,0,0,0,0,12388488,0,44,0,643449160,0,643449160,0,2080,634862611,0,12622435,0,0,0,0,0
1785968308186|1032|sustained_300s_r2f_00005_67108864|fixed|174,1378943233,16781056,18716249,18457415,212314,0,212314,0,4506,0,2253,0,0,0,17629,17629,14394312,14394312,4096,4096,0,0,2253,2253,691039943,691039943,691039951,691039951,0,0,0,0,0,0,0,0,4096,256,131072,4,15|4,0,67108864,262144,256,0,0,0,0,276,0,264,0,69,66,0,1,276,0|300,1431897699,6,0,0,17301504,0,17301504,0,53196,0,0,66,0,0,0,0,0,0,0,6987420,0,0,0,0,0
1785968308186|1032|sustained_300s_r2f_00005_67108864|rotating|174,1378943233,33554687,18782385,18522724,18569412,18522724,18569412,18522724,17759,17694,17691,17691,0,0,2260,0,546101968,545025377,4096,4096,0,0,17692,17692,674208708,674208705,674208684,674208713,0,0,0,0,0,0,0,0,4096,256,131072,4,15|4,0,67108864,262144,256,0,0,0,0,276,0,264,0,69,66,0,1,276,0|300,729541117,6,17475392,0,0,0,0,0,18559016,0,66,0,961393848,0,961393848,0,2080,951099251,0,15476456,0,0,0,0,0
1785968313193|1032|sustained_300s_r2f_00005_67108864|fixed|176,1378943233,16781056,25000650,24654605,283556,0,283556,0,6018,0,3009,0,0,0,23548,23548,19224344,19224344,4096,4096,0,0,3009,3009,1011599105,1011599105,1011599113,1011599113,0,0,0,0,0,0,0,0,4096,256,131072,4,15|4,0,67108864,262144,256,0,0,0,0,364,0,352,0,91,88,0,1,364,0|302,1753099697,6,0,0,23068672,0,23068672,0,71054,0,0,88,0,0,0,0,0,0,0,7025991,0,0,0,0,0
1785968313193|1032|sustained_300s_r2f_00005_67108864|rotating|176,1378943233,33554687,25100087,24752900,24815401,24752900,24815401,24752900,23732,23645,23642,23642,0,0,3021,0,729791272,728355520,4096,4096,0,0,23643,23643,996639893,996639890,996639861,996639858,0,0,0,0,0,0,0,0,4096,256,131072,4,15|4,0,67108864,262144,256,0,0,0,0,368,0,356,0,92,89,0,1,368,0|302,1053231655,6,23362432,0,0,0,0,0,24810526,0,89,0,1283612626,0,1283612626,0,2080,1271494760,0,18458371,0,0,0,0,0
1785968318221|1032|sustained_300s_r2f_00005_67108864|fixed|178,1378943233,16781056,31295732,30862783,354986,0,354986,0,7534,0,3767,0,0,0,29478,29478,24067096,24067096,4096,4096,0,0,3767,3767,1333020983,1333020983,1333020991,1333020991,0,0,0,0,0,0,0,0,4096,256,131072,4,15|4,0,67108864,262144,256,0,0,0,0,456,0,444,0,114,111,0,1,456,0|304,2076050073,6,0,0,29097984,0,29097984,0,89005,0,0,111,0,0,0,0,0,0,0,7075065,0,0,0,0,0
1785968318221|1032|sustained_300s_r2f_00005_67108864|rotating|178,1378943233,33558272,31416877,30981746,31060478,30981746,31060478,30981746,29704,29594,29592,29592,0,0,3782,0,913445632,911635064,4096,4096,0,0,29592,29592,1319121336,1319121653,1319121344,1319121661,0,0,0,0,0,0,0,0,4096,256,131072,4,15|4,0,67108864,262144,256,0,0,0,0,456,0,444,0,114,111,0,1,456,0|304,1375354027,6,29216544,0,0,0,0,0,31035034,0,111,0,1604271470,0,1604271470,0,2080,1590456088,0,21312042,0,0,0,0,0
1785968323235|1032|sustained_300s_r2f_00005_67108864|fixed|180,1378943233,16781056,37580355,37061049,426321,0,426321,0,9048,0,4524,0,0,0,35399,35399,28903552,28903552,4096,4096,0,0,4524,4524,1653805348,1653805348,1653805356,1653805356,0,0,0,0,0,0,0,0,4096,256,131072,4,15|4,0,67108864,262144,256,0,0,0,0,544,0,532,0,136,133,0,1,544,0|306,2395091519,6,0,0,34865152,0,34865152,0,106721,0,0,133,0,0,0,0,0,0,0,7108376,0,0,0,0,0
1785968323235|1032|sustained_300s_r2f_00005_67108864|rotating|180,1378943233,33554687,37654209,37134162,37227038,37134162,37227038,37134162,35603,35471,35468,35468,0,0,4533,0,1094841835,1092671854,4096,4096,0,0,35469,35469,1637564285,1637564266,1637564293,1637564274,0,0,0,0,0,0,0,0,4096,256,131072,4,15|4,0,67108864,262144,256,0,0,0,0,544,0,532,0,136,133,0,1,544,0|306,1692899901,6,34991616,0,0,0,0,0,37169286,0,133,0,1920373576,0,1920373576,0,2080,1904852122,0,24157299,0,0,0,0,0
1785968328243|1032|sustained_300s_r2f_00005_67108864|fixed|182,1378943233,16781056,43857787,43253588,497564,0,497564,0,10560,0,5280,0,0,0,41312,41312,33733640,33733640,4096,4096,0,0,5280,5280,1974365588,1974365588,1974365596,1974365596,0,0,0,0,0,0,0,0,4096,256,131072,4,15|4,0,67108864,262144,256,0,0,0,0,632,0,620,0,158,155,0,1,632,0|308,2715570440,6,0,0,40632320,0,40632320,0,124532,0,0,155,0,0,0,0,0,0,0,7162039,0,0,0,0,0
1785968328243|1032|sustained_300s_r2f_00005_67108864|rotating|182,1378943233,33558272,43931620,43326481,43433206,43326481,43433206,43326481,41538,41384,41382,41382,0,0,5289,0,1277380248,1274850208,4096,4096,0,0,41382,41382,1957978169,1957978502,1957978177,1957978510,0,0,0,0,0,0,0,0,4096,256,131072,4,15|4,0,67108864,262144,256,0,0,0,0,632,0,620,0,158,155,0,1,632,0|308,2013885606,6,40829920,0,0,0,0,0,43371249,0,155,0,2239899705,0,2239899705,0,2080,2222678243,0,27010068,0,0,0,0,0
1785968333253|1032|sustained_300s_r2f_00005_67108864|fixed|184,1378943233,16781056,50144813,49454180,568902,0,568902,0,12074,0,6037,0,0,0,47235,47235,38570064,38570064,4096,4096,0,0,6037,6037,2295346786,2295346786,2295346794,2295346794,0,0,0,0,0,0,0,0,4096,256,131072,4,15|4,0,67108864,262144,256,0,0,0,0,720,0,708,0,180,177,0,1,720,0|310,3036419604,6,0,0,46399488,0,46399488,0,142366,0,0,177,0,0,0,0,0,0,0,7209450,0,0,0,0,0
1785968333253|1032|sustained_300s_r2f_00005_67108864|rotating|184,1378943233,33554687,50212301,49521001,49642647,49521001,49642647,49521001,47478,47301,47298,47298,0,0,6045,0,1460016703,1457125866,4096,4096,0,0,47299,47299,2278574838,2278574827,2278574846,2278574835,0,0,0,0,0,0,0,0,4096,256,131072,4,15|4,0,67108864,262144,256,0,0,0,0,720,0,708,0,180,177,0,1,720,0|310,2333919564,6,46652416,0,0,0,0,0,49554652,0,177,0,2558478039,0,2558478039,0,2080,2539561981,0,29854031,0,0,0,0,0
1785968338264|1032|sustained_300s_r2f_00005_67108864|fixed|186,1378943233,16781056,56423953,55645981,640142,0,640142,0,13586,0,6793,0,0,0,53150,53150,43400032,43400032,4096,4096,0,0,6793,6793,2615901915,2615901915,2615901923,2615901923,0,0,0,0,0,0,0,0,4096,256,131072,4,15|4,0,67108864,262144,256,0,0,0,0,808,0,796,0,202,199,0,1,808,0|312,3356921076,6,0,0,52166656,0,52166656,0,160176,0,0,199,0,0,0,0,0,0,0,7250700,0,0,0,0,0
1785968338264|1032|sustained_300s_r2f_00005_67108864|rotating|186,1378943233,33554687,56497100,55717582,55856111,55717582,55856111,55717582,53422,53222,53219,53219,0,0,6802,0,1642761986,1639497621,4096,4096,0,0,53219,53219,2599477600,2599477925,2599477608,2599477933,0,0,0,0,0,0,0,0,4096,256,131072,4,15|4,0,67108864,262144,256,0,0,0,0,812,0,800,0,203,200,0,1,812,0|312,2654859329,6,52484128,0,0,0,0,0,55752100,0,200,0,2877959876,0,2877959876,0,2080,2857213978,0,32830638,0,0,0,0,0
1785968343265|1032|sustained_300s_r2f_00005_67108864|fixed|188,1378943233,16781056,62695708,61829134,711288,0,711288,0,15096,0,7548,0,0,0,59058,59058,48223728,48223728,4096,4096,0,0,7548,7548,2935698660,2935698660,2935698668,2935698668,0,0,0,0,0,0,0,0,4096,256,131072,4,15|4,0,67108864,262144,256,0,0,0,0,900,0,888,0,225,222,0,1,900,0|314,3677204753,6,0,0,58195968,0,58195968,0,177963,0,0,222,0,0,0,0,0,0,0,7288249,0,0,0,0,0
1785968343265|1032|sustained_300s_r2f_00005_67108864|rotating|188,1378943233,33554687,62763122,61895766,62051079,61895766,62051079,61895766,59347,59126,59121,59121,0,0,7556,0,1824960488,1821338035,4096,4096,0,0,59122,59122,2919313758,2919313739,2919313718,2919313747,0,0,0,0,0,0,0,0,4096,256,131072,4,15|4,0,67108864,262144,256,0,0,0,0,900,0,888,0,225,222,0,1,900,0|314,2974623950,6,58306624,0,0,0,0,0,61928674,0,222,0,3196268873,0,3196268873,0,2080,3173828134,0,35674846,0,0,0,0,0
1785968348276|1032|sustained_300s_r2f_00005_67108864|fixed|190,1378943233,16781056,68977591,68024353,782626,0,782626,0,16610,0,8305,0,0,0,64977,64977,53060184,53060184,4096,4096,0,0,8305,8305,3256809912,3256809912,3256809920,3256809920,0,0,0,0,0,0,0,0,4096,256,131072,4,15|4,0,67108864,262144,256,0,0,0,0,988,0,976,0,247,244,0,1,988,0|316,3996785914,6,0,0,63963136,0,63963136,0,195727,0,0,244,0,0,0,0,0,0,0,7323114,0,0,0,0,0
1785968348276|1032|sustained_300s_r2f_00005_67108864|rotating|190,1378943233,33554687,69028763,68074925,68245571,68074925,68245571,68074925,65273,65030,65025,65025,0,0,8311,0,2007198660,2003216399,4096,4096,0,0,65026,65026,3239215008,3239214973,3239215016,3239214981,0,0,0,0,0,0,0,0,4096,256,131072,4,15|4,0,67108864,262144,256,0,0,0,0,988,0,976,0,247,244,0,1,988,0|316,3294652171,6,64121216,0,0,0,0,0,68109873,0,244,0,3514843446,0,3514843446,0,2080,3490703319,0,38521904,0,0,0,0,0
1785968360994|1034|sustained_300s_r2f_00007_16777216|fixed|196,1378943233,16781056,6538434,6452587,70018,0,70018,0,1486,0,743,0,0,0,5820,5820,4746960,4746960,4096,4096,0,0,743,743,4070792234,4070792234,4070792242,4070792242,0,0,0,0,0,0,0,0,4096,256,131072,4,15|5,0,16777216,262144,64,0,0,0,0,100,0,88,0,25,22,0,1,100,0|330,517141442,7,0,0,5767168,0,5767168,0,17669,0,0,22,0,0,0,0,0,0,0,5029440,0,0,0,0,0
1785968360994|1034|sustained_300s_r2f_00007_16777216|rotating|196,1378943233,33558272,6653006,6565223,6581763,6565223,6581763,6565223,5946,5922,5922,5922,0,0,756,0,182729232,182370192,4096,4096,0,0,5922,5922,4056248750,4056249083,4056248758,4056249091,0,0,0,0,0,0,0,0,4096,256,131072,4,15|4,0,16777216,262144,64,0,0,0,0,100,0,88,0,25,22,0,1,100,0|330,4112680688,6,5893632,0,0,0,0,0,6627521,0,22,0,326199019,0,326199019,0,2080,320738415,0,7885436,0,0,0,0,0
1785968366008|1034|sustained_300s_r2f_00007_16777216|fixed|198,1378943233,16780339,13183463,13009257,141354,0,141354,0,3000,0,1500,0,0,0,11736,11736,9583359,9583359,4096,4096,0,0,1500,1500,96632460,96632460,96632468,96632468,0,0,0,0,0,0,0,0,4096,256,131072,4,15|4,0,16777216,262144,64,0,0,0,0,188,0,176,0,47,44,0,1,188,0|332,837773565,7,0,0,11534336,0,11534336,0,35480,0,0,44,0,0,0,0,0,0,0,5079174,0,0,0,0,0
1785968366008|1034|sustained_300s_r2f_00007_16777216|rotating|198,1378943233,33554687,13262979,13087985,13120870,13087985,13120870,13087985,11853,11807,11806,11806,0,0,1508,0,364308646,363590320,4096,4096,0,0,11807,11807,80186452,80186465,80186460,80186441,0,0,0,0,0,0,0,0,4096,256,131072,4,15|4,0,16777216,262144,64,0,0,0,0,188,0,176,0,47,44,0,1,188,0|332,136018755,7,11684512,0,0,0,0,0,13137675,0,44,0,643056662,0,643056662,0,2080,635870412,0,10753661,0,0,0,0,0
1785968376185|1035|sustained_300s_r2f_00008_16777216|fixed|202,1378943233,16781056,6175974,6090794,69924,0,69924,0,1484,0,742,0,0,0,5817,5817,4740560,4740560,4096,4096,0,0,742,742,747859089,747859089,747859097,747859097,0,0,0,0,0,0,0,0,4096,256,131072,4,15|4,0,16777216,262144,64,0,0,0,0,100,0,88,0,25,22,0,1,100,0|340,1489858618,7,0,0,5767168,0,5767168,0,17669,0,0,22,0,0,0,0,0,0,0,5116031,0,0,0,0,0
1785968376185|1035|sustained_300s_r2f_00008_16777216|rotating|202,1378943233,33554687,6257161,6170288,6186200,6170288,6186200,6170288,5917,5894,5893,5893,0,0,753,0,181927506,181567741,4096,4096,0,0,5894,5894,732234335,732234332,732234343,732234340,0,0,0,0,0,0,0,0,4096,256,131072,4,15|4,0,16777216,262144,64,0,0,0,0,100,0,88,0,25,22,0,1,100,0|340,787596156,7,5846208,0,0,0,0,0,6208468,0,22,0,323711028,0,323711028,0,2080,318156690,0,7993263,0,0,0,0,0
1785968381186|1035|sustained_300s_r2f_00008_16777216|fixed|204,1378943233,16781056,12438990,12266739,141071,0,141071,0,2994,0,1497,0,0,0,11718,11718,9564232,9564232,4096,4096,0,0,1497,1497,1067799223,1067799223,1067799231,1067799231,0,0,0,0,0,0,0,0,4096,256,131072,4,15|4,0,16777216,262144,64,0,0,0,0,188,0,176,0,47,44,0,1,188,0|342,1809839943,7,0,0,11534336,0,11534336,0,35456,0,0,44,0,0,0,0,0,0,0,5156335,0,0,0,0,0
1785968381186|1035|sustained_300s_r2f_00008_16777216|rotating|204,1378943233,33558272,12532436,12359085,12390327,12359085,12390327,12359085,11851,11806,11806,11806,0,0,1508,0,364431920,363713688,4096,4096,0,0,11806,11806,1052594473,1052594806,1052594481,1052594814,0,0,0,0,0,0,0,0,4096,256,131072,4,15|4,0,16777216,262144,64,0,0,0,0,188,0,176,0,47,44,0,1,188,0|342,1108700647,7,11692416,0,0,0,0,0,12411415,0,44,0,643353967,0,643353967,0,2080,636095717,0,10851633,0,0,0,0,0
1785968395949|1037|sustained_300s_r2f_00010_16777216|fixed|210,1378943233,16781056,6155955,6070432,69737,0,69737,0,1480,0,740,0,0,0,5799,5799,4727776,4727776,4096,4096,0,0,740,740,2012802214,2012802214,2012802222,2012802222,0,0,0,0,0,0,0,0,4096,256,131072,4,15|4,0,16777216,262144,64,0,0,0,0,96,0,84,0,24,21,0,1,96,0|356,2754231950,7,0,0,5505024,0,5505024,0,17575,0,0,21,0,0,0,0,0,0,0,6889874,0,0,0,0,0
1785968395949|1037|sustained_300s_r2f_00010_16777216|rotating|210,1378943233,33558272,6230367,6143180,6159690,6143180,6159690,6143180,5892,5869,5869,5869,0,0,750,0,181164592,180806376,4096,4096,0,0,5869,5869,1996701245,1996701554,1996701253,1996701570,0,0,0,0,0,0,0,0,4096,256,131072,4,15|4,0,16777216,262144,64,0,0,0,0,100,0,88,0,25,22,0,1,100,0|356,2052716648,7,5838304,0,0,0,0,0,6194931,0,22,0,324366938,0,324366938,0,2080,317476627,0,9775144,0,0,0,0,0
1785968400959|1037|sustained_300s_r2f_00010_16777216|fixed|212,1378943233,16781056,12433805,12260425,141071,0,141071,0,2994,0,1497,0,0,0,11712,11712,9564232,9564232,4096,4096,0,0,1497,1497,2333588224,2333588224,2333588232,2333588232,0,0,0,0,0,0,0,0,4096,256,131072,4,15|4,0,16777216,262144,64,0,0,0,0,188,0,176,0,47,44,0,1,188,0|358,3075206988,7,0,0,11534336,0,11534336,0,35432,0,0,44,0,0,0,0,0,0,0,6938782,0,0,0,0,0
1785968400959|1037|sustained_300s_r2f_00010_16777216|rotating|212,1378943233,33554687,12525643,12351205,12383628,12351205,12383628,12351205,11844,11799,11798,11798,0,0,1507,0,364204456,363485176,4096,4096,0,0,11799,11799,2318001765,2318001762,2318001741,2318001714,0,0,0,0,0,0,0,0,4096,256,131072,4,15|4,0,16777216,262144,64,0,0,0,0,188,0,176,0,47,44,0,1,188,0|358,2373498827,7,11668704,0,0,0,0,0,12392728,0,44,0,643691517,0,643691517,0,2080,635105396,0,12622018,0,0,0,0,0
1785968411133|1038|sustained_300s_r2f_00011_16777216|fixed|216,1378943233,16781056,6548012,6462121,70112,0,70112,0,1488,0,744,0,0,0,5827,5827,4753352,4753352,4096,4096,0,0,744,744,2984723412,2984723412,2984723420,2984723420,0,0,0,0,0,0,0,0,4096,256,131072,4,15|4,0,16777216,262144,64,0,0,0,0,100,0,88,0,25,22,0,1,100,0|366,3726594613,7,0,0,5767168,0,5767168,0,17716,0,0,22,0,0,0,0,0,0,0,5040535,0,0,0,0,0
1785968411133|1038|sustained_300s_r2f_00011_16777216|rotating|216,1378943233,33554687,6641522,6553882,6570374,6553882,6570374,6553882,11845,11822,5910,5910,0,0,755,0,182459571,182100110,4096,4096,0,0,5911,5911,2969134403,2969134384,2969134411,2969134392,0,0,0,0,0,0,0,0,4096,256,131072,4,15|4,0,16777216,262144,64,0,0,0,0,100,0,88,0,25,22,0,1,100,0|366,3024420637,7,5862016,0,0,0,0,0,6592864,0,22,0,324463765,0,324463765,0,2080,318975275,0,7906576,0,0,0,0,0
1785968416138|1038|sustained_300s_r2f_00011_16777216|fixed|218,1378943233,16781056,13189871,13015579,141259,0,141259,0,2998,0,1499,0,0,0,11735,11735,9577000,9577000,4096,4096,0,0,1499,1499,3304676891,3304676891,3304676899,3304676899,0,0,0,0,0,0,0,0,4096,256,131072,4,15|4,0,16777216,262144,64,0,0,0,0,188,0,176,0,47,44,0,1,188,0|368,4045998321,7,0,0,11534336,0,11534336,0,35456,0,0,44,0,0,0,0,0,0,0,5077722,0,0,0,0,0
1785968416138|1038|sustained_300s_r2f_00011_16777216|rotating|218,1378943233,33554687,13267986,13092835,13125877,13092835,13125877,13092835,23657,23612,11805,11805,0,0,1508,0,364451592,363732912,4096,4096,0,0,11806,11806,3288587651,3288587632,3288587627,3288587640,0,0,0,0,0,0,0,0,4096,256,131072,4,15|4,0,16777216,262144,64,0,0,0,0,188,0,176,0,47,44,0,1,188,0|368,3343889130,7,11676608,0,0,0,0,0,13132199,0,44,0,642478610,0,642478610,0,2080,635266057,0,10778309,0,0,0,0,0
1785968430816|1040|sustained_300s_r2f_00013_16777216|fixed|224,1378943233,16781056,6177381,6092124,70018,0,70018,0,1486,0,743,0,0,0,5819,5819,4746960,4746960,4096,4096,0,0,743,743,4244648480,4244648480,4244648488,4244648488,0,0,0,0,0,0,0,0,4096,256,131072,4,15|5,0,16777216,262144,64,0,0,0,0,100,0,88,0,25,22,0,1,100,0|382,690833255,8,0,0,5767168,0,5767168,0,17645,0,0,22,0,0,0,0,0,0,0,5107017,0,0,0,0,0
1785968430816|1040|sustained_300s_r2f_00013_16777216|rotating|224,1378943233,33558272,6243602,6156937,6172831,6156937,6172831,6156937,5905,5882,5882,5882,0,0,751,0,181567936,181208456,4096,4096,0,0,5882,5882,4227958508,4227958809,4227958516,4227958825,0,0,0,0,0,0,0,0,4096,256,131072,4,15|4,0,16777216,262144,64,0,0,0,0,100,0,88,0,25,22,0,1,100,0|382,4283255448,7,5838304,0,0,0,0,0,6193682,0,22,0,323017048,0,323017048,0,2080,317456547,0,7997797,0,0,0,0,0
1785968435823|1040|sustained_300s_r2f_00013_16777216|fixed|226,1378943233,16781056,12453414,12280938,141259,0,141259,0,2998,0,1499,0,0,0,11731,11731,9577000,9577000,4096,4096,0,0,1499,1499,270048647,270048647,270048655,270048655,0,0,0,0,0,0,0,0,4096,256,131072,4,15|4,0,16777216,262144,64,0,0,0,0,188,0,176,0,47,44,0,1,188,0|384,1011129686,8,0,0,11534336,0,11534336,0,35456,0,0,44,0,0,0,0,0,0,0,5145177,0,0,0,0,0
1785968435823|1040|sustained_300s_r2f_00013_16777216|rotating|226,1378943233,33558272,12524975,12351724,12382960,12351724,12382960,12351724,11844,11801,11799,11799,0,0,1507,0,364215848,363497624,4096,4096,0,0,11799,11799,253609193,253609526,253609201,253609534,0,0,0,0,0,0,0,0,4096,256,131072,4,15|4,0,16777216,262144,64,0,0,0,0,188,0,176,0,47,44,0,1,188,0|384,308909463,8,11668704,0,0,0,0,0,12388204,0,44,0,642180759,0,642180759,0,2080,634914588,0,10854531,0,0,0,0,0
1785968446073|1041|sustained_300s_r2f_00014_16777216|fixed|230,1378943233,16781056,6126629,6041992,70018,0,70018,0,1486,0,743,0,0,0,5821,5821,4746960,4746960,4096,4096,0,0,743,743,926182799,926182799,926182807,926182807,0,0,0,0,0,0,0,0,4096,256,131072,4,15|4,0,16777216,262144,64,0,0,0,0,100,0,88,0,25,22,0,1,100,0|392,1667162059,8,0,0,5767168,0,5767168,0,17645,0,0,22,0,0,0,0,0,0,0,5531123,0,0,0,0,0
1785968446073|1041|sustained_300s_r2f_00014_16777216|rotating|230,1378943233,33554687,6217277,6130913,6146223,6130913,6146223,6130913,5931,5908,5907,5907,0,0,754,0,182334576,181977384,4096,4096,0,0,5908,5908,910857395,910857424,910857411,910857392,0,0,0,0,0,0,0,0,4096,256,131072,4,15|4,0,16777216,262144,64,0,0,0,0,100,0,88,0,25,22,0,1,100,0|392,968387173,8,5901536,0,0,0,0,0,6210738,0,22,0,326873247,0,326873247,0,2080,321052318,0,8341864,0,0,0,0,0
1785968451086|1041|sustained_300s_r2f_00014_16777216|fixed|232,1378943233,16781056,12352201,12180176,141259,0,141259,0,2998,0,1499,0,0,0,11734,11734,9577000,9577000,4096,4096,0,0,1499,1499,1246547198,1246547198,1246547206,1246547206,0,0,0,0,0,0,0,0,4096,256,131072,4,15|4,0,16777216,262144,64,0,0,0,0,188,0,176,0,47,44,0,1,188,0|394,1989299705,8,0,0,11534336,0,11534336,0,35550,0,0,44,0,0,0,0,0,0,0,5571066,0,0,0,0,0
1785968451086|1041|sustained_300s_r2f_00014_16777216|rotating|232,1378943233,33554687,12459583,12286390,12317098,12286390,12317098,12286390,11882,11838,11836,11836,0,0,1512,0,365367608,364650903,4096,4096,0,0,11837,11837,1232144940,1232144921,1232144924,1232144929,0,0,0,0,0,0,0,0,4096,256,131072,4,15|4,0,16777216,262144,64,0,0,0,0,188,0,176,0,47,44,0,1,188,0|394,1287484335,8,11708224,0,0,0,0,0,12323369,0,44,0,644518737,0,644518737,0,2080,636989263,0,11196382,0,0,0,0,0
