captured_ms|sequence|label|role|admission_snapshot_words_csv|ps_runtime_words_csv|pl_perf_snapshot_words_csv
1786347424180|1001|simultaneous_64m_1|fixed|2,1378943233,16781056,6324129,6316247,6324129,6316247,6324129,6316247,11405,11374,5697,5687,0,0,0,0,184347520,184184576,4096,4096,0,0,5697,5697,363541081,363541438,363541089,363541446,0,0,0,0,0,0,0,0,4096,256,131072,4,15|4,0,67108864,262144,256,0,0,0,0,96,0,80,0,13,10,0,1,96,0|4,1079704386,0,2834848,0,2621440,0,2621440,0,3182477,0,10,10,310241700,0,310241700,0,2080,320094687,0,7091829,0,0,0,0,0
1786347424180|1001|simultaneous_64m_1|rotating|2,1378943233,33558272,6394072,6386188,0,0,0,0,0,0,0,0,0,0,5760,5750,0,0,0,0,0,0,0,0,0,0,0,0,0,0,0,0,0,0,0,0,4096,256,131072,4,15|4,0,67108864,262144,256,0,0,0,0,96,0,80,0,13,10,0,1,96,0|4,397200377,0,2863500,0,2621440,0,2621440,0,3214064,0,10,10,313488706,0,313488706,0,2080,323020860,0,7082221,0,0,0,0,0
1786347429181|1001|simultaneous_64m_1|fixed|4,1378943233,16780339,12610463,12593788,12610463,12593788,12610463,12593788,22756,22692,11366,11345,0,0,0,0,367783715,367440718,4096,4096,0,0,11367,11367,683443870,683443859,683443878,683443867,0,0,0,0,0,0,0,0,4096,256,131072,4,15|4,0,67108864,262144,256,0,0,0,0,184,0,168,0,24,21,0,1,184,0|6,1399842178,0,5630500,0,5505024,0,5505024,0,6325901,0,21,21,616060609,0,616060609,0,2080,636670326,0,7123288,0,0,0,0,0
1786347429181|1001|simultaneous_64m_1|rotating|4,1378943233,33555404,12686400,12669652,0,0,0,0,0,0,0,0,0,0,11435,11414,0,0,0,0,0,0,0,0,0,0,0,0,0,0,0,0,0,0,0,0,4096,256,131072,4,15|4,0,67108864,262144,256,0,0,0,0,184,0,168,0,24,21,0,1,184,0|6,717227545,0,5658164,0,5505024,0,5505024,0,6355806,0,21,21,619203817,0,619203817,0,2080,639134106,0,7110785,0,0,0,0,0
1786347434187|1001|simultaneous_64m_1|fixed|6,1378943233,16780339,18915894,18889808,18915894,18889808,18915894,18889808,34135,34038,17050,17018,0,0,0,0,551677179,551153918,4096,4096,0,0,17051,17051,1004127128,1004127085,1004127136,1004127101,0,0,0,0,0,0,0,0,4096,256,131072,4,15|4,0,67108864,262144,256,0,0,0,0,272,0,256,0,35,32,0,1,272,0|8,1720393517,0,8430104,0,8388608,0,8388608,0,9475062,0,32,32,922294705,0,922294705,0,2080,953658563,0,7155621,0,0,0,0,0
1786347434187|1001|simultaneous_64m_1|rotating|6,1378943233,33555404,18982464,18956402,0,0,0,0,0,0,0,0,0,0,17110,17078,0,0,0,0,0,0,0,0,0,0,0,0,0,0,0,0,0,0,0,0,4096,256,131072,4,15|4,0,67108864,262144,256,0,0,0,0,272,0,256,0,35,32,0,1,272,0|8,1037530974,0,8455300,0,8388608,0,8388608,0,9501746,0,32,32,925190708,0,925190708,0,2080,955523330,0,7143220,0,0,0,0,0
1786347439201|1001|simultaneous_64m_1|fixed|8,1378943233,16781056,25228180,25193256,25228180,25193256,25228180,25193256,45521,45394,22739,22697,0,0,0,0,735749616,735063448,4096,4096,0,0,22739,22739,1324728353,1324728670,1324728361,1324728678,0,0,0,0,0,0,0,0,4096,256,131072,4,15|4,0,67108864,262144,256,0,0,0,0,352,0,336,0,45,42,0,1,352,0|10,2041099915,0,11234324,0,11010048,0,11010048,0,12629739,0,42,42,1229924534,0,1229924534,0,2080,1271130007,0,7180843,0,0,0,0,0
1786347439201|1001|simultaneous_64m_1|rotating|8,1378943233,33555404,25303408,25268445,0,0,0,0,0,0,0,0,0,0,22806,22764,0,0,0,0,0,0,0,0,0,0,0,0,0,0,0,0,0,0,0,0,4096,256,131072,4,15|4,0,67108864,262144,256,0,0,0,0,352,0,336,0,45,42,0,1,352,0|10,1358621352,0,11262976,0,11010048,0,11010048,0,12659673,0,42,42,1233204213,0,1233204213,0,2080,1273059365,0,7168301,0,0,0,0,0
1786347444202|1001|simultaneous_64m_1|fixed|10,1378943233,16780578,31518254,31473130,31518254,31473130,31518254,31473130,56878,56718,28412,28359,0,0,0,0,919292832,918426883,4096,4096,0,0,28412,28412,1644801909,1644802242,1644801917,1644802250,0,0,0,0,0,0,0,0,4096,256,131072,4,15|4,0,67108864,262144,256,0,0,0,0,440,0,424,0,56,53,0,1,440,0|12,2361172063,0,14029484,0,13893632,0,13893632,0,15772183,0,53,53,1535685009,0,1535685009,0,2080,1587644712,0,7207547,0,0,0,0,0
1786347444202|1001|simultaneous_64m_1|rotating|10,1378943233,33555404,31593721,31548604,0,0,0,0,0,0,0,0,0,0,28480,28427,0,0,0,0,0,0,0,0,0,0,0,0,0,0,0,0,0,0,0,0,4096,256,131072,4,15|4,0,67108864,262144,256,0,0,0,0,440,0,424,0,56,53,0,1,440,0|12,1678749759,0,14058628,0,13893632,0,13893632,0,15801775,0,53,53,1539021628,0,1539021628,0,2080,1589277542,0,7195605,0,0,0,0,0
1786347449208|1001|simultaneous_64m_1|fixed|12,1378943233,16781056,37817842,37762427,37817842,37762427,37817842,37762427,68253,68060,34094,34030,0,0,0,0,1103128424,1102083744,4096,4096,0,0,34094,34094,1965377636,1965377953,1965377644,1965377961,0,0,0,0,0,0,0,0,4096,256,131072,4,15|4,0,67108864,262144,256,0,0,0,0,528,0,512,0,67,64,0,1,528,0|14,2681797870,0,16829580,0,16777216,0,16777216,0,18920108,0,64,64,1841997246,0,1841997246,0,2080,1904712971,0,7234371,0,0,0,0,0
1786347449208|1001|simultaneous_64m_1|rotating|12,1378943233,33555404,37886810,37831426,0,0,0,0,0,0,0,0,0,0,34156,34092,0,0,0,0,0,0,0,0,0,0,0,0,0,0,0,0,0,0,0,0,4096,256,131072,4,15|4,0,67108864,262144,256,0,0,0,0,528,0,512,0,67,64,0,1,528,0|14,1998934585,0,16854776,0,16777216,0,16777216,0,18944724,0,64,64,1844895790,0,1844895790,0,2080,1905552033,0,7222422,0,0,0,0,0
1786347454219|1001|simultaneous_64m_1|fixed|14,1378943233,16781056,44126750,44063537,44126750,44063537,44126750,44063537,79639,79416,39782,39708,0,0,0,0,1287184304,1285975272,4096,4096,0,0,39782,39782,2285960242,2285960591,2285960250,2285960599,0,0,0,0,0,0,0,0,4096,256,131072,4,15|4,0,67108864,262144,256,0,0,0,0,608,0,592,0,77,74,0,1,608,0|16,3001712459,0,19626884,0,19398656,0,19398656,0,22065893,0,74,74,2148840792,0,2148840792,0,2080,2221393488,0,7258706,0,0,0,0,0
1786347454219|1001|simultaneous_64m_1|rotating|14,1378943233,33555404,44184391,44121207,0,0,0,0,0,0,0,0,0,0,39833,39759,0,0,0,0,0,0,0,0,0,0,0,0,0,0,0,0,0,0,0,0,4096,256,131072,4,15|4,0,67108864,262144,256,0,0,0,0,608,0,592,0,77,74,0,1,608,0|16,2320462811,0,19660800,0,19398656,0,19398656,0,22105842,0,75,74,2152682012,0,2152682012,0,2080,2223525430,0,7250937,0,0,0,0,0
1786347459222|1001|simultaneous_64m_1|fixed|16,1378943233,16780339,50425997,50353773,50425997,50353773,50425997,50353773,91008,90752,45460,45375,0,0,0,0,1470900856,1469511304,4096,4096,0,0,45461,45461,2606348842,2606348855,2606348850,2606348831,0,0,0,0,0,0,0,0,4096,256,131072,4,15|4,0,67108864,262144,256,0,0,0,0,696,0,680,0,88,85,0,1,696,0|18,3322749178,0,22430440,0,22282240,0,22282240,0,25219789,0,85,85,2455559767,0,2455559767,0,2080,2538868101,0,7290088,0,0,0,0,0
1786347459222|1001|simultaneous_64m_1|rotating|16,1378943233,33555404,50507233,50435009,0,0,0,0,0,0,0,0,0,0,45533,45448,0,0,0,0,0,0,0,0,0,0,0,0,0,0,0,0,0,0,0,0,4096,256,131072,4,15|4,0,67108864,262144,256,0,0,0,0,696,0,680,0,88,85,0,1,696,0|18,2640927543,0,22465020,0,22282240,0,22282240,0,25253527,0,85,85,2459491073,0,2459491073,0,2080,2540075948,0,7282867,0,0,0,0,0
1786347464225|1001|simultaneous_64m_1|fixed|18,1378943233,16780339,56721235,56639270,56721235,56639270,56721235,56639270,102369,102080,51135,51039,0,0,0,0,1654511867,1652941230,4096,4096,0,0,51136,51136,2926535658,2926535631,2926535666,2926535647,0,0,0,0,0,0,0,0,4096,256,131072,4,15|4,0,67108864,262144,256,0,0,0,0,784,0,768,0,99,96,0,1,784,0|20,3643051150,0,25227576,0,25165824,0,25165824,0,28366160,0,96,96,2761544515,0,2761544515,0,2080,2855612059,0,7317361,0,0,0,0,0
1786347464225|1001|simultaneous_64m_1|rotating|18,1378943233,33558272,56790943,56708900,0,0,0,0,0,0,0,0,0,0,51198,51102,0,0,0,0,0,0,0,0,0,0,0,0,0,0,0,0,0,0,0,0,4096,256,131072,4,15|4,0,67108864,262144,256,0,0,0,0,784,0,768,0,99,96,0,1,784,0|20,2960109971,0,25252276,0,25165824,0,25165824,0,28387949,0,96,96,2764369700,0,2764369700,0,2080,2855348747,0,7305033,0,0,0,0,0
1786347469236|1001|simultaneous_64m_1|fixed|20,1378943233,16780339,63038687,62946589,63038687,62946589,63038687,62946589,113760,113441,56826,56720,0,0,0,0,1838656304,1836922344,4096,4096,0,0,56827,56827,3247266864,3247266837,3247266848,3247266845,0,0,0,0,0,0,0,0,4096,256,131072,4,15|4,0,67108864,262144,256,0,0,0,0,864,0,848,0,109,106,0,1,864,0|22,3963709516,0,28031300,0,27787264,0,27787264,0,31521738,0,106,106,3069143805,0,3069143805,0,2080,3173042828,0,7335199,0,0,0,0,0
1786347469236|1001|simultaneous_64m_1|rotating|20,1378943233,33555404,63108077,63016021,0,0,0,0,0,0,0,0,0,0,56888,56782,0,0,0,0,0,0,0,0,0,0,0,0,0,0,0,0,0,0,0,0,4096,256,131072,4,15|4,0,67108864,262144,256,0,0,0,0,864,0,848,0,109,106,0,1,864,0|22,3280825667,0,28049408,0,28049408,0,28049408,0,31542990,0,107,107,3071155881,0,3071155881,0,2080,3172519002,0,7331283,0,0,0,0,0
1786347474242|1001|simultaneous_64m_1|fixed|22,1378943233,16780339,69330690,69229493,69330690,69229493,69330690,69229493,125120,124768,62500,62383,0,0,0,0,2022259056,2020345806,4096,4096,0,0,62501,62501,3567440923,3567440896,3567440899,3567440904,0,0,0,0,0,0,0,0,4096,256,131072,4,15|4,0,67108864,262144,256,0,0,0,0,952,0,936,0,120,117,0,1,952,0|24,4283781524,0,30826460,0,30670848,0,30670848,0,34664263,0,117,117,3374888312,0,3374888312,0,2080,3489548162,0,7371180,0,0,0,0,0
1786347474242|1001|simultaneous_64m_1|rotating|22,1378943233,33555404,69422843,69321546,0,0,0,0,0,0,0,0,0,0,62583,62466,0,0,0,0,0,0,0,0,0,0,0,0,0,0,0,0,0,0,0,0,4096,256,131072,4,15|4,0,67108864,262144,256,0,0,0,0,952,0,936,0,120,117,0,1,952,0|24,3602146522,0,30863016,0,30670848,0,30670848,0,34697511,0,117,117,3379014334,0,3379014334,0,2080,3489921939,0,7359675,0,0,0,0,0
1786347479251|1001|simultaneous_64m_1|fixed|24,1378943233,16780339,75630991,75519728,75630991,75519728,75630991,75519728,136497,136112,68183,68055,0,0,0,0,2206112229,2204018776,4096,4096,0,0,68184,68184,3888065689,3888065686,3888065697,3888065694,0,0,0,0,0,0,0,0,4096,256,131072,4,15|4,0,67108864,262144,256,0,0,0,0,1040,0,1024,0,131,128,0,1,1040,0|26,309642222,1,33628532,0,33554432,0,33554432,0,37814040,0,128,128,3681376468,0,3681376468,0,2080,3806804961,0,7411678,0,0,0,0,0
1786347479251|1001|simultaneous_64m_1|rotating|24,1378943233,33555404,75707266,75595947,0,0,0,0,0,0,0,0,0,0,68252,68124,0,0,0,0,0,0,0,0,0,0,0,0,0,0,0,0,0,0,0,0,4096,256,131072,4,15|4,0,67108864,262144,256,0,0,0,0,1040,0,1024,0,131,128,0,1,1040,0|26,3921976341,0,33655704,0,33554432,0,33554432,0,37836598,0,128,128,3684533051,0,3684533051,0,2080,3805827993,0,7387823,0,0,0,0,0
1786347484257|1001|simultaneous_64m_1|fixed|26,1378943233,16780339,81937296,81817722,81937296,81817722,81937296,81817722,147877,147462,73868,73730,0,0,0,0,2390069130,2387813229,4096,4096,0,0,73869,73869,4208491119,4208491108,4208491127,4208491116,0,0,0,0,0,0,0,0,4096,256,131072,4,15|4,0,67108864,262144,256,0,0,0,0,1120,0,1104,0,141,138,0,1,1120,0|28,629981942,1,36429296,0,36175872,0,36175872,0,40964164,0,138,138,3988616423,0,3988616423,0,2080,4123898702,0,7447949,0,0,0,0,0
1786347484257|1001|simultaneous_64m_1|rotating|26,1378943233,33555404,82013358,81893754,0,0,0,0,0,0,0,0,0,0,73936,73798,0,0,0,0,0,0,0,0,0,0,0,0,0,0,0,0,0,0,0,0,4096,256,131072,4,15|5,0,67108864,262144,256,0,0,0,0,1128,0,1112,0,142,139,0,1,1128,0|28,4242471722,0,36454812,0,36438016,0,36438016,0,40983674,0,139,139,3990717523,0,3990717523,0,2080,4122399830,0,7414124,0,0,0,0,0
1786347489271|1001|simultaneous_64m_1|fixed|28,1378943233,16780339,88247884,88119454,88247884,88119454,88247884,88119454,159268,158820,79558,79409,0,0,0,0,2574161598,2571725896,4096,4096,0,0,79559,79559,234556223,234556244,234556231,234556204,0,0,0,0,0,0,0,0,4096,256,131072,4,15|4,0,67108864,262144,256,0,0,0,0,1208,0,1192,0,152,149,0,1,1208,0|30,949849137,1,39222476,0,39059456,0,39059456,0,44105735,0,149,149,4294147897,0,4294147897,0,2080,145228093,1,7487724,0,0,0,0,0
1786347489271|1001|simultaneous_64m_1|rotating|28,1378943233,33555404,88300103,88171653,0,0,0,0,0,0,0,0,0,0,79605,79456,0,0,0,0,0,0,0,0,0,0,0,0,0,0,0,0,0,0,0,0,4096,256,131072,4,15|4,0,67108864,262144,256,0,0,0,0,1208,0,1192,0,152,149,0,1,1208,0|30,267123181,1,39249152,0,39059456,0,39059456,0,44126124,0,149,149,2293876,1,2293876,1,2080,143485126,1,7440858,0,0,0,0,0
1786347494286|1001|simultaneous_64m_1|fixed|30,1378943233,16780339,94547253,94408748,94547253,94408748,94547253,94408748,170651,170170,85245,85085,0,0,0,0,2758147696,2755533355,4096,4096,0,0,85245,85245,555387060,555387393,555387068,555387401,0,0,0,0,0,0,0,0,4096,256,131072,4,15|4,0,67108864,262144,256,0,0,0,0,1296,0,1280,0,163,160,0,1,1296,0|32,1271791294,1,42033936,0,41943040,0,41943040,0,47263902,0,160,160,306797686,1,306797686,1,2080,463605443,1,7521800,0,0,0,0,0
1786347494286|1001|simultaneous_64m_1|rotating|30,1378943233,33555404,94624216,94485606,0,0,0,0,0,0,0,0,0,0,85314,85154,0,0,0,0,0,0,0,0,0,0,0,0,0,0,0,0,0,0,0,0,4096,256,131072,4,15|4,0,67108864,262144,256,0,0,0,0,1296,0,1280,0,163,160,0,1,1296,0|32,589339596,1,42063432,0,41943040,0,41943040,0,47286384,0,160,160,310192101,1,310192101,1,2080,461786810,1,7470686,0,0,0,0,0
1786347499298|1001|simultaneous_64m_1|fixed|32,1378943233,16780339,100865697,100718756,100865697,100718756,100865697,100718756,182051,181540,90939,90769,0,0,0,0,2942418051,2939641446,4096,4096,0,0,90940,90940,876363128,876363125,876363136,876363133,0,0,0,0,0,0,0,0,4096,256,131072,4,15|4,0,67108864,262144,256,0,0,0,0,1376,0,1360,0,174,171,0,1,1384,0|34,1592589449,1,44835516,0,44826624,0,44826624,0,50415261,0,171,171,613256228,1,613256228,1,2080,780830068,1,7564650,0,0,0,0,0
1786347499298|1001|simultaneous_64m_1|rotating|32,1378943233,33555404,100930589,100782769,0,0,0,0,0,0,0,0,0,0,90998,90827,0,0,0,0,0,0,0,0,0,0,0,0,0,0,0,0,0,0,0,0,4096,256,131072,4,15|4,0,67108864,262144,256,0,0,0,0,1384,0,1368,0,174,171,0,1,1384,0|34,909941068,1,44863180,0,44826624,0,44826624,0,50435038,0,171,171,616476644,1,616476644,1,2080,778462886,1,7502828,0,0,0,0,0
1786347504311|1001|simultaneous_64m_1|fixed|34,1378943233,16781056,107168809,107012559,107168809,107012559,107168809,107012559,193428,192884,96623,96442,0,0,0,0,3126299344,3123343024,4096,4096,0,0,96623,96623,1197018920,1197019245,1197018928,1197019253,0,0,0,0,0,0,0,0,4096,256,131072,4,15|4,0,67108864,262144,256,0,0,0,0,1464,0,1448,0,184,181,0,1,1464,0|36,1913417343,1,47640724,0,47448064,0,47448064,0,53570143,0,181,181,920987273,1,920987273,1,2080,1098412625,1,7600216,0,0,0,0,0
1786347504311|1001|simultaneous_64m_1|rotating|34,1378943233,33555404,107245357,107089045,0,0,0,0,0,0,0,0,0,0,96691,96510,0,0,0,0,0,0,0,0,0,0,0,0,0,0,0,0,0,0,0,0,4096,256,131072,4,15|4,0,67108864,262144,256,0,0,0,0,1464,0,1448,0,184,181,0,1,1464,0|36,1231454558,1,47674316,0,47448064,0,47448064,0,53595914,0,181,181,924910923,1,924910923,1,2080,1096410915,1,7529405,0,0,0,0,0
1786347509312|1001|simultaneous_64m_1|fixed|36,1378943233,16780339,113455824,113288370,113455824,113288370,113455824,113288370,204784,204207,102295,102103,0,0,0,0,3309812529,3306676500,4096,4096,0,0,102296,102296,1517069545,1517069526,1517069553,1517069542,0,0,0,0,0,0,0,0,4096,256,131072,4,15|4,0,67108864,262144,256,0,0,0,0,1552,0,1536,0,195,192,0,1,1552,0|38,2234021558,1,50440824,0,50331648,0,50331648,0,56716590,0,192,192,1227250043,1,1227250043,1,2080,1415446184,1,7640181,0,0,0,0,0
1786347509312|1001|simultaneous_64m_1|rotating|36,1378943233,33555404,113551189,113383708,0,0,0,0,0,0,0,0,0,0,102380,102188,0,0,0,0,0,0,0,0,0,0,0,0,0,0,0,0,0,0,0,0,4096,256,131072,4,15|4,0,67108864,262144,256,0,0,0,0,1552,0,1536,0,195,192,0,1,1552,0|38,1552117554,1,50474416,0,50331648,0,50331648,0,56742198,0,192,192,1231263944,1,1231263944,1,2080,1413150484,1,7554483,0,0,0,0,0
1786347514325|1001|simultaneous_64m_1|fixed|38,1378943233,16780339,119768874,119592087,119768874,119592087,119768874,119592087,216181,215574,107988,107786,0,0,0,0,3494033469,3490734936,4096,4096,0,0,107989,107989,1837947923,1837947936,1837947931,1837947928,0,0,0,0,0,0,0,0,4096,256,131072,4,15|4,0,67108864,262144,256,0,0,0,0,1640,0,1624,0,206,203,0,1,1640,0|40,2554401614,1,53238452,0,53215232,0,53215232,0,59861666,0,203,203,1533293891,1,1533293891,1,2080,1732256454,1,7679261,0,0,0,0,0
1786347514325|1001|simultaneous_64m_1|rotating|38,1378943233,33555404,119837729,119660104,0,0,0,0,0,0,0,0,0,0,108051,107848,0,0,0,0,0,0,0,0,0,0,0,0,0,0,0,0,0,0,0,0,4096,256,131072,4,15|4,0,67108864,262144,256,0,0,0,0,1640,0,1624,0,206,203,0,1,1640,0|40,1871945301,1,53267596,0,53215232,0,53215232,0,59881248,0,203,203,1536781849,1,1536781849,1,2080,1729056965,1,7581126,0,0,0,0,0
1786347519327|1001|simultaneous_64m_1|fixed|40,1378943233,16780339,126062107,125875735,126062107,125875735,126062107,125875735,227540,226900,113662,113449,0,0,0,0,3677608608,3674129472,4096,4096,0,0,113663,113663,2158088929,2158088974,2158088945,2158088942,0,0,0,0,0,0,0,0,4096,256,131072,4,15|4,0,67108864,262144,256,0,0,0,0,1720,0,1704,0,216,213,0,1,1720,0|42,2874534246,1,56037732,0,55836672,0,55836672,0,63009975,0,213,213,1840327470,1,1840327470,1,2080,2049143402,1,7715235,0,0,0,0,0
1786347519327|1001|simultaneous_64m_1|rotating|40,1378943233,33558272,126138741,125952266,0,0,0,0,0,0,0,0,0,0,113731,113518,0,0,0,0,0,0,0,0,0,0,0,0,0,0,0,0,0,0,0,0,4096,256,131072,4,15|4,0,67108864,262144,256,0,0,0,0,1720,0,1704,0,216,213,0,1,1720,0|42,2192051872,1,56066384,0,55836672,0,55836672,0,63028240,0,213,213,1843812314,1,1843812314,1,2080,2045594753,1,7607625,0,0,0,0,0
1786347524334|1001|simultaneous_64m_1|fixed|42,1378943233,16780339,132366266,132171300,132366266,132171300,132366266,132171300,238917,238244,119345,119121,0,0,0,0,3861497706,3857840021,4096,4096,0,0,119346,119346,2478763182,2478763187,2478763190,2478763203,0,0,0,0,0,0,0,0,4096,256,131072,4,15|4,0,67108864,262144,256,0,0,0,0,1808,0,1792,0,227,224,0,1,1808,0|44,3195215108,1,58837828,0,58720256,0,58720256,0,66159732,0,224,224,2146675027,1,2146675027,1,2080,2366252846,1,7755990,0,0,0,0,0
1786347524334|1001|simultaneous_64m_1|rotating|42,1378943233,33555404,132435378,132240363,0,0,0,0,0,0,0,0,0,0,119408,119184,0,0,0,0,0,0,0,0,0,0,0,0,0,0,0,0,0,0,0,0,4096,256,131072,4,15|4,0,67108864,262144,256,0,0,0,0,1808,0,1792,0,227,224,0,1,1808,0|44,2512301230,1,58863024,0,58720256,0,58720256,0,66173224,0,224,224,2149747073,1,2149747073,1,2080,2361924099,1,7638225,0,0,0,0,0
1786347529345|1001|simultaneous_64m_1|fixed|44,1378943233,16780339,138665236,138461412,138665236,138461412,138665236,138461412,250294,249588,125028,124793,0,0,0,0,4045365044,4041529623,4096,4096,0,0,125029,125029,2799408402,2799408391,2799408410,2799408399,0,0,0,0,0,0,0,0,4096,256,131072,4,15|4,0,67108864,262144,256,0,0,0,0,1896,0,1880,0,238,235,0,1,1896,0|46,3515902426,1,61638420,0,61603840,0,61603840,0,69307297,0,235,235,2453025458,1,2453025458,1,2080,2683369517,1,7795921,0,0,0,0,0
1786347529345|1001|simultaneous_64m_1|rotating|44,1378943233,33555404,138734010,138530066,0,0,0,0,0,0,0,0,0,0,125090,124855,0,0,0,0,0,0,0,0,0,0,0,0,0,0,0,0,0,0,0,0,4096,256,131072,4,15|4,0,67108864,262144,256,0,0,0,0,1896,0,1880,0,238,235,0,1,1896,0|46,2832917077,1,61662772,0,61603840,0,61603840,0,69319315,0,235,235,2456047687,1,2456047687,1,2080,2678615850,1,7668634,0,0,0,0,0
1786347534345|1001|simultaneous_64m_1|fixed|46,1378943233,16780339,144963339,144750602,144963339,144750602,144963339,144750602,261656,260920,130704,130459,0,0,0,0,4229029335,4225030018,4096,4096,0,0,130705,130705,3119329804,3119329817,3119329812,3119329825,0,0,0,0,0,0,0,0,4096,256,131072,4,15|4,0,67108864,262144,256,0,0,0,0,1976,0,1960,0,248,245,0,1,1976,0|48,3835735208,1,64434736,0,64225280,0,64225280,0,72453311,0,245,245,2759762470,1,2759762470,1,2080,2999956475,1,7832029,0,0,0,0,0
1786347534345|1001|simultaneous_64m_1|rotating|46,1378943233,33555404,145038234,144825458,0,0,0,0,0,0,0,0,0,0,130772,130527,0,0,0,0,0,0,0,0,0,0,0,0,0,0,0,0,0,0,0,0,4096,256,131072,4,15|4,0,67108864,262144,256,0,0,0,0,1976,0,1960,0,248,245,0,1,1976,0|48,3153258332,1,64463884,0,64225280,0,64225280,0,72469544,0,245,245,2763313020,1,2763313020,1,2080,2995391763,1,7694379,0,0,0,0,0
