captured_ms|sequence|label|role|data_ro|dirm0|oen0
1786208212915|0|SAFE_BOOT|fixed|1346371075|8193|8193
1786208212915|0|SAFE_BOOT|rotating|1350565379|8193|8193
1786208213112|1001|mixed_15min_a_warmup_f2r_00000_4194304_active|fixed|1346371075|8193|8193
1786208213112|1001|mixed_15min_a_warmup_f2r_00000_4194304_active|rotating|1350557187|8193|8193
1786208217456|1001|mixed_15min_a_warmup_f2r_00000_4194304_terminal|fixed|1346371075|8193|8193
1786208217456|1001|mixed_15min_a_warmup_f2r_00000_4194304_terminal|rotating|1346371075|8193|8193
1786208217899|1002|mixed_15min_a_warmup_f2r_00001_4194304_active|fixed|1346371075|8193|8193
1786208217899|1002|mixed_15min_a_warmup_f2r_00001_4194304_active|rotating|1350557187|8193|8193
1786208222181|1002|mixed_15min_a_warmup_f2r_00001_4194304_terminal|fixed|1350565379|8193|8193
1786208222181|1002|mixed_15min_a_warmup_f2r_00001_4194304_terminal|rotating|1350565379|8193|8193
1786208222654|1003|mixed_15min_a_warmup_f2r_00002_4194304_active|fixed|1350565379|8193|8193
1786208222654|1003|mixed_15min_a_warmup_f2r_00002_4194304_active|rotating|1350557187|8193|8193
1786208226920|1003|mixed_15min_a_warmup_f2r_00002_4194304_terminal|fixed|1346371075|8193|8193
1786208226920|1003|mixed_15min_a_warmup_f2r_00002_4194304_terminal|rotating|1346371075|8193|8193
1786208227388|1004|mixed_15min_a_warmup_f2r_00003_1048576_active|fixed|1346371075|8193|8193
1786208227388|1004|mixed_15min_a_warmup_f2r_00003_1048576_active|rotating|1346362883|8193|8193
1786208228941|1004|mixed_15min_a_warmup_f2r_00003_1048576_terminal|fixed|1346371075|8193|8193
1786208228941|1004|mixed_15min_a_warmup_f2r_00003_1048576_terminal|rotating|1346371075|8193|8193
1786208229432|1005|mixed_15min_a_warmup_f2r_00004_1048576_active|fixed|1346371075|8193|8193
1786208229432|1005|mixed_15min_a_warmup_f2r_00004_1048576_active|rotating|1350557187|8193|8193
1786208230937|1005|mixed_15min_a_warmup_f2r_00004_1048576_terminal|fixed|1346371075|8193|8193
1786208230937|1005|mixed_15min_a_warmup_f2r_00004_1048576_terminal|rotating|1346371075|8193|8193
1786208231463|1006|mixed_15min_a_warmup_f2r_00005_1048576_active|fixed|1346371075|8193|8193
1786208231463|1006|mixed_15min_a_warmup_f2r_00005_1048576_active|rotating|1346362883|8193|8193
1786208233054|1006|mixed_15min_a_warmup_f2r_00005_1048576_terminal|fixed|1346371075|8193|8193
1786208233054|1006|mixed_15min_a_warmup_f2r_00005_1048576_terminal|rotating|1350565379|8193|8193
1786208233556|1007|mixed_15min_a_warmup_f2r_00006_1048576_active|fixed|1346371075|8193|8193
1786208233556|1007|mixed_15min_a_warmup_f2r_00006_1048576_active|rotating|1350557187|8193|8193
1786208235097|1007|mixed_15min_a_warmup_f2r_00006_1048576_terminal|fixed|1350565379|8193|8193
1786208235097|1007|mixed_15min_a_warmup_f2r_00006_1048576_terminal|rotating|1350565379|8193|8193
1786208235607|1008|mixed_15min_a_warmup_f2r_00007_1048576_active|fixed|1346371075|8193|8193
1786208235607|1008|mixed_15min_a_warmup_f2r_00007_1048576_active|rotating|1350557187|8193|8193
1786208237122|1008|mixed_15min_a_warmup_f2r_00007_1048576_terminal|fixed|1350565379|8193|8193
1786208237122|1008|mixed_15min_a_warmup_f2r_00007_1048576_terminal|rotating|1346371075|8193|8193
1786208243126|1009|mixed_15min_a_warmup_r2f_00000_4194304_active|fixed|1346362883|8193|8193
1786208243126|1009|mixed_15min_a_warmup_r2f_00000_4194304_active|rotating|1350565379|8193|8193
1786208247543|1009|mixed_15min_a_warmup_r2f_00000_4194304_terminal|fixed|1346371075|8193|8193
1786208247543|1009|mixed_15min_a_warmup_r2f_00000_4194304_terminal|rotating|1346371075|8193|8193
1786208247993|1010|mixed_15min_a_warmup_r2f_00001_4194304_active|fixed|1350557187|8193|8193
1786208247993|1010|mixed_15min_a_warmup_r2f_00001_4194304_active|rotating|1346371075|8193|8193
1786208252226|1010|mixed_15min_a_warmup_r2f_00001_4194304_terminal|fixed|1346371075|8193|8193
1786208252226|1010|mixed_15min_a_warmup_r2f_00001_4194304_terminal|rotating|1350565379|8193|8193
1786208252756|1011|mixed_15min_a_warmup_r2f_00002_4194304_active|fixed|1346362883|8193|8193
1786208252756|1011|mixed_15min_a_warmup_r2f_00002_4194304_active|rotating|1350565379|8193|8193
1786208257033|1011|mixed_15min_a_warmup_r2f_00002_4194304_terminal|fixed|1350565379|8193|8193
1786208257033|1011|mixed_15min_a_warmup_r2f_00002_4194304_terminal|rotating|1346371075|8193|8193
1786208257499|1012|mixed_15min_a_warmup_r2f_00003_1048576_active|fixed|1350557187|8193|8193
1786208257499|1012|mixed_15min_a_warmup_r2f_00003_1048576_active|rotating|1346371075|8193|8193
1786208259093|1012|mixed_15min_a_warmup_r2f_00003_1048576_terminal|fixed|1350565379|8193|8193
1786208259093|1012|mixed_15min_a_warmup_r2f_00003_1048576_terminal|rotating|1346371075|8193|8193
1786208259541|1013|mixed_15min_a_warmup_r2f_00004_1048576_active|fixed|1350557187|8193|8193
1786208259541|1013|mixed_15min_a_warmup_r2f_00004_1048576_active|rotating|1350565378|8193|8193
1786208261147|1013|mixed_15min_a_warmup_r2f_00004_1048576_terminal|fixed|1350565379|8193|8193
1786208261147|1013|mixed_15min_a_warmup_r2f_00004_1048576_terminal|rotating|1346371075|8193|8193
1786208261636|1014|mixed_15min_a_warmup_r2f_00005_1048576_active|fixed|1346362883|8193|8193
1786208261636|1014|mixed_15min_a_warmup_r2f_00005_1048576_active|rotating|1350565379|8193|8193
1786208263255|1014|mixed_15min_a_warmup_r2f_00005_1048576_terminal|fixed|1350565379|8193|8193
1786208263255|1014|mixed_15min_a_warmup_r2f_00005_1048576_terminal|rotating|1346371075|8193|8193
1786208263730|1015|mixed_15min_a_warmup_r2f_00006_1048576_active|fixed|1346362883|8193|8193
1786208263730|1015|mixed_15min_a_warmup_r2f_00006_1048576_active|rotating|1346371075|8193|8193
1786208265261|1015|mixed_15min_a_warmup_r2f_00006_1048576_terminal|fixed|1346371075|8193|8193
1786208265261|1015|mixed_15min_a_warmup_r2f_00006_1048576_terminal|rotating|1346371075|8193|8193
1786208265759|1016|mixed_15min_a_warmup_r2f_00007_1048576_active|fixed|1346362883|8193|8193
1786208265759|1016|mixed_15min_a_warmup_r2f_00007_1048576_active|rotating|1346371075|8193|8193
1786208267289|1016|mixed_15min_a_warmup_r2f_00007_1048576_terminal|fixed|1346371075|8193|8193
1786208267289|1016|mixed_15min_a_warmup_r2f_00007_1048576_terminal|rotating|1350565379|8193|8193
1786208273142|1017|mixed_15min_a_half_f2r_00000_4194304_active|fixed|1350565379|8193|8193
1786208273142|1017|mixed_15min_a_half_f2r_00000_4194304_active|rotating|1350557187|8193|8193
1786208277447|1017|mixed_15min_a_half_f2r_00000_4194304_terminal|fixed|1346371075|8193|8193
1786208277447|1017|mixed_15min_a_half_f2r_00000_4194304_terminal|rotating|1350565379|8193|8193
1786208277928|1018|mixed_15min_a_half_f2r_00001_16777216_active|fixed|1350565379|8193|8193
1786208277928|1018|mixed_15min_a_half_f2r_00001_16777216_active|rotating|1346362883|8193|8193
1786208283117|1018|mixed_15min_a_half_f2r_00001_16777216|fixed|1350565378|8193|8193
1786208283117|1018|mixed_15min_a_half_f2r_00001_16777216|rotating|1350557187|8193|8193
1786208288118|1018|mixed_15min_a_half_f2r_00001_16777216|fixed|1350565378|8193|8193
1786208288118|1018|mixed_15min_a_half_f2r_00001_16777216|rotating|1346362883|8193|8193
1786208293035|1018|mixed_15min_a_half_f2r_00001_16777216_terminal|fixed|1350565379|8193|8193
1786208293035|1018|mixed_15min_a_half_f2r_00001_16777216_terminal|rotating|1346371075|8193|8193
1786208293483|1019|mixed_15min_a_half_f2r_00002_67108864_active|fixed|1350565379|8193|8193
1786208293483|1019|mixed_15min_a_half_f2r_00002_67108864_active|rotating|1346362883|8193|8193
1786208298665|1019|mixed_15min_a_half_f2r_00002_67108864|fixed|1350565378|8193|8193
1786208298665|1019|mixed_15min_a_half_f2r_00002_67108864|rotating|1350557187|8193|8193
1786208303708|1019|mixed_15min_a_half_f2r_00002_67108864|fixed|1346371074|8193|8193
1786208303708|1019|mixed_15min_a_half_f2r_00002_67108864|rotating|1346362883|8193|8193
1786208308734|1019|mixed_15min_a_half_f2r_00002_67108864|fixed|1350565378|8193|8193
1786208308734|1019|mixed_15min_a_half_f2r_00002_67108864|rotating|1350557187|8193|8193
1786208313696|1019|mixed_15min_a_half_f2r_00002_67108864|fixed|1346371074|8193|8193
1786208313696|1019|mixed_15min_a_half_f2r_00002_67108864|rotating|1346362883|8193|8193
1786208318690|1019|mixed_15min_a_half_f2r_00002_67108864|fixed|1346371074|8193|8193
1786208318690|1019|mixed_15min_a_half_f2r_00002_67108864|rotating|1350557187|8193|8193
1786208323737|1019|mixed_15min_a_half_f2r_00002_67108864|fixed|1350565378|8193|8193
1786208323737|1019|mixed_15min_a_half_f2r_00002_67108864|rotating|1346362883|8193|8193
1786208328754|1019|mixed_15min_a_half_f2r_00002_67108864|fixed|1346371074|8193|8193
1786208328754|1019|mixed_15min_a_half_f2r_00002_67108864|rotating|1346362883|8193|8193
1786208333768|1019|mixed_15min_a_half_f2r_00002_67108864|fixed|1350565378|8193|8193
1786208333768|1019|mixed_15min_a_half_f2r_00002_67108864|rotating|1346362883|8193|8193
1786208338765|1019|mixed_15min_a_half_f2r_00002_67108864|fixed|1350565378|8193|8193
1786208338765|1019|mixed_15min_a_half_f2r_00002_67108864|rotating|1346362883|8193|8193
1786208343775|1019|mixed_15min_a_half_f2r_00002_67108864|fixed|1350565378|8193|8193
1786208343775|1019|mixed_15min_a_half_f2r_00002_67108864|rotating|1346362883|8193|8193
1786208348816|1019|mixed_15min_a_half_f2r_00002_67108864|fixed|1346371074|8193|8193
1786208348816|1019|mixed_15min_a_half_f2r_00002_67108864|rotating|1346362883|8193|8193
1786208351807|1019|mixed_15min_a_half_f2r_00002_67108864_terminal|fixed|1346371075|8193|8193
1786208351807|1019|mixed_15min_a_half_f2r_00002_67108864_terminal|rotating|1346371075|8193|8193
1786208352321|1020|mixed_15min_a_half_f2r_00003_4194304_active|fixed|1346371075|8193|8193
1786208352321|1020|mixed_15min_a_half_f2r_00003_4194304_active|rotating|1346362883|8193|8193
1786208356585|1020|mixed_15min_a_half_f2r_00003_4194304_terminal|fixed|1346371075|8193|8193
1786208356585|1020|mixed_15min_a_half_f2r_00003_4194304_terminal|rotating|1346371075|8193|8193
1786208357035|1021|mixed_15min_a_half_f2r_00004_16777216_active|fixed|1346371075|8193|8193
1786208357035|1021|mixed_15min_a_half_f2r_00004_16777216_active|rotating|1346362883|8193|8193
1786208362216|1021|mixed_15min_a_half_f2r_00004_16777216|fixed|1346371074|8193|8193
1786208362216|1021|mixed_15min_a_half_f2r_00004_16777216|rotating|1350557187|8193|8193
1786208367238|1021|mixed_15min_a_half_f2r_00004_16777216|fixed|1346371074|8193|8193
1786208367238|1021|mixed_15min_a_half_f2r_00004_16777216|rotating|1350557187|8193|8193
1786208372134|1021|mixed_15min_a_half_f2r_00004_16777216_terminal|fixed|1346371075|8193|8193
1786208372134|1021|mixed_15min_a_half_f2r_00004_16777216_terminal|rotating|1346371075|8193|8193
1786208372626|1022|mixed_15min_a_half_f2r_00005_67108864_active|fixed|1346371075|8193|8193
1786208372626|1022|mixed_15min_a_half_f2r_00005_67108864_active|rotating|1346362883|8193|8193
1786208377830|1022|mixed_15min_a_half_f2r_00005_67108864|fixed|1350565378|8193|8193
1786208377830|1022|mixed_15min_a_half_f2r_00005_67108864|rotating|1350557187|8193|8193
1786208382787|1022|mixed_15min_a_half_f2r_00005_67108864|fixed|1346371074|8193|8193
1786208382787|1022|mixed_15min_a_half_f2r_00005_67108864|rotating|1346362883|8193|8193
1786208387866|1022|mixed_15min_a_half_f2r_00005_67108864|fixed|1350565378|8193|8193
1786208387866|1022|mixed_15min_a_half_f2r_00005_67108864|rotating|1346362883|8193|8193
1786208392815|1022|mixed_15min_a_half_f2r_00005_67108864|fixed|1346371074|8193|8193
1786208392815|1022|mixed_15min_a_half_f2r_00005_67108864|rotating|1346362883|8193|8193
1786208397848|1022|mixed_15min_a_half_f2r_00005_67108864|fixed|1350565378|8193|8193
1786208397848|1022|mixed_15min_a_half_f2r_00005_67108864|rotating|1346362883|8193|8193
1786208402865|1022|mixed_15min_a_half_f2r_00005_67108864|fixed|1350565378|8193|8193
1786208402865|1022|mixed_15min_a_half_f2r_00005_67108864|rotating|1346362883|8193|8193
1786208407864|1022|mixed_15min_a_half_f2r_00005_67108864|fixed|1350565378|8193|8193
1786208407864|1022|mixed_15min_a_half_f2r_00005_67108864|rotating|1346362883|8193|8193
1786208412881|1022|mixed_15min_a_half_f2r_00005_67108864|fixed|1346371074|8193|8193
1786208412881|1022|mixed_15min_a_half_f2r_00005_67108864|rotating|1346362883|8193|8193
1786208417850|1022|mixed_15min_a_half_f2r_00005_67108864|fixed|1346371074|8193|8193
1786208417850|1022|mixed_15min_a_half_f2r_00005_67108864|rotating|1350557187|8193|8193
1786208422859|1022|mixed_15min_a_half_f2r_00005_67108864|fixed|1350565378|8193|8193
1786208422859|1022|mixed_15min_a_half_f2r_00005_67108864|rotating|1350557187|8193|8193
1786208427877|1022|mixed_15min_a_half_f2r_00005_67108864|fixed|1346371074|8193|8193
1786208427877|1022|mixed_15min_a_half_f2r_00005_67108864|rotating|1350557187|8193|8193
1786208430915|1022|mixed_15min_a_half_f2r_00005_67108864_terminal|fixed|1346371075|8193|8193
1786208430915|1022|mixed_15min_a_half_f2r_00005_67108864_terminal|rotating|1350565379|8193|8193
1786208431352|1023|mixed_15min_a_half_f2r_00006_4194304_active|fixed|1346371075|8193|8193
1786208431352|1023|mixed_15min_a_half_f2r_00006_4194304_active|rotating|1350557187|8193|8193
1786208435547|1023|mixed_15min_a_half_f2r_00006_4194304_terminal|fixed|1346371075|8193|8193
1786208435547|1023|mixed_15min_a_half_f2r_00006_4194304_terminal|rotating|1346371075|8193|8193
1786208435998|1024|mixed_15min_a_half_f2r_00007_16777216_active|fixed|1350565379|8193|8193
1786208435998|1024|mixed_15min_a_half_f2r_00007_16777216_active|rotating|1346362883|8193|8193
1786208441207|1024|mixed_15min_a_half_f2r_00007_16777216|fixed|1350565378|8193|8193
1786208441207|1024|mixed_15min_a_half_f2r_00007_16777216|rotating|1346362883|8193|8193
1786208446218|1024|mixed_15min_a_half_f2r_00007_16777216|fixed|1350565378|8193|8193
1786208446218|1024|mixed_15min_a_half_f2r_00007_16777216|rotating|1350557187|8193|8193
1786208451041|1024|mixed_15min_a_half_f2r_00007_16777216_terminal|fixed|1346371075|8193|8193
1786208451041|1024|mixed_15min_a_half_f2r_00007_16777216_terminal|rotating|1346371075|8193|8193
1786208451487|1025|mixed_15min_a_half_f2r_00008_67108864_active|fixed|1350565379|8193|8193
1786208451487|1025|mixed_15min_a_half_f2r_00008_67108864_active|rotating|1346362883|8193|8193
1786208456703|1025|mixed_15min_a_half_f2r_00008_67108864|fixed|1350565378|8193|8193
1786208456703|1025|mixed_15min_a_half_f2r_00008_67108864|rotating|1350557187|8193|8193
1786208461697|1025|mixed_15min_a_half_f2r_00008_67108864|fixed|1350565378|8193|8193
1786208461697|1025|mixed_15min_a_half_f2r_00008_67108864|rotating|1346362883|8193|8193
1786208466695|1025|mixed_15min_a_half_f2r_00008_67108864|fixed|1346371074|8193|8193
1786208466695|1025|mixed_15min_a_half_f2r_00008_67108864|rotating|1346362883|8193|8193
1786208471729|1025|mixed_15min_a_half_f2r_00008_67108864|fixed|1350565378|8193|8193
1786208471729|1025|mixed_15min_a_half_f2r_00008_67108864|rotating|1350557187|8193|8193
1786208476709|1025|mixed_15min_a_half_f2r_00008_67108864|fixed|1350565378|8193|8193
1786208476709|1025|mixed_15min_a_half_f2r_00008_67108864|rotating|1346362883|8193|8193
1786208481720|1025|mixed_15min_a_half_f2r_00008_67108864|fixed|1350565378|8193|8193
1786208481720|1025|mixed_15min_a_half_f2r_00008_67108864|rotating|1350557187|8193|8193
1786208486718|1025|mixed_15min_a_half_f2r_00008_67108864|fixed|1350565378|8193|8193
1786208486718|1025|mixed_15min_a_half_f2r_00008_67108864|rotating|1350557187|8193|8193
1786208491739|1025|mixed_15min_a_half_f2r_00008_67108864|fixed|1350565378|8193|8193
1786208491739|1025|mixed_15min_a_half_f2r_00008_67108864|rotating|1346362883|8193|8193
1786208496736|1025|mixed_15min_a_half_f2r_00008_67108864|fixed|1350565378|8193|8193
1786208496736|1025|mixed_15min_a_half_f2r_00008_67108864|rotating|1346362883|8193|8193
1786208501733|1025|mixed_15min_a_half_f2r_00008_67108864|fixed|1346371074|8193|8193
1786208501733|1025|mixed_15min_a_half_f2r_00008_67108864|rotating|1346362883|8193|8193
1786208506753|1025|mixed_15min_a_half_f2r_00008_67108864|fixed|1350565378|8193|8193
1786208506753|1025|mixed_15min_a_half_f2r_00008_67108864|rotating|1346362883|8193|8193
1786208509733|1025|mixed_15min_a_half_f2r_00008_67108864_terminal|fixed|1350565379|8193|8193
1786208509733|1025|mixed_15min_a_half_f2r_00008_67108864_terminal|rotating|1346371075|8193|8193
1786208510183|1026|mixed_15min_a_half_f2r_00009_4194304_active|fixed|1350565379|8193|8193
1786208510183|1026|mixed_15min_a_half_f2r_00009_4194304_active|rotating|1350557187|8193|8193
1786208514422|1026|mixed_15min_a_half_f2r_00009_4194304_terminal|fixed|1346371075|8193|8193
1786208514422|1026|mixed_15min_a_half_f2r_00009_4194304_terminal|rotating|1350565379|8193|8193
1786208514904|1027|mixed_15min_a_half_f2r_00010_16777216_active|fixed|1346371075|8193|8193
1786208514904|1027|mixed_15min_a_half_f2r_00010_16777216_active|rotating|1350557187|8193|8193
1786208520109|1027|mixed_15min_a_half_f2r_00010_16777216|fixed|1346371074|8193|8193
1786208520109|1027|mixed_15min_a_half_f2r_00010_16777216|rotating|1350557187|8193|8193
1786208525116|1027|mixed_15min_a_half_f2r_00010_16777216|fixed|1350565378|8193|8193
1786208525116|1027|mixed_15min_a_half_f2r_00010_16777216|rotating|1346362883|8193|8193
1786208530012|1027|mixed_15min_a_half_f2r_00010_16777216_terminal|fixed|1346371075|8193|8193
1786208530012|1027|mixed_15min_a_half_f2r_00010_16777216_terminal|rotating|1350565379|8193|8193
1786208530449|1028|mixed_15min_a_half_f2r_00011_67108864_active|fixed|1346371075|8193|8193
1786208530449|1028|mixed_15min_a_half_f2r_00011_67108864_active|rotating|1346362883|8193|8193
1786208535622|1028|mixed_15min_a_half_f2r_00011_67108864|fixed|1350565378|8193|8193
1786208535622|1028|mixed_15min_a_half_f2r_00011_67108864|rotating|1350557187|8193|8193
1786208540644|1028|mixed_15min_a_half_f2r_00011_67108864|fixed|1350565378|8193|8193
1786208540644|1028|mixed_15min_a_half_f2r_00011_67108864|rotating|1350557187|8193|8193
1786208545681|1028|mixed_15min_a_half_f2r_00011_67108864|fixed|1350565378|8193|8193
1786208545681|1028|mixed_15min_a_half_f2r_00011_67108864|rotating|1350557187|8193|8193
1786208550688|1028|mixed_15min_a_half_f2r_00011_67108864|fixed|1350565378|8193|8193
1786208550688|1028|mixed_15min_a_half_f2r_00011_67108864|rotating|1350557187|8193|8193
1786208555682|1028|mixed_15min_a_half_f2r_00011_67108864|fixed|1350565378|8193|8193
1786208555682|1028|mixed_15min_a_half_f2r_00011_67108864|rotating|1350557187|8193|8193
1786208560715|1028|mixed_15min_a_half_f2r_00011_67108864|fixed|1350565378|8193|8193
1786208560715|1028|mixed_15min_a_half_f2r_00011_67108864|rotating|1346362883|8193|8193
1786208565693|1028|mixed_15min_a_half_f2r_00011_67108864|fixed|1346371074|8193|8193
1786208565693|1028|mixed_15min_a_half_f2r_00011_67108864|rotating|1346362883|8193|8193
1786208570727|1028|mixed_15min_a_half_f2r_00011_67108864|fixed|1346371074|8193|8193
1786208570727|1028|mixed_15min_a_half_f2r_00011_67108864|rotating|1350557187|8193|8193
1786208575717|1028|mixed_15min_a_half_f2r_00011_67108864|fixed|1350565378|8193|8193
1786208575717|1028|mixed_15min_a_half_f2r_00011_67108864|rotating|1350557187|8193|8193
1786208580706|1028|mixed_15min_a_half_f2r_00011_67108864|fixed|1346371074|8193|8193
1786208580706|1028|mixed_15min_a_half_f2r_00011_67108864|rotating|1350557187|8193|8193
1786208585713|1028|mixed_15min_a_half_f2r_00011_67108864|fixed|1346371074|8193|8193
1786208585713|1028|mixed_15min_a_half_f2r_00011_67108864|rotating|1350557187|8193|8193
1786208588722|1028|mixed_15min_a_half_f2r_00011_67108864_terminal|fixed|1350565379|8193|8193
1786208588722|1028|mixed_15min_a_half_f2r_00011_67108864_terminal|rotating|1346371075|8193|8193
1786208589141|1029|mixed_15min_a_half_f2r_00012_4194304_active|fixed|1346371075|8193|8193
1786208589141|1029|mixed_15min_a_half_f2r_00012_4194304_active|rotating|1350557187|8193|8193
1786208593386|1029|mixed_15min_a_half_f2r_00012_4194304_terminal|fixed|1346371075|8193|8193
1786208593386|1029|mixed_15min_a_half_f2r_00012_4194304_terminal|rotating|1350565379|8193|8193
1786208593836|1030|mixed_15min_a_half_f2r_00013_16777216_active|fixed|1346371075|8193|8193
1786208593836|1030|mixed_15min_a_half_f2r_00013_16777216_active|rotating|1350557187|8193|8193
1786208599047|1030|mixed_15min_a_half_f2r_00013_16777216|fixed|1350565378|8193|8193
1786208599047|1030|mixed_15min_a_half_f2r_00013_16777216|rotating|1350557187|8193|8193
1786208604103|1030|mixed_15min_a_half_f2r_00013_16777216|fixed|1346371074|8193|8193
1786208604103|1030|mixed_15min_a_half_f2r_00013_16777216|rotating|1346362883|8193|8193
1786208608915|1030|mixed_15min_a_half_f2r_00013_16777216_terminal|fixed|1346371075|8193|8193
1786208608915|1030|mixed_15min_a_half_f2r_00013_16777216_terminal|rotating|1350565379|8193|8193
1786208609376|1031|mixed_15min_a_half_f2r_00014_16777216_active|fixed|1350565379|8193|8193
1786208609376|1031|mixed_15min_a_half_f2r_00014_16777216_active|rotating|1350557187|8193|8193
1786208614655|1031|mixed_15min_a_half_f2r_00014_16777216|fixed|1350565378|8193|8193
1786208614655|1031|mixed_15min_a_half_f2r_00014_16777216|rotating|1350557187|8193|8193
1786208619613|1031|mixed_15min_a_half_f2r_00014_16777216|fixed|1346371074|8193|8193
1786208619613|1031|mixed_15min_a_half_f2r_00014_16777216|rotating|1346362883|8193|8193
1786208624349|1031|mixed_15min_a_half_f2r_00014_16777216_terminal|fixed|1346371075|8193|8193
1786208624349|1031|mixed_15min_a_half_f2r_00014_16777216_terminal|rotating|1350565379|8193|8193
1786208624741|1032|mixed_15min_a_half_f2r_00015_4194304_active|fixed|1350565379|8193|8193
1786208624741|1032|mixed_15min_a_half_f2r_00015_4194304_active|rotating|1350557187|8193|8193
1786208629197|1032|mixed_15min_a_half_f2r_00015_4194304_terminal|fixed|1346371075|8193|8193
1786208629197|1032|mixed_15min_a_half_f2r_00015_4194304_terminal|rotating|1346371075|8193|8193
1786208629724|1033|mixed_15min_a_half_f2r_00016_16777216_active|fixed|1346371075|8193|8193
1786208629724|1033|mixed_15min_a_half_f2r_00016_16777216_active|rotating|1350557187|8193|8193
1786208634918|1033|mixed_15min_a_half_f2r_00016_16777216|fixed|1346371074|8193|8193
1786208634918|1033|mixed_15min_a_half_f2r_00016_16777216|rotating|1350557187|8193|8193
1786208639923|1033|mixed_15min_a_half_f2r_00016_16777216|fixed|1346371074|8193|8193
1786208639923|1033|mixed_15min_a_half_f2r_00016_16777216|rotating|1350557187|8193|8193
1786208645229|1033|mixed_15min_a_half_f2r_00016_16777216_terminal|fixed|1346371075|8193|8193
1786208645229|1033|mixed_15min_a_half_f2r_00016_16777216_terminal|rotating|1346371075|8193|8193
1786208645721|1034|mixed_15min_a_half_f2r_00017_16777216_active|fixed|1350565379|8193|8193
1786208645721|1034|mixed_15min_a_half_f2r_00017_16777216_active|rotating|1350557187|8193|8193
1786208651046|1034|mixed_15min_a_half_f2r_00017_16777216|fixed|1350565378|8193|8193
1786208651046|1034|mixed_15min_a_half_f2r_00017_16777216|rotating|1350557187|8193|8193
1786208656065|1034|mixed_15min_a_half_f2r_00017_16777216|fixed|1346371074|8193|8193
1786208656065|1034|mixed_15min_a_half_f2r_00017_16777216|rotating|1346362883|8193|8193
1786208660746|1034|mixed_15min_a_half_f2r_00017_16777216_terminal|fixed|1346371075|8193|8193
1786208660746|1034|mixed_15min_a_half_f2r_00017_16777216_terminal|rotating|1346371075|8193|8193
1786208661179|1035|mixed_15min_a_half_f2r_00018_4194304_active|fixed|1346371075|8193|8193
1786208661179|1035|mixed_15min_a_half_f2r_00018_4194304_active|rotating|1346362883|8193|8193
1786208665415|1035|mixed_15min_a_half_f2r_00018_4194304_terminal|fixed|1346371075|8193|8193
1786208665415|1035|mixed_15min_a_half_f2r_00018_4194304_terminal|rotating|1346371075|8193|8193
1786208665853|1036|mixed_15min_a_half_f2r_00019_4194304_active|fixed|1346371075|8193|8193
1786208665853|1036|mixed_15min_a_half_f2r_00019_4194304_active|rotating|1346362883|8193|8193
1786208670064|1036|mixed_15min_a_half_f2r_00019_4194304_terminal|fixed|1346371075|8193|8193
1786208670064|1036|mixed_15min_a_half_f2r_00019_4194304_terminal|rotating|1346371075|8193|8193
1786208670555|1037|mixed_15min_a_half_f2r_00020_4194304_active|fixed|1346371075|8193|8193
1786208670555|1037|mixed_15min_a_half_f2r_00020_4194304_active|rotating|1350557187|8193|8193
1786208674843|1037|mixed_15min_a_half_f2r_00020_4194304_terminal|fixed|1346371075|8193|8193
1786208674843|1037|mixed_15min_a_half_f2r_00020_4194304_terminal|rotating|1350565379|8193|8193
1786208675292|1038|mixed_15min_a_half_f2r_00021_1048576_active|fixed|1346371075|8193|8193
1786208675292|1038|mixed_15min_a_half_f2r_00021_1048576_active|rotating|1346362883|8193|8193
1786208676806|1038|mixed_15min_a_half_f2r_00021_1048576_terminal|fixed|1350565379|8193|8193
1786208676806|1038|mixed_15min_a_half_f2r_00021_1048576_terminal|rotating|1350565379|8193|8193
1786208677267|1039|mixed_15min_a_half_f2r_00022_1048576_active|fixed|1350565378|8193|8193
1786208677267|1039|mixed_15min_a_half_f2r_00022_1048576_active|rotating|1350557187|8193|8193
1786208678765|1039|mixed_15min_a_half_f2r_00022_1048576_terminal|fixed|1346371075|8193|8193
1786208678765|1039|mixed_15min_a_half_f2r_00022_1048576_terminal|rotating|1350565379|8193|8193
1786208679221|1040|mixed_15min_a_half_f2r_00023_1048576_active|fixed|1350565379|8193|8193
1786208679221|1040|mixed_15min_a_half_f2r_00023_1048576_active|rotating|1350557187|8193|8193
1786208680735|1040|mixed_15min_a_half_f2r_00023_1048576_terminal|fixed|1350565379|8193|8193
1786208680735|1040|mixed_15min_a_half_f2r_00023_1048576_terminal|rotating|1346371075|8193|8193
1786208681201|1041|mixed_15min_a_half_f2r_00024_1048576_active|fixed|1350565379|8193|8193
1786208681201|1041|mixed_15min_a_half_f2r_00024_1048576_active|rotating|1350557187|8193|8193
1786208682742|1041|mixed_15min_a_half_f2r_00024_1048576_terminal|fixed|1346371075|8193|8193
1786208682742|1041|mixed_15min_a_half_f2r_00024_1048576_terminal|rotating|1346371075|8193|8193
1786208683194|1042|mixed_15min_a_half_f2r_00025_1048576_active|fixed|1346371075|8193|8193
1786208683194|1042|mixed_15min_a_half_f2r_00025_1048576_active|rotating|1350557187|8193|8193
1786208684749|1042|mixed_15min_a_half_f2r_00025_1048576_terminal|fixed|1350565379|8193|8193
1786208684749|1042|mixed_15min_a_half_f2r_00025_1048576_terminal|rotating|1346371075|8193|8193
1786208685201|1043|mixed_15min_a_half_f2r_00026_1048576_active|fixed|1350565379|8193|8193
1786208685201|1043|mixed_15min_a_half_f2r_00026_1048576_active|rotating|1350557187|8193|8193
1786208686660|1043|mixed_15min_a_half_f2r_00026_1048576_terminal|fixed|1346371075|8193|8193
1786208686660|1043|mixed_15min_a_half_f2r_00026_1048576_terminal|rotating|1350565379|8193|8193
1786208693155|1044|mixed_15min_a_half_r2f_00000_4194304_active|fixed|1350557187|8193|8193
1786208693155|1044|mixed_15min_a_half_r2f_00000_4194304_active|rotating|1346371075|8193|8193
1786208697426|1044|mixed_15min_a_half_r2f_00000_4194304_terminal|fixed|1346371075|8193|8193
1786208697426|1044|mixed_15min_a_half_r2f_00000_4194304_terminal|rotating|1350565379|8193|8193
1786208697876|1045|mixed_15min_a_half_r2f_00001_16777216_active|fixed|1350557187|8193|8193
1786208697876|1045|mixed_15min_a_half_r2f_00001_16777216_active|rotating|1346371075|8193|8193
1786208703068|1045|mixed_15min_a_half_r2f_00001_16777216|fixed|1346362883|8193|8193
1786208703068|1045|mixed_15min_a_half_r2f_00001_16777216|rotating|1346371074|8193|8193
1786208708102|1045|mixed_15min_a_half_r2f_00001_16777216|fixed|1346362883|8193|8193
1786208708102|1045|mixed_15min_a_half_r2f_00001_16777216|rotating|1346371074|8193|8193
1786208712942|1045|mixed_15min_a_half_r2f_00001_16777216_terminal|fixed|1350565379|8193|8193
1786208712942|1045|mixed_15min_a_half_r2f_00001_16777216_terminal|rotating|1346371075|8193|8193
1786208713411|1046|mixed_15min_a_half_r2f_00002_67108864_active|fixed|1346362883|8193|8193
1786208713411|1046|mixed_15min_a_half_r2f_00002_67108864_active|rotating|1350565379|8193|8193
1786208718598|1046|mixed_15min_a_half_r2f_00002_67108864|fixed|1346362883|8193|8193
1786208718598|1046|mixed_15min_a_half_r2f_00002_67108864|rotating|1346371074|8193|8193
1786208723589|1046|mixed_15min_a_half_r2f_00002_67108864|fixed|1346362883|8193|8193
1786208723589|1046|mixed_15min_a_half_r2f_00002_67108864|rotating|1346371074|8193|8193
1786208728661|1046|mixed_15min_a_half_r2f_00002_67108864|fixed|1346362883|8193|8193
1786208728661|1046|mixed_15min_a_half_r2f_00002_67108864|rotating|1346371074|8193|8193
1786208733686|1046|mixed_15min_a_half_r2f_00002_67108864|fixed|1346362883|8193|8193
1786208733686|1046|mixed_15min_a_half_r2f_00002_67108864|rotating|1346371074|8193|8193
1786208738647|1046|mixed_15min_a_half_r2f_00002_67108864|fixed|1346362883|8193|8193
1786208738647|1046|mixed_15min_a_half_r2f_00002_67108864|rotating|1346371074|8193|8193
1786208743633|1046|mixed_15min_a_half_r2f_00002_67108864|fixed|1346362883|8193|8193
1786208743633|1046|mixed_15min_a_half_r2f_00002_67108864|rotating|1350565378|8193|8193
1786208748675|1046|mixed_15min_a_half_r2f_00002_67108864|fixed|1346362883|8193|8193
1786208748675|1046|mixed_15min_a_half_r2f_00002_67108864|rotating|1346371074|8193|8193
1786208753688|1046|mixed_15min_a_half_r2f_00002_67108864|fixed|1350557187|8193|8193
1786208753688|1046|mixed_15min_a_half_r2f_00002_67108864|rotating|1346371074|8193|8193
1786208758662|1046|mixed_15min_a_half_r2f_00002_67108864|fixed|1346362883|8193|8193
1786208758662|1046|mixed_15min_a_half_r2f_00002_67108864|rotating|1346371074|8193|8193
1786208763676|1046|mixed_15min_a_half_r2f_00002_67108864|fixed|1350557187|8193|8193
1786208763676|1046|mixed_15min_a_half_r2f_00002_67108864|rotating|1346371074|8193|8193
1786208768686|1046|mixed_15min_a_half_r2f_00002_67108864|fixed|1350557187|8193|8193
1786208768686|1046|mixed_15min_a_half_r2f_00002_67108864|rotating|1350565378|8193|8193
1786208771741|1046|mixed_15min_a_half_r2f_00002_67108864_terminal|fixed|1346371075|8193|8193
1786208771741|1046|mixed_15min_a_half_r2f_00002_67108864_terminal|rotating|1346371075|8193|8193
1786208772218|1047|mixed_15min_a_half_r2f_00003_4194304_active|fixed|1346362883|8193|8193
1786208772218|1047|mixed_15min_a_half_r2f_00003_4194304_active|rotating|1346371075|8193|8193
1786208776461|1047|mixed_15min_a_half_r2f_00003_4194304_terminal|fixed|1346371075|8193|8193
1786208776461|1047|mixed_15min_a_half_r2f_00003_4194304_terminal|rotating|1350565379|8193|8193
1786208776919|1048|mixed_15min_a_half_r2f_00004_16777216_active|fixed|1346362883|8193|8193
1786208776919|1048|mixed_15min_a_half_r2f_00004_16777216_active|rotating|1350565379|8193|8193
1786208782098|1048|mixed_15min_a_half_r2f_00004_16777216|fixed|1346362883|8193|8193
1786208782098|1048|mixed_15min_a_half_r2f_00004_16777216|rotating|1346371074|8193|8193
1786208787142|1048|mixed_15min_a_half_r2f_00004_16777216|fixed|1346362883|8193|8193
1786208787142|1048|mixed_15min_a_half_r2f_00004_16777216|rotating|1350565378|8193|8193
1786208791977|1048|mixed_15min_a_half_r2f_00004_16777216_terminal|fixed|1346371075|8193|8193
1786208791977|1048|mixed_15min_a_half_r2f_00004_16777216_terminal|rotating|1346371075|8193|8193
1786208792524|1049|mixed_15min_a_half_r2f_00005_67108864_active|fixed|1350557187|8193|8193
1786208792524|1049|mixed_15min_a_half_r2f_00005_67108864_active|rotating|1350565379|8193|8193
1786208797730|1049|mixed_15min_a_half_r2f_00005_67108864|fixed|1350557187|8193|8193
1786208797730|1049|mixed_15min_a_half_r2f_00005_67108864|rotating|1346371074|8193|8193
1786208802750|1049|mixed_15min_a_half_r2f_00005_67108864|fixed|1350557187|8193|8193
1786208802750|1049|mixed_15min_a_half_r2f_00005_67108864|rotating|1346371074|8193|8193
1786208807731|1049|mixed_15min_a_half_r2f_00005_67108864|fixed|1346362883|8193|8193
1786208807731|1049|mixed_15min_a_half_r2f_00005_67108864|rotating|1350565378|8193|8193
1786208812749|1049|mixed_15min_a_half_r2f_00005_67108864|fixed|1346362883|8193|8193
1786208812749|1049|mixed_15min_a_half_r2f_00005_67108864|rotating|1346371074|8193|8193
1786208817744|1049|mixed_15min_a_half_r2f_00005_67108864|fixed|1346362883|8193|8193
1786208817744|1049|mixed_15min_a_half_r2f_00005_67108864|rotating|1350565378|8193|8193
1786208822755|1049|mixed_15min_a_half_r2f_00005_67108864|fixed|1346362883|8193|8193
1786208822755|1049|mixed_15min_a_half_r2f_00005_67108864|rotating|1350565378|8193|8193
1786208827803|1049|mixed_15min_a_half_r2f_00005_67108864|fixed|1350557187|8193|8193
1786208827803|1049|mixed_15min_a_half_r2f_00005_67108864|rotating|1346371074|8193|8193
1786208832800|1049|mixed_15min_a_half_r2f_00005_67108864|fixed|1350557187|8193|8193
1786208832800|1049|mixed_15min_a_half_r2f_00005_67108864|rotating|1350565378|8193|8193
1786208837766|1049|mixed_15min_a_half_r2f_00005_67108864|fixed|1346362883|8193|8193
1786208837766|1049|mixed_15min_a_half_r2f_00005_67108864|rotating|1346371074|8193|8193
1786208842823|1049|mixed_15min_a_half_r2f_00005_67108864|fixed|1350557187|8193|8193
1786208842823|1049|mixed_15min_a_half_r2f_00005_67108864|rotating|1350565378|8193|8193
1786208847837|1049|mixed_15min_a_half_r2f_00005_67108864|fixed|1350557187|8193|8193
1786208847837|1049|mixed_15min_a_half_r2f_00005_67108864|rotating|1346371074|8193|8193
1786208850854|1049|mixed_15min_a_half_r2f_00005_67108864_terminal|fixed|1346371075|8193|8193
1786208850854|1049|mixed_15min_a_half_r2f_00005_67108864_terminal|rotating|1350565379|8193|8193
1786208851348|1050|mixed_15min_a_half_r2f_00006_4194304_active|fixed|1350557187|8193|8193
1786208851348|1050|mixed_15min_a_half_r2f_00006_4194304_active|rotating|1346371075|8193|8193
1786208855512|1050|mixed_15min_a_half_r2f_00006_4194304_terminal|fixed|1350565379|8193|8193
1786208855512|1050|mixed_15min_a_half_r2f_00006_4194304_terminal|rotating|1350565379|8193|8193
1786208856027|1051|mixed_15min_a_half_r2f_00007_16777216_active|fixed|1346362883|8193|8193
1786208856027|1051|mixed_15min_a_half_r2f_00007_16777216_active|rotating|1346371075|8193|8193
1786208861220|1051|mixed_15min_a_half_r2f_00007_16777216|fixed|1350557187|8193|8193
1786208861220|1051|mixed_15min_a_half_r2f_00007_16777216|rotating|1350565378|8193|8193
1786208866227|1051|mixed_15min_a_half_r2f_00007_16777216|fixed|1346362883|8193|8193
1786208866227|1051|mixed_15min_a_half_r2f_00007_16777216|rotating|1350565378|8193|8193
1786208871097|1051|mixed_15min_a_half_r2f_00007_16777216_terminal|fixed|1346371075|8193|8193
1786208871097|1051|mixed_15min_a_half_r2f_00007_16777216_terminal|rotating|1350565379|8193|8193
1786208871556|1052|mixed_15min_a_half_r2f_00008_67108864_active|fixed|1350557187|8193|8193
1786208871556|1052|mixed_15min_a_half_r2f_00008_67108864_active|rotating|1346371075|8193|8193
1786208876729|1052|mixed_15min_a_half_r2f_00008_67108864|fixed|1350557187|8193|8193
1786208876729|1052|mixed_15min_a_half_r2f_00008_67108864|rotating|1350565378|8193|8193
1786208881788|1052|mixed_15min_a_half_r2f_00008_67108864|fixed|1346362883|8193|8193
1786208881788|1052|mixed_15min_a_half_r2f_00008_67108864|rotating|1350565378|8193|8193
1786208886793|1052|mixed_15min_a_half_r2f_00008_67108864|fixed|1350557187|8193|8193
1786208886793|1052|mixed_15min_a_half_r2f_00008_67108864|rotating|1346371074|8193|8193
1786208891737|1052|mixed_15min_a_half_r2f_00008_67108864|fixed|1350557187|8193|8193
1786208891737|1052|mixed_15min_a_half_r2f_00008_67108864|rotating|1346371074|8193|8193
1786208896764|1052|mixed_15min_a_half_r2f_00008_67108864|fixed|1350557187|8193|8193
1786208896764|1052|mixed_15min_a_half_r2f_00008_67108864|rotating|1350565378|8193|8193
1786208901786|1052|mixed_15min_a_half_r2f_00008_67108864|fixed|1350557187|8193|8193
1786208901786|1052|mixed_15min_a_half_r2f_00008_67108864|rotating|1346371074|8193|8193
1786208906772|1052|mixed_15min_a_half_r2f_00008_67108864|fixed|1350557187|8193|8193
1786208906772|1052|mixed_15min_a_half_r2f_00008_67108864|rotating|1350565378|8193|8193
1786208911827|1052|mixed_15min_a_half_r2f_00008_67108864|fixed|1350557187|8193|8193
1786208911827|1052|mixed_15min_a_half_r2f_00008_67108864|rotating|1350565378|8193|8193
1786208916841|1052|mixed_15min_a_half_r2f_00008_67108864|fixed|1346362883|8193|8193
1786208916841|1052|mixed_15min_a_half_r2f_00008_67108864|rotating|1346371074|8193|8193
1786208921820|1052|mixed_15min_a_half_r2f_00008_67108864|fixed|1350557187|8193|8193
1786208921820|1052|mixed_15min_a_half_r2f_00008_67108864|rotating|1346371074|8193|8193
1786208926843|1052|mixed_15min_a_half_r2f_00008_67108864|fixed|1350557187|8193|8193
1786208926843|1052|mixed_15min_a_half_r2f_00008_67108864|rotating|1346371074|8193|8193
1786208929836|1052|mixed_15min_a_half_r2f_00008_67108864_terminal|fixed|1346371075|8193|8193
1786208929836|1052|mixed_15min_a_half_r2f_00008_67108864_terminal|rotating|1350565379|8193|8193
1786208930335|1053|mixed_15min_a_half_r2f_00009_4194304_active|fixed|1346362883|8193|8193
1786208930335|1053|mixed_15min_a_half_r2f_00009_4194304_active|rotating|1350565379|8193|8193
1786208934610|1053|mixed_15min_a_half_r2f_00009_4194304_terminal|fixed|1350565379|8193|8193
1786208934610|1053|mixed_15min_a_half_r2f_00009_4194304_terminal|rotating|1346371075|8193|8193
1786208935082|1054|mixed_15min_a_half_r2f_00010_16777216_active|fixed|1350557187|8193|8193
1786208935082|1054|mixed_15min_a_half_r2f_00010_16777216_active|rotating|1350565379|8193|8193
1786208940259|1054|mixed_15min_a_half_r2f_00010_16777216|fixed|1350557187|8193|8193
1786208940259|1054|mixed_15min_a_half_r2f_00010_16777216|rotating|1350565378|8193|8193
1786208945289|1054|mixed_15min_a_half_r2f_00010_16777216|fixed|1346362883|8193|8193
1786208945289|1054|mixed_15min_a_half_r2f_00010_16777216|rotating|1346371074|8193|8193
1786208950151|1054|mixed_15min_a_half_r2f_00010_16777216_terminal|fixed|1346371075|8193|8193
1786208950151|1054|mixed_15min_a_half_r2f_00010_16777216_terminal|rotating|1346371075|8193|8193
1786208950678|1055|mixed_15min_a_half_r2f_00011_67108864_active|fixed|1350557187|8193|8193
1786208950678|1055|mixed_15min_a_half_r2f_00011_67108864_active|rotating|1350565379|8193|8193
1786208955909|1055|mixed_15min_a_half_r2f_00011_67108864|fixed|1350557187|8193|8193
1786208955909|1055|mixed_15min_a_half_r2f_00011_67108864|rotating|1346371074|8193|8193
1786208960849|1055|mixed_15min_a_half_r2f_00011_67108864|fixed|1346362883|8193|8193
1786208960849|1055|mixed_15min_a_half_r2f_00011_67108864|rotating|1346371074|8193|8193
1786208965876|1055|mixed_15min_a_half_r2f_00011_67108864|fixed|1350557187|8193|8193
1786208965876|1055|mixed_15min_a_half_r2f_00011_67108864|rotating|1350565378|8193|8193
1786208970865|1055|mixed_15min_a_half_r2f_00011_67108864|fixed|1346362883|8193|8193
1786208970865|1055|mixed_15min_a_half_r2f_00011_67108864|rotating|1350565378|8193|8193
1786208975872|1055|mixed_15min_a_half_r2f_00011_67108864|fixed|1350557187|8193|8193
1786208975872|1055|mixed_15min_a_half_r2f_00011_67108864|rotating|1346371074|8193|8193
1786208980923|1055|mixed_15min_a_half_r2f_00011_67108864|fixed|1350557187|8193|8193
1786208980923|1055|mixed_15min_a_half_r2f_00011_67108864|rotating|1346371074|8193|8193
1786208985891|1055|mixed_15min_a_half_r2f_00011_67108864|fixed|1350557187|8193|8193
1786208985891|1055|mixed_15min_a_half_r2f_00011_67108864|rotating|1346371074|8193|8193
1786208990905|1055|mixed_15min_a_half_r2f_00011_67108864|fixed|1346362883|8193|8193
1786208990905|1055|mixed_15min_a_half_r2f_00011_67108864|rotating|1346371074|8193|8193
1786208995955|1055|mixed_15min_a_half_r2f_00011_67108864|fixed|1350557187|8193|8193
1786208995955|1055|mixed_15min_a_half_r2f_00011_67108864|rotating|1346371074|8193|8193
1786209000957|1055|mixed_15min_a_half_r2f_00011_67108864|fixed|1346362883|8193|8193
1786209000957|1055|mixed_15min_a_half_r2f_00011_67108864|rotating|1346371074|8193|8193
1786209005916|1055|mixed_15min_a_half_r2f_00011_67108864|fixed|1346362883|8193|8193
1786209005916|1055|mixed_15min_a_half_r2f_00011_67108864|rotating|1346371074|8193|8193
1786209009030|1055|mixed_15min_a_half_r2f_00011_67108864_terminal|fixed|1350565379|8193|8193
1786209009030|1055|mixed_15min_a_half_r2f_00011_67108864_terminal|rotating|1346371075|8193|8193
1786209009485|1056|mixed_15min_a_half_r2f_00012_4194304_active|fixed|1346362883|8193|8193
1786209009485|1056|mixed_15min_a_half_r2f_00012_4194304_active|rotating|1346371075|8193|8193
1786209013728|1056|mixed_15min_a_half_r2f_00012_4194304_terminal|fixed|1346371075|8193|8193
1786209013728|1056|mixed_15min_a_half_r2f_00012_4194304_terminal|rotating|1350565379|8193|8193
1786209014240|1057|mixed_15min_a_half_r2f_00013_16777216_active|fixed|1350557187|8193|8193
1786209014240|1057|mixed_15min_a_half_r2f_00013_16777216_active|rotating|1350565379|8193|8193
1786209019410|1057|mixed_15min_a_half_r2f_00013_16777216|fixed|1350557187|8193|8193
1786209019410|1057|mixed_15min_a_half_r2f_00013_16777216|rotating|1346371074|8193|8193
1786209024406|1057|mixed_15min_a_half_r2f_00013_16777216|fixed|1350557187|8193|8193
1786209024406|1057|mixed_15min_a_half_r2f_00013_16777216|rotating|1350565378|8193|8193
1786209029345|1057|mixed_15min_a_half_r2f_00013_16777216_terminal|fixed|1350565379|8193|8193
1786209029345|1057|mixed_15min_a_half_r2f_00013_16777216_terminal|rotating|1346371075|8193|8193
1786209029817|1058|mixed_15min_a_half_r2f_00014_16777216_active|fixed|1350557187|8193|8193
1786209029817|1058|mixed_15min_a_half_r2f_00014_16777216_active|rotating|1350565378|8193|8193
1786209034969|1058|mixed_15min_a_half_r2f_00014_16777216|fixed|1350557187|8193|8193
1786209034969|1058|mixed_15min_a_half_r2f_00014_16777216|rotating|1346371074|8193|8193
1786209040010|1058|mixed_15min_a_half_r2f_00014_16777216|fixed|1350557187|8193|8193
1786209040010|1058|mixed_15min_a_half_r2f_00014_16777216|rotating|1346371074|8193|8193
1786209044858|1058|mixed_15min_a_half_r2f_00014_16777216_terminal|fixed|1346371075|8193|8193
1786209044858|1058|mixed_15min_a_half_r2f_00014_16777216_terminal|rotating|1350565379|8193|8193
1786209045382|1059|mixed_15min_a_half_r2f_00015_4194304_active|fixed|1346362883|8193|8193
1786209045382|1059|mixed_15min_a_half_r2f_00015_4194304_active|rotating|1350565379|8193|8193
1786209049705|1059|mixed_15min_a_half_r2f_00015_4194304_terminal|fixed|1350565379|8193|8193
1786209049705|1059|mixed_15min_a_half_r2f_00015_4194304_terminal|rotating|1346371075|8193|8193
1786209050145|1060|mixed_15min_a_half_r2f_00016_16777216_active|fixed|1346362883|8193|8193
1786209050145|1060|mixed_15min_a_half_r2f_00016_16777216_active|rotating|1346371075|8193|8193
1786209055350|1060|mixed_15min_a_half_r2f_00016_16777216|fixed|1350557187|8193|8193
1786209055350|1060|mixed_15min_a_half_r2f_00016_16777216|rotating|1346371074|8193|8193
1786209060363|1060|mixed_15min_a_half_r2f_00016_16777216|fixed|1346362883|8193|8193
1786209060363|1060|mixed_15min_a_half_r2f_00016_16777216|rotating|1350565378|8193|8193
1786209065162|1060|mixed_15min_a_half_r2f_00016_16777216_terminal|fixed|1346371075|8193|8193
1786209065162|1060|mixed_15min_a_half_r2f_00016_16777216_terminal|rotating|1350565379|8193|8193
1786209065644|1061|mixed_15min_a_half_r2f_00017_16777216_active|fixed|1350557187|8193|8193
1786209065644|1061|mixed_15min_a_half_r2f_00017_16777216_active|rotating|1346371075|8193|8193
1786209070843|1061|mixed_15min_a_half_r2f_00017_16777216|fixed|1350557187|8193|8193
1786209070843|1061|mixed_15min_a_half_r2f_00017_16777216|rotating|1350565378|8193|8193
1786209075851|1061|mixed_15min_a_half_r2f_00017_16777216|fixed|1346362883|8193|8193
1786209075851|1061|mixed_15min_a_half_r2f_00017_16777216|rotating|1346371074|8193|8193
1786209080699|1061|mixed_15min_a_half_r2f_00017_16777216_terminal|fixed|1346371075|8193|8193
1786209080699|1061|mixed_15min_a_half_r2f_00017_16777216_terminal|rotating|1350565379|8193|8193
1786209081168|1062|mixed_15min_a_half_r2f_00018_4194304_active|fixed|1350557187|8193|8193
1786209081168|1062|mixed_15min_a_half_r2f_00018_4194304_active|rotating|1346371075|8193|8193
1786209085382|1062|mixed_15min_a_half_r2f_00018_4194304_terminal|fixed|1346371075|8193|8193
1786209085382|1062|mixed_15min_a_half_r2f_00018_4194304_terminal|rotating|1350565379|8193|8193
1786209085877|1063|mixed_15min_a_half_r2f_00019_4194304_active|fixed|1350557187|8193|8193
1786209085877|1063|mixed_15min_a_half_r2f_00019_4194304_active|rotating|1346371075|8193|8193
1786209090170|1063|mixed_15min_a_half_r2f_00019_4194304_terminal|fixed|1350565379|8193|8193
1786209090170|1063|mixed_15min_a_half_r2f_00019_4194304_terminal|rotating|1346371075|8193|8193
1786209090649|1064|mixed_15min_a_half_r2f_00020_4194304_active|fixed|1350557187|8193|8193
1786209090649|1064|mixed_15min_a_half_r2f_00020_4194304_active|rotating|1350565379|8193|8193
1786209094977|1064|mixed_15min_a_half_r2f_00020_4194304_terminal|fixed|1346371075|8193|8193
1786209094977|1064|mixed_15min_a_half_r2f_00020_4194304_terminal|rotating|1346371075|8193|8193
1786209095479|1065|mixed_15min_a_half_r2f_00021_1048576_active|fixed|1350557187|8193|8193
1786209095479|1065|mixed_15min_a_half_r2f_00021_1048576_active|rotating|1346371075|8193|8193
1786209096993|1065|mixed_15min_a_half_r2f_00021_1048576_terminal|fixed|1346371075|8193|8193
1786209096993|1065|mixed_15min_a_half_r2f_00021_1048576_terminal|rotating|1350565379|8193|8193
1786209097486|1066|mixed_15min_a_half_r2f_00022_1048576_active|fixed|1346362883|8193|8193
1786209097486|1066|mixed_15min_a_half_r2f_00022_1048576_active|rotating|1346371075|8193|8193
1786209099000|1066|mixed_15min_a_half_r2f_00022_1048576_terminal|fixed|1346371075|8193|8193
1786209099000|1066|mixed_15min_a_half_r2f_00022_1048576_terminal|rotating|1346371075|8193|8193
1786209099495|1067|mixed_15min_a_half_r2f_00023_1048576_active|fixed|1350557187|8193|8193
1786209099495|1067|mixed_15min_a_half_r2f_00023_1048576_active|rotating|1350565379|8193|8193
1786209101077|1067|mixed_15min_a_half_r2f_00023_1048576_terminal|fixed|1350565379|8193|8193
1786209101077|1067|mixed_15min_a_half_r2f_00023_1048576_terminal|rotating|1346371075|8193|8193
1786209101553|1068|mixed_15min_a_half_r2f_00024_1048576_active|fixed|1346362883|8193|8193
1786209101553|1068|mixed_15min_a_half_r2f_00024_1048576_active|rotating|1346371075|8193|8193
1786209103114|1068|mixed_15min_a_half_r2f_00024_1048576_terminal|fixed|1346371075|8193|8193
1786209103114|1068|mixed_15min_a_half_r2f_00024_1048576_terminal|rotating|1346371075|8193|8193
1786209103620|1069|mixed_15min_a_half_r2f_00025_1048576_active|fixed|1350557187|8193|8193
1786209103620|1069|mixed_15min_a_half_r2f_00025_1048576_active|rotating|1350565379|8193|8193
1786209105196|1069|mixed_15min_a_half_r2f_00025_1048576_terminal|fixed|1350565379|8193|8193
1786209105196|1069|mixed_15min_a_half_r2f_00025_1048576_terminal|rotating|1350565379|8193|8193
1786209105657|1070|mixed_15min_a_half_r2f_00026_1048576_active|fixed|1346362883|8193|8193
1786209105657|1070|mixed_15min_a_half_r2f_00026_1048576_active|rotating|1350565379|8193|8193
1786209107255|1070|mixed_15min_a_half_r2f_00026_1048576_terminal|fixed|1346371075|8193|8193
1786209107255|1070|mixed_15min_a_half_r2f_00026_1048576_terminal|rotating|1346371075|8193|8193
1786209113569|1071|P10_4-MIXED_FORMAL_endpoint_shutdown_terminal|fixed|1350565379|8193|8193
1786209113569|1071|P10_4-MIXED_FORMAL_endpoint_shutdown_terminal|rotating|1346371075|8193|8193
