captured_ms|sequence|label|role|admission_snapshot_words_csv|ps_runtime_words_csv|pl_perf_snapshot_words_csv
1785977402188|1002|sustained_300s_f2r_00001_16777216|fixed|4,1378943233,16781056,6550444,6464414,6480224,6464414,6480224,6464414,11676,11654,5827,5827,0,0,744,0,179891144,179548256,4096,4096,0,0,5827,5827,645824655,645824988,645824663,645824996,0,0,0,0,0,0,0,0,4096,256,131072,4,15|4,0,16777216,262144,64,0,0,0,0,100,0,88,0,25,22,0,1,100,0|10,1364439909,0,5790880,0,0,0,0,0,6513910,0,22,0,320562925,0,320562925,0,2080,315049359,0,7915040,0,0,0,0,0
1785977402188|1002|sustained_300s_f2r_00001_16777216|rotating|4,1378943233,33558272,6628038,6540452,71072,0,71072,0,1506,0,753,0,0,0,5896,5896,4810872,4810872,4096,4096,0,0,753,753,631732297,631732297,631732305,631732305,0,0,0,0,0,0,0,0,4096,256,131072,4,15|4,0,16777216,262144,64,0,0,0,0,100,0,88,0,25,22,0,1,100,0|10,679722526,0,0,0,5767168,0,5767168,0,17886,0,0,22,0,0,0,0,0,0,0,5027119,0,0,0,0,0
1785977407196|1002|sustained_300s_f2r_00001_16777216|fixed|6,1378943233,16781056,13198121,13023609,13056546,13023609,13056546,13023609,23531,23486,11743,11743,0,0,1500,0,362529896,361811464,4096,4096,0,0,11743,11743,966542005,966542338,966542013,966542346,0,0,0,0,0,0,0,0,4096,256,131072,4,15|4,0,16777216,262144,64,0,0,0,0,188,0,176,0,47,44,0,1,188,0|12,1685745195,0,11637088,0,0,0,0,0,13088442,0,44,0,640406659,0,640406659,0,2080,633164028,0,10798563,0,0,0,0,0
1785977407196|1002|sustained_300s_f2r_00001_16777216|rotating|6,1378943233,33558272,13300876,13125185,142710,0,142710,0,3024,0,1512,0,0,0,11834,11834,9660088,9660088,4096,4096,0,0,1512,1512,953612795,953612795,953612803,953612803,0,0,0,0,0,0,0,0,4096,256,131072,4,15|4,0,16777216,262144,64,0,0,0,0,188,0,176,0,47,44,0,1,188,0|12,1002348917,0,0,0,11534336,0,11534336,0,35819,0,0,44,0,0,0,0,0,0,0,5075016,0,0,0,0,0
1785977417451|1003|sustained_300s_f2r_00002_67108864|fixed|10,1378943233,16781056,6551637,6465695,6481417,6465695,6481417,6465695,5854,5833,5832,5832,0,0,744,0,179952192,179609472,4096,4096,0,0,5832,5832,1622700393,1622700726,1622700401,1622700734,0,0,0,0,0,0,0,0,4096,256,131072,4,15|4,0,67108864,262144,256,0,0,0,0,100,0,88,0,25,22,0,1,100,0|20,2341175862,0,5790880,0,0,0,0,0,6512427,0,22,0,320662511,0,320662511,0,2080,315177894,0,7886092,0,0,0,0,0
1785977417451|1003|sustained_300s_f2r_00002_67108864|rotating|10,1378943233,33558272,6628877,6541280,71166,0,71166,0,1508,0,754,0,0,0,5900,5900,4817264,4817264,4096,4096,0,0,754,754,1608769869,1608769869,1608769877,1608769877,0,0,0,0,0,0,0,0,4096,256,131072,4,15|4,0,67108864,262144,256,0,0,0,0,100,0,88,0,25,22,0,1,100,0|20,1656509458,0,0,0,5767168,0,5767168,0,17886,0,0,22,0,0,0,0,0,0,0,5014408,0,0,0,0,0
1785977422461|1003|sustained_300s_f2r_00002_67108864|fixed|12,1378943233,16777471,13197716,13023234,13056046,13023234,13056046,13023234,11794,11749,11747,11747,0,0,1501,0,362480602,361762277,4096,4096,0,0,11748,11748,1943377092,1943377073,1943377100,1943377081,0,0,0,0,0,0,0,0,4096,256,131072,4,15|4,0,67108864,262144,256,0,0,0,0,188,0,176,0,47,44,0,1,188,0|22,2661896532,0,11629184,0,0,0,0,0,13073993,0,44,0,639923605,0,639923605,0,2080,632733690,0,10744151,0,0,0,0,0
1785977422461|1003|sustained_300s_f2r_00002_67108864|rotating|12,1378943233,33558272,13292537,13117092,142616,0,142616,0,3022,0,1511,0,0,0,11832,11832,9653688,9653688,4096,4096,0,0,1511,1511,1929765362,1929765362,1929765370,1929765370,0,0,0,0,0,0,0,0,4096,256,131072,4,15|4,0,67108864,262144,256,0,0,0,0,188,0,176,0,47,44,0,1,188,0|22,1977737662,0,0,0,11534336,0,11534336,0,35772,0,0,44,0,0,0,0,0,0,0,5061308,0,0,0,0,0
1785977427468|1003|sustained_300s_f2r_00002_67108864|fixed|14,1378943233,16781056,19844666,19582311,19631641,19582311,19631641,19582311,17733,17666,17665,17665,0,0,2257,0,545071240,543994120,4096,4096,0,0,17665,17665,2264017422,2264017755,2264017430,2264017763,0,0,0,0,0,0,0,0,4096,256,131072,4,15|4,0,67108864,262144,256,0,0,0,0,276,0,264,0,69,66,0,1,276,0|24,2982541769,0,17459584,0,0,0,0,0,19632742,0,66,0,959111242,0,959111242,0,2080,950208784,0,13607758,0,0,0,0,0
1785977427468|1003|sustained_300s_f2r_00002_67108864|rotating|14,1378943233,33558272,19915822,19652683,213781,0,213781,0,4530,0,2265,0,0,0,17728,17728,14470952,14470952,4096,4096,0,0,2265,2265,2249477089,2249477089,2249477097,2249477097,0,0,0,0,0,0,0,0,4096,256,131072,4,15|4,0,67108864,262144,256,0,0,0,0,276,0,264,0,69,66,0,1,276,0|24,2298231438,0,0,0,17301504,0,17301504,0,53586,0,0,66,0,0,0,0,0,0,0,5104637,0,0,0,0,0
1785977432497|1003|sustained_300s_f2r_00002_67108864|fixed|16,1378943233,16777471,26514491,26163993,26229830,26163993,26229830,26163993,23692,23603,23601,23601,0,0,3016,0,728258631,726822218,4096,4096,0,0,23602,23602,2585713450,2585713463,2585713458,2585713471,0,0,0,0,0,0,0,0,4096,256,131072,4,15|4,0,67108864,262144,256,0,0,0,0,364,0,352,0,91,88,0,1,364,0|26,3304356404,0,23313696,0,0,0,0,0,26216389,0,88,0,1279462349,0,1279462349,0,2080,1268854893,0,16468911,0,0,0,0,0
1785977432497|1003|sustained_300s_f2r_00002_67108864|rotating|16,1378943233,33558272,26594187,26242832,285506,0,285506,0,6050,0,3025,0,0,0,23673,23673,19326536,19326536,4096,4096,0,0,3025,3025,2571765010,2571765010,2571765018,2571765018,0,0,0,0,0,0,0,0,4096,256,131072,4,15|4,0,67108864,262144,256,0,0,0,0,368,0,356,0,92,89,0,1,368,0|26,2619567671,0,0,0,23330816,0,23330816,0,71495,0,0,89,0,0,0,0,0,0,0,5147860,0,0,0,0,0
1785977437507|1003|sustained_300s_f2r_00002_67108864|fixed|18,1378943233,16777471,33165129,32726945,32809120,32726945,32809120,32726945,29634,29524,29521,29521,0,0,3772,0,910923980,909128535,4096,4096,0,0,29522,29522,2906487112,2906487093,2906487120,2906487101,0,0,0,0,0,0,0,0,4096,256,131072,4,15|4,0,67108864,262144,256,0,0,0,0,456,0,444,0,114,111,0,1,456,0|28,3625057905,0,29145408,0,0,0,0,0,32774487,0,111,0,1598705922,0,1598705922,0,2080,1586262760,0,19451384,0,0,0,0,0
1785977437507|1003|sustained_300s_f2r_00002_67108864|rotating|18,1378943233,33558272,33232988,32793255,356861,0,356861,0,7562,0,3781,0,0,0,29582,29582,24156592,24156592,4096,4096,0,0,3781,3781,2892128017,2892128017,2892128025,2892128025,0,0,0,0,0,0,0,0,4096,256,131072,4,15|4,0,67108864,262144,256,0,0,0,0,456,0,444,0,114,111,0,1,456,0|28,2939810548,0,0,0,29097984,0,29097984,0,89310,0,0,111,0,0,0,0,0,0,0,5190182,0,0,0,0,0
1785977442511|1003|sustained_300s_f2r_00002_67108864|fixed|20,1378943233,16777471,39796127,39269348,39368762,39269348,39368762,39269348,35566,35433,35430,35430,0,0,4528,0,1093234846,1091064033,4096,4096,0,0,35431,35431,3226773605,3226773618,3226773613,3226773626,0,0,0,0,0,0,0,0,4096,256,131072,4,15|4,0,67108864,262144,256,0,0,0,0,544,0,532,0,136,133,0,1,544,0|30,3945630298,0,34975808,0,0,0,0,0,39326136,0,133,0,1917820715,0,1917820715,0,2080,1903674150,0,22305851,0,0,0,0,0
1785977442511|1003|sustained_300s_f2r_00002_67108864|rotating|20,1378943233,33558272,39892396,39364557,428406,0,428406,0,9078,0,4539,0,0,0,35515,35515,28999424,28999424,4096,4096,0,0,4539,4539,3213549698,3213549698,3213549706,3213549706,0,0,0,0,0,0,0,0,4096,256,131072,4,15|4,0,67108864,262144,256,0,0,0,0,544,0,532,0,136,133,0,1,544,0|30,3261341623,0,0,0,34865152,0,34865152,0,107196,0,0,133,0,0,0,0,0,0,0,5231205,0,0,0,0,0
1785977447515|1003|sustained_300s_f2r_00002_67108864|fixed|22,1378943233,16777471,46427809,45813272,45929183,45813272,45929183,45813272,41496,41341,41338,41338,0,0,5283,0,1275535243,1273005398,4096,4096,0,0,41339,41339,3546909766,3546909747,3546909774,3546909755,0,0,0,0,0,0,0,0,4096,256,131072,4,15|4,0,67108864,262144,256,0,0,0,0,632,0,620,0,158,155,0,1,632,0|32,4265530976,0,40790400,0,0,0,0,0,45864736,0,155,0,2236267745,0,2236267745,0,2080,2220414685,0,25160016,0,0,0,0,0
1785977447515|1003|sustained_300s_f2r_00002_67108864|rotating|22,1378943233,33558272,46507543,45892133,499477,0,499477,0,10584,0,5292,0,0,0,41409,41409,33810272,33810272,4096,4096,0,0,5292,5292,3532822215,3532822215,3532822223,3532822223,0,0,0,0,0,0,0,0,4096,256,131072,4,15|4,0,67108864,262144,256,0,0,0,0,632,0,620,0,158,155,0,1,632,0|32,3580601676,0,0,0,40632320,0,40632320,0,124963,0,0,155,0,0,0,0,0,0,0,5271634,0,0,0,0,0
1785977452527|1003|sustained_300s_f2r_00002_67108864|fixed|24,1378943233,16777471,53077662,52375333,52507587,52375333,52507587,52375333,47442,47266,47262,47262,0,0,6040,0,1458323823,1455434930,4096,4096,0,0,47263,47263,3867892683,3867892696,3867892691,3867892704,0,0,0,0,0,0,0,0,4096,256,131072,4,15|4,0,67108864,262144,256,0,0,0,0,720,0,708,0,180,177,0,1,720,0|34,291389399,1,46628704,0,0,0,0,0,52423223,0,177,0,2555633888,0,2555633888,0,2080,2538084814,0,28008791,0,0,0,0,0
1785977452527|1003|sustained_300s_f2r_00002_67108864|rotating|24,1378943233,33558272,53148068,52444983,570824,0,570824,0,12096,0,6048,0,0,0,47325,47325,38640296,38640296,4096,4096,0,0,6048,6048,3853378670,3853378670,3853378678,3853378678,0,0,0,0,0,0,0,0,4096,256,131072,4,15|5,0,67108864,262144,256,0,0,0,0,724,0,712,0,181,178,0,1,724,0|34,3901629813,0,0,0,46661632,0,46661632,0,142847,0,0,178,0,0,0,0,0,0,0,5320034,0,0,0,0,0
1785977457546|1003|sustained_300s_f2r_00002_67108864|fixed|26,1378943233,16781056,59732400,58942375,59090884,58942375,59090884,58942375,53388,53190,53187,53187,0,0,6797,0,1641138072,1637890392,4096,4096,0,0,53187,53187,4188922008,4188922341,4188922016,4188922349,0,0,0,0,0,0,0,0,4096,256,131072,4,15|4,0,67108864,262144,256,0,0,0,0,812,0,800,0,203,200,0,1,812,0|36,612678630,1,52468320,0,0,0,0,0,58991712,0,200,0,2875463215,0,2875463215,0,2080,2856064855,0,31006541,0,0,0,0,0
1785977457546|1003|sustained_300s_f2r_00002_67108864|rotating|26,1378943233,33558272,59812592,59020911,642462,0,642462,0,13614,0,6807,0,0,0,53258,53258,43489528,43489528,4096,4096,0,0,6807,6807,4175046266,4175046266,4175046274,4175046274,0,0,0,0,0,0,0,0,4096,256,131072,4,15|4,0,67108864,262144,256,0,0,0,0,812,0,800,0,203,200,0,1,812,0|36,4223190238,0,0,0,52428800,0,52428800,0,160734,0,0,200,0,0,0,0,0,0,0,5360516,0,0,0,0,0
1785977462555|1003|sustained_300s_f2r_00002_67108864|fixed|28,1378943233,16777471,66381251,65502537,65668285,65502537,65668285,65502537,59330,59109,59105,59105,0,0,7554,0,1823744848,1820121560,4096,4096,0,0,59106,59106,214771028,214771033,214771012,214771009,0,0,0,0,0,0,0,0,4096,256,131072,4,15|4,0,67108864,262144,256,0,0,0,0,900,0,888,0,225,222,0,1,900,0|38,933264435,1,58298720,0,0,0,0,0,65550835,0,222,0,3194591420,0,3194591420,0,2080,3173488688,0,33861977,0,0,0,0,0
1785977462555|1003|sustained_300s_f2r_00002_67108864|rotating|28,1378943233,33557555,66465535,65585868,713912,0,713912,0,15128,0,7564,0,0,0,59180,59180,48324201,48324201,4096,4096,0,0,7564,7564,201071863,201071863,201071871,201071871,0,0,0,0,0,0,0,0,4096,256,131072,4,15|4,0,67108864,262144,256,0,0,0,0,900,0,888,0,225,222,0,1,900,0|38,249640196,1,0,0,58195968,0,58195968,0,178620,0,0,222,0,0,0,0,0,0,0,5399780,0,0,0,0,0
1785977467567|1003|sustained_300s_f2r_00002_67108864|fixed|30,1378943233,16777471,73023034,72056488,72238712,72056488,72238712,72056488,65267,65024,65020,65020,0,0,8310,0,2006281285,2002298952,4096,4096,0,0,65021,65021,535328107,535328120,535328115,535328128,0,0,0,0,0,0,0,0,4096,256,131072,4,15|4,0,67108864,262144,256,0,0,0,0,988,0,976,0,247,244,0,1,988,0|40,1253927464,1,64129120,0,0,0,0,0,72106229,0,244,0,3513796849,0,3513796849,0,2080,3490972817,0,36734341,0,0,0,0,0
1785977467567|1003|sustained_300s_f2r_00002_67108864|rotating|30,1378943233,33558272,73101831,72134424,785172,0,785172,0,16638,0,8319,0,0,0,65091,65091,53149592,53149592,4096,4096,0,0,8319,8319,521222119,521222119,521222127,521222127,0,0,0,0,0,0,0,0,4096,256,131072,4,15|4,0,67108864,262144,256,0,0,0,0,988,0,976,0,247,244,0,1,988,0|40,569254420,1,0,0,63963136,0,63963136,0,196409,0,0,244,0,0,0,0,0,0,0,5441741,0,0,0,0,0
1785977480231|1005|sustained_300s_f2r_00004_16777216|fixed|36,1378943233,16777471,6119178,6034679,6049239,6034679,6049239,6034679,5830,5808,5807,5807,0,0,741,0,179259384,178918528,4096,4096,0,0,5808,5808,1345888702,1345888699,1345888678,1345888691,0,0,0,0,0,0,0,0,4096,256,131072,4,15|4,0,16777216,262144,64,0,0,0,0,96,0,84,0,24,22,0,1,100,0|54,2064584785,1,5775072,0,0,0,0,0,6082740,0,22,0,319950812,0,319950812,0,2080,314093444,0,8349580,0,0,0,0,0
1785977480231|1005|sustained_300s_f2r_00004_16777216|rotating|36,1378943233,33558272,6191239,6105229,70787,0,70787,0,1500,0,750,0,0,0,5875,5875,4791688,4791688,4096,4096,0,0,750,750,1331546377,1331546377,1331546385,1331546385,0,0,0,0,0,0,0,0,4096,256,131072,4,15|4,0,16777216,262144,64,0,0,0,0,100,0,88,0,25,22,0,1,100,0|54,1379691543,1,0,0,5767168,0,5767168,0,17815,0,0,22,0,0,0,0,0,0,0,5536752,0,0,0,0,0
1785977485245|1005|sustained_300s_f2r_00004_16777216|fixed|38,1378943233,16777471,12360254,12187944,12218774,12187944,12218774,12187944,11776,11732,11730,11730,0,0,1499,0,362074034,361356168,4096,4096,0,0,11731,11731,1666918403,1666918416,1666918411,1666918400,0,0,0,0,0,0,0,0,4096,256,131072,4,15|4,0,16777216,262144,64,0,0,0,0,188,0,176,0,47,44,0,1,188,0|56,2385260913,1,11605472,0,0,0,0,0,12232149,0,44,0,639169340,0,639169340,0,2080,631625883,0,11186733,0,0,0,0,0
1785977485245|1005|sustained_300s_f2r_00004_16777216|rotating|38,1378943233,33558272,12431141,12258110,142238,0,142238,0,3014,0,1507,0,0,0,11797,11797,9628168,9628168,4096,4096,0,0,1507,1507,1652520975,1652520975,1652520983,1652520983,0,0,0,0,0,0,0,0,4096,256,131072,4,15|4,0,16777216,262144,64,0,0,0,0,188,0,176,0,47,44,0,1,188,0|56,1700112437,1,0,0,11534336,0,11534336,0,35654,0,0,44,0,0,0,0,0,0,0,5577636,0,0,0,0,0
1785977495544|1006|sustained_300s_f2r_00005_67108864|fixed|42,1378943233,16781056,6149474,6065817,6079722,6065817,6079722,6065817,5815,5794,5793,5793,0,0,739,0,178818424,178476968,4096,4096,0,0,5793,5793,2326049356,2326049681,2326049364,2326049689,0,0,0,0,0,0,0,0,4096,256,131072,4,15|4,0,67108864,262144,256,0,0,0,0,96,0,84,0,24,21,0,1,96,0|64,3044771023,1,5765856,0,0,0,0,0,6117263,0,21,0,320227868,0,320227868,0,2048,313465823,0,9634678,0,0,0,0,0
1785977495544|1006|sustained_300s_f2r_00005_67108864|rotating|42,1378943233,33558272,6215577,6130467,70598,0,70598,0,1496,0,748,0,0,0,5855,5855,4778928,4778928,4096,4096,0,0,748,748,2311509328,2311509328,2311509336,2311509336,0,0,0,0,0,0,0,0,4096,256,131072,4,15|4,0,67108864,262144,256,0,0,0,0,100,0,88,0,25,22,0,1,100,0|64,2359582811,1,0,0,5767168,0,5767168,0,17768,0,0,22,0,0,0,0,0,0,0,6902018,0,0,0,0,0
1785977500556|1006|sustained_300s_f2r_00005_67108864|fixed|44,1378943233,16777471,12434485,12263246,12293195,12263246,12293195,12263246,11760,11714,11712,11712,0,0,1497,0,361536767,360819992,4096,4096,0,0,11713,11713,2646916150,2646916179,2646916158,2646916139,0,0,0,0,0,0,0,0,4096,256,131072,4,15|4,0,67108864,262144,256,0,0,0,0,188,0,176,0,47,44,0,1,188,0|66,3365430766,1,11589664,0,0,0,0,0,12310041,0,44,0,639431659,0,639431659,0,2080,630844194,0,12605168,0,0,0,0,0
1785977500556|1006|sustained_300s_f2r_00005_67108864|rotating|44,1378943233,33558272,12499874,12327802,141953,0,141953,0,3008,0,1504,0,0,0,11774,11774,9608984,9608984,4096,4096,0,0,1504,1504,2632184177,2632184177,2632184185,2632184185,0,0,0,0,0,0,0,0,4096,256,131072,4,15|4,0,67108864,262144,256,0,0,0,0,188,0,176,0,47,44,0,1,188,0|66,2680268836,1,0,0,11534336,0,11534336,0,35606,0,0,44,0,0,0,0,0,0,0,6951184,0,0,0,0,0
1785977505557|1006|sustained_300s_f2r_00005_67108864|fixed|46,1378943233,16777471,18717547,18458814,18504901,18458814,18504901,18458814,17702,17634,17631,17631,0,0,2253,0,544236544,543161118,4096,4096,0,0,17632,17632,2967616908,2967616889,2967616900,2967616897,0,0,0,0,0,0,0,0,4096,256,131072,4,15|4,0,67108864,262144,256,0,0,0,0,276,0,264,0,69,66,0,1,276,0|68,3686740745,1,17435872,0,0,0,0,0,18518030,0,66,0,959280086,0,959280086,0,2080,949004167,0,15448080,0,0,0,0,0
1785977505557|1006|sustained_300s_f2r_00005_67108864|rotating|46,1378943233,33558272,18816242,18556421,213686,0,213686,0,4528,0,2264,0,0,0,17724,17724,14464576,14464576,4096,4096,0,0,2264,2264,2954453798,2954453798,2954453806,2954453806,0,0,0,0,0,0,0,0,4096,256,131072,4,15|4,0,67108864,262144,256,0,0,0,0,276,0,264,0,69,66,0,1,276,0|68,3002728407,1,0,0,17301504,0,17301504,0,53539,0,0,66,0,0,0,0,0,0,0,6992454,0,0,0,0,0
1785977510557|1006|sustained_300s_f2r_00005_67108864|fixed|48,1378943233,16777471,24970774,24625974,24687056,24625974,24687056,24625974,23615,23524,23521,23521,0,0,3006,0,726064467,724628462,4096,4096,0,0,23522,23522,3286790440,3286790421,3286790448,3286790429,0,0,0,0,0,0,0,0,4096,256,131072,4,15|4,0,67108864,262144,256,0,0,0,0,364,0,352,0,91,88,0,1,364,0|70,4005423105,1,23234656,0,0,0,0,0,24674923,0,88,0,1276512750,0,1276512750,0,2080,1264537924,0,18291263,0,0,0,0,0
1785977510557|1006|sustained_300s_f2r_00005_67108864|rotating|48,1378943233,33558272,25059356,24713639,284661,0,284661,0,6032,0,3016,0,0,0,23605,23605,19269024,19269024,4096,4096,0,0,3016,3016,3273285565,3273285565,3273285573,3273285573,0,0,0,0,0,0,0,0,4096,256,131072,4,15|4,0,67108864,262144,256,0,0,0,0,364,0,352,0,91,88,0,1,364,0|70,3321371957,1,0,0,23068672,0,23068672,0,71282,0,0,88,0,0,0,0,0,0,0,7037432,0,0,0,0,0
1785977515563|1006|sustained_300s_f2r_00005_67108864|fixed|50,1378943233,16777471,31273075,30841939,30917816,30841939,30917816,30841939,29574,29461,29458,29458,0,0,3764,0,909332706,907534965,4096,4096,0,0,29459,29459,3608472537,3608472534,3608472545,3608472542,0,0,0,0,0,0,0,0,4096,256,131072,4,15|4,0,67108864,262144,256,0,0,0,0,452,0,440,0,113,110,0,1,452,0|72,31984465,2,29080864,0,0,0,0,0,30887083,0,110,0,1596579854,0,1596579854,0,2080,1582917376,0,21133373,0,0,0,0,0
1785977515563|1006|sustained_300s_f2r_00005_67108864|rotating|50,1378943233,33558272,31377192,30944034,356483,0,356483,0,7554,0,3777,0,0,0,29556,29556,24131008,24131008,4096,4096,0,0,3777,3777,3595786221,3595786221,3595786229,3595786229,0,0,0,0,0,0,0,0,4096,256,131072,4,15|4,0,67108864,262144,256,0,0,0,0,456,0,444,0,114,111,0,1,456,0|72,3652083994,1,0,0,29097984,0,29097984,0,89687,0,0,111,0,0,0,0,0,0,0,7085722,0,0,0,0,0
1785977520564|1006|sustained_300s_f2r_00005_67108864|fixed|52,1378943233,16781056,37525774,37007949,37099449,37007949,37099449,37007949,35485,35351,35348,35348,0,0,4517,0,1091125240,1088967392,4096,4096,0,0,35348,35348,3927580906,3927581247,3927580914,3927581255,0,0,0,0,0,0,0,0,4096,256,131072,4,15|4,0,67108864,262144,256,0,0,0,0,544,0,532,0,136,133,0,1,544,0|74,351552143,2,34888864,0,0,0,0,0,37058171,0,133,0,1914695532,0,1914695532,0,2080,1899202368,0,24105735,0,0,0,0,0
1785977520564|1006|sustained_300s_f2r_00005_67108864|rotating|52,1378943233,33558272,37629852,37110077,427554,0,427554,0,9060,0,4530,0,0,0,35446,35446,28941920,28941920,4096,4096,0,0,4530,4530,3915047774,3915047774,3915047782,3915047782,0,0,0,0,0,0,0,0,4096,256,131072,4,15|4,0,67108864,262144,256,0,0,0,0,544,0,532,0,136,133,0,1,544,0|74,3965197991,1,0,0,34865152,0,34865152,0,107125,0,0,133,0,0,0,0,0,0,0,7137591,0,0,0,0,0
1785977525605|1006|sustained_300s_f2r_00005_67108864|fixed|54,1378943233,16779144,43837187,43230564,43339035,43230564,43339035,43230564,41455,41298,41295,41295,0,0,5278,0,1274697576,1272163872,4096,4096,0,0,41295,41295,4249920985,4249921326,4249920993,4249921334,0,0,0,0,0,0,0,0,4096,256,131072,4,15|4,0,67108864,262144,256,0,0,0,0,632,0,620,0,158,155,0,1,632,0|76,674722251,2,40766688,0,0,0,0,0,43299952,0,155,0,2236396184,0,2236396184,0,2080,2219221634,0,26948367,0,0,0,0,0
1785977525605|1006|sustained_300s_f2r_00005_67108864|rotating|54,1378943233,33558272,43927057,43319463,499099,0,499099,0,10576,0,5288,0,0,0,41379,41379,33784744,33784744,4096,4096,0,0,5288,5288,4236457592,4236457592,4236457600,4236457600,0,0,0,0,0,0,0,0,4096,256,131072,4,15|4,0,67108864,262144,256,0,0,0,0,632,0,620,0,158,155,0,1,632,0|76,4286027847,1,0,0,40632320,0,40632320,0,124963,0,0,155,0,0,0,0,0,0,0,7182018,0,0,0,0,0
1785977530607|1006|sustained_300s_f2r_00005_67108864|fixed|56,1378943233,16780339,50106969,49413469,49537556,49413469,49537556,49413469,47387,47207,47203,47203,0,0,6033,0,1457064688,1454172696,4096,4096,0,0,47204,47204,275092807,275092804,275092775,275092780,0,0,0,0,0,0,0,0,4096,256,131072,4,15|4,0,67108864,262144,256,0,0,0,0,720,0,708,0,180,177,0,1,720,0|78,993008618,2,46557568,0,0,0,0,0,49447173,0,177,0,2553234831,0,2553234831,0,2080,2534360148,0,29791079,0,0,0,0,0
1785977530607|1006|sustained_300s_f2r_00005_67108864|rotating|56,1378943233,33558272,50197303,49502810,570356,0,570356,0,12086,0,6043,0,0,0,47288,47288,38608336,38608336,4096,4096,0,0,6043,6043,261610883,261610883,261610891,261610891,0,0,0,0,0,0,0,0,4096,256,131072,4,15|4,0,67108864,262144,256,0,0,0,0,720,0,708,0,180,177,0,1,720,0|78,309558948,2,0,0,46399488,0,46399488,0,142706,0,0,177,0,0,0,0,0,0,0,7226279,0,0,0,0,0
1785977535609|1006|sustained_300s_f2r_00005_67108864|fixed|58,1378943233,16777471,56380252,55600260,55739579,55600260,55739579,55600260,53317,53116,53111,53111,0,0,6788,0,1639451495,1636201034,4096,4096,0,0,53112,53112,595236224,595236221,595236232,595236237,0,0,0,0,0,0,0,0,4096,256,131072,4,15|4,0,67108864,262144,256,0,0,0,0,808,0,796,0,202,199,0,1,808,0|80,1313808043,2,52395872,0,0,0,0,0,55645862,0,199,0,2872574680,0,2872574680,0,2080,2852010819,0,32633018,0,0,0,0,0
1785977535609|1006|sustained_300s_f2r_00005_67108864|rotating|58,1378943233,33558272,56456359,55675484,641516,0,641516,0,13594,0,6797,0,0,0,53183,53183,43425616,43425616,4096,4096,0,0,6797,6797,581300957,581300957,581300965,581300965,0,0,0,0,0,0,0,0,4096,256,131072,4,15|4,0,67108864,262144,256,0,0,0,0,812,0,800,0,203,200,0,1,812,0|80,629786301,2,0,0,52428800,0,52428800,0,160521,0,0,200,0,0,0,0,0,0,0,7265235,0,0,0,0,0
1785977540623|1006|sustained_300s_f2r_00005_67108864|fixed|60,1378943233,16777471,62672432,61805225,61960318,61805225,61960318,61805225,59265,59042,59038,59038,0,0,7545,0,1822385242,1818775653,4096,4096,0,0,59038,59038,916334391,916334724,916334399,916334732,0,0,0,0,0,0,0,0,4096,256,131072,4,15|4,0,67108864,262144,256,0,0,0,0,900,0,888,0,225,222,0,1,900,0|82,1634717528,2,58227584,0,0,0,0,0,61843615,0,222,0,3192026237,0,3192026237,0,2080,3169638001,0,35604160,0,0,0,0,0
1785977540623|1006|sustained_300s_f2r_00005_67108864|rotating|60,1378943233,33558272,62736460,61867813,712872,0,712872,0,15106,0,7553,0,0,0,59098,59098,48255672,48255672,4096,4096,0,0,7553,7553,901652628,901652628,901652636,901652636,0,0,0,0,0,0,0,0,4096,256,131072,4,15|4,0,67108864,262144,256,0,0,0,0,900,0,888,0,225,222,0,1,900,0|82,949665608,2,0,0,58195968,0,58195968,0,178336,0,0,222,0,0,0,0,0,0,0,7307614,0,0,0,0,0
1785977545626|1006|sustained_300s_f2r_00005_67108864|fixed|62,1378943233,16777471,68940159,67985249,68156784,67985249,68156784,67985249,65192,64946,64941,64941,0,0,8300,0,2004621992,2000636648,4096,4096,0,0,64942,64942,1236353128,1236353165,1236353144,1236353149,0,0,0,0,0,0,0,0,4096,256,131072,4,15|4,0,67108864,262144,256,0,0,0,0,988,0,976,0,247,244,0,1,988,0|84,1954995465,2,64050080,0,0,0,0,0,68031381,0,244,0,3510848550,0,3510848550,0,2080,3486768625,0,38445216,0,0,0,0,0
1785977545626|1006|sustained_300s_f2r_00005_67108864|rotating|62,1378943233,33558272,69029999,68073986,784416,0,784416,0,16622,0,8311,0,0,0,65026,65026,53098488,53098488,4096,4096,0,0,8311,8311,1223060866,1223060866,1223060874,1223060874,0,0,0,0,0,0,0,0,4096,256,131072,4,15|4,0,67108864,262144,256,0,0,0,0,988,0,976,0,247,244,0,1,988,0|84,1270949861,2,0,0,63963136,0,63963136,0,196198,0,0,244,0,0,0,0,0,0,0,7345971,0,0,0,0,0
1785977558394|1008|sustained_300s_f2r_00007_16777216|fixed|68,1378943233,16777471,6532931,6447047,6462899,6447047,6462899,6447047,5838,5816,5815,5815,0,0,742,0,179433654,179090681,4096,4096,0,0,5816,5816,2053502619,2053502632,2053502627,2053502640,0,0,0,0,0,0,0,0,4096,256,131072,4,15|4,0,16777216,262144,64,0,0,0,0,100,0,88,0,25,22,0,1,100,0|98,2772137160,2,5782976,0,0,0,0,0,6497080,0,22,0,319964884,0,319964884,0,2080,314450422,0,7914217,0,0,0,0,0
1785977558394|1008|sustained_300s_f2r_00007_16777216|rotating|68,1378943233,33558272,6609785,6522351,70882,0,70882,0,1502,0,751,0,0,0,5883,5883,4798072,4798072,4096,4096,0,0,751,751,2039173114,2039173114,2039173122,2039173122,0,0,0,0,0,0,0,0,4096,256,131072,4,15|4,0,16777216,262144,64,0,0,0,0,100,0,88,0,25,22,0,1,100,0|98,2087290080,2,0,0,5767168,0,5767168,0,17838,0,0,22,0,0,0,0,0,0,0,5030104,0,0,0,0,0
1785977563401|1008|sustained_300s_f2r_00007_16777216|fixed|70,1378943233,16777471,13174254,13000046,13032869,13000046,13032869,13000046,11773,11728,11727,11727,0,0,1498,0,361866554,361148229,4096,4096,0,0,11728,11728,2374010026,2374010007,2374010034,2374010015,0,0,0,0,0,0,0,0,4096,256,131072,4,15|4,0,16777216,262144,64,0,0,0,0,188,0,176,0,47,44,0,1,188,0|100,3092669038,2,11613376,0,0,0,0,0,13053482,0,44,0,639039162,0,639039162,0,2080,631803498,0,10786483,0,0,0,0,0
1785977563401|1008|sustained_300s_f2r_00007_16777216|rotating|70,1378943233,33558272,13255059,13079995,142238,0,142238,0,3014,0,1507,0,0,0,11799,11799,9628168,9628168,4096,4096,0,0,1507,1507,2359753046,2359753046,2359753054,2359753054,0,0,0,0,0,0,0,0,4096,256,131072,4,15|4,0,16777216,262144,64,0,0,0,0,188,0,176,0,47,44,0,1,188,0|100,2407656146,2,0,0,11534336,0,11534336,0,35654,0,0,44,0,0,0,0,0,0,0,5079794,0,0,0,0,0
1785977573785|1009|sustained_300s_f2r_00008_16777216|fixed|74,1378943233,16777471,6190841,6105322,6120621,6105322,6120621,6105322,5855,5833,5832,5832,0,0,744,0,180050232,179706888,4096,4096,0,0,5833,5833,3038837014,3038837019,3038836998,3038837011,0,0,0,0,0,0,0,0,4096,256,131072,4,15|4,0,16777216,262144,64,0,0,0,0,100,0,88,0,25,22,0,1,100,0|108,3757252054,2,5790880,0,0,0,0,0,6148458,0,22,0,320732051,0,320732051,0,2080,315172115,0,7985697,0,0,0,0,0
1785977573785|1009|sustained_300s_f2r_00008_16777216|rotating|74,1378943233,33558272,6250233,6163296,70977,0,70977,0,1504,0,752,0,0,0,5888,5888,4804472,4804472,4096,4096,0,0,752,752,3023996171,3023996171,3023996179,3023996179,0,0,0,0,0,0,0,0,4096,256,131072,4,15|4,0,16777216,262144,64,0,0,0,0,100,0,88,0,25,22,0,1,100,0|108,3072980558,2,0,0,5767168,0,5767168,0,17910,0,0,22,0,0,0,0,0,0,0,5123698,0,0,0,0,0
1785977578793|1009|sustained_300s_f2r_00008_16777216|fixed|76,1378943233,16781056,12460570,12287378,12318900,12287378,12318900,12287378,11790,11745,11745,11745,0,0,1501,0,362548960,361830784,4096,4096,0,0,11745,11745,3359308259,3359308600,3359308267,3359308608,0,0,0,0,0,0,0,0,4096,256,131072,4,15|4,0,16777216,262144,64,0,0,0,0,188,0,176,0,47,44,0,1,188,0|110,4077792102,2,11621280,0,0,0,0,0,12334527,0,44,0,639814499,0,639814499,0,2080,632552687,0,10838637,0,0,0,0,0
1785977578793|1009|sustained_300s_f2r_00008_16777216|rotating|76,1378943233,33558272,12539877,12365780,142522,0,142522,0,3020,0,1510,0,0,0,11819,11819,9647304,9647304,4096,4096,0,0,1510,1510,3345416289,3345416289,3345416297,3345416297,0,0,0,0,0,0,0,0,4096,256,131072,4,15|4,0,16777216,262144,64,0,0,0,0,188,0,176,0,47,44,0,1,188,0|110,3394289540,2,0,0,11534336,0,11534336,0,35795,0,0,44,0,0,0,0,0,0,0,5174936,0,0,0,0,0
1785977593374|1011|sustained_300s_f2r_00010_16777216|fixed|82,1378943233,16781056,6146085,6061279,6076239,6061279,6076239,6061279,5818,5796,5796,5796,0,0,740,0,178909328,178568456,4096,4096,0,0,5796,5796,4292304240,4292304597,4292304248,4292304605,0,0,0,0,0,0,0,0,4096,256,131072,4,15|4,0,16777216,262144,64,0,0,0,0,96,0,84,0,24,21,0,1,96,0|124,716033592,3,5765856,0,0,0,0,0,6112676,0,21,0,320362599,0,320362599,0,2080,313601960,0,9633174,0,0,0,0,0
1785977593374|1011|sustained_300s_f2r_00010_16777216|rotating|82,1378943233,33558272,6218247,6132014,70692,0,70692,0,1498,0,749,0,0,0,5864,5864,4785304,4785304,4096,4096,0,0,749,749,4278160735,4278160735,4278160751,4278160751,0,0,0,0,0,0,0,0,4096,256,131072,4,15|4,0,16777216,262144,64,0,0,0,0,100,0,88,0,25,22,0,1,100,0|124,31151189,3,0,0,5767168,0,5767168,0,17791,0,0,22,0,0,0,0,0,0,0,6898222,0,0,0,0,0
1785977598387|1011|sustained_300s_f2r_00010_16777216|fixed|84,1378943233,16777471,12425212,12252986,12283922,12252986,12283922,12252986,11761,11717,11715,11715,0,0,1497,0,361638080,360920367,4096,4096,0,0,11716,11716,318217296,318217277,318217288,318217285,0,0,0,0,0,0,0,0,4096,256,131072,4,15|4,0,16777216,262144,64,0,0,0,0,188,0,176,0,47,44,0,1,188,0|126,1036899336,3,11597568,0,0,0,0,0,12304014,0,44,0,639770415,0,639770415,0,2080,631186102,0,12603615,0,0,0,0,0
1785977598387|1011|sustained_300s_f2r_00010_16777216|rotating|84,1378943233,33558272,12498640,12325499,142143,0,142143,0,3012,0,1506,0,0,0,11785,11785,9621776,9621776,4096,4096,0,0,1506,1506,304172292,304172292,304172300,304172300,0,0,0,0,0,0,0,0,4096,256,131072,4,15|4,0,16777216,262144,64,0,0,0,0,188,0,176,0,47,44,0,1,188,0|126,351972171,3,0,0,11534336,0,11534336,0,35630,0,0,44,0,0,0,0,0,0,0,6945925,0,0,0,0,0
1785977608636|1012|sustained_300s_f2r_00011_16777216|fixed|88,1378943233,16777471,6543695,6457552,6473475,6457552,6473475,6457552,11676,11654,5827,5827,0,0,744,0,179889801,179546580,4096,4096,0,0,5827,5827,974164424,974164757,974164432,974164765,0,0,0,0,0,0,0,0,4096,256,131072,4,15|4,0,16777216,262144,64,0,0,0,0,100,0,88,0,25,22,0,1,100,0|134,1692804614,3,5790880,0,0,0,0,0,6507796,0,22,0,320559029,0,320559029,0,2080,315073926,0,7886435,0,0,0,0,0
1785977608636|1012|sustained_300s_f2r_00011_16777216|rotating|88,1378943233,33558272,6629089,6541294,71166,0,71166,0,1508,0,754,0,0,0,5903,5903,4817264,4817264,4096,4096,0,0,754,754,960507172,960507172,960507180,960507180,0,0,0,0,0,0,0,0,4096,256,131072,4,15|4,0,16777216,262144,64,0,0,0,0,100,0,88,0,25,22,0,1,100,0|134,1008706997,3,0,0,5767168,0,5767168,0,17910,0,0,22,0,0,0,0,0,0,0,5017163,0,0,0,0,0
1785977613645|1012|sustained_300s_f2r_00011_16777216|fixed|90,1378943233,16781056,13187484,13012881,13045909,13012881,13045909,13012881,23530,23484,11742,11742,0,0,1500,0,362499024,361780592,4096,4096,0,0,11742,11742,1294808960,1294809293,1294808968,1294809301,0,0,0,0,0,0,0,0,4096,256,131072,4,15|4,0,16777216,262144,64,0,0,0,0,188,0,176,0,47,44,0,1,188,0|136,2013457176,3,11621280,0,0,0,0,0,13066104,0,44,0,639753991,0,639753991,0,2080,632555903,0,10750484,0,0,0,0,0
1785977613645|1012|sustained_300s_f2r_00011_16777216|rotating|90,1378943233,33558272,13265305,13089824,142427,0,142427,0,3018,0,1509,0,0,0,11811,11811,9640920,9640920,4096,4096,0,0,1509,1509,1280649076,1280649076,1280649092,1280649092,0,0,0,0,0,0,0,0,4096,256,131072,4,15|4,0,16777216,262144,64,0,0,0,0,188,0,176,0,47,44,0,1,188,0|136,1328436951,3,0,0,11534336,0,11534336,0,35701,0,0,44,0,0,0,0,0,0,0,5060970,0,0,0,0,0
1785977628315|1014|sustained_300s_f2r_00013_16777216|fixed|96,1378943233,16781056,6205802,6120116,6135299,6120116,6135299,6120116,5873,5851,5851,5851,0,0,747,0,180610952,180267872,4096,4096,0,0,5851,5851,2234858517,2234858842,2234858525,2234858850,0,0,0,0,0,0,0,0,4096,256,131072,4,15|4,0,16777216,262144,64,0,0,0,0,100,0,88,0,25,22,0,1,100,0|150,2957756909,3,5893632,0,0,0,0,0,6250526,0,22,0,326151781,0,326151781,0,2080,320620066,0,7986201,0,0,0,0,0
1785977628315|1014|sustained_300s_f2r_00013_16777216|rotating|96,1378943233,33558272,6366078,6277968,72302,0,72302,0,1532,0,766,0,0,0,6002,6002,4893952,4893952,4096,4096,0,0,766,766,2225067333,2225067333,2225067341,2225067341,0,0,0,0,0,0,0,0,4096,256,131072,4,15|4,0,16777216,262144,64,0,0,0,0,100,0,88,0,25,22,0,1,100,0|150,2274143789,3,0,0,5767168,0,5767168,0,18240,0,0,22,0,0,0,0,0,0,0,5120391,0,0,0,0,0
1785977633346|1014|sustained_300s_f2r_00013_16777216|fixed|98,1378943233,16777471,12489757,12316638,12347804,12316638,12347804,12316638,11821,11777,11775,11775,0,0,1504,0,363492770,362774429,4096,4096,0,0,11776,11776,2556007766,2556007779,2556007782,2556007787,0,0,0,0,0,0,0,0,4096,256,131072,4,15|4,0,16777216,262144,64,0,0,0,0,188,0,176,0,47,44,0,1,188,0|152,3276280831,3,11684512,0,0,0,0,0,12398716,0,44,0,643227983,0,643227983,0,2080,635993071,0,10831977,0,0,0,0,0
1785977633346|1014|sustained_300s_f2r_00013_16777216|rotating|98,1378943233,33558272,12602235,12427722,143278,0,143278,0,3036,0,1518,0,0,0,11881,11881,9698408,9698408,4096,4096,0,0,1518,1518,2543901674,2543901674,2543901682,2543901682,0,0,0,0,0,0,0,0,4096,256,131072,4,15|4,0,16777216,262144,64,0,0,0,0,188,0,176,0,47,44,0,1,188,0|152,2592467688,3,0,0,11534336,0,11534336,0,35959,0,0,44,0,0,0,0,0,0,0,5163067,0,0,0,0,0
1785977643493|1015|sustained_300s_f2r_00014_16777216|fixed|102,1378943233,16778188,6137494,6052897,6067368,6052897,6067368,6052897,5847,5825,5825,5825,0,0,743,0,179800504,179459848,4096,4096,0,0,5825,5825,3205189559,3205189900,3205189567,3205189908,0,0,0,0,0,0,0,0,4096,256,131072,4,15|4,0,16777216,262144,64,0,0,0,0,100,0,88,0,25,22,0,1,100,0|160,3923314170,3,5782976,0,0,0,0,0,6089515,0,22,0,320242273,0,320242273,0,2080,314451721,0,8284513,0,0,0,0,0
1785977643493|1015|sustained_300s_f2r_00014_16777216|rotating|102,1378943233,33558272,6197388,6111363,70882,0,70882,0,1502,0,751,0,0,0,5881,5881,4798072,4798072,4096,4096,0,0,751,751,3190350636,3190350636,3190350644,3190350644,0,0,0,0,0,0,0,0,4096,256,131072,4,15|4,0,16777216,262144,64,0,0,0,0,100,0,88,0,25,22,0,1,100,0|160,3238885671,3,0,0,5767168,0,5767168,0,17862,0,0,22,0,0,0,0,0,0,0,5486779,0,0,0,0,0
1785977648494|1015|sustained_300s_f2r_00014_16777216|fixed|104,1378943233,16777471,12354795,12182607,12213410,12182607,12213410,12182607,11774,11728,11727,11727,0,0,1498,0,362006208,361288315,4096,4096,0,0,11728,11728,3525205928,3525205917,3525205904,3525205925,0,0,0,0,0,0,0,0,4096,256,131072,4,15|4,0,16777216,262144,64,0,0,0,0,188,0,176,0,47,44,0,1,188,0|162,4243701608,3,11605472,0,0,0,0,0,12229451,0,44,0,639174087,0,639174087,0,2080,631650901,0,11166514,0,0,0,0,0
1785977648494|1015|sustained_300s_f2r_00014_16777216|rotating|104,1378943233,33558272,12429303,12256314,142238,0,142238,0,3014,0,1507,0,0,0,11798,11798,9628168,9628168,4096,4096,0,0,1507,1507,3510940297,3510940297,3510940305,3510940305,0,0,0,0,0,0,0,0,4096,256,131072,4,15|4,0,16777216,262144,64,0,0,0,0,188,0,176,0,47,44,0,1,188,0|162,3559010809,3,0,0,11534336,0,11534336,0,35677,0,0,44,0,0,0,0,0,0,0,5535743,0,0,0,0,0
1785977702163|1028|sustained_300s_r2f_00001_16777216|fixed|132,1378943233,16781056,6540478,6454727,70018,0,70018,0,1486,0,743,0,0,0,5824,5824,4746960,4746960,4096,4096,0,0,743,743,2664926604,2664926604,2664926612,2664926612,0,0,0,0,0,0,0,0,4096,256,131072,4,15|5,0,16777216,262144,64,0,0,0,0,100,0,88,0,25,22,0,1,100,0|242,3383852203,4,0,0,5767168,0,5767168,0,17669,0,0,22,0,0,0,0,0,0,0,5026608,0,0,0,0,0
1785977702163|1028|sustained_300s_r2f_00001_16777216|rotating|132,1378943233,33558272,6615594,6528309,6544728,6528309,6544728,6528309,11805,11783,5891,5891,0,0,752,0,181866952,181507736,4096,4096,0,0,5891,5891,2651248582,2651248915,2651248590,2651248923,0,0,0,0,0,0,0,0,4096,256,131072,4,15|4,0,16777216,262144,64,0,0,0,0,100,0,88,0,25,22,0,1,100,0|242,2698887382,4,5846208,0,0,0,0,0,6565973,0,22,0,323344770,0,323344770,0,2080,317891186,0,7868249,0,0,0,0,0
1785977707171|1028|sustained_300s_r2f_00001_16777216|fixed|134,1378943233,16781056,13181724,13007352,141354,0,141354,0,3000,0,1500,0,0,0,11737,11737,9583400,9583400,4096,4096,0,0,1500,1500,2985696013,2985696013,2985696021,2985696021,0,0,0,0,0,0,0,0,4096,256,131072,4,15|4,0,16777216,262144,64,0,0,0,0,188,0,176,0,47,44,0,1,188,0|244,3704419926,4,0,0,11534336,0,11534336,0,35480,0,0,44,0,0,0,0,0,0,0,5067450,0,0,0,0,0
1785977707171|1028|sustained_300s_r2f_00001_16777216|rotating|134,1378943233,33554687,13261269,13086138,13119160,13086138,13119160,13086138,23661,23617,11808,11808,0,0,1508,0,364534751,363815986,4096,4096,0,0,11808,11808,2971840673,2971841006,2971840681,2971841014,0,0,0,0,0,0,0,0,4096,256,131072,4,15|4,0,16777216,262144,64,0,0,0,0,188,0,176,0,47,44,0,1,188,0|244,3020286527,4,11692416,0,0,0,0,0,13140394,0,44,0,643282363,0,643282363,0,2080,636152408,0,10699078,0,0,0,0,0
1785977717413|1029|sustained_300s_r2f_00002_67108864|fixed|138,1378943233,16781056,6549311,6463402,70112,0,70112,0,1488,0,744,0,0,0,5830,5830,4753352,4753352,4096,4096,0,0,744,744,3641220959,3641220959,3641220967,3641220967,0,0,0,0,0,0,0,0,4096,256,131072,4,15|5,0,67108864,262144,256,0,0,0,0,100,0,88,0,25,22,0,1,100,0|252,64895405,5,0,0,5767168,0,5767168,0,17669,0,0,22,0,0,0,0,0,0,0,5033265,0,0,0,0,0
1785977717413|1029|sustained_300s_r2f_00002_67108864|rotating|138,1378943233,33555404,6632923,6545377,6561869,6545377,6561869,6545377,5928,5905,5905,5905,0,0,754,0,182204680,181845640,4096,4096,0,0,5905,5905,3627866050,3627866383,3627866058,3627866391,0,0,0,0,0,0,0,0,4096,256,131072,4,15|4,0,67108864,262144,256,0,0,0,0,100,0,88,0,25,22,0,1,100,0|252,3676048117,4,5869920,0,0,0,0,0,6594452,0,22,0,324637093,0,324637093,0,2080,319185699,0,7871147,0,0,0,0,0
1785977722413|1029|sustained_300s_r2f_00002_67108864|fixed|140,1378943233,16781056,13180090,13006058,141259,0,141259,0,2998,0,1499,0,0,0,11734,11734,9577000,9577000,4096,4096,0,0,1499,1499,3961128642,3961128642,3961128650,3961128650,0,0,0,0,0,0,0,0,4096,256,131072,4,15|4,0,67108864,262144,256,0,0,0,0,188,0,176,0,47,44,0,1,188,0|254,385893082,5,0,0,11534336,0,11534336,0,35503,0,0,44,0,0,0,0,0,0,0,5071547,0,0,0,0,0
1785977722413|1029|sustained_300s_r2f_00002_67108864|rotating|140,1378943233,33554687,13267105,13092108,13124903,13092108,13124903,13092108,11857,11812,11811,11811,0,0,1509,0,364453843,363735510,4096,4096,0,0,11812,11812,3947900768,3947900781,3947900776,3947900789,0,0,0,0,0,0,0,0,4096,256,131072,4,15|4,0,67108864,262144,256,0,0,0,0,188,0,176,0,47,44,0,1,188,0|254,3995618923,4,11676608,0,0,0,0,0,13131474,0,44,0,642756227,0,642756227,0,2080,635622593,0,10699360,0,0,0,0,0
1785977727419|1029|sustained_300s_r2f_00002_67108864|fixed|142,1378943233,16781056,19821385,19559629,212503,0,212503,0,4510,0,2255,0,0,0,17648,17648,14407096,14407096,4096,4096,0,0,2255,2255,4281667558,4281667558,4281667566,4281667566,0,0,0,0,0,0,0,0,4096,256,131072,4,15|4,0,67108864,262144,256,0,0,0,0,276,0,264,0,69,66,0,1,276,0|256,706273995,5,0,0,17301504,0,17301504,0,53314,0,0,66,0,0,0,0,0,0,0,5115140,0,0,0,0,0
1785977727419|1029|sustained_300s_r2f_00002_67108864|rotating|142,1378943233,33554687,19905545,19642925,19692193,19642925,19692193,19642925,17792,17724,17723,17723,0,0,2264,0,546866721,545789356,4096,4096,0,0,17724,17724,4268214535,4268214516,4268214543,4268214524,0,0,0,0,0,0,0,0,4096,256,131072,4,15|4,0,67108864,262144,256,0,0,0,0,276,0,264,0,69,66,0,1,276,0|256,21250601,5,17514912,0,0,0,0,0,19688160,0,66,0,961895625,0,961895625,0,2080,953083275,0,13530837,0,0,0,0,0
1785977732433|1029|sustained_300s_r2f_00002_67108864|fixed|144,1378943233,16781056,26469708,26120181,283746,0,283746,0,6022,0,3011,0,0,0,23567,23567,19237128,19237128,4096,4096,0,0,3011,3011,307239349,307239349,307239357,307239357,0,0,0,0,0,0,0,0,4096,256,131072,4,15|4,0,67108864,262144,256,0,0,0,0,364,0,352,0,91,88,0,1,364,0|258,1027445332,5,0,0,23068672,0,23068672,0,71148,0,0,88,0,0,0,0,0,0,0,5159912,0,0,0,0,0
1785977732433|1029|sustained_300s_r2f_00002_67108864|rotating|144,1378943233,33556599,26592232,26240565,26307076,26240565,26307076,26240565,23768,23676,23676,23676,0,0,3026,0,730547184,729094451,4096,4096,0,0,23677,23677,295890628,295890641,295890636,295890649,0,0,0,0,0,0,0,0,4096,256,131072,4,15|4,0,67108864,262144,256,0,0,0,0,368,0,356,0,92,89,0,1,368,0|258,345511560,5,23409856,0,0,0,0,0,26319144,0,89,0,1284682848,0,1284682848,0,2080,1274070760,0,16490918,0,0,0,0,0
1785977737433|1029|sustained_300s_r2f_00002_67108864|fixed|146,1378943233,16781056,33106856,32669877,354893,0,354893,0,7532,0,3766,0,0,0,29475,29475,24060712,24060712,4096,4096,0,0,3766,3766,627349200,627349200,627349208,627349208,0,0,0,0,0,0,0,0,4096,256,131072,4,15|4,0,67108864,262144,256,0,0,0,0,452,0,444,0,114,111,0,1,456,0|260,1346953544,5,0,0,29097984,0,29097984,0,88911,0,0,111,0,0,0,0,0,0,0,5200892,0,0,0,0,0
1785977737433|1029|sustained_300s_r2f_00002_67108864|rotating|146,1378943233,33554687,33213727,32774818,32857610,32774818,32857610,32774818,29684,29571,29570,29570,0,0,3779,0,912417827,910606062,4096,4096,0,0,29571,29571,615255701,615255682,615255709,615255690,0,0,0,0,0,0,0,0,4096,256,131072,4,15|4,0,67108864,262144,256,0,0,0,0,456,0,444,0,114,111,0,1,456,0|260,664403758,5,29208640,0,0,0,0,0,32843349,0,111,0,1602125350,0,1602125350,0,2080,1589825334,0,19323122,0,0,0,0,0
1785977742440|1029|sustained_300s_r2f_00002_67108864|fixed|148,1378943233,16781056,39746786,39221379,426132,0,426132,0,9044,0,4522,0,0,0,35385,35385,28890792,28890792,4096,4096,0,0,4522,4522,947562249,947562249,947562257,947562257,0,0,0,0,0,0,0,0,4096,256,131072,4,15|4,0,67108864,262144,256,0,0,0,0,544,0,532,0,136,133,0,1,544,0|262,1666721751,5,0,0,34865152,0,34865152,0,106674,0,0,133,0,0,0,0,0,0,0,5248350,0,0,0,0,0
1785977742440|1029|sustained_300s_r2f_00002_67108864|rotating|148,1378943233,33554687,39847476,39320909,39420211,39320909,39420211,39320909,35611,35477,35475,35475,0,0,4534,0,1094623704,1092452892,4096,4096,0,0,35476,35476,935203420,935203401,935203396,935203409,0,0,0,0,0,0,0,0,4096,256,131072,4,15|4,0,67108864,262144,256,0,0,0,0,544,0,532,0,136,133,0,1,544,0|262,983241648,5,35007424,0,0,0,0,0,39365891,0,133,0,1919513544,0,1919513544,0,2080,1905528293,0,22152633,0,0,0,0,0
1785977747462|1029|sustained_300s_r2f_00002_67108864|fixed|150,1378943233,16781056,46410592,45797268,497564,0,497564,0,10560,0,5280,0,0,0,41318,41318,33733640,33733640,4096,4096,0,0,5280,5280,1269082284,1269082284,1269082292,1269082292,0,0,0,0,0,0,0,0,4096,256,131072,4,15|4,0,67108864,262144,256,0,0,0,0,632,0,620,0,158,155,0,1,632,0|264,1989105380,5,0,0,40632320,0,40632320,0,124603,0,0,155,0,0,0,0,0,0,0,5290495,0,0,0,0,0
1785977747462|1029|sustained_300s_r2f_00002_67108864|rotating|150,1378943233,33554687,46502089,45887692,46003487,45887692,46003487,45887692,41557,41401,41399,41399,0,0,5291,0,1277418631,1274888778,4096,4096,0,0,41400,41400,1256173889,1256173902,1256173897,1256173910,0,0,0,0,0,0,0,0,4096,256,131072,4,15|4,0,67108864,262144,256,0,0,0,0,632,0,620,0,158,155,0,1,632,0|264,1303974696,5,40837824,0,0,0,0,0,45927696,0,155,0,2238788992,0,2238788992,0,2080,2223126925,0,24980513,0,0,0,0,0
1785977752467|1029|sustained_300s_r2f_00002_67108864|fixed|152,1378943233,16781056,53058788,52357690,568902,0,568902,0,12074,0,6037,0,0,0,47235,47235,38570064,38570064,4096,4096,0,0,6037,6037,1590048965,1590048965,1590048973,1590048973,0,0,0,0,0,0,0,0,4096,256,131072,4,15|4,0,67108864,262144,256,0,0,0,0,720,0,708,0,180,177,0,1,720,0|266,2308554381,5,0,0,46399488,0,46399488,0,142343,0,0,177,0,0,0,0,0,0,0,5337645,0,0,0,0,0
1785977752467|1029|sustained_300s_r2f_00002_67108864|rotating|152,1378943233,33558272,53128622,52426836,52559045,52426836,52559045,52426836,47477,47300,47298,47298,0,0,6044,0,1459427088,1456538448,4096,4096,0,0,47298,47298,1575764874,1575765207,1575764882,1575765215,0,0,0,0,0,0,0,0,4096,256,131072,4,15|4,0,67108864,262144,256,0,0,0,0,720,0,708,0,180,177,0,1,720,0|266,1623496272,5,46652416,0,0,0,0,0,52464752,0,177,0,2556856920,0,2556856920,0,2080,2539513039,0,27809997,0,0,0,0,0
1785977757468|1029|sustained_300s_r2f_00002_67108864|fixed|154,1378943233,16781056,59692939,58904300,639955,0,639955,0,13582,0,6791,0,0,0,53141,53141,43387264,43387264,4096,4096,0,0,6791,6791,1909727545,1909727545,1909727553,1909727553,0,0,0,0,0,0,0,0,4096,256,131072,4,15|4,0,67108864,262144,256,0,0,0,0,808,0,796,0,202,199,0,1,808,0|268,2629292765,5,0,0,52166656,0,52166656,0,160176,0,0,199,0,0,0,0,0,0,0,5383460,0,0,0,0,0
1785977757468|1029|sustained_300s_r2f_00002_67108864|rotating|154,1378943233,33554687,59777966,58987588,59136977,58987588,59136977,58987588,53420,53220,53217,53217,0,0,6802,0,1642078200,1638813950,4096,4096,0,0,53218,53218,1896625199,1896625180,1896625175,1896625188,0,0,0,0,0,0,0,0,4096,256,131072,4,15|4,0,67108864,262144,256,0,0,0,0,812,0,800,0,203,200,0,1,812,0|268,1944331275,5,52484128,0,0,0,0,0,59024766,0,200,0,2876233995,0,2876233995,0,2080,2857077746,0,30769132,0,0,0,0,0
1785977762476|1029|sustained_300s_r2f_00002_67108864|fixed|156,1378943233,16781056,66335098,65457939,711288,0,711288,0,15096,0,7548,0,0,0,59054,59054,48223728,48223728,4096,4096,0,0,7548,7548,2230373244,2230373244,2230373252,2230373252,0,0,0,0,0,0,0,0,4096,256,131072,4,15|4,0,67108864,262144,256,0,0,0,0,900,0,888,0,225,222,0,1,900,0|270,2949043612,5,0,0,58195968,0,58195968,0,177940,0,0,222,0,0,0,0,0,0,0,5436922,0,0,0,0,0
1785977762476|1029|sustained_300s_r2f_00002_67108864|rotating|156,1378943233,33554687,66420269,65542258,65708131,65542258,65708131,65542258,59355,59133,59130,59130,0,0,7557,0,1824523796,1820900503,4096,4096,0,0,59131,59131,2216996364,2216996377,2216996372,2216996385,0,0,0,0,0,0,0,0,4096,256,131072,4,15|4,0,67108864,262144,256,0,0,0,0,900,0,888,0,225,222,0,1,900,0|270,2265443545,5,58322432,0,0,0,0,0,65594936,0,222,0,3195886689,0,3195886689,0,2080,3175050482,0,33601851,0,0,0,0,0
1785977767478|1029|sustained_300s_r2f_00002_67108864|fixed|158,1378943233,16781056,72969133,72004526,782342,0,782342,0,16604,0,8302,0,0,0,64959,64959,53040992,53040992,4096,4096,0,0,8302,8302,2550176903,2550176903,2550176911,2550176911,0,0,0,0,0,0,0,0,4096,256,131072,4,15|4,0,67108864,262144,256,0,0,0,0,988,0,976,0,247,244,0,1,988,0|272,3269937730,5,0,0,63963136,0,63963136,0,195774,0,0,244,0,0,0,0,0,0,0,5485634,0,0,0,0,0
1785977767478|1029|sustained_300s_r2f_00002_67108864|rotating|158,1378943233,33558272,73066301,72100643,72282921,72100643,72282921,72100643,65292,65049,65046,65046,0,0,8313,0,2007059376,2003077296,4096,4096,0,0,65046,65046,2537504775,2537505108,2537504783,2537505116,0,0,0,0,0,0,0,0,4096,256,131072,4,15|4,0,67108864,262144,256,0,0,0,0,988,0,976,0,247,244,0,1,988,0|272,2586014637,5,64160736,0,0,0,0,0,72153866,0,244,0,3514998205,0,3514998205,0,2080,3492484523,0,36432087,0,0,0,0,0
1785977780191|1031|sustained_300s_r2f_00004_16777216|fixed|164,1378943233,16781056,6127884,6043537,69924,0,69924,0,1484,0,742,0,0,0,5815,5815,4740560,4740560,4096,4096,0,0,742,742,3364166095,3364166095,3364166103,3364166103,0,0,0,0,0,0,0,0,4096,256,131072,4,15|5,0,16777216,262144,64,0,0,0,0,100,0,88,0,25,22,0,1,100,0|286,4083683773,5,0,0,5767168,0,5767168,0,17669,0,0,22,0,0,0,0,0,0,0,5503218,0,0,0,0,0
1785977780191|1031|sustained_300s_r2f_00004_16777216|rotating|164,1378943233,33558272,6217878,6131741,6146824,6131741,6146824,6131741,5924,5901,5901,5901,0,0,754,0,182146304,181789312,4096,4096,0,0,5901,5901,3351458675,3351458992,3351458683,3351459000,0,0,0,0,0,0,0,0,4096,256,131072,4,15|4,0,16777216,262144,64,0,0,0,0,100,0,88,0,25,22,0,1,100,0|286,3398919409,5,5846208,0,0,0,0,0,6163577,0,22,0,324151508,0,324151508,0,2080,318250340,0,8410293,0,0,0,0,0
1785977785199|1031|sustained_300s_r2f_00004_16777216|fixed|166,1378943233,16781056,12350301,12178510,141165,0,141165,0,2996,0,1498,0,0,0,11725,11725,9570616,9570616,4096,4096,0,0,1498,1498,3684535353,3684535353,3684535361,3684535361,0,0,0,0,0,0,0,0,4096,256,131072,4,15|4,0,16777216,262144,64,0,0,0,0,188,0,176,0,47,44,0,1,188,0|288,109208892,6,0,0,11534336,0,11534336,0,35480,0,0,44,0,0,0,0,0,0,0,5546369,0,0,0,0,0
1785977785199|1031|sustained_300s_r2f_00004_16777216|rotating|166,1378943233,33558272,12445078,12272321,12302876,12272321,12302876,12272321,11860,11816,11815,11815,0,0,1509,0,364696072,363979392,4096,4096,0,0,11815,11815,3671917364,3671917713,3671917372,3671917721,0,0,0,0,0,0,0,0,4096,256,131072,4,15|4,0,16777216,262144,64,0,0,0,0,188,0,176,0,47,44,0,1,188,0|288,3720407387,5,11700320,0,0,0,0,0,12323672,0,44,0,644175958,0,644175958,0,2080,636572342,0,11268896,0,0,0,0,0
1785977795620|1032|sustained_300s_r2f_00005_67108864|fixed|170,1378943233,16781056,6147128,6062589,69643,0,69643,0,1478,0,739,0,0,0,5790,5790,4721392,4721392,4096,4096,0,0,739,739,56960557,56960557,56960565,56960565,0,0,0,0,0,0,0,0,4096,256,131072,4,15|4,0,67108864,262144,256,0,0,0,0,96,0,84,0,24,21,0,1,96,0|296,775728017,6,0,0,5505024,0,5505024,0,17551,0,0,21,0,0,0,0,0,0,0,6897587,0,0,0,0,0
1785977795620|1032|sustained_300s_r2f_00005_67108864|rotating|170,1378943233,33554687,6239296,6153056,6168525,6153056,6168525,6153056,5900,5879,5876,5876,0,0,751,0,181403924,181044975,4096,4096,0,0,5877,5877,44249452,44249457,44249460,44249465,0,0,0,0,0,0,0,0,4096,256,131072,4,15|4,0,67108864,262144,256,0,0,0,0,100,0,88,0,25,22,0,1,100,0|296,93314533,6,5854112,0,0,0,0,0,6216686,0,22,0,325452550,0,325452550,0,2080,318561353,0,9779450,0,0,0,0,0
1785977800627|1032|sustained_300s_r2f_00005_67108864|fixed|172,1378943233,16781056,12419602,12247888,140788,0,140788,0,2988,0,1494,0,0,0,11698,11698,9545064,9545064,4096,4096,0,0,1494,1494,377089501,377089501,377089509,377089509,0,0,0,0,0,0,0,0,4096,256,131072,4,15|4,0,67108864,262144,256,0,0,0,0,188,0,176,0,47,44,0,1,188,0|298,1095976850,6,0,0,11534336,0,11534336,0,35362,0,0,44,0,0,0,0,0,0,0,6948320,0,0,0,0,0
1785977800627|1032|sustained_300s_r2f_00005_67108864|rotating|172,1378943233,33558033,12492832,12319690,12351196,12319690,12351196,12319690,11812,11769,11767,11767,0,0,1503,0,363224153,362505352,4096,4096,0,0,11768,11767,363432981,363414977,363432989,363414993,0,0,0,0,0,0,0,0,4096,256,131072,4,15|4,0,67108864,262144,256,0,0,0,0,188,0,176,0,47,44,0,1,188,0|298,411945941,6,11652896,0,0,0,0,0,12372536,0,44,0,642634262,0,642634262,0,2080,634036666,0,12630125,0,0,0,0,0
1785977805639|1032|sustained_300s_r2f_00005_67108864|fixed|174,1378943233,16781056,18704067,18445442,212124,0,212124,0,4502,0,2251,0,0,0,17618,17618,14381512,14381512,4096,4096,0,0,2251,2251,697880384,697880384,697880392,697880392,0,0,0,0,0,0,0,0,4096,256,131072,4,15|4,0,67108864,262144,256,0,0,0,0,276,0,264,0,69,66,0,1,276,0|300,1416704107,6,0,0,17301504,0,17301504,0,53172,0,0,66,0,0,0,0,0,0,0,6990973,0,0,0,0,0
1785977805639|1032|sustained_300s_r2f_00005_67108864|rotating|174,1378943233,33558272,18768996,18509457,18556116,18509457,18556116,18509457,17746,17681,17679,17679,0,0,2259,0,545715032,544638736,4096,4096,0,0,17679,17679,683758665,683759006,683758673,683759014,0,0,0,0,0,0,0,0,4096,256,131072,4,15|4,0,67108864,262144,256,0,0,0,0,276,0,264,0,69,66,0,1,276,0|300,731489469,6,17459584,0,0,0,0,0,18545717,0,66,0,960726118,0,960726118,0,2080,950423147,0,15481473,0,0,0,0,0
1785977810653|1032|sustained_300s_r2f_00005_67108864|fixed|176,1378943233,16781056,24989417,24643448,283461,0,283461,0,6016,0,3008,0,0,0,23538,23538,19217944,19217944,4096,4096,0,0,3008,3008,1018868331,1018868331,1018868339,1018868339,0,0,0,0,0,0,0,0,4096,256,131072,4,15|4,0,67108864,262144,256,0,0,0,0,364,0,352,0,91,88,0,1,364,0|302,1737657692,6,0,0,23068672,0,23068672,0,71007,0,0,88,0,0,0,0,0,0,0,7038362,0,0,0,0,0
1785977810653|1032|sustained_300s_r2f_00005_67108864|rotating|176,1378943233,33554687,25064485,24717636,24780174,24717636,24780174,24717636,23698,23611,23608,23608,0,0,3017,0,728751785,727316092,4096,4096,0,0,23609,23609,1005060357,1005060354,1005060365,1005060362,0,0,0,0,0,0,0,0,4096,256,131072,4,15|4,0,67108864,262144,256,0,0,0,0,364,0,352,0,91,88,0,1,364,0|302,1052589553,6,23305792,0,0,0,0,0,24749766,0,88,0,1280364650,0,1280364650,0,2080,1268365395,0,18332215,0,0,0,0,0
1785977815653|1032|sustained_300s_r2f_00005_67108864|fixed|178,1378943233,16781056,31258816,30826248,354517,0,354517,0,7524,0,3762,0,0,0,29443,29443,24035192,24035192,4096,4096,0,0,3762,3762,1338568585,1338568585,1338568593,1338568593,0,0,0,0,0,0,0,0,4096,256,131072,4,15|4,0,67108864,262144,256,0,0,0,0,452,0,440,0,113,110,0,1,452,0|304,2057550191,6,0,0,28835840,0,28835840,0,88770,0,0,110,0,0,0,0,0,0,0,7090718,0,0,0,0,0
1785977815653|1032|sustained_300s_r2f_00005_67108864|rotating|178,1378943233,33558272,31331767,30898411,30976406,30898411,30976406,30898411,29623,29514,29512,29512,0,0,3771,0,910976320,909182056,4096,4096,0,0,29512,29512,1324930584,1324930925,1324930592,1324930933,0,0,0,0,0,0,0,0,4096,256,131072,4,15|4,0,67108864,262144,256,0,0,0,0,456,0,444,0,114,111,0,1,456,0|304,1372791806,6,29121696,0,0,0,0,0,30933536,0,111,0,1599112927,0,1599112927,0,2080,1585275300,0,21313960,0,0,0,0,0
1785977820654|1032|sustained_300s_r2f_00005_67108864|fixed|180,1378943233,16781056,37528361,37010314,425662,0,425662,0,9034,0,4517,0,0,0,35350,35350,28858824,28858824,4096,4096,0,0,4517,4517,1658700053,1658700053,1658700061,1658700061,0,0,0,0,0,0,0,0,4096,256,131072,4,15|5,0,67108864,262144,256,0,0,0,0,544,0,532,0,136,133,0,1,544,0|306,2377660182,6,0,0,34865152,0,34865152,0,106580,0,0,133,0,0,0,0,0,0,0,7136923,0,0,0,0,0
1785977820654|1032|sustained_300s_r2f_00005_67108864|rotating|180,1378943233,33554687,37601036,37081457,37174431,37081457,37174431,37081457,35553,35421,35418,35418,0,0,4527,0,1093294168,1091124200,4096,4096,0,0,35419,35419,1645112592,1645112581,1645112560,1645112589,0,0,0,0,0,0,0,0,4096,256,131072,4,15|4,0,67108864,262144,256,0,0,0,0,544,0,532,0,136,133,0,1,544,0|306,1693174513,6,34952096,0,0,0,0,0,37123314,0,133,0,1918038034,0,1918038034,0,2080,1902497635,0,24167796,0,0,0,0,0
1785977825677|1032|sustained_300s_r2f_00005_67108864|fixed|182,1378943233,16781056,43825581,43221690,497186,0,497186,0,10552,0,5276,0,0,0,41282,41282,33708056,33708056,4096,4096,0,0,5276,5276,1980350644,1980350644,1980350652,1980350652,0,0,0,0,0,0,0,0,4096,256,131072,4,15|4,0,67108864,262144,256,0,0,0,0,632,0,620,0,158,155,0,1,632,0|308,2698813764,6,0,0,40632320,0,40632320,0,124414,0,0,155,0,0,0,0,0,0,0,7180982,0,0,0,0,0
1785977825677|1032|sustained_300s_r2f_00005_67108864|rotating|182,1378943233,33554687,43891271,43286628,43393330,43286628,43393330,43286628,41500,41346,41344,41344,0,0,5284,0,1276206272,1273675963,4096,4096,0,0,41344,41344,1966175644,1966175993,1966175652,1966176001,0,0,0,0,0,0,0,0,4096,256,131072,4,15|4,0,67108864,262144,256,0,0,0,0,632,0,620,0,158,155,0,1,632,0|308,2014424360,6,40790400,0,0,0,0,0,43330503,0,155,0,2237828305,0,2237828305,0,2080,2220589097,0,27019366,0,0,0,0,0
1785977830678|1032|sustained_300s_r2f_00005_67108864|fixed|184,1378943233,16781056,50117120,49426906,568524,0,568524,0,12066,0,6033,0,0,0,47209,47209,38544480,38544480,4096,4096,0,0,6033,6033,2301339651,2301339651,2301339659,2301339659,0,0,0,0,0,0,0,0,4096,256,131072,4,15|4,0,67108864,262144,256,0,0,0,0,720,0,708,0,180,177,0,1,720,0|310,3020312567,6,0,0,46399488,0,46399488,0,142272,0,0,177,0,0,0,0,0,0,0,7228851,0,0,0,0,0
1785977830678|1032|sustained_300s_r2f_00005_67108864|rotating|184,1378943233,33554687,50185888,49494993,49616608,49494993,49616608,49494993,47453,47276,47273,47273,0,0,6041,0,1459247778,1456356928,4096,4096,0,0,47274,47274,2287482300,2287482313,2287482308,2287482281,0,0,0,0,0,0,0,0,4096,256,131072,4,15|4,0,67108864,262144,256,0,0,0,0,720,0,708,0,180,177,0,1,720,0|310,2335121597,6,46628704,0,0,0,0,0,49526409,0,177,0,2557065966,0,2557065966,0,2080,2538127701,0,29871184,0,0,0,0,0
1785977835681|1032|sustained_300s_r2f_00005_67108864|fixed|186,1378943233,16781056,56368493,55591249,639484,0,639484,0,13572,0,6786,0,0,0,53098,53098,43355368,43355368,4096,4096,0,0,6786,6786,2620611031,2620611031,2620611047,2620611047,0,0,0,0,0,0,0,0,4096,256,131072,4,15|4,0,67108864,262144,256,0,0,0,0,808,0,796,0,202,199,0,1,808,0|312,3339392292,6,0,0,52166656,0,52166656,0,160012,0,0,199,0,0,0,0,0,0,0,7271347,0,0,0,0,0
1785977835681|1032|sustained_300s_r2f_00005_67108864|rotating|186,1378943233,33554687,56443673,55665473,55803343,55665473,55803343,55665473,53371,53172,53168,53168,0,0,6795,0,1641211547,1637963470,4096,4096,0,0,53169,53169,2606912833,2606912830,2606912841,2606912838,0,0,0,0,0,0,0,0,4096,256,131072,4,15|4,0,67108864,262144,256,0,0,0,0,808,0,796,0,203,200,0,1,812,0|312,2654690692,6,52436704,0,0,0,0,0,55696974,0,200,0,2875183061,0,2875183061,0,2080,2854403749,0,32853907,0,0,0,0,0
1785977840689|1032|sustained_300s_r2f_00005_67108864|fixed|188,1378943233,16781056,62651931,61786704,710724,0,710724,0,15084,0,7542,0,0,0,59016,59016,48185360,48185360,4096,4096,0,0,7542,7542,2941171968,2941171968,2941171976,2941171976,0,0,0,0,0,0,0,0,4096,256,131072,4,15|5,0,67108864,262144,256,0,0,0,0,900,0,888,0,225,222,0,1,900,0|314,3660151259,6,0,0,58195968,0,58195968,0,177845,0,0,222,0,0,0,0,0,0,0,7318781,0,0,0,0,0
1785977840689|1032|sustained_300s_r2f_00005_67108864|rotating|188,1378943233,33554687,62716782,61849960,62005211,61849960,62005211,61849960,59303,59082,59077,59077,0,0,7551,0,1823610491,1819988070,4096,4096,0,0,59078,59078,2927222993,2927222998,2927223009,2927223006,0,0,0,0,0,0,0,0,4096,256,131072,4,15|4,0,67108864,262144,256,0,0,0,0,900,0,888,0,225,222,0,1,900,0|314,2974933640,6,58259200,0,0,0,0,0,61883027,0,222,0,3193970385,0,3193970385,0,2080,3171487002,0,35707345,0,0,0,0,0
1785977845693|1032|sustained_300s_r2f_00005_67108864|fixed|190,1378943233,16781056,68921630,67969010,781965,0,781965,0,16596,0,8298,0,0,0,64924,64924,53015416,53015416,4096,4096,0,0,8298,8298,3261535843,3261535843,3261535851,3261535851,0,0,0,0,0,0,0,0,4096,256,131072,4,15|4,0,67108864,262144,256,0,0,0,0,988,0,976,0,247,244,0,1,988,0|316,3980805471,6,0,0,63963136,0,63963136,0,195656,0,0,244,0,0,0,0,0,0,0,7355759,0,0,0,0,0
1785977845693|1032|sustained_300s_r2f_00005_67108864|rotating|190,1378943233,33558272,69017795,68064141,68234793,68064141,68234793,68064141,65262,65019,65015,65015,0,0,8309,0,2006882616,2002900632,4096,4096,0,0,65015,65015,3248919196,3248919537,3248919204,3248919545,0,0,0,0,0,0,0,0,4096,256,131072,4,15|4,0,67108864,262144,256,0,0,0,0,988,0,976,0,247,244,0,1,988,0|316,3296664695,6,64113312,0,0,0,0,0,68097179,0,244,0,3514237912,0,3514237912,0,2080,3490056519,0,38561510,0,0,0,0,0
1785977858536|1034|sustained_300s_r2f_00007_16777216|fixed|196,1378943233,16781056,6541136,6455277,70018,0,70018,0,1486,0,743,0,0,0,5822,5822,4746960,4746960,4096,4096,0,0,743,743,4083537958,4083537958,4083537966,4083537966,0,0,0,0,0,0,0,0,4096,256,131072,4,15|5,0,16777216,262144,64,0,0,0,0,100,0,88,0,25,22,0,1,100,0|330,507507429,7,0,0,5767168,0,5767168,0,17669,0,0,22,0,0,0,0,0,0,0,5019309,0,0,0,0,0
1785977858536|1034|sustained_300s_r2f_00007_16777216|rotating|196,1378943233,33558272,6635047,6547456,6563993,6547456,6563993,6547456,5930,5906,5906,5906,0,0,754,0,182235536,181876496,4096,4096,0,0,5906,5906,4070669195,4070669528,4070669203,4070669536,0,0,0,0,0,0,0,0,4096,256,131072,4,15|4,0,16777216,262144,64,0,0,0,0,100,0,88,0,25,22,0,1,100,0|330,4118346635,6,5862016,0,0,0,0,0,6586124,0,22,0,324188062,0,324188062,0,2080,318735071,0,7871055,0,0,0,0,0
1785977863548|1034|sustained_300s_r2f_00007_16777216|fixed|198,1378943233,16781056,13188150,13013935,141354,0,141354,0,3000,0,1500,0,0,0,11740,11740,9583400,9583400,4096,4096,0,0,1500,1500,109336315,109336315,109336323,109336323,0,0,0,0,0,0,0,0,4096,256,131072,4,15|4,0,16777216,262144,64,0,0,0,0,188,0,176,0,47,44,0,1,188,0|332,827137922,7,0,0,11534336,0,11534336,0,35432,0,0,44,0,0,0,0,0,0,0,5065419,0,0,0,0,0
1785977863548|1034|sustained_300s_r2f_00007_16777216|rotating|198,1378943233,33558272,13242940,13068148,13101020,13068148,13101020,13068148,11835,11789,11789,11789,0,0,1506,0,363761384,363043304,4096,4096,0,0,11789,11789,94463735,94464068,94463743,94464076,0,0,0,0,0,0,0,0,4096,256,131072,4,15|4,0,16777216,262144,64,0,0,0,0,188,0,176,0,47,44,0,1,188,0|332,142195415,7,11660800,0,0,0,0,0,13107653,0,44,0,641554442,0,641554442,0,2080,634418641,0,10698141,0,0,0,0,0
1785977873763|1035|sustained_300s_r2f_00008_16777216|fixed|202,1378943233,16781056,6174483,6089304,69924,0,69924,0,1484,0,742,0,0,0,5815,5815,4740560,4740560,4096,4096,0,0,742,742,762875301,762875301,762875309,762875309,0,0,0,0,0,0,0,0,4096,256,131072,4,15|5,0,16777216,262144,64,0,0,0,0,100,0,88,0,25,22,0,1,100,0|340,1481899130,7,0,0,5767168,0,5767168,0,17645,0,0,22,0,0,0,0,0,0,0,5122990,0,0,0,0,0
1785977873763|1035|sustained_300s_r2f_00008_16777216|rotating|202,1378943233,33554687,6248451,6161663,6177585,6161663,6177585,6161663,5909,5886,5885,5885,0,0,752,0,181674915,181315150,4096,4096,0,0,5886,5886,749348345,749348342,749348353,749348350,0,0,0,0,0,0,0,0,4096,256,131072,4,15|4,0,16777216,262144,64,0,0,0,0,100,0,88,0,25,22,0,1,100,0|340,796970226,7,5838304,0,0,0,0,0,6197593,0,22,0,323155167,0,323155167,0,2080,317589347,0,8003051,0,0,0,0,0
1785977878772|1035|sustained_300s_r2f_00008_16777216|fixed|204,1378943233,16781056,12455539,12283052,141259,0,141259,0,2998,0,1499,0,0,0,11733,11733,9577000,9577000,4096,4096,0,0,1499,1499,1083682493,1083682493,1083682501,1083682501,0,0,0,0,0,0,0,0,4096,256,131072,4,15|4,0,16777216,262144,64,0,0,0,0,188,0,176,0,47,44,0,1,188,0|342,1802499380,7,0,0,11534336,0,11534336,0,35456,0,0,44,0,0,0,0,0,0,0,5167096,0,0,0,0,0
1785977878772|1035|sustained_300s_r2f_00008_16777216|rotating|204,1378943233,33554687,12521263,12348005,12379248,12348005,12379248,12348005,11841,11796,11795,11795,0,0,1507,0,364104330,363385848,4096,4096,0,0,11796,11796,1069596291,1069596296,1069596299,1069596256,0,0,0,0,0,0,0,0,4096,256,131072,4,15|4,0,16777216,262144,64,0,0,0,0,188,0,176,0,47,44,0,1,188,0|342,1117178970,7,11660800,0,0,0,0,0,12382924,0,44,0,641908287,0,641908287,0,2080,634625916,0,10868969,0,0,0,0,0
1785977893435|1037|sustained_300s_r2f_00010_16777216|fixed|210,1378943233,16781056,6153862,6068338,69737,0,69737,0,1480,0,740,0,0,0,5797,5797,4727776,4727776,4096,4096,0,0,740,740,2022285090,2022285090,2022285098,2022285098,0,0,0,0,0,0,0,0,4096,256,131072,4,15|4,0,16777216,262144,64,0,0,0,0,96,0,84,0,24,21,0,1,96,0|356,2741489838,7,0,0,5767168,0,5767168,0,17622,0,0,22,0,0,0,0,0,0,0,6889569,0,0,0,0,0
1785977893435|1037|sustained_300s_r2f_00010_16777216|rotating|210,1378943233,33554687,6244827,6157603,6174056,6157603,6174056,6157603,5906,5883,5882,5882,0,0,751,0,181585411,181226896,4096,4096,0,0,5883,5883,2009462083,2009462088,2009462091,2009462064,0,0,0,0,0,0,0,0,4096,256,131072,4,15|4,0,16777216,262144,64,0,0,0,0,100,0,88,0,25,22,0,1,100,0|356,2056975034,7,5830400,0,0,0,0,0,6192094,0,22,0,324220601,0,324220601,0,2080,317326398,0,9777375,0,0,0,0,0
1785977898440|1037|sustained_300s_r2f_00010_16777216|fixed|212,1378943233,16781056,12424901,12251646,140976,0,140976,0,2992,0,1496,0,0,0,11704,11704,9557856,9557856,4096,4096,0,0,1496,1496,2342518708,2342518708,2342518716,2342518716,0,0,0,0,0,0,0,0,4096,256,131072,4,15|4,0,16777216,262144,64,0,0,0,0,188,0,176,0,47,44,0,1,188,0|358,3061146127,7,0,0,11534336,0,11534336,0,35362,0,0,44,0,0,0,0,0,0,0,6938494,0,0,0,0,0
1785977898440|1037|sustained_300s_r2f_00010_16777216|rotating|212,1378943233,33558272,12500339,12326215,12358608,12326215,12358608,12326215,11820,11775,11775,11775,0,0,1504,0,363472264,362753112,4096,4096,0,0,11775,11775,2328739991,2328740300,2328739999,2328740308,0,0,0,0,0,0,0,0,4096,256,131072,4,15|4,0,16777216,262144,64,0,0,0,0,188,0,176,0,47,44,0,1,188,0|358,2376514921,7,11644992,0,0,0,0,0,12365437,0,44,0,642306840,0,642306840,0,2080,633710385,0,12627297,0,0,0,0,0
1785977908692|1038|sustained_300s_r2f_00011_16777216|fixed|216,1378943233,16781056,6545757,6459954,70018,0,70018,0,1486,0,743,0,0,0,5825,5825,4746960,4746960,4096,4096,0,0,743,743,2998404784,2998404784,2998404792,2998404792,0,0,0,0,0,0,0,0,4096,256,131072,4,15|5,0,16777216,262144,64,0,0,0,0,100,0,88,0,25,22,0,1,100,0|366,3717412969,7,0,0,5767168,0,5767168,0,17669,0,0,22,0,0,0,0,0,0,0,5017069,0,0,0,0,0
1785977908692|1038|sustained_300s_r2f_00011_16777216|rotating|216,1378943233,33554687,6622452,6535009,6551491,6535009,6551491,6535009,11811,11788,5893,5893,0,0,753,0,181934799,181575336,4096,4096,0,0,5894,5894,2984865105,2984865118,2984865113,2984865094,0,0,0,0,0,0,0,0,4096,256,131072,4,15|4,0,16777216,262144,64,0,0,0,0,100,0,88,0,25,22,0,1,100,0|366,3032398708,7,5846208,0,0,0,0,0,6571204,0,22,0,323374075,0,323374075,0,2080,317919590,0,7869158,0,0,0,0,0
1785977913710|1038|sustained_300s_r2f_00011_16777216|fixed|218,1378943233,16781056,13206168,13031686,141449,0,141449,0,3002,0,1501,0,0,0,11750,11750,9589800,9589800,4096,4096,0,0,1501,1501,3319604751,3319604751,3319604759,3319604759,0,0,0,0,0,0,0,0,4096,256,131072,4,15|4,0,16777216,262144,64,0,0,0,0,188,0,176,0,47,44,0,1,188,0|368,4040144644,7,0,0,11534336,0,11534336,0,35598,0,0,44,0,0,0,0,0,0,0,5068701,0,0,0,0,0
1785977913710|1038|sustained_300s_r2f_00011_16777216|rotating|218,1378943233,33558272,13319435,13143706,13176760,13143706,13176760,13143706,23747,23702,11851,11851,0,0,1514,0,365864072,365145640,4096,4096,0,0,11851,11851,3307634182,3307634515,3307634190,3307634523,0,0,0,0,0,0,0,0,4096,256,131072,4,15|4,0,16777216,262144,64,0,0,0,0,188,0,176,0,47,44,0,1,188,0|368,3355343017,7,11716128,0,0,0,0,0,13183031,0,44,0,644850904,0,644850904,0,2080,637724555,0,10700571,0,0,0,0,0
1785977928629|1040|sustained_300s_r2f_00013_16777216|fixed|224,1378943233,16781056,6181583,6096329,70018,0,70018,0,1486,0,743,0,0,0,5823,5823,4746960,4746960,4096,4096,0,0,743,743,4274526075,4274526075,4274526083,4274526083,0,0,0,0,0,0,0,0,4096,256,131072,4,15|5,0,16777216,262144,64,0,0,0,0,100,0,88,0,25,22,0,1,100,0|382,698396307,8,0,0,5767168,0,5767168,0,17645,0,0,22,0,0,0,0,0,0,0,5122886,0,0,0,0,0
1785977928629|1040|sustained_300s_r2f_00013_16777216|rotating|224,1378943233,33554687,6254625,6167770,6183664,6167770,6183664,6167770,5916,5893,5892,5892,0,0,753,0,181884952,181525200,4096,4096,0,0,5893,5893,4260937077,4260937074,4260937053,4260937042,0,0,0,0,0,0,0,0,4096,256,131072,4,15|4,0,16777216,262144,64,0,0,0,0,100,0,88,0,25,22,0,1,100,0|382,13650179,8,5846208,0,0,0,0,0,6204831,0,22,0,323568175,0,323568175,0,2080,318015575,0,7991517,0,0,0,0,0
1785977933637|1040|sustained_300s_r2f_00013_16777216|fixed|226,1378943233,16781056,12461330,12288760,141354,0,141354,0,3000,0,1500,0,0,0,11739,11739,9583400,9583400,4096,4096,0,0,1500,1500,300357947,300357947,300357955,300357955,0,0,0,0,0,0,0,0,4096,256,131072,4,15|4,0,16777216,262144,64,0,0,0,0,188,0,176,0,47,44,0,1,188,0|384,1019284737,8,0,0,11534336,0,11534336,0,35480,0,0,44,0,0,0,0,0,0,0,5171691,0,0,0,0,0
1785977933637|1040|sustained_300s_r2f_00013_16777216|rotating|226,1378943233,33554687,12552983,12379348,12410591,12379348,12410591,12379348,11871,11828,11825,11825,0,0,1511,0,365026618,364308181,4096,4096,0,0,11826,11826,287449809,287449782,287449817,287449790,0,0,0,0,0,0,0,0,4096,256,131072,4,15|4,0,16777216,262144,64,0,0,0,0,188,0,176,0,47,44,0,1,188,0|384,335220679,8,11692416,0,0,0,0,0,12417654,0,44,0,643677123,0,643677123,0,2050,636419674,0,10850824,0,0,0,0,0
1785977943876|1041|sustained_300s_r2f_00014_16777216|fixed|230,1378943233,16781056,6128628,6043987,70018,0,70018,0,1486,0,743,0,0,0,5822,5822,4746960,4746960,4096,4096,0,0,743,743,955456648,955456648,955456656,955456656,0,0,0,0,0,0,0,0,4096,256,131072,4,15|5,0,16777216,262144,64,0,0,0,0,100,0,88,0,25,22,0,1,100,0|392,1674264864,8,0,0,5767168,0,5767168,0,17645,0,0,22,0,0,0,0,0,0,0,5584845,0,0,0,0,0
1785977943876|1041|sustained_300s_r2f_00014_16777216|rotating|230,1378943233,33558272,6200312,6114157,6129446,6114157,6129446,6114157,5914,5891,5891,5891,0,0,752,0,181837624,181480648,4096,4096,0,0,5891,5891,941785841,941786190,941785849,941786198,0,0,0,0,0,0,0,0,4096,256,131072,4,15|4,0,16777216,262144,64,0,0,0,0,100,0,88,0,25,22,0,1,100,0|392,989539111,8,5846208,0,0,0,0,0,6151780,0,22,0,323898932,0,323898932,0,2080,318005646,0,8402366,0,0,0,0,0
1785977948885|1041|sustained_300s_r2f_00014_16777216|fixed|232,1378943233,16781056,12353369,12181351,141259,0,141259,0,2998,0,1499,0,0,0,11736,11736,9577000,9577000,4096,4096,0,0,1499,1499,1275829599,1275829599,1275829607,1275829607,0,0,0,0,0,0,0,0,4096,256,131072,4,15|4,0,16777216,262144,64,0,0,0,0,188,0,176,0,47,44,0,1,188,0|394,1994736418,8,0,0,11534336,0,11534336,0,35456,0,0,44,0,0,0,0,0,0,0,5627892,0,0,0,0,0
1785977948885|1041|sustained_300s_r2f_00014_16777216|rotating|232,1378943233,33558272,12430274,12257363,12288072,12257363,12288072,12257363,11854,11810,11809,11809,0,0,1509,0,364510880,363794152,4096,4096,0,0,11809,11809,1262463040,1262463405,1262463056,1262463413,0,0,0,0,0,0,0,0,4096,256,131072,4,15|4,0,16777216,262144,64,0,0,0,0,188,0,176,0,47,44,0,1,188,0|394,1310082327,8,11676608,0,0,0,0,0,12292132,0,44,0,642984548,0,642984548,0,2050,635380102,0,11264590,0,0,0,0,0
