captured_ms|sequence|label|role|admission_snapshot_words_csv|ps_runtime_words_csv|pl_perf_snapshot_words_csv
1785947840196|1001|dma_reset_rotating_3_clean64|fixed|2,1378943233,16781056,6149444,6064468,69737,0,69737,0,1480,0,740,0,0,0,5801,5801,4727776,0,4096,0,0,0,740,0,360271476,0,360271484,0,0,0,0,0,0,0,0,0,4096,256,131072,4,15|4,0,67108864,262144,256,0,0,0,0,96,0,84,0,24,21,0,1,96,0|4,1076815335,0,0,0,5505024,0,5505024,0,17551,0,0,21,0,0,0,0,0,0,0,6892272,0,0,0,0,0
1785947840196|1001|dma_reset_rotating_3_clean64|rotating|2,1378943233,33558272,6203322,6116921,6132834,6116921,6132834,6116921,5874,5852,5852,5852,0,0,748,0,180639080,180280312,4096,4096,0,0,5852,5852,345443749,345422322,345443757,345422330,0,0,0,0,0,0,0,0,4096,256,131072,4,15|4,0,67108864,262144,256,0,0,0,0,100,0,88,0,25,22,0,1,100,0|4,393866284,0,5830400,0,0,0,0,0,6178344,0,22,0,324001123,0,324001123,0,2080,317099586,0,9783378,0,0,0,0,0
1785947845206|1001|dma_reset_rotating_3_clean64|fixed|4,1378943233,16781056,12426287,12252740,141071,0,141071,0,2994,0,1497,0,0,0,11720,11720,9564232,0,4096,0,0,0,1497,0,681076891,0,681076899,0,0,0,0,0,0,0,0,0,4096,256,131072,4,15|4,0,67108864,262144,256,0,0,0,0,188,0,176,0,47,44,0,1,188,0|6,1398357289,0,0,0,11534336,0,11534336,0,35409,0,0,44,0,0,0,0,0,0,0,6941629,0,0,0,0,0
1785947845206|1001|dma_reset_rotating_3_clean64|rotating|4,1378943233,33558272,12494299,12319799,12352379,12319799,12352379,12319799,11830,11784,11784,11784,0,0,1506,0,363747680,363029968,4096,4096,0,0,11784,11784,667001319,667001676,667001327,667001684,0,0,0,0,0,0,0,0,4096,256,131072,4,15|4,0,67108864,262144,256,0,0,0,0,188,0,176,0,47,44,0,1,188,0|6,713993068,0,11652896,0,0,0,0,0,12355964,0,44,0,642672283,0,642672283,0,2080,634056088,0,12647403,0,0,0,0,0
1785947850206|1001|dma_reset_rotating_3_clean64|fixed|6,1378943233,16781056,18688262,18427650,212219,0,212219,0,4504,0,2252,0,0,0,17623,17623,14387912,0,4096,0,0,0,2252,0,1001207212,0,1001207220,0,0,0,0,0,0,0,0,0,4096,256,131072,4,15|4,0,67108864,262144,256,0,0,0,0,276,0,264,0,69,66,0,1,276,0|8,1718394703,0,0,0,17301504,0,17301504,0,53196,0,0,66,0,0,0,0,0,0,0,6989111,0,0,0,0,0
1785947850206|1001|dma_reset_rotating_3_clean64|rotating|6,1378943233,33554687,18764099,18502646,18551031,18502646,18551031,18502646,17763,17695,17694,17694,0,0,2261,0,546190969,545113780,4096,4096,0,0,17695,17695,987275409,987275414,987275417,987275422,0,0,0,0,0,0,0,0,4096,256,131072,4,15|4,0,67108864,262144,256,0,0,0,0,276,0,264,0,69,66,0,1,276,0|8,1034218082,0,17475392,0,0,0,0,0,18537761,0,66,0,961441673,0,961441673,0,2080,951122238,0,15500010,0,0,0,0,0
1785947855208|1001|dma_reset_rotating_3_clean64|fixed|8,1378943233,16781056,24961716,24613016,283461,0,283461,0,6016,0,3008,0,0,0,23536,23536,19217944,0,4096,0,0,0,3008,0,1321776112,0,1321776120,0,0,0,0,0,0,0,0,0,4096,256,131072,4,15|4,0,67108864,262144,256,0,0,0,0,364,0,352,0,91,88,0,1,364,0|10,2037667764,0,0,0,23068672,0,23068672,0,70936,0,0,88,0,0,0,0,0,0,0,7040237,0,0,0,0,0
1785947855208|1001|dma_reset_rotating_3_clean64|rotating|8,1378943233,33554687,25010967,24661730,24727033,24661730,24727033,24661730,23675,23585,23583,23583,0,0,3013,0,727971151,726534034,4096,4096,0,0,23584,23584,1306390532,1306390553,1306390540,1306390561,0,0,0,0,0,0,0,0,4096,256,131072,4,15|4,0,67108864,262144,256,0,0,0,0,364,0,352,0,91,88,0,1,364,0|10,1353880491,0,23289984,0,0,0,0,0,24707426,0,88,0,1279650434,0,1279650434,0,2054,1267617231,0,18361448,0,0,0,0,0
1785947860218|1001|dma_reset_rotating_3_clean64|fixed|10,1378943233,16781056,31230931,30795596,354612,0,354612,0,7526,0,3763,0,0,0,29448,29448,24041576,0,4096,0,0,0,3763,0,1641930171,0,1641930179,0,0,0,0,0,0,0,0,0,4096,256,131072,4,15|4,0,67108864,262144,256,0,0,0,0,452,0,440,0,113,110,0,1,452,0|12,2359766025,0,0,0,28835840,0,28835840,0,88840,0,0,110,0,0,0,0,0,0,0,7085332,0,0,0,0,0
1785947860218|1001|dma_reset_rotating_3_clean64|rotating|10,1378943233,33554687,31321140,30884018,30965496,30884018,30965496,30884018,29648,29535,29533,29533,0,0,3774,0,911646017,909834564,4096,4096,0,0,29534,29534,1628942897,1628942926,1628942905,1628942934,0,0,0,0,0,0,0,0,4096,256,131072,4,15|4,0,67108864,262144,256,0,0,0,0,456,0,444,0,114,111,0,1,456,0|12,1676108021,0,29145408,0,0,0,0,0,30923509,0,111,0,1600414108,0,1600414108,0,2080,1586524909,0,21369302,0,0,0,0,0
1785947865226|1001|dma_reset_rotating_3_clean64|fixed|12,1378943233,16781056,37506123,36985593,425849,0,425849,0,9038,0,4519,0,0,0,35365,35365,28871608,0,4096,0,0,0,4519,0,1962505147,0,1962505155,0,0,0,0,0,0,0,0,0,4096,256,131072,4,15|4,0,67108864,262144,256,0,0,0,0,544,0,532,0,136,133,0,1,544,0|14,2683420427,0,0,0,34865152,0,34865152,0,106816,0,0,133,0,0,0,0,0,0,0,7130312,0,0,0,0,0
1785947865226|1001|dma_reset_rotating_3_clean64|rotating|12,1378943233,33554687,37650722,37127733,37223174,37127733,37223174,37127733,35638,35504,35502,35502,0,0,4537,0,1095871374,1093700297,4096,4096,0,0,35502,35502,1952313992,1952314309,1952314000,1952314317,0,0,0,0,0,0,0,0,4096,256,131072,4,15|4,0,67108864,262144,256,0,0,0,0,544,0,532,0,136,133,0,1,544,0|14,1999431826,0,35031136,0,0,0,0,0,37165786,0,133,0,1922266481,0,1922266481,0,2080,1906675742,0,24233785,0,0,0,0,0
1785947870237|1001|dma_reset_rotating_3_clean64|fixed|14,1378943233,16781056,43783034,43172696,497186,0,497186,0,10552,0,5276,0,0,0,41282,41282,33708056,0,4096,0,0,0,5276,0,2283308137,0,2283308145,0,0,0,0,0,0,0,0,0,4096,256,131072,4,15|4,0,67108864,262144,256,0,0,0,0,632,0,620,0,158,155,0,1,632,0|16,3000551655,0,0,0,40632320,0,40632320,0,124438,0,0,155,0,0,0,0,0,0,0,7174598,0,0,0,0,0
1785947870237|1001|dma_reset_rotating_3_clean64|rotating|14,1378943233,33558272,43849948,43238885,43352007,43238885,43352007,43238885,41504,41348,41346,41346,0,0,5284,0,1276265272,1273738152,4096,4096,0,0,41346,41346,2269018026,2269018375,2269018034,2269018383,0,0,0,0,0,0,0,0,4096,256,131072,4,15|4,0,67108864,262144,256,0,0,0,0,632,0,620,0,158,155,0,1,632,0|16,2316160195,0,40790400,0,0,0,0,0,43278305,0,155,0,2237555034,0,2237555034,0,2080,2220235656,0,27098215,0,0,0,0,0
1785947875251|1001|dma_reset_rotating_3_clean64|fixed|16,1378943233,16781056,50067767,49370993,568524,0,568524,0,12066,0,6033,0,0,0,47208,47208,38544480,0,4096,0,0,0,6033,0,2604312695,0,2604312703,0,0,0,0,0,0,0,0,0,4096,256,131072,4,15|4,0,67108864,262144,256,0,0,0,0,720,0,708,0,180,177,0,1,720,0|18,3322350004,0,0,0,46399488,0,46399488,0,142320,0,0,177,0,0,0,0,0,0,0,7218576,0,0,0,0,0
1785947875251|1001|dma_reset_rotating_3_clean64|rotating|16,1378943233,33554687,50152091,49454427,49582624,49454427,49582624,49454427,47469,47291,47288,47288,0,0,6043,0,1459690568,1456803914,4096,4096,0,0,47289,47289,2591017412,2591017393,2591017388,2591017401,0,0,0,0,0,0,0,0,4096,256,131072,4,15|4,0,67108864,262144,256,0,0,0,0,720,0,708,0,180,177,0,1,720,0|18,2638117906,0,46644512,0,0,0,0,0,49492720,0,177,0,2558049217,0,2558049217,0,2080,2539018666,0,29965543,0,0,0,0,0
1785947880261|1001|dma_reset_rotating_3_clean64|fixed|18,1378943233,16781056,56341555,55558311,639768,0,639768,0,13578,0,6789,0,0,0,53123,53123,43374512,0,4096,0,0,0,6789,0,2924893094,0,2924893102,0,0,0,0,0,0,0,0,0,4096,256,131072,4,15|4,0,67108864,262144,256,0,0,0,0,808,0,796,0,202,199,0,1,808,0|20,3642176911,0,0,0,52166656,0,52166656,0,160082,0,0,199,0,0,0,0,0,0,0,7266868,0,0,0,0,0
1785947880261|1001|dma_reset_rotating_3_clean64|rotating|18,1378943233,33558272,56409286,55625200,55768769,55625200,55768769,55625200,53390,53189,53187,53187,0,0,6797,0,1641773800,1638527984,4096,4096,0,0,53187,53187,2910656846,2910657155,2910656854,2910657163,0,0,0,0,0,0,0,0,4096,256,131072,4,15|4,0,67108864,262144,256,0,0,0,0,812,0,800,0,203,200,0,1,812,0|20,2957737873,0,52452512,0,0,0,0,0,55659058,0,200,0,2876217184,0,2876217184,0,2080,2855323998,0,32969854,0,0,0,0,0
1785947885269|1001|dma_reset_rotating_3_clean64|fixed|20,1378943233,16781056,62611301,61741576,711005,0,711005,0,15090,0,7545,0,0,0,59034,59034,48204544,0,4096,0,0,0,7545,0,3245464965,0,3245464973,0,0,0,0,0,0,0,0,0,4096,256,131072,4,15|4,0,67108864,262144,256,0,0,0,0,900,0,888,0,225,222,0,1,900,0|22,3962565653,0,0,0,58195968,0,58195968,0,177892,0,0,222,0,0,0,0,0,0,0,7308142,0,0,0,0,0
1785947885269|1001|dma_reset_rotating_3_clean64|rotating|20,1378943233,33554687,62682915,61811718,61971061,61811718,61971061,61811718,59328,59104,59101,59101,0,0,7554,0,1824344668,1820722855,4096,4096,0,0,59102,59102,3231287870,3231287899,3231287886,3231287907,0,0,0,0,0,0,0,0,4096,256,131072,4,15|4,0,67108864,262144,256,0,0,0,0,900,0,888,0,225,222,0,1,900,0|22,3278202989,0,58282912,0,0,0,0,0,61844848,0,222,0,3195224700,0,3195224700,0,2080,3172618099,0,35834333,0,0,0,0,0
1785947890280|1001|dma_reset_rotating_3_clean64|fixed|22,1378943233,16781056,68885790,67929532,782249,0,782249,0,16602,0,8301,0,0,0,64951,64951,53034600,0,4096,0,0,0,8301,0,3565841460,0,3565841468,0,0,0,0,0,0,0,0,0,4096,256,131072,4,15|4,0,67108864,262144,256,0,0,0,0,988,0,976,0,247,244,0,1,988,0|24,4283933459,0,0,0,63963136,0,63963136,0,195750,0,0,244,0,0,0,0,0,0,0,7352937,0,0,0,0,0
1785947890280|1001|dma_reset_rotating_3_clean64|rotating|22,1378943233,33554687,68978931,68021555,68195646,68021555,68195646,68021555,65287,65041,65038,65038,0,0,8312,0,2007613388,2003633511,4096,4096,0,0,65039,65039,3552995963,3552995944,3552995971,3552995952,0,0,0,0,0,0,0,0,4096,256,131072,4,15|4,0,67108864,262144,256,0,0,0,0,988,0,976,0,247,244,0,1,988,0|24,3600959541,0,64152832,0,0,0,0,0,68074478,0,244,0,3516513772,0,3516513772,0,2080,3492202066,0,38698987,0,0,0,0,0
