sample|module|direction|lane_mask|tail_cycles|sender_raw|sender_raw_while_tx|sender_blanked_raw|sender_blanked_frame|sender_blanked_crc_valid|sender_local_source_reject|sender_accepted_remote|receiver_raw|receiver_accepted_remote|sender_last_txd_rise|sender_last_txd_fall|sender_first_rxd_after_tx|sender_last_rxd_after_tx|sender_overlap_violation|sender_admission_violation|sender_non_target_accepted|sender_cross_lane_accepted|receiver_overlap_violation|receiver_admission_violation|receiver_non_target_accepted|receiver_cross_lane_accepted
0|F0|0|1|0|1|1|1|0|0|0|0|1|0|48100200|48100208|0|0|0|0|0|0|0|0|0|0
1|F0|0|1|0|1|1|1|0|0|0|0|1|0|56877002|56877010|0|0|0|0|0|0|0|0|0|0
2|F0|0|1|0|1|1|1|0|0|0|0|1|0|65531217|65531225|0|0|0|0|0|0|0|0|0|0
3|F0|0|1|0|1|1|1|0|0|0|0|1|0|74346028|74346036|0|0|0|0|0|0|0|0|0|0
4|F0|0|1|0|1|1|1|0|0|0|0|1|0|81409798|81409806|0|0|0|0|0|0|0|0|0|0
5|F0|0|1|0|1|1|1|0|0|0|0|1|0|90574824|90574832|0|0|0|0|0|0|0|0|0|0
6|F0|0|1|0|1|1|1|0|0|0|0|1|0|99563139|99563147|0|0|0|0|0|0|0|0|0|0
7|F0|0|1|0|1|1|1|0|0|0|0|1|0|109515879|109515887|0|0|0|0|0|0|0|0|0|0
8|F0|0|1|0|1|1|1|0|0|0|0|1|0|117919448|117919456|0|0|0|0|0|0|0|0|0|0
9|F0|0|1|0|1|1|1|0|0|0|0|1|0|126946314|126946322|0|0|0|0|0|0|0|0|0|0
10|F0|0|1|0|1|1|1|0|0|0|0|1|0|136214150|136214158|0|0|0|0|0|0|0|0|0|0
11|F0|0|1|0|1|1|1|0|0|0|0|1|0|146233784|146233792|0|0|0|0|0|0|0|0|0|0
12|F0|0|1|0|1|1|1|0|0|0|0|1|0|154415668|154415676|0|0|0|0|0|0|0|0|0|0
13|F0|0|1|0|1|1|1|0|0|0|0|1|0|163538909|163538917|0|0|0|0|0|0|0|0|0|0
14|F0|0|1|0|1|1|1|0|0|0|0|1|0|174693473|174693481|0|0|0|0|0|0|0|0|0|0
15|F0|0|1|0|1|1|1|0|0|0|0|1|0|182955649|182955657|0|0|0|0|0|0|0|0|0|0
16|F0|0|1|0|1|1|1|0|0|0|0|1|0|191789738|191789746|0|0|0|0|0|0|0|0|0|0
17|F0|0|1|0|1|1|1|0|0|0|0|1|0|201825628|201825636|0|0|0|0|0|0|0|0|0|0
18|F0|0|1|0|1|1|1|0|0|0|0|1|0|210910319|210910327|0|0|0|0|0|0|0|0|0|0
19|F0|0|1|0|1|1|1|0|0|0|0|1|0|220232783|220232791|0|0|0|0|0|0|0|0|0|0
20|F0|0|1|0|1|1|1|0|0|0|0|1|0|229150424|229150432|0|0|0|0|0|0|0|0|0|0
21|F0|0|1|0|1|1|1|0|0|0|0|1|0|240201447|240201455|0|0|0|0|0|0|0|0|0|0
22|F0|0|1|0|1|1|1|0|0|0|0|1|0|249494988|249494996|0|0|0|0|0|0|0|0|0|0
23|F0|0|1|0|1|1|1|0|0|0|0|1|0|257615801|257615809|0|0|0|0|0|0|0|0|0|0
24|F0|0|1|0|1|1|1|0|0|0|0|1|0|267535873|267535881|0|0|0|0|0|0|0|0|0|0
25|F0|0|1|0|1|1|1|0|0|0|0|1|0|275666330|275666338|0|0|0|0|0|0|0|0|0|0
26|F0|0|1|0|1|1|1|0|0|0|0|1|0|284908536|284908544|0|0|0|0|0|0|0|0|0|0
27|F0|0|1|0|1|1|1|0|0|0|0|1|0|293601263|293601271|0|0|0|0|0|0|0|0|0|0
28|F0|0|1|0|1|1|1|0|0|0|0|1|0|302056307|302056315|0|0|0|0|0|0|0|0|0|0
29|F0|0|1|0|1|1|1|0|0|0|0|1|0|310636582|310636590|0|0|0|0|0|0|0|0|0|0
30|F0|0|1|0|1|1|1|0|0|0|0|1|0|317857781|317857789|0|0|0|0|0|0|0|0|0|0
31|F0|0|1|0|1|1|1|0|0|0|0|1|0|327125688|327125696|0|0|0|0|0|0|0|0|0|0
32|F0|0|1|0|1|1|1|0|0|0|0|1|0|335991910|335991918|0|0|0|0|0|0|0|0|0|0
33|F0|0|1|0|1|1|1|0|0|0|0|1|0|345545811|345545819|0|0|0|0|0|0|0|0|0|0
34|F0|0|1|0|1|1|1|0|0|0|0|1|0|352966694|352966702|0|0|0|0|0|0|0|0|0|0
35|F0|0|1|0|1|1|1|0|0|0|0|1|0|361492362|361492370|0|0|0|0|0|0|0|0|0|0
36|F0|0|1|0|1|1|1|0|0|0|0|1|0|370744138|370744146|0|0|0|0|0|0|0|0|0|0
37|F0|0|1|0|1|1|1|0|0|0|0|1|0|379578206|379578214|0|0|0|0|0|0|0|0|0|0
38|F0|0|1|0|1|1|1|0|0|0|0|1|0|387689383|387689391|0|0|0|0|0|0|0|0|0|0
39|F0|0|1|0|1|1|1|0|0|0|0|1|0|397812572|397812580|0|0|0|0|0|0|0|0|0|0
40|F0|0|1|0|1|1|1|0|0|0|0|1|0|407858631|407858639|0|0|0|0|0|0|0|0|0|0
41|F0|0|1|0|1|1|1|0|0|0|0|1|0|416233276|416233284|0|0|0|0|0|0|0|0|0|0
42|F0|0|1|0|1|1|1|0|0|0|0|1|0|427502771|427502779|0|0|0|0|0|0|0|0|0|0
43|F0|0|1|0|1|1|1|0|0|0|0|1|0|436494298|436494306|0|0|0|0|0|0|0|0|0|0
44|F0|0|1|0|1|1|1|0|0|0|0|1|0|445733212|445733220|0|0|0|0|0|0|0|0|0|0
45|F0|0|1|0|1|1|1|0|0|0|0|1|0|455875055|455875063|0|0|0|0|0|0|0|0|0|0
46|F0|0|1|0|1|1|1|0|0|0|0|1|0|465117232|465117240|0|0|0|0|0|0|0|0|0|0
47|F0|0|1|0|1|1|1|0|0|0|0|1|0|474124876|474124884|0|0|0|0|0|0|0|0|0|0
48|F0|0|1|0|1|1|1|0|0|0|0|1|0|482142895|482142903|0|0|0|0|0|0|0|0|0|0
49|F0|0|1|0|1|1|1|0|0|0|0|1|0|491368966|491368974|0|0|0|0|0|0|0|0|0|0
50|F0|0|1|0|1|1|1|0|0|0|0|1|0|499486612|499486620|0|0|0|0|0|0|0|0|0|0
51|F0|0|1|0|1|1|1|0|0|0|0|1|0|507556029|507556037|0|0|0|0|0|0|0|0|0|0
52|F0|0|1|0|1|1|1|0|0|0|0|1|0|517508719|517508727|0|0|0|0|0|0|0|0|0|0
53|F0|0|1|0|1|1|1|0|0|0|0|1|0|524588524|524588532|0|0|0|0|0|0|0|0|0|0
54|F0|0|1|0|1|1|1|0|0|0|0|1|0|532741478|532741486|0|0|0|0|0|0|0|0|0|0
55|F0|0|1|0|1|1|1|0|0|0|0|1|0|541688024|541688032|0|0|0|0|0|0|0|0|0|0
56|F0|0|1|0|1|1|1|0|0|0|0|1|0|552003316|552003324|0|0|0|0|0|0|0|0|0|0
57|F0|0|1|0|1|1|1|0|0|0|0|1|0|562180486|562180494|0|0|0|0|0|0|0|0|0|0
58|F0|0|1|0|1|1|1|0|0|0|0|1|0|571143102|571143110|0|0|0|0|0|0|0|0|0|0
59|F0|0|1|0|1|1|1|0|0|0|0|1|0|581057277|581057285|0|0|0|0|0|0|0|0|0|0
60|F0|0|1|0|1|1|1|0|0|0|0|1|0|589480117|589480125|0|0|0|0|0|0|0|0|0|0
61|F0|0|1|0|1|1|1|0|0|0|0|1|0|598413775|598413783|0|0|0|0|0|0|0|0|0|0
62|F0|0|1|0|1|1|1|0|0|0|0|1|0|606675996|606676004|0|0|0|0|0|0|0|0|0|0
63|F0|0|1|0|1|1|1|0|0|0|0|1|0|616865921|616865929|0|0|0|0|0|0|0|0|0|0
64|F0|0|1|0|1|1|1|0|0|0|0|1|0|625777123|625777131|0|0|0|0|0|0|0|0|0|0
65|F0|0|1|0|1|1|1|0|0|0|0|1|0|635157450|635157458|0|0|0|0|0|0|0|0|0|0
66|F0|0|1|0|1|1|1|0|0|0|0|1|0|646240559|646240567|0|0|0|0|0|0|0|0|0|0
67|F0|0|1|0|1|1|1|0|0|0|0|1|0|655222452|655222460|0|0|0|0|0|0|0|0|0|0
68|F0|0|1|0|1|1|1|0|0|0|0|1|0|664361772|664361780|0|0|0|0|0|0|0|0|0|0
69|F0|0|1|0|1|1|1|0|0|0|0|1|0|674532586|674532594|0|0|0|0|0|0|0|0|0|0
70|F0|0|1|0|1|1|1|0|0|0|0|1|0|683508042|683508050|0|0|0|0|0|0|0|0|0|0
71|F0|0|1|0|1|1|1|0|0|0|0|1|0|692387089|692387097|0|0|0|0|0|0|0|0|0|0
72|F0|0|1|0|1|1|1|0|0|0|0|1|0|700389044|700389052|0|0|0|0|0|0|0|0|0|0
73|F0|0|1|0|1|1|1|0|0|0|0|1|0|710768551|710768559|0|0|0|0|0|0|0|0|0|0
74|F0|0|1|0|1|1|1|0|0|0|0|1|0|718754412|718754420|0|0|0|0|0|0|0|0|0|0
75|F0|0|1|0|1|1|1|0|0|0|0|1|0|727681674|727681682|0|0|0|0|0|0|0|0|0|0
76|F0|0|1|0|1|1|1|0|0|0|0|1|0|737602287|737602295|0|0|0|0|0|0|0|0|0|0
77|F0|0|1|0|1|1|1|0|0|0|0|1|0|744791354|744791362|0|0|0|0|0|0|0|0|0|0
78|F0|0|1|0|1|1|1|0|0|0|0|1|0|753869603|753869611|0|0|0|0|0|0|0|0|0|0
79|F0|0|1|0|1|1|1|0|0|0|0|1|0|762812936|762812944|0|0|0|0|0|0|0|0|0|0
80|F0|0|1|0|1|1|1|0|0|0|0|1|0|773070348|773070356|0|0|0|0|0|0|0|0|0|0
81|F0|0|1|0|1|1|1|0|0|0|0|1|0|782113286|782113294|0|0|0|0|0|0|0|0|0|0
82|F0|0|1|0|1|1|1|0|0|0|0|1|0|791300815|791300823|0|0|0|0|0|0|0|0|0|0
83|F0|0|1|0|1|1|1|0|0|0|0|1|0|799884821|799884829|0|0|0|0|0|0|0|0|0|0
84|F0|0|1|0|1|1|1|0|0|0|0|1|0|809805388|809805396|0|0|0|0|0|0|0|0|0|0
85|F0|0|1|0|1|1|1|0|0|0|0|1|0|818472387|818472395|0|0|0|0|0|0|0|0|0|0
86|F0|0|1|0|1|1|1|0|0|0|0|1|0|827508913|827508921|0|0|0|0|0|0|0|0|0|0
87|F0|0|1|0|1|1|1|0|0|0|0|1|0|838726995|838727003|0|0|0|0|0|0|0|0|0|0
88|F0|0|1|0|1|1|1|0|0|0|0|1|0|847641405|847641413|0|0|0|0|0|0|0|0|0|0
89|F0|0|1|0|1|1|1|0|0|0|0|1|0|855691535|855691543|0|0|0|0|0|0|0|0|0|0
90|F0|0|1|0|1|1|1|0|0|0|0|1|0|865948995|865949003|0|0|0|0|0|0|0|0|0|0
91|F0|0|1|0|1|1|1|0|0|0|0|1|0|874105140|874105148|0|0|0|0|0|0|0|0|0|0
92|F0|0|1|0|1|1|1|0|0|0|0|1|0|883122380|883122388|0|0|0|0|0|0|0|0|0|0
93|F0|0|1|0|1|1|1|0|0|0|0|1|0|893248154|893248162|0|0|0|0|0|0|0|0|0|0
94|F0|0|1|0|1|1|1|0|0|0|0|1|0|903474188|903474196|0|0|0|0|0|0|0|0|0|0
95|F0|0|1|0|1|1|1|0|0|0|0|1|0|912369299|912369307|0|0|0|0|0|0|0|0|0|0
96|F0|0|1|0|1|1|1|0|0|0|0|1|0|919767203|919767211|0|0|0|0|0|0|0|0|0|0
97|F0|0|1|0|1|1|1|0|0|0|0|1|0|930789305|930789313|0|0|0|0|0|0|0|0|0|0
98|F0|0|1|0|1|1|1|0|0|0|0|1|0|938935823|938935831|0|0|0|0|0|0|0|0|0|0
99|F0|0|1|0|1|1|1|0|0|0|0|1|0|947043782|947043790|0|0|0|0|0|0|0|0|0|0
100|F0|0|1|0|1|1|1|0|0|0|0|1|0|957249935|957249943|0|0|0|0|0|0|0|0|0|0
101|F0|0|1|0|1|1|1|0|0|0|0|1|0|966071206|966071214|0|0|0|0|0|0|0|0|0|0
102|F0|0|1|0|1|1|1|0|0|0|0|1|0|975374389|975374397|0|0|0|0|0|0|0|0|0|0
103|F0|0|1|0|1|1|1|0|0|0|0|1|0|985140872|985140880|0|0|0|0|0|0|0|0|0|0
104|F0|0|1|0|1|1|1|0|0|0|0|1|0|995465763|995465771|0|0|0|0|0|0|0|0|0|0
105|F0|0|1|0|1|1|1|0|0|0|0|1|0|1004550456|1004550464|0|0|0|0|0|0|0|0|0|0
106|F0|0|1|0|1|1|1|0|0|0|0|1|0|1013860062|1013860070|0|0|0|0|0|0|0|0|0|0
107|F0|0|1|0|1|1|1|0|0|0|0|1|0|1023928012|1023928020|0|0|0|0|0|0|0|0|0|0
108|F0|0|1|0|1|1|1|0|0|0|0|1|0|1033115526|1033115534|0|0|0|0|0|0|0|0|0|0
109|F0|0|1|0|1|1|1|0|0|0|0|1|0|1042097388|1042097396|0|0|0|0|0|0|0|0|0|0
110|F0|0|1|0|1|1|1|0|0|0|0|1|0|1052354844|1052354852|0|0|0|0|0|0|0|0|0|0
111|F0|0|1|0|1|1|1|0|0|0|0|1|0|1060485281|1060485289|0|0|0|0|0|0|0|0|0|0
112|F0|0|1|0|1|1|1|0|0|0|0|1|0|1069476801|1069476809|0|0|0|0|0|0|0|0|0|0
113|F0|0|1|0|1|1|1|0|0|0|0|1|0|1080081735|1080081743|0|0|0|0|0|0|0|0|0|0
114|F0|0|1|0|1|1|1|0|0|0|0|1|0|1089346785|1089346793|0|0|0|0|0|0|0|0|0|0
115|F0|0|1|0|1|1|1|0|0|0|0|1|0|1098148783|1098148791|0|0|0|0|0|0|0|0|0|0
116|F0|0|1|0|1|1|1|0|0|0|0|1|0|1106953955|1106953963|0|0|0|0|0|0|0|0|0|0
117|F0|0|1|0|1|1|1|0|0|0|0|1|0|1116157560|1116157568|0|0|0|0|0|0|0|0|0|0
118|F0|0|1|0|1|1|1|0|0|0|0|1|0|1125496120|1125496128|0|0|0|0|0|0|0|0|0|0
119|F0|0|1|0|1|1|1|0|0|0|0|1|0|1135342968|1135342976|0|0|0|0|0|0|0|0|0|0
120|F0|0|1|0|1|1|1|0|0|0|0|1|0|1145494357|1145494365|0|0|0|0|0|0|0|0|0|0
121|F0|0|1|0|1|1|1|0|0|0|0|1|0|1154848940|1154848948|0|0|0|0|0|0|0|0|0|0
122|F0|0|1|0|1|1|1|0|0|0|0|1|0|1163615550|1163615558|0|0|0|0|0|0|0|0|0|0
123|F0|0|1|0|1|1|1|0|0|0|0|1|0|1173767014|1173767022|0|0|0|0|0|0|0|0|0|0
124|F0|0|1|0|1|1|1|0|0|0|0|1|0|1183041300|1183041308|0|0|0|0|0|0|0|0|0|0
125|F0|0|1|0|1|1|1|0|0|0|0|1|0|1192225594|1192225602|0|0|0|0|0|0|0|0|0|0
126|F0|0|1|0|1|1|1|0|0|0|0|1|0|1201066092|1201066100|0|0|0|0|0|0|0|0|0|0
127|F0|0|1|0|1|1|1|0|0|0|0|1|0|1211400614|1211400622|0|0|0|0|0|0|0|0|0|0
128|F0|0|1|0|1|1|1|0|0|0|0|1|0|1220366442|1220366450|0|0|0|0|0|0|0|0|0|0
129|F0|0|1|0|1|1|1|0|0|0|0|1|0|1228500193|1228500201|0|0|0|0|0|0|0|0|0|0
130|F0|0|1|0|1|1|1|0|0|0|0|1|0|1238337217|1238337225|0|0|0|0|0|0|0|0|0|0
131|F0|0|1|0|1|1|1|0|0|0|0|1|0|1246737578|1246737586|0|0|0|0|0|0|0|0|0|0
132|F0|0|1|0|1|1|1|0|0|0|0|1|0|1254771649|1254771657|0|0|0|0|0|0|0|0|0|0
133|F0|0|1|0|1|1|1|0|0|0|0|1|0|1263663594|1263663602|0|0|0|0|0|0|0|0|0|0
134|F0|0|1|0|1|1|1|0|0|0|0|1|0|1275019797|1275019805|0|0|0|0|0|0|0|0|0|0
135|F0|0|1|0|1|1|1|0|0|0|0|1|0|1283201660|1283201668|0|0|0|0|0|0|0|0|0|0
136|F0|0|1|0|1|1|1|0|0|0|0|1|0|1292167553|1292167561|0|0|0|0|0|0|0|0|0|0
137|F0|0|1|0|1|1|1|0|0|0|0|1|0|1301908144|1301908152|0|0|0|0|0|0|0|0|0|0
138|F0|0|1|0|1|1|1|0|0|0|0|1|0|1310427407|1310427415|0|0|0|0|0|0|0|0|0|0
139|F0|0|1|0|1|1|1|0|0|0|0|1|0|1320345062|1320345070|0|0|0|0|0|0|0|0|0|0
140|F0|0|1|0|1|1|1|0|0|0|0|1|0|1329404061|1329404069|0|0|0|0|0|0|0|0|0|0
141|F0|0|1|0|1|1|1|0|0|0|0|1|0|1337669459|1337669467|0|0|0|0|0|0|0|0|0|0
142|F0|0|1|0|1|1|1|0|0|0|0|1|0|1345600710|1345600718|0|0|0|0|0|0|0|0|0|0
143|F0|0|1|0|1|1|1|0|0|0|0|1|0|1353875763|1353875771|0|0|0|0|0|0|0|0|0|0
144|F0|0|1|0|1|1|1|0|0|0|0|1|0|1364551407|1364551415|0|0|0|0|0|0|0|0|0|0
145|F0|0|1|0|1|1|1|0|0|0|0|1|0|1372871430|1372871438|0|0|0|0|0|0|0|0|0|0
146|F0|0|1|0|1|1|1|0|0|0|0|1|0|1381734410|1381734418|0|0|0|0|0|0|0|0|0|0
147|F0|0|1|0|1|1|1|0|0|0|0|1|0|1389925926|1389925934|0|0|0|0|0|0|0|0|0|0
148|F0|0|1|0|1|1|1|0|0|0|0|1|0|1400093396|1400093404|0|0|0|0|0|0|0|0|0|0
149|F0|0|1|0|1|1|1|0|0|0|0|1|0|1408349155|1408349163|0|0|0|0|0|0|0|0|0|0
150|F0|0|1|0|1|1|1|0|0|0|0|1|0|1418275699|1418275707|0|0|0|0|0|0|0|0|0|0
151|F0|0|1|0|1|1|1|0|0|0|0|1|0|1428080611|1428080619|0|0|0|0|0|0|0|0|0|0
152|F0|0|1|0|1|1|1|0|0|0|0|1|0|1436461676|1436461684|0|0|0|0|0|0|0|0|0|0
153|F0|0|1|0|1|1|1|0|0|0|0|1|0|1445472476|1445472484|0|0|0|0|0|0|0|0|0|0
154|F0|0|1|0|1|1|1|0|0|0|0|1|0|1454843166|1454843174|0|0|0|0|0|0|0|0|0|0
155|F0|0|1|0|1|1|1|0|0|0|0|1|0|1465945587|1465945595|0|0|0|0|0|0|0|0|0|0
156|F0|0|1|0|1|1|1|0|0|0|0|1|0|1477012675|1477012683|0|0|0|0|0|0|0|0|0|0
157|F0|0|1|0|1|1|1|0|0|0|0|1|0|1485127078|1485127086|0|0|0|0|0|0|0|0|0|0
158|F0|0|1|0|1|1|1|0|0|0|0|1|0|1495307372|1495307380|0|0|0|0|0|0|0|0|0|0
159|F0|0|1|0|1|1|1|0|0|0|0|1|0|1504260372|1504260380|0|0|0|0|0|0|0|0|0|0
160|F0|0|1|0|1|1|1|0|0|0|0|1|0|1513669620|1513669628|0|0|0|0|0|0|0|0|0|0
161|F0|0|1|0|1|1|1|0|0|0|0|1|0|1522754310|1522754318|0|0|0|0|0|0|0|0|0|0
162|F0|0|1|0|1|1|1|0|0|0|0|1|0|1532854291|1532854299|0|0|0|0|0|0|0|0|0|0
163|F0|0|1|0|1|1|1|0|0|0|0|1|0|1542083573|1542083581|0|0|0|0|0|0|0|0|0|0
164|F0|0|1|0|1|1|1|0|0|0|0|1|0|1551107233|1551107241|0|0|0|0|0|0|0|0|0|0
165|F0|0|1|0|1|1|1|0|0|0|0|1|0|1560111608|1560111616|0|0|0|0|0|0|0|0|0|0
166|F0|0|1|0|1|1|1|0|0|0|0|1|0|1569286268|1569286276|0|0|0|0|0|0|0|0|0|0
167|F0|0|1|0|1|1|1|0|0|0|0|1|0|1578126782|1578126790|0|0|0|0|0|0|0|0|0|0
168|F0|0|1|0|1|1|1|0|0|0|0|1|0|1588271741|1588271749|0|0|0|0|0|0|0|0|0|0
169|F0|0|1|0|1|1|1|0|0|0|0|1|0|1597128307|1597128315|0|0|0|0|0|0|0|0|0|0
170|F0|0|1|0|1|1|1|0|0|0|0|1|0|1606335107|1606335115|0|0|0|0|0|0|0|0|0|0
171|F0|0|1|0|1|1|1|0|0|0|0|1|0|1615480924|1615480932|0|0|0|0|0|0|0|0|0|0
172|F0|0|1|0|1|1|1|0|0|0|0|1|0|1623559978|1623559986|0|0|0|0|0|0|0|0|0|0
173|F0|0|1|0|1|1|1|0|0|0|0|1|0|1632561135|1632561143|0|0|0|0|0|0|0|0|0|0
174|F0|0|1|0|1|1|1|0|0|0|0|1|0|1641832230|1641832238|0|0|0|0|0|0|0|0|0|0
175|F0|0|1|0|1|1|1|0|0|0|0|1|0|1650974780|1650974788|0|0|0|0|0|0|0|0|0|0
176|F0|0|1|0|1|1|1|0|0|0|0|1|0|1659005648|1659005656|0|0|0|0|0|0|0|0|0|0
177|F0|0|1|0|1|1|1|0|0|0|0|1|0|1667132894|1667132902|0|0|0|0|0|0|0|0|0|0
178|F0|0|1|0|1|1|1|0|0|0|0|1|0|1679233562|1679233570|0|0|0|0|0|0|0|0|0|0
179|F0|0|1|0|1|1|1|0|0|0|0|1|0|1689346470|1689346478|0|0|0|0|0|0|0|0|0|0
180|F0|0|1|0|1|1|1|0|0|0|0|1|0|1697332376|1697332384|0|0|0|0|0|0|0|0|0|0
181|F0|0|1|0|1|1|1|0|0|0|0|1|0|1706442780|1706442788|0|0|0|0|0|0|0|0|0|0
182|F0|0|1|0|1|1|1|0|0|0|0|1|0|1716655288|1716655296|0|0|0|0|0|0|0|0|0|0
183|F0|0|1|0|1|1|1|0|0|0|0|1|0|1725579395|1725579403|0|0|0|0|0|0|0|0|0|0
184|F0|0|1|0|1|1|1|0|0|0|0|1|0|1734792627|1734792635|0|0|0|0|0|0|0|0|0|0
185|F0|0|1|0|1|1|1|0|0|0|0|1|0|1745776175|1745776183|0|0|0|0|0|0|0|0|0|0
186|F0|0|1|0|1|1|1|0|0|0|0|1|0|1756065758|1756065766|0|0|0|0|0|0|0|0|0|0
187|F0|0|1|0|1|1|1|0|0|0|0|1|0|1764925532|1764925540|0|0|0|0|0|0|0|0|0|0
188|F0|0|1|0|1|1|1|0|0|0|0|1|0|1773184524|1773184532|0|0|0|0|0|0|0|0|0|0
189|F0|0|1|0|1|1|1|0|0|0|0|1|0|1782314209|1782314217|0|0|0|0|0|0|0|0|0|0
190|F0|0|1|0|1|1|1|0|0|0|0|1|0|1791575617|1791575625|0|0|0|0|0|0|0|0|0|0
191|F0|0|1|0|1|1|1|0|0|0|0|1|0|1801768783|1801768791|0|0|0|0|0|0|0|0|0|0
192|F0|0|1|0|1|1|1|0|0|0|0|1|0|1811782022|1811782030|0|0|0|0|0|0|0|0|0|0
193|F0|0|1|0|1|1|1|0|0|0|0|1|0|1819893194|1819893202|0|0|0|0|0|0|0|0|0|0
194|F0|0|1|0|1|1|1|0|0|0|0|1|0|1829267171|1829267179|0|0|0|0|0|0|0|0|0|0
195|F0|0|1|0|1|1|1|0|0|0|0|1|0|1837911770|1837911778|0|0|0|0|0|0|0|0|0|0
196|F0|0|1|0|1|1|1|0|0|0|0|1|0|1846369948|1846369956|0|0|0|0|0|0|0|0|0|0
197|F0|0|1|0|1|1|1|0|0|0|0|1|0|1855403276|1855403284|0|0|0|0|0|0|0|0|0|0
198|F0|0|1|0|1|1|1|0|0|0|0|1|0|1863508056|1863508064|0|0|0|0|0|0|0|0|0|0
199|F0|0|1|0|1|1|1|0|0|0|0|1|0|1871488070|1871488078|0|0|0|0|0|0|0|0|0|0
200|F0|0|1|0|1|1|1|0|0|0|0|1|0|1879583183|1879583191|0|0|0|0|0|0|0|0|0|0
201|F0|0|1|0|1|1|1|0|0|0|0|1|0|1887562632|1887562640|0|0|0|0|0|0|0|0|0|0
202|F0|0|1|0|1|1|1|0|0|0|0|1|0|1896554197|1896554205|0|0|0|0|0|0|0|0|0|0
203|F0|0|1|0|1|1|1|0|0|0|0|1|0|1906840524|1906840532|0|0|0|0|0|0|0|0|0|0
204|F0|0|1|0|1|1|1|0|0|0|0|1|0|1914897080|1914897088|0|0|0|0|0|0|0|0|0|0
205|F0|0|1|0|1|1|1|0|0|0|0|1|0|1922963283|1922963291|0|0|0|0|0|0|0|0|0|0
206|F0|0|1|0|1|1|1|0|0|0|0|1|0|1932147674|1932147682|0|0|0|0|0|0|0|0|0|0
207|F0|0|1|0|1|1|1|0|0|0|0|1|0|1940130342|1940130350|0|0|0|0|0|0|0|0|0|0
208|F0|0|1|0|1|1|1|0|0|0|0|1|0|1948202995|1948203003|0|0|0|0|0|0|0|0|0|0
209|F0|0|1|0|1|1|1|0|0|0|0|1|0|1957065987|1957065995|0|0|0|0|0|0|0|0|0|0
210|F0|0|1|0|1|1|1|0|0|0|0|1|0|1965781487|1965781495|0|0|0|0|0|0|0|0|0|0
211|F0|0|1|0|1|1|1|0|0|0|0|1|0|1974255736|1974255744|0|0|0|0|0|0|0|0|0|0
212|F0|0|1|0|1|1|1|0|0|0|0|1|0|1982231974|1982231982|0|0|0|0|0|0|0|0|0|0
213|F0|0|1|0|1|1|1|0|0|0|0|1|0|1990372067|1990372075|0|0|0|0|0|0|0|0|0|0
214|F0|0|1|0|1|1|1|0|0|0|0|1|0|2000748373|2000748381|0|0|0|0|0|0|0|0|0|0
215|F0|0|1|0|1|1|1|0|0|0|0|1|0|2009743164|2009743172|0|0|0|0|0|0|0|0|0|0
216|F0|0|1|0|1|1|1|0|0|0|0|1|0|2018972451|2018972459|0|0|0|0|0|0|0|0|0|0
217|F0|0|1|0|1|1|1|0|0|0|0|1|0|2029817834|2029817842|0|0|0|0|0|0|0|0|0|0
218|F0|0|1|0|1|1|1|0|0|0|0|1|0|2037948332|2037948340|0|0|0|0|0|0|0|0|0|0
219|F0|0|1|0|1|1|1|0|0|0|0|1|0|2047212989|2047212997|0|0|0|0|0|0|0|0|0|0
220|F0|0|1|0|1|1|1|0|0|0|0|1|0|2055369148|2055369156|0|0|0|0|0|0|0|0|0|0
221|F0|0|1|0|1|1|1|0|0|0|0|1|0|2066439445|2066439453|0|0|0|0|0|0|0|0|0|0
222|F0|0|1|0|1|1|1|0|0|0|0|1|0|2074524924|2074524932|0|0|0|0|0|0|0|0|0|0
223|F0|0|1|0|1|1|1|0|0|0|0|1|0|2082478675|2082478683|0|0|0|0|0|0|0|0|0|0
224|F0|0|1|0|1|1|1|0|0|0|0|1|0|2092385880|2092385888|0|0|0|0|0|0|0|0|0|0
225|F0|0|1|0|1|1|1|0|0|0|0|1|0|2101679448|2101679456|0|0|0|0|0|0|0|0|0|0
226|F0|0|1|0|1|1|1|0|0|0|0|1|0|2110465324|2110465332|0|0|0|0|0|0|0|0|0|0
227|F0|0|1|0|1|1|1|0|0|0|0|1|0|2120401533|2120401541|0|0|0|0|0|0|0|0|0|0
228|F0|0|1|0|1|1|1|0|0|0|0|1|0|2128798668|2128798676|0|0|0|0|0|0|0|0|0|0
229|F0|0|1|0|1|1|1|0|0|0|0|1|0|2138388262|2138388270|0|0|0|0|0|0|0|0|0|0
230|F0|0|1|0|1|1|1|0|0|0|0|1|0|2146888200|2146888208|0|0|0|0|0|0|0|0|0|0
231|F0|0|1|0|1|1|1|0|0|0|0|1|0|2156866099|2156866107|0|0|0|0|0|0|0|0|0|0
232|F0|0|1|0|1|1|1|0|0|0|0|1|0|2166162855|2166162863|0|0|0|0|0|0|0|0|0|0
233|F0|0|1|0|1|1|1|0|0|0|0|1|0|2175048355|2175048363|0|0|0|0|0|0|0|0|0|0
234|F0|0|1|0|1|1|1|0|0|0|0|1|0|2185007526|2185007534|0|0|0|0|0|0|0|0|0|0
235|F0|0|1|0|1|1|1|0|0|0|0|1|0|2193301812|2193301820|0|0|0|0|0|0|0|0|0|0
236|F0|0|1|0|1|1|1|0|0|0|0|1|0|2202264469|2202264477|0|0|0|0|0|0|0|0|0|0
237|F0|0|1|0|1|1|1|0|0|0|0|1|0|2211406979|2211406987|0|0|0|0|0|0|0|0|0|0
238|F0|0|1|0|1|1|1|0|0|0|0|1|0|2221346302|2221346310|0|0|0|0|0|0|0|0|0|0
239|F0|0|1|0|1|1|1|0|0|0|0|1|0|2229418918|2229418926|0|0|0|0|0|0|0|0|0|0
240|F0|0|1|0|1|1|1|0|0|0|0|1|0|2238789601|2238789609|0|0|0|0|0|0|0|0|0|0
241|F0|0|1|0|1|1|1|0|0|0|0|1|0|2249346197|2249346205|0|0|0|0|0|0|0|0|0|0
242|F0|0|1|0|1|1|1|0|0|0|0|1|0|2258035750|2258035758|0|0|0|0|0|0|0|0|0|0
243|F0|0|1|0|1|1|1|0|0|0|0|1|0|2266856995|2266857003|0|0|0|0|0|0|0|0|0|0
244|F0|0|1|0|1|1|1|0|0|0|0|1|0|2276931343|2276931351|0|0|0|0|0|0|0|0|0|0
245|F0|0|1|0|1|1|1|0|0|0|0|1|0|2286080291|2286080299|0|0|0|0|0|0|0|0|0|0
246|F0|0|1|0|1|1|1|0|0|0|0|1|0|2295405964|2295405972|0|0|0|0|0|0|0|0|0|0
247|F0|0|1|0|1|1|1|0|0|0|0|1|0|2304246474|2304246482|0|0|0|0|0|0|0|0|0|0
248|F0|0|1|0|1|1|1|0|0|0|0|1|0|2313337580|2313337588|0|0|0|0|0|0|0|0|0|0
249|F0|0|1|0|1|1|1|0|0|0|0|1|0|2322602196|2322602204|0|0|0|0|0|0|0|0|0|0
250|F0|0|1|0|1|1|1|0|0|0|0|1|0|2331584076|2331584084|0|0|0|0|0|0|0|0|0|0
251|F0|0|1|0|1|1|1|0|0|0|0|1|0|2340999836|2340999844|0|0|0|0|0|0|0|0|0|0
252|F0|0|1|0|1|1|1|0|0|0|0|1|0|2349830694|2349830702|0|0|0|0|0|0|0|0|0|0
253|F0|0|1|0|1|1|1|0|0|0|0|1|0|2358793304|2358793312|0|0|0|0|0|0|0|0|0|0
254|F0|0|1|0|1|1|1|0|0|0|0|1|0|2368228263|2368228271|0|0|0|0|0|0|0|0|0|0
255|F0|0|1|0|1|1|1|0|0|0|0|1|0|2378077679|2378077687|0|0|0|0|0|0|0|0|0|0
256|F0|0|1|0|1|1|1|0|0|0|0|1|0|2386076387|2386076395|0|0|0|0|0|0|0|0|0|0
257|F0|0|1|0|1|1|1|0|0|0|0|1|0|2393410031|2393410039|0|0|0|0|0|0|0|0|0|0
258|F0|0|1|0|1|1|1|0|0|0|0|1|0|2402189580|2402189588|0|0|0|0|0|0|0|0|0|0
259|F0|0|1|0|1|1|1|0|0|0|0|1|0|2412662238|2412662246|0|0|0|0|0|0|0|0|0|0
260|F0|0|1|0|1|1|1|0|0|0|0|1|0|2421811297|2421811305|0|0|0|0|0|0|0|0|0|0
261|F0|0|1|0|1|1|1|0|0|0|0|1|0|2432233694|2432233702|0|0|0|0|0|0|0|0|0|0
262|F0|0|1|0|1|1|1|0|0|0|0|1|0|2440977804|2440977812|0|0|0|0|0|0|0|0|0|0
263|F0|0|1|0|1|1|1|0|0|0|0|1|0|2448947613|2448947621|0|0|0|0|0|0|0|0|0|0
264|F0|0|1|0|1|1|1|0|0|0|0|1|0|2457071646|2457071654|0|0|0|0|0|0|0|0|0|0
265|F0|0|1|0|1|1|1|0|0|0|0|1|0|2467139631|2467139639|0|0|0|0|0|0|0|0|0|0
266|F0|0|1|0|1|1|1|0|0|0|0|1|0|2476224326|2476224334|0|0|0|0|0|0|0|0|0|0
267|F0|0|1|0|1|1|1|0|0|0|0|1|0|2484287320|2484287328|0|0|0|0|0|0|0|0|0|0
268|F0|0|1|0|1|1|1|0|0|0|0|1|0|2493156751|2493156759|0|0|0|0|0|0|0|0|0|0
269|F0|0|1|0|1|1|1|0|0|0|0|1|0|2502122570|2502122578|0|0|0|0|0|0|0|0|0|0
270|F0|0|1|0|1|1|1|0|0|0|0|1|0|2511544675|2511544683|0|0|0|0|0|0|0|0|0|0
271|F0|0|1|0|1|1|1|0|0|0|0|1|0|2521250119|2521250127|0|0|0|0|0|0|0|0|0|0
272|F0|0|1|0|1|1|1|0|0|0|0|1|0|2528693016|2528693024|0|0|0|0|0|0|0|0|0|0
273|F0|0|1|0|1|1|1|0|0|0|0|1|0|2536322758|2536322766|0|0|0|0|0|0|0|0|0|0
274|F0|0|1|0|1|1|1|0|0|0|0|1|0|2544780911|2544780919|0|0|0|0|0|0|0|0|0|0
275|F0|0|1|0|1|1|1|0|0|0|0|1|0|2552892088|2552892096|0|0|0|0|0|0|0|0|0|0
276|F0|0|1|0|1|1|1|0|0|0|0|1|0|2562057116|2562057124|0|0|0|0|0|0|0|0|0|0
277|F0|0|1|0|1|1|1|0|0|0|0|1|0|2570149016|2570149024|0|0|0|0|0|0|0|0|0|0
278|F0|0|1|0|1|1|1|0|0|0|0|1|0|2578337304|2578337312|0|0|0|0|0|0|0|0|0|0
279|F0|0|1|0|1|1|1|0|0|0|0|1|0|2587213204|2587213212|0|0|0|0|0|0|0|0|0|0
280|F0|0|1|0|1|1|1|0|0|0|0|1|0|2595452890|2595452898|0|0|0|0|0|0|0|0|0|0
281|F0|0|1|0|1|1|1|0|0|0|0|1|0|2604299832|2604299840|0|0|0|0|0|0|0|0|0|0
282|F0|0|1|0|1|1|1|0|0|0|0|1|0|2613509844|2613509852|0|0|0|0|0|0|0|0|0|0
283|F0|0|1|0|1|1|1|0|0|0|0|1|0|2624449132|2624449140|0|0|0|0|0|0|0|0|0|0
284|F0|0|1|0|1|1|1|0|0|0|0|1|0|2634452733|2634452741|0|0|0|0|0|0|0|0|0|0
285|F0|0|1|0|1|1|1|0|0|0|0|1|0|2643630659|2643630667|0|0|0|0|0|0|0|0|0|0
286|F0|0|1|0|1|1|1|0|0|0|0|1|0|2652394141|2652394149|0|0|0|0|0|0|0|0|0|0
287|F0|0|1|0|1|1|1|0|0|0|0|1|0|2660788035|2660788043|0|0|0|0|0|0|0|0|0|0
288|F0|0|1|0|1|1|1|0|0|0|0|1|0|2668896015|2668896023|0|0|0|0|0|0|0|0|0|0
289|F0|0|1|0|1|1|1|0|0|0|0|1|0|2677765459|2677765467|0|0|0|0|0|0|0|0|0|0
290|F0|0|1|0|1|1|1|0|0|0|0|1|0|2688006817|2688006825|0|0|0|0|0|0|0|0|0|0
291|F0|0|1|0|1|1|1|0|0|0|0|1|0|2696924436|2696924444|0|0|0|0|0|0|0|0|0|0
292|F0|0|1|0|1|1|1|0|0|0|0|1|0|2705009916|2705009924|0|0|0|0|0|0|0|0|0|0
293|F0|0|1|0|1|1|1|0|0|0|0|1|0|2714955759|2714955767|0|0|0|0|0|0|0|0|0|0
294|F0|0|1|0|1|1|1|0|0|0|0|1|0|2725274273|2725274281|0|0|0|0|0|0|0|0|0|0
295|F0|0|1|0|1|1|1|0|0|0|0|1|0|2734121213|2734121221|0|0|0|0|0|0|0|0|0|0
296|F0|0|1|0|1|1|1|0|0|0|0|1|0|2743318365|2743318373|0|0|0|0|0|0|0|0|0|0
297|F0|0|1|0|1|1|1|0|0|0|0|1|0|2753328385|2753328393|0|0|0|0|0|0|0|0|0|0
298|F0|0|1|0|1|1|1|0|0|0|0|1|0|2762699066|2762699074|0|0|0|0|0|0|0|0|0|0
299|F0|0|1|0|1|1|1|0|0|0|0|1|0|2771449642|2771449650|0|0|0|0|0|0|0|0|0|0
300|F0|0|1|0|1|1|1|0|0|0|0|1|0|2781658878|2781658886|0|0|0|0|0|0|0|0|0|0
301|F0|0|1|0|1|1|1|0|0|0|0|1|0|2790582947|2790582955|0|0|0|0|0|0|0|0|0|0
302|F0|0|1|0|1|1|1|0|0|0|0|1|0|2799828277|2799828285|0|0|0|0|0|0|0|0|0|0
303|F0|0|1|0|1|1|1|0|0|0|0|1|0|2810529588|2810529596|0|0|0|0|0|0|0|0|0|0
304|F0|0|1|0|1|1|1|0|0|0|0|1|0|2818974909|2818974917|0|0|0|0|0|0|0|0|0|0
305|F0|0|1|0|1|1|1|0|0|0|0|1|0|2827937548|2827937556|0|0|0|0|0|0|0|0|0|0
306|F0|0|1|0|1|1|1|0|0|0|0|1|0|2837953994|2837954002|0|0|0|0|0|0|0|0|0|0
307|F0|0|1|0|1|1|1|0|0|0|0|1|0|2849088545|2849088553|0|0|0|0|0|0|0|0|0|0
308|F0|0|1|0|1|1|1|0|0|0|0|1|0|2858015820|2858015828|0|0|0|0|0|0|0|0|0|0
309|F0|0|1|0|1|1|1|0|0|0|0|1|0|2867103706|2867103714|0|0|0|0|0|0|0|0|0|0
310|F0|0|1|0|1|1|1|0|0|0|0|1|0|2877059105|2877059113|0|0|0|0|0|0|0|0|0|0
311|F0|0|1|0|1|1|1|0|0|0|0|1|0|2886278714|2886278722|0|0|0|0|0|0|0|0|0|0
312|F0|0|1|0|1|1|1|0|0|0|0|1|0|2895328076|2895328084|0|0|0|0|0|0|0|0|0|0
313|F0|0|1|0|1|1|1|0|0|0|0|1|0|2904252230|2904252238|0|0|0|0|0|0|0|0|0|0
314|F0|0|1|0|1|1|1|0|0|0|0|1|0|2914709004|2914709012|0|0|0|0|0|0|0|0|0|0
315|F0|0|1|0|1|1|1|0|0|0|0|1|0|2924240294|2924240302|0|0|0|0|0|0|0|0|0|0
316|F0|0|1|0|1|1|1|0|0|0|0|1|0|2933549949|2933549957|0|0|0|0|0|0|0|0|0|0
317|F0|0|1|0|1|1|1|0|0|0|0|1|0|2943364021|2943364029|0|0|0|0|0|0|0|0|0|0
318|F0|0|1|0|1|1|1|0|0|0|0|1|0|2952529021|2952529029|0|0|0|0|0|0|0|0|0|0
319|F0|0|1|0|1|1|1|0|0|0|0|1|0|2960527760|2960527768|0|0|0|0|0|0|0|0|0|0
320|F0|0|1|0|1|1|1|0|0|0|0|1|0|2969474883|2969474891|0|0|0|0|0|0|0|0|0|0
321|F0|0|1|0|1|1|1|0|0|0|0|1|0|2977910566|2977910574|0|0|0|0|0|0|0|0|0|0
322|F0|0|1|0|1|1|1|0|0|0|0|1|0|2987853117|2987853125|0|0|0|0|0|0|0|0|0|0
323|F0|0|1|0|1|1|1|0|0|0|0|1|0|2996469171|2996469179|0|0|0|0|0|0|0|0|0|0
324|F0|0|1|0|1|1|1|0|0|0|0|1|0|3006135407|3006135415|0|0|0|0|0|0|0|0|0|0
325|F0|0|1|0|1|1|1|0|0|0|0|1|0|3014908419|3014908427|0|0|0|0|0|0|0|0|0|0
326|F0|0|1|0|1|1|1|0|0|0|0|1|0|3022878691|3022878699|0|0|0|0|0|0|0|0|0|0
327|F0|0|1|0|1|1|1|0|0|0|0|1|0|3031417292|3031417300|0|0|0|0|0|0|0|0|0|0
328|F0|0|1|0|1|1|1|0|0|0|0|1|0|3041167069|3041167077|0|0|0|0|0|0|0|0|0|0
329|F0|0|1|0|1|1|1|0|0|0|0|1|0|3050415601|3050415609|0|0|0|0|0|0|0|0|0|0
330|F0|0|1|0|1|1|1|0|0|0|0|1|0|3058472172|3058472180|0|0|0|0|0|0|0|0|0|0
331|F0|0|1|0|1|1|1|0|0|0|0|1|0|3069622749|3069622757|0|0|0|0|0|0|0|0|0|0
332|F0|0|1|0|1|1|1|0|0|0|0|1|0|3077701836|3077701844|0|0|0|0|0|0|0|0|0|0
333|F0|0|1|0|1|1|1|0|0|0|0|1|0|3086606625|3086606633|0|0|0|0|0|0|0|0|0|0
334|F0|0|1|0|1|1|1|0|0|0|0|1|0|3096613973|3096613981|0|0|0|0|0|0|0|0|0|0
335|F0|0|1|0|1|1|1|0|0|0|0|1|0|3105007892|3105007900|0|0|0|0|0|0|0|0|0|0
336|F0|0|1|0|1|1|1|0|0|0|0|1|0|3113960870|3113960878|0|0|0|0|0|0|0|0|0|0
337|F0|0|1|0|1|1|1|0|0|0|0|1|0|3123267253|3123267261|0|0|0|0|0|0|0|0|0|0
338|F0|0|1|0|1|1|1|0|0|0|0|1|0|3134369676|3134369684|0|0|0|0|0|0|0|0|0|0
339|F0|0|1|0|1|1|1|0|0|0|0|1|0|3143296920|3143296928|0|0|0|0|0|0|0|0|0|0
340|F0|0|1|0|1|1|1|0|0|0|0|1|0|3152696620|3152696628|0|0|0|0|0|0|0|0|0|0
341|F0|0|1|0|1|1|1|0|0|0|0|1|0|3162356478|3162356486|0|0|0|0|0|0|0|0|0|0
342|F0|0|1|0|1|1|1|0|0|0|0|1|0|3171666064|3171666072|0|0|0|0|0|0|0|0|0|0
343|F0|0|1|0|1|1|1|0|0|0|0|1|0|3179664829|3179664837|0|0|0|0|0|0|0|0|0|0
344|F0|0|1|0|1|1|1|0|0|0|0|1|0|3188595372|3188595380|0|0|0|0|0|0|0|0|0|0
345|F0|0|1|0|1|1|1|0|0|0|0|1|0|3196648723|3196648731|0|0|0|0|0|0|0|0|0|0
346|F0|0|1|0|1|1|1|0|0|0|0|1|0|3205511724|3205511732|0|0|0|0|0|0|0|0|0|0
347|F0|0|1|0|1|1|1|0|0|0|0|1|0|3214792454|3214792462|0|0|0|0|0|0|0|0|0|0
348|F0|0|1|0|1|1|1|0|0|0|0|1|0|3225756719|3225756727|0|0|0|0|0|0|0|0|0|0
349|F0|0|1|0|1|1|1|0|0|0|0|1|0|3233916079|3233916087|0|0|0|0|0|0|0|0|0|0
350|F0|0|1|0|1|1|1|0|0|0|0|1|0|3242843381|3242843389|0|0|0|0|0|0|0|0|0|0
351|F0|0|1|0|1|1|1|0|0|0|0|1|0|3252268803|3252268811|0|0|0|0|0|0|0|0|0|0
352|F0|0|1|0|1|1|1|0|0|0|0|1|0|3261253914|3261253922|0|0|0|0|0|0|0|0|0|0
353|F0|0|1|0|1|1|1|0|0|0|0|1|0|3269320117|3269320125|0|0|0|0|0|0|0|0|0|0
354|F0|0|1|0|1|1|1|0|0|0|0|1|0|3278215272|3278215280|0|0|0|0|0|0|0|0|0|0
355|F0|0|1|0|1|1|1|0|0|0|0|1|0|3287457382|3287457390|0|0|0|0|0|0|0|0|0|0
356|F0|0|1|0|1|1|1|0|0|0|0|1|0|3296326796|3296326804|0|0|0|0|0|0|0|0|0|0
357|F0|0|1|0|1|1|1|0|0|0|0|1|0|3304489379|3304489387|0|0|0|0|0|0|0|0|0|0
358|F0|0|1|0|1|1|1|0|0|0|0|1|0|3314451706|3314451714|0|0|0|0|0|0|0|0|0|0
359|F0|0|1|0|1|1|1|0|0|0|0|1|0|3322996684|3322996692|0|0|0|0|0|0|0|0|0|0
360|F0|0|1|0|1|1|1|0|0|0|0|1|0|3331811500|3331811508|0|0|0|0|0|0|0|0|0|0
361|F0|0|1|0|1|1|1|0|0|0|0|1|0|3341037578|3341037586|0|0|0|0|0|0|0|0|0|0
362|F0|0|1|0|1|1|1|0|0|0|0|1|0|3352095014|3352095022|0|0|0|0|0|0|0|0|0|0
363|F0|0|1|0|1|1|1|0|0|0|0|1|0|3361064047|3361064055|0|0|0|0|0|0|0|0|0|0
364|F0|0|1|0|1|1|1|0|0|0|0|1|0|3370347960|3370347968|0|0|0|0|0|0|0|0|0|0
365|F0|0|1|0|1|1|1|0|0|0|0|1|0|3379426229|3379426237|0|0|0|0|0|0|0|0|0|0
366|F0|0|1|0|1|1|1|0|0|0|0|1|0|3388199262|3388199270|0|0|0|0|0|0|0|0|0|0
367|F0|0|1|0|1|1|1|0|0|0|0|1|0|3396281529|3396281537|0|0|0|0|0|0|0|0|0|0
368|F0|0|1|0|1|1|1|0|0|0|0|1|0|3406217734|3406217742|0|0|0|0|0|0|0|0|0|0
369|F0|0|1|0|1|1|1|0|0|0|0|1|0|3414717679|3414717687|0|0|0|0|0|0|0|0|0|0
370|F0|0|1|0|1|1|1|0|0|0|0|1|0|3424480298|3424480306|0|0|0|0|0|0|0|0|0|0
371|F0|0|1|0|1|1|1|0|0|0|0|1|0|3433706378|3433706386|0|0|0|0|0|0|0|0|0|0
372|F0|0|1|0|1|1|1|0|0|0|0|1|0|3443706776|3443706784|0|0|0|0|0|0|0|0|0|0
373|F0|0|1|0|1|1|1|0|0|0|0|1|0|3453000312|3453000320|0|0|0|0|0|0|0|0|0|0
374|F0|0|1|0|1|1|1|0|0|0|0|1|0|3461821551|3461821559|0|0|0|0|0|0|0|0|0|0
375|F0|0|1|0|1|1|1|0|0|0|0|1|0|3472021260|3472021268|0|0|0|0|0|0|0|0|0|0
376|F0|0|1|0|1|1|1|0|0|0|0|1|0|3481141372|3481141380|0|0|0|0|0|0|0|0|0|0
377|F0|0|1|0|1|1|1|0|0|0|0|1|0|3489062996|3489063004|0|0|0|0|0|0|0|0|0|0
378|F0|0|1|0|1|1|1|0|0|0|0|1|0|3497964572|3497964580|0|0|0|0|0|0|0|0|0|0
379|F0|0|1|0|1|1|1|0|0|0|0|1|0|3508109519|3508109527|0|0|0|0|0|0|0|0|0|0
380|F0|0|1|0|1|1|1|0|0|0|0|1|0|3517120355|3517120363|0|0|0|0|0|0|0|0|0|0
381|F0|0|1|0|1|1|1|0|0|0|0|1|0|3526278947|3526278955|0|0|0|0|0|0|0|0|0|0
382|F0|0|1|0|1|1|1|0|0|0|0|1|0|3536176513|3536176521|0|0|0|0|0|0|0|0|0|0
383|F0|0|1|0|1|1|1|0|0|0|0|1|0|3545505432|3545505440|0|0|0|0|0|0|0|0|0|0
384|F0|0|1|0|1|1|1|0|0|0|0|1|0|3554323454|3554323462|0|0|0|0|0|0|0|0|0|0
385|F0|0|1|0|1|1|1|0|0|0|0|1|0|3564240376|3564240384|0|0|0|0|0|0|0|0|0|0
386|F0|0|1|0|1|1|1|0|0|0|0|1|0|3573472872|3573472880|0|0|0|0|0|0|0|0|0|0
387|F0|0|1|0|1|1|1|0|0|0|0|1|0|3582679665|3582679673|0|0|0|0|0|0|0|0|0|0
388|F0|0|1|0|1|1|1|0|0|0|0|1|0|3591552316|3591552324|0|0|0|0|0|0|0|0|0|0
389|F0|0|1|0|1|1|1|0|0|0|0|1|0|3601706919|3601706927|0|0|0|0|0|0|0|0|0|0
390|F0|0|1|0|1|1|1|0|0|0|0|1|0|3609830950|3609830958|0|0|0|0|0|0|0|0|0|0
391|F0|0|1|0|1|1|1|0|0|0|0|1|0|3618751792|3618751800|0|0|0|0|0|0|0|0|0|0
392|F0|0|1|0|1|1|1|0|0|0|0|1|0|3628267165|3628267173|0|0|0|0|0|0|0|0|0|0
393|F0|0|1|0|1|1|1|0|0|0|0|1|0|3638122956|3638122964|0|0|0|0|0|0|0|0|0|0
394|F0|0|1|0|1|1|1|0|0|0|0|1|0|3646275924|3646275932|0|0|0|0|0|0|0|0|0|0
395|F0|0|1|0|1|1|1|0|0|0|0|1|0|3655627385|3655627393|0|0|0|0|0|0|0|0|0|0
396|F0|0|1|0|1|1|1|0|0|0|0|1|0|3666485665|3666485673|0|0|0|0|0|0|0|0|0|0
397|F0|0|1|0|1|1|1|0|0|0|0|1|0|3675473987|3675473995|0|0|0|0|0|0|0|0|0|0
398|F0|0|1|0|1|1|1|0|0|0|0|1|0|3684851139|3684851147|0|0|0|0|0|0|0|0|0|0
399|F0|0|1|0|1|1|1|0|0|0|0|1|0|3695693304|3695693312|0|0|0|0|0|0|0|0|0|0
400|F0|0|1|0|1|1|1|0|0|0|0|1|0|3703746676|3703746684|0|0|0|0|0|0|0|0|0|0
401|F0|0|1|0|1|1|1|0|0|0|0|1|0|3712619340|3712619348|0|0|0|0|0|0|0|0|0|0
402|F0|0|1|0|1|1|1|0|0|0|0|1|0|3723917932|3723917940|0|0|0|0|0|0|0|0|0|0
403|F0|0|1|0|1|1|1|0|0|0|0|1|0|3732687756|3732687764|0|0|0|0|0|0|0|0|0|0
404|F0|0|1|0|1|1|1|0|0|0|0|1|0|3741984519|3741984527|0|0|0|0|0|0|0|0|0|0
405|F0|0|1|0|1|1|1|0|0|0|0|1|0|3750866877|3750866885|0|0|0|0|0|0|0|0|0|0
406|F0|0|1|0|1|1|1|0|0|0|0|1|0|3759617446|3759617454|0|0|0|0|0|0|0|0|0|0
407|F0|0|1|0|1|1|1|0|0|0|0|1|0|3768943091|3768943099|0|0|0|0|0|0|0|0|0|0
408|F0|0|1|0|1|1|1|0|0|0|0|1|0|3777944268|3777944276|0|0|0|0|0|0|0|0|0|0
409|F0|0|1|0|1|1|1|0|0|0|0|1|0|3789037898|3789037906|0|0|0|0|0|0|0|0|0|0
410|F0|0|1|0|1|1|1|0|0|0|0|1|0|3798064812|3798064820|0|0|0|0|0|0|0|0|0|0
411|F0|0|1|0|1|1|1|0|0|0|0|1|0|3807306936|3807306944|0|0|0|0|0|0|0|0|0|0
412|F0|0|1|0|1|1|1|0|0|0|0|1|0|3818081638|3818081646|0|0|0|0|0|0|0|0|0|0
413|F0|0|1|0|1|1|1|0|0|0|0|1|0|3827294831|3827294839|0|0|0|0|0|0|0|0|0|0
414|F0|0|1|0|1|1|1|0|0|0|0|1|0|3836257447|3836257455|0|0|0|0|0|0|0|0|0|0
415|F0|0|1|0|1|1|1|0|0|0|0|1|0|3846270836|3846270844|0|0|0|0|0|0|0|0|0|0
416|F0|0|1|0|1|1|1|0|0|0|0|1|0|3855397304|3855397312|0|0|0|0|0|0|0|0|0|0
417|F0|0|1|0|1|1|1|0|0|0|0|1|0|3864735859|3864735867|0|0|0|0|0|0|0|0|0|0
418|F0|0|1|0|1|1|1|0|0|0|0|1|0|3874364040|3874364048|0|0|0|0|0|0|0|0|0|0
419|F0|0|1|0|1|1|1|0|0|0|0|1|0|3883773222|3883773230|0|0|0|0|0|0|0|0|0|0
420|F0|0|1|0|1|1|1|0|0|0|0|1|0|3892588033|3892588041|0|0|0|0|0|0|0|0|0|0
421|F0|0|1|0|1|1|1|0|0|0|0|1|0|3901736990|3901736998|0|0|0|0|0|0|0|0|0|0
422|F0|0|1|0|1|1|1|0|0|0|0|1|0|3911820984|3911820992|0|0|0|0|0|0|0|0|0|0
423|F0|0|1|0|1|1|1|0|0|0|0|1|0|3919652641|3919652649|0|0|0|0|0|0|0|0|0|0
424|F0|0|1|0|1|1|1|0|0|0|0|1|0|3928926896|3928926904|0|0|0|0|0|0|0|0|0|0
425|F0|0|1|0|1|1|1|0|0|0|0|1|0|3937863796|3937863804|0|0|0|0|0|0|0|0|0|0
426|F0|0|1|0|1|1|1|0|0|0|0|1|0|3946832824|3946832832|0|0|0|0|0|0|0|0|0|0
427|F0|0|1|0|1|1|1|0|0|0|0|1|0|3956145674|3956145682|0|0|0|0|0|0|0|0|0|0
428|F0|0|1|0|1|1|1|0|0|0|0|1|0|3965040821|3965040829|0|0|0|0|0|0|0|0|0|0
429|F0|0|1|0|1|1|1|0|0|0|0|1|0|3975433237|3975433245|0|0|0|0|0|0|0|0|0|0
430|F0|0|1|0|1|1|1|0|0|0|0|1|0|3984238412|3984238420|0|0|0|0|0|0|0|0|0|0
431|F0|0|1|0|1|1|1|0|0|0|0|1|0|3992420280|3992420288|0|0|0|0|0|0|0|0|0|0
432|F0|0|1|0|1|1|1|0|0|0|0|1|0|4002340410|4002340418|0|0|0|0|0|0|0|0|0|0
433|F0|0|1|0|1|1|1|0|0|0|0|1|0|4011453991|4011453999|0|0|0|0|0|0|0|0|0|0
434|F0|0|1|0|1|1|1|0|0|0|0|1|0|4020583681|4020583689|0|0|0|0|0|0|0|0|0|0
435|F0|0|1|0|1|1|1|0|0|0|0|1|0|4029578396|4029578404|0|0|0|0|0|0|0|0|0|0
436|F0|0|1|0|1|1|1|0|0|0|0|1|0|4039806909|4039806917|0|0|0|0|0|0|0|0|0|0
437|F0|0|1|0|1|1|1|0|0|0|0|1|0|4049724428|4049724436|0|0|0|0|0|0|0|0|0|0
438|F0|0|1|0|1|1|1|0|0|0|0|1|0|4058218035|4058218043|0|0|0|0|0|0|0|0|0|0
439|F0|0|1|0|1|1|1|0|0|0|0|1|0|4068896314|4068896322|0|0|0|0|0|0|0|0|0|0
440|F0|0|1|0|1|1|1|0|0|0|0|1|0|4077910334|4077910342|0|0|0|0|0|0|0|0|0|0
441|F0|0|1|0|1|1|1|0|0|0|0|1|0|4087030357|4087030365|0|0|0|0|0|0|0|0|0|0
442|F0|0|1|0|1|1|1|0|0|0|0|1|0|4096047667|4096047675|0|0|0|0|0|0|0|0|0|0
443|F0|0|1|0|1|1|1|0|0|0|0|1|0|4105994252|4105994260|0|0|0|0|0|0|0|0|0|0
444|F0|0|1|0|1|1|1|0|0|0|0|1|0|4114969716|4114969724|0|0|0|0|0|0|0|0|0|0
445|F0|0|1|0|1|1|1|0|0|0|0|1|0|4124163655|4124163663|0|0|0|0|0|0|0|0|0|0
446|F0|0|1|0|1|1|1|0|0|0|0|1|0|4135025114|4135025122|0|0|0|0|0|0|0|0|0|0
447|F0|0|1|0|1|1|1|0|0|0|0|1|0|4143778895|4143778903|0|0|0|0|0|0|0|0|0|0
448|F0|0|1|0|1|1|1|0|0|0|0|1|0|4150987247|4150987255|0|0|0|0|0|0|0|0|0|0
449|F0|0|1|0|1|1|1|0|0|0|0|1|0|4160807713|4160807721|0|0|0|0|0|0|0|0|0|0
450|F0|0|1|0|1|1|1|0|0|0|0|1|0|4170075644|4170075652|0|0|0|0|0|0|0|0|0|0
451|F0|0|1|0|1|1|1|0|0|0|0|1|0|4178771594|4178771602|0|0|0|0|0|0|0|0|0|0
452|F0|0|1|0|1|1|1|0|0|0|0|1|0|4188724010|4188724018|0|0|0|0|0|0|0|0|0|0
453|F0|0|1|0|1|1|1|0|0|0|0|1|0|4196870534|4196870542|0|0|0|0|0|0|0|0|0|0
454|F0|0|1|0|1|1|1|0|0|0|0|1|0|4205720687|4205720695|0|0|0|0|0|0|0|0|0|0
455|F0|0|1|0|1|1|1|0|0|0|0|1|0|4215165236|4215165244|0|0|0|0|0|0|0|0|0|0
456|F0|0|1|0|1|1|1|0|0|0|0|1|0|4224870031|4224870039|0|0|0|0|0|0|0|0|0|0
457|F0|0|1|0|1|1|1|0|0|0|0|1|0|4234163605|4234163613|0|0|0|0|0|0|0|0|0|0
458|F0|0|1|0|1|1|1|0|0|0|0|1|0|4243094113|4243094121|0|0|0|0|0|0|0|0|0|0
459|F0|0|1|0|1|1|1|0|0|0|0|1|0|4252722174|4252722182|0|0|0|0|0|0|0|0|0|0
460|F0|0|1|0|1|1|1|0|0|0|0|1|0|4262031779|4262031787|0|0|0|0|0|0|0|0|0|0
461|F0|0|1|0|1|1|1|0|0|0|0|1|0|4269317236|4269317244|0|0|0|0|0|0|0|0|0|0
462|F0|0|1|0|1|1|1|0|0|0|0|1|0|4278164175|4278164183|0|0|0|0|0|0|0|0|0|0
463|F0|0|1|0|1|1|1|0|0|0|0|1|0|4288463381|4288463389|0|0|0|0|0|0|0|0|0|0
464|F0|0|1|0|1|1|1|0|0|0|0|1|0|1504431|1504439|0|0|0|0|0|0|0|0|0|0
465|F0|0|1|0|1|1|1|0|0|0|0|1|0|11675084|11675092|0|0|0|0|0|0|0|0|0|0
466|F0|0|1|0|1|1|1|0|0|0|0|1|0|22787169|22787177|0|0|0|0|0|0|0|0|0|0
467|F0|0|1|0|1|1|1|0|0|0|0|1|0|31788404|31788412|0|0|0|0|0|0|0|0|0|0
468|F0|0|1|0|1|1|1|0|0|0|0|1|0|41091610|41091618|0|0|0|0|0|0|0|0|0|0
469|F0|0|1|0|1|1|1|0|0|0|0|1|0|50015736|50015744|0|0|0|0|0|0|0|0|0|0
470|F0|0|1|0|1|1|1|0|0|0|0|1|0|58033740|58033748|0|0|0|0|0|0|0|0|0|0
471|F0|0|1|0|1|1|1|0|0|0|0|1|0|67018842|67018850|0|0|0|0|0|0|0|0|0|0
472|F0|0|1|0|1|1|1|0|0|0|0|1|0|75110744|75110752|0|0|0|0|0|0|0|0|0|0
473|F0|0|1|0|1|1|1|0|0|0|0|1|0|85313548|85313556|0|0|0|0|0|0|0|0|0|0
474|F0|0|1|0|1|1|1|0|0|0|0|1|0|94134782|94134790|0|0|0|0|0|0|0|0|0|0
475|F0|0|1|0|1|1|1|0|0|0|0|1|0|103409059|103409067|0|0|0|0|0|0|0|0|0|0
476|F0|0|1|0|1|1|1|0|0|0|0|1|0|112130773|112130781|0|0|0|0|0|0|0|0|0|0
477|F0|0|1|0|1|1|1|0|0|0|0|1|0|121273341|121273349|0|0|0|0|0|0|0|0|0|0
478|F0|0|1|0|1|1|1|0|0|0|0|1|0|130599047|130599055|0|0|0|0|0|0|0|0|0|0
479|F0|0|1|0|1|1|1|0|0|0|0|1|0|139574598|139574606|0|0|0|0|0|0|0|0|0|0
480|F0|0|1|0|1|1|1|0|0|0|0|1|0|149690676|149690684|0|0|0|0|0|0|0|0|0|0
481|F0|0|1|0|1|1|1|0|0|0|0|1|0|157805068|157805076|0|0|0|0|0|0|0|0|0|0
482|F0|0|1|0|1|1|1|0|0|0|0|1|0|165832682|165832690|0|0|0|0|0|0|0|0|0|0
483|F0|0|1|0|1|1|1|0|0|0|0|1|0|174833845|174833853|0|0|0|0|0|0|0|0|0|0
484|F0|0|1|0|1|1|1|0|0|0|0|1|0|183793226|183793234|0|0|0|0|0|0|0|0|0|0
485|F0|0|1|0|1|1|1|0|0|0|0|1|0|191881923|191881931|0|0|0|0|0|0|0|0|0|0
486|F0|0|1|0|1|1|1|0|0|0|0|1|0|200089539|200089547|0|0|0|0|0|0|0|0|0|0
487|F0|0|1|0|1|1|1|0|0|0|0|1|0|210244148|210244156|0|0|0|0|0|0|0|0|0|0
488|F0|0|1|0|1|1|1|0|0|0|0|1|0|219097498|219097506|0|0|0|0|0|0|0|0|0|0
489|F0|0|1|0|1|1|1|0|0|0|0|1|0|228304303|228304311|0|0|0|0|0|0|0|0|0|0
490|F0|0|1|0|1|1|1|0|0|0|0|1|0|237392284|237392292|0|0|0|0|0|0|0|0|0|0
491|F0|0|1|0|1|1|1|0|0|0|0|1|0|247479395|247479403|0|0|0|0|0|0|0|0|0|0
492|F0|0|1|0|1|1|1|0|0|0|0|1|0|256342401|256342409|0|0|0|0|0|0|0|0|0|0
493|F0|0|1|0|1|1|1|0|0|0|0|1|0|265494540|265494548|0|0|0|0|0|0|0|0|0|0
494|F0|0|1|0|1|1|1|0|0|0|0|1|0|275552792|275552800|0|0|0|0|0|0|0|0|0|0
495|F0|0|1|0|1|1|1|0|0|0|0|1|0|284541086|284541094|0|0|0|0|0|0|0|0|0|0
496|F0|0|1|0|1|1|1|0|0|0|0|1|0|293497272|293497280|0|0|0|0|0|0|0|0|0|0
497|F0|0|1|0|1|1|1|0|0|0|0|1|0|303587617|303587625|0|0|0|0|0|0|0|0|0|0
498|F0|0|1|0|1|1|1|0|0|0|0|1|0|314596867|314596875|0|0|0|0|0|0|0|0|0|0
499|F0|0|1|0|1|1|1|0|0|0|0|1|0|323530580|323530588|0|0|0|0|0|0|0|0|0|0
500|F0|0|1|0|1|1|1|0|0|0|0|1|0|333386842|333386850|0|0|0|0|0|0|0|0|0|0
501|F0|0|1|0|1|1|1|0|0|0|0|1|0|342005703|342005711|0|0|0|0|0|0|0|0|0|0
502|F0|0|1|0|1|1|1|0|0|0|0|1|0|350104044|350104052|0|0|0|0|0|0|0|0|0|0
503|F0|0|1|0|1|1|1|0|0|0|0|1|0|358902804|358902812|0|0|0|0|0|0|0|0|0|0
504|F0|0|1|0|1|1|1|0|0|0|0|1|0|368099952|368099960|0|0|0|0|0|0|0|0|0|0
505|F0|0|1|0|1|1|1|0|0|0|0|1|0|377351759|377351767|0|0|0|0|0|0|0|0|0|0
506|F0|0|1|0|1|1|1|0|0|0|0|1|0|387471052|387471060|0|0|0|0|0|0|0|0|0|0
507|F0|0|1|0|1|1|1|0|0|0|0|1|0|397403966|397403974|0|0|0|0|0|0|0|0|0|0
508|F0|0|1|0|1|1|1|0|0|0|0|1|0|406581848|406581856|0|0|0|0|0|0|0|0|0|0
509|F0|0|1|0|1|1|1|0|0|0|0|1|0|415579820|415579828|0|0|0|0|0|0|0|0|0|0
510|F0|0|1|0|1|1|1|0|0|0|0|1|0|425445318|425445326|0|0|0|0|0|0|0|0|0|0
511|F0|0|1|0|1|1|1|0|0|0|0|1|0|433887457|433887465|0|0|0|0|0|0|0|0|0|0
512|F0|0|1|0|1|1|1|0|0|0|0|1|0|441911884|441911892|0|0|0|0|0|0|0|0|0|0
513|F0|0|1|0|1|1|1|0|0|0|0|1|0|450868062|450868070|0|0|0|0|0|0|0|0|0|0
514|F0|0|1|0|1|1|1|0|0|0|0|1|0|461212227|461212235|0|0|0|0|0|0|0|0|0|0
515|F0|0|1|0|1|1|1|0|0|0|0|1|0|470390099|470390107|0|0|0|0|0|0|0|0|0|0
516|F0|0|1|0|1|1|1|0|0|0|0|1|0|479195288|479195296|0|0|0|0|0|0|0|0|0|0
517|F0|0|1|0|1|1|1|0|0|0|0|1|0|491181807|491181815|0|0|0|0|0|0|0|0|0|0
518|F0|0|1|0|1|1|1|0|0|0|0|1|0|500607070|500607078|0|0|0|0|0|0|0|0|0|0
519|F0|0|1|0|1|1|1|0|0|0|0|1|0|509521459|509521467|0|0|0|0|0|0|0|0|0|0
520|F0|0|1|0|1|1|1|0|0|0|0|1|0|517645556|517645564|0|0|0|0|0|0|0|0|0|0
521|F0|0|1|0|1|1|1|0|0|0|0|1|0|527800188|527800196|0|0|0|0|0|0|0|0|0|0
522|F0|0|1|0|1|1|1|0|0|0|0|1|0|536695340|536695348|0|0|0|0|0|0|0|0|0|0
523|F0|0|1|0|1|1|1|0|0|0|0|1|0|544796917|544796925|0|0|0|0|0|0|0|0|0|0
524|F0|0|1|0|1|1|1|0|0|0|0|1|0|554219125|554219133|0|0|0|0|0|0|0|0|0|0
525|F0|0|1|0|1|1|1|0|0|0|0|1|0|563056426|563056434|0|0|0|0|0|0|0|0|0|0
526|F0|0|1|0|1|1|1|0|0|0|0|1|0|571925834|571925842|0|0|0|0|0|0|0|0|0|0
527|F0|0|1|0|1|1|1|0|0|0|0|1|0|581344762|581344770|0|0|0|0|0|0|0|0|0|0
528|F0|0|1|0|1|1|1|0|0|0|0|1|0|592434328|592434336|0|0|0|0|0|0|0|0|0|0
529|F0|0|1|0|1|1|1|0|0|0|0|1|0|602310068|602310076|0|0|0|0|0|0|0|0|0|0
530|F0|0|1|0|1|1|1|0|0|0|0|1|0|610662261|610662269|0|0|0|0|0|0|0|0|0|0
531|F0|0|1|0|1|1|1|0|0|0|0|1|0|620710826|620710834|0|0|0|0|0|0|0|0|0|0
532|F0|0|1|0|1|1|1|0|0|0|0|1|0|629580236|629580244|0|0|0|0|0|0|0|0|0|0
533|F0|0|1|0|1|1|1|0|0|0|0|1|0|636843203|636843211|0|0|0|0|0|0|0|0|0|0
534|F0|0|1|0|1|1|1|0|0|0|0|1|0|645972948|645972956|0|0|0|0|0|0|0|0|0|0
535|F0|0|1|0|1|1|1|0|0|0|0|1|0|654983764|654983772|0|0|0|0|0|0|0|0|0|0
536|F0|0|1|0|1|1|1|0|0|0|0|1|0|664287005|664287013|0|0|0|0|0|0|0|0|0|0
537|F0|0|1|0|1|1|1|0|0|0|0|1|0|673079352|673079360|0|0|0|0|0|0|0|0|0|0
538|F0|0|1|0|1|1|1|0|0|0|0|1|0|683320748|683320756|0|0|0|0|0|0|0|0|0|0
539|F0|0|1|0|1|1|1|0|0|0|0|1|0|692170892|692170900|0|0|0|0|0|0|0|0|0|0
540|F0|0|1|0|1|1|1|0|0|0|0|1|0|701377684|701377692|0|0|0|0|0|0|0|0|0|0
541|F0|0|1|0|1|1|1|0|0|0|0|1|0|709704367|709704375|0|0|0|0|0|0|0|0|0|0
542|F0|0|1|0|1|1|1|0|0|0|0|1|0|719254933|719254941|0|0|0|0|0|0|0|0|0|0
543|F0|0|1|0|1|1|1|0|0|0|0|1|0|727115503|727115511|0|0|0|0|0|0|0|0|0|0
544|F0|0|1|0|1|1|1|0|0|0|0|1|0|736360852|736360860|0|0|0|0|0|0|0|0|0|0
545|F0|0|1|0|1|1|1|0|0|0|0|1|0|747341148|747341156|0|0|0|0|0|0|0|0|0|0
546|F0|0|1|0|1|1|1|0|0|0|0|1|0|755452335|755452343|0|0|0|0|0|0|0|0|0|0
547|F0|0|1|0|1|1|1|0|0|0|0|1|0|764270403|764270411|0|0|0|0|0|0|0|0|0|0
548|F0|0|1|0|1|1|1|0|0|0|0|1|0|773621981|773621989|0|0|0|0|0|0|0|0|0|0
549|F0|0|1|0|1|1|1|0|0|0|0|1|0|782298648|782298656|0|0|0|0|0|0|0|0|0|0
550|F0|0|1|0|1|1|1|0|0|0|0|1|0|791164940|791164948|0|0|0|0|0|0|0|0|0|0
551|F0|0|1|0|1|1|1|0|0|0|0|1|0|801081900|801081908|0|0|0|0|0|0|0|0|0|0
552|F0|0|1|0|1|1|1|0|0|0|0|1|0|811381094|811381102|0|0|0|0|0|0|0|0|0|0
553|F0|0|1|0|1|1|1|0|0|0|0|1|0|820462727|820462735|0|0|0|0|0|0|0|0|0|0
554|F0|0|1|0|1|1|1|0|0|0|0|1|0|831852152|831852160|0|0|0|0|0|0|0|0|0|0
555|F0|0|1|0|1|1|1|0|0|0|0|1|0|840734444|840734452|0|0|0|0|0|0|0|0|0|0
556|F0|0|1|0|1|1|1|0|0|0|0|1|0|848871347|848871355|0|0|0|0|0|0|0|0|0|0
557|F0|0|1|0|1|1|1|0|0|0|0|1|0|857708652|857708660|0|0|0|0|0|0|0|0|0|0
558|F0|0|1|0|1|1|1|0|0|0|0|1|0|868017502|868017510|0|0|0|0|0|0|0|0|0|0
559|F0|0|1|0|1|1|1|0|0|0|0|1|0|876829100|876829108|0|0|0|0|0|0|0|0|0|0
560|F0|0|1|0|1|1|1|0|0|0|0|1|0|886039116|886039124|0|0|0|0|0|0|0|0|0|0
561|F0|0|1|0|1|1|1|0|0|0|0|1|0|895043494|895043502|0|0|0|0|0|0|0|0|0|0
562|F0|0|1|0|1|1|1|0|0|0|0|1|0|905166776|905166784|0|0|0|0|0|0|0|0|0|0
563|F0|0|1|0|1|1|1|0|0|0|0|1|0|914145455|914145463|0|0|0|0|0|0|0|0|0|0
564|F0|0|1|0|1|1|1|0|0|0|0|1|0|923300835|923300843|0|0|0|0|0|0|0|0|0|0
565|F0|0|1|0|1|1|1|0|0|0|0|1|0|933224135|933224143|0|0|0|0|0|0|0|0|0|0
566|F0|0|1|0|1|1|1|0|0|0|0|1|0|942430933|942430941|0|0|0|0|0|0|0|0|0|0
567|F0|0|1|0|1|1|1|0|0|0|0|1|0|950558182|950558190|0|0|0|0|0|0|0|0|0|0
568|F0|0|1|0|1|1|1|0|0|0|0|1|0|960516792|960516800|0|0|0|0|0|0|0|0|0|0
569|F0|0|1|0|1|1|1|0|0|0|0|1|0|969813571|969813579|0|0|0|0|0|0|0|0|0|0
570|F0|0|1|0|1|1|1|0|0|0|0|1|0|977876572|977876580|0|0|0|0|0|0|0|0|0|0
571|F0|0|1|0|1|1|1|0|0|0|0|1|0|986794292|986794300|0|0|0|0|0|0|0|0|0|0
572|F0|0|1|0|1|1|1|0|0|0|0|1|0|995801930|995801938|0|0|0|0|0|0|0|0|0|0
573|F0|0|1|0|1|1|1|0|0|0|0|1|0|1003813524|1003813532|0|0|0|0|0|0|0|0|0|0
574|F0|0|1|0|1|1|1|0|0|0|0|1|0|1011882950|1011882958|0|0|0|0|0|0|0|0|0|0
575|F0|0|1|0|1|1|1|0|0|0|0|1|0|1021295504|1021295512|0|0|0|0|0|0|0|0|0|0
576|F0|0|1|0|1|1|1|0|0|0|0|1|0|1030071773|1030071781|0|0|0|0|0|0|0|0|0|0
577|F0|0|1|0|1|1|1|0|0|0|0|1|0|1039391014|1039391022|0|0|0|0|0|0|0|0|0|0
578|F0|0|1|0|1|1|1|0|0|0|0|1|0|1048157638|1048157646|0|0|0|0|0|0|0|0|0|0
579|F0|0|1|0|1|1|1|0|0|0|0|1|0|1057255198|1057255206|0|0|0|0|0|0|0|0|0|0
580|F0|0|1|0|1|1|1|0|0|0|0|1|0|1066526229|1066526237|0|0|0|0|0|0|0|0|0|0
581|F0|0|1|0|1|1|1|0|0|0|0|1|0|1074704884|1074704892|0|0|0|0|0|0|0|0|0|0
582|F0|0|1|0|1|1|1|0|0|0|0|1|0|1084737423|1084737431|0|0|0|0|0|0|0|0|0|0
583|F0|0|1|0|1|1|1|0|0|0|0|1|0|1093944212|1093944220|0|0|0|0|0|0|0|0|0|0
584|F0|0|1|0|1|1|1|0|0|0|0|1|0|1102906787|1102906795|0|0|0|0|0|0|0|0|0|0
585|F0|0|1|0|1|1|1|0|0|0|0|1|0|1111034049|1111034057|0|0|0|0|0|0|0|0|0|0
586|F0|0|1|0|1|1|1|0|0|0|0|1|0|1120093043|1120093051|0|0|0|0|0|0|0|0|0|0
587|F0|0|1|0|1|1|1|0|0|0|0|1|0|1129367302|1129367310|0|0|0|0|0|0|0|0|0|0
588|F0|0|1|0|1|1|1|0|0|0|0|1|0|1137317804|1137317812|0|0|0|0|0|0|0|0|0|0
589|F0|0|1|0|1|1|1|0|0|0|0|1|0|1146091299|1146091307|0|0|0|0|0|0|0|0|0|0
590|F0|0|1|0|1|1|1|0|0|0|0|1|0|1154626566|1154626574|0|0|0|0|0|0|0|0|0|0
591|F0|0|1|0|1|1|1|0|0|0|0|1|0|1163630956|1163630964|0|0|0|0|0|0|0|0|0|0
592|F0|0|1|0|1|1|1|0|0|0|0|1|0|1172882736|1172882744|0|0|0|0|0|0|0|0|0|0
593|F0|0|1|0|1|1|1|0|0|0|0|1|0|1182667850|1182667858|0|0|0|0|0|0|0|0|0|0
594|F0|0|1|0|1|1|1|0|0|0|0|1|0|1191832852|1191832860|0|0|0|0|0|0|0|0|0|0
595|F0|0|1|0|1|1|1|0|0|0|0|1|0|1200699130|1200699138|0|0|0|0|0|0|0|0|0|0
596|F0|0|1|0|1|1|1|0|0|0|0|1|0|1210821615|1210821623|0|0|0|0|0|0|0|0|0|0
597|F0|0|1|0|1|1|1|0|0|0|0|1|0|1219768180|1219768188|0|0|0|0|0|0|0|0|0|0
598|F0|0|1|0|1|1|1|0|0|0|0|1|0|1229048865|1229048873|0|0|0|0|0|0|0|0|0|0
599|F0|0|1|0|1|1|1|0|0|0|0|1|0|1238075800|1238075808|0|0|0|0|0|0|0|0|0|0
600|F0|0|1|0|1|1|1|0|0|0|0|1|0|1246900259|1246900267|0|0|0|0|0|0|0|0|0|0
601|F0|0|1|0|1|1|1|0|0|0|0|1|0|1254947180|1254947188|0|0|0|0|0|0|0|0|0|0
602|F0|0|1|0|1|1|1|0|0|0|0|1|0|1264221436|1264221444|0|0|0|0|0|0|0|0|0|0
603|F0|0|1|0|1|1|1|0|0|0|0|1|0|1275394531|1275394539|0|0|0|0|0|0|0|0|0|0
604|F0|0|1|0|1|1|1|0|0|0|0|1|0|1284296070|1284296078|0|0|0|0|0|0|0|0|0|0
605|F0|0|1|0|1|1|1|0|0|0|0|1|0|1293669932|1293669940|0|0|0|0|0|0|0|0|0|0
606|F0|0|1|0|1|1|1|0|0|0|0|1|0|1302825468|1302825476|0|0|0|0|0|0|0|0|0|0
607|F0|0|1|0|1|1|1|0|0|0|0|1|0|1310641077|1310641085|0|0|0|0|0|0|0|0|0|0
608|F0|0|1|0|1|1|1|0|0|0|0|1|0|1321525749|1321525757|0|0|0|0|0|0|0|0|0|0
609|F0|0|1|0|1|1|1|0|0|0|0|1|0|1330552591|1330552599|0|0|0|0|0|0|0|0|0|0
610|F0|0|1|0|1|1|1|0|0|0|0|1|0|1339653341|1339653349|0|0|0|0|0|0|0|0|0|0
611|F0|0|1|0|1|1|1|0|0|0|0|1|0|1347854516|1347854524|0|0|0|0|0|0|0|0|0|0
612|F0|0|1|0|1|1|1|0|0|0|0|1|0|1355872527|1355872535|0|0|0|0|0|0|0|0|0|0
613|F0|0|1|0|1|1|1|0|0|0|0|1|0|1364112300|1364112308|0|0|0|0|0|0|0|0|0|0
614|F0|0|1|0|1|1|1|0|0|0|0|1|0|1374083768|1374083776|0|0|0|0|0|0|0|0|0|0
615|F0|0|1|0|1|1|1|0|0|0|0|1|0|1383068943|1383068951|0|0|0|0|0|0|0|0|0|0
616|F0|0|1|0|1|1|1|0|0|0|0|1|0|1392259686|1392259694|0|0|0|0|0|0|0|0|0|0
617|F0|0|1|0|1|1|1|0|0|0|0|1|0|1402221487|1402221495|0|0|0|0|0|0|0|0|0|0
618|F0|0|1|0|1|1|1|0|0|0|0|1|0|1411547180|1411547188|0|0|0|0|0|0|0|0|0|0
619|F0|0|1|0|1|1|1|0|0|0|0|1|0|1419684067|1419684075|0|0|0|0|0|0|0|0|0|0
620|F0|0|1|0|1|1|1|0|0|0|0|1|0|1430866822|1430866830|0|0|0|0|0|0|0|0|0|0
621|F0|0|1|0|1|1|1|0|0|0|0|1|0|1438843041|1438843049|0|0|0|0|0|0|0|0|0|0
622|F0|0|1|0|1|1|1|0|0|0|0|1|0|1449011357|1449011365|0|0|0|0|0|0|0|0|0|0
623|F0|0|1|0|1|1|1|0|0|0|0|1|0|1457543526|1457543534|0|0|0|0|0|0|0|0|0|0
624|F0|0|1|0|1|1|1|0|0|0|0|1|0|1465879612|1465879620|0|0|0|0|0|0|0|0|0|0
625|F0|0|1|0|1|1|1|0|0|0|0|1|0|1473942595|1473942603|0|0|0|0|0|0|0|0|0|0
626|F0|0|1|0|1|1|1|0|0|0|0|1|0|1482079476|1482079484|0|0|0|0|0|0|0|0|0|0
627|F0|0|1|0|1|1|1|0|0|0|0|1|0|1491488902|1491488910|0|0|0|0|0|0|0|0|0|0
628|F0|0|1|0|1|1|1|0|0|0|0|1|0|1500374412|1500374420|0|0|0|0|0|0|0|0|0|0
629|F0|0|1|0|1|1|1|0|0|0|0|1|0|1510557939|1510557947|0|0|0|0|0|0|0|0|0|0
630|F0|0|1|0|1|1|1|0|0|0|0|1|0|1521430383|1521430391|0|0|0|0|0|0|0|0|0|0
631|F0|0|1|0|1|1|1|0|0|0|0|1|0|1529740766|1529740774|0|0|0|0|0|0|0|0|0|0
632|F0|0|1|0|1|1|1|0|0|0|0|1|0|1538668038|1538668046|0|0|0|0|0|0|0|0|0|0
633|F0|0|1|0|1|1|1|0|0|0|0|1|0|1548032277|1548032285|0|0|0|0|0|0|0|0|0|0
634|F0|0|1|0|1|1|1|0|0|0|0|1|0|1559221452|1559221460|0|0|0|0|0|0|0|0|0|0
635|F0|0|1|0|1|1|1|0|0|0|0|1|0|1568132646|1568132654|0|0|0|0|0|0|0|0|0|0
636|F0|0|1|0|1|1|1|0|0|0|0|1|0|1577602892|1577602900|0|0|0|0|0|0|0|0|0|0
637|F0|0|1|0|1|1|1|0|0|0|0|1|0|1587500468|1587500476|0|0|0|0|0|0|0|0|0|0
638|F0|0|1|0|1|1|1|0|0|0|0|1|0|1596794004|1596794012|0|0|0|0|0|0|0|0|0|0
639|F0|0|1|0|1|1|1|0|0|0|0|1|0|1606974319|1606974327|0|0|0|0|0|0|0|0|0|0
640|F0|0|1|0|1|1|1|0|0|0|0|1|0|1615937004|1615937012|0|0|0|0|0|0|0|0|0|0
641|F0|0|1|0|1|1|1|0|0|0|0|1|0|1624771075|1624771083|0|0|0|0|0|0|0|0|0|0
642|F0|0|1|0|1|1|1|0|0|0|0|1|0|1634064620|1634064628|0|0|0|0|0|0|0|0|0|0
643|F0|0|1|0|1|1|1|0|0|0|0|1|0|1642066570|1642066578|0|0|0|0|0|0|0|0|0|0
644|F0|0|1|0|1|1|1|0|0|0|0|1|0|1651122374|1651122382|0|0|0|0|0|0|0|0|0|0
645|F0|0|1|0|1|1|1|0|0|0|0|1|0|1660184606|1660184614|0|0|0|0|0|0|0|0|0|0
646|F0|0|1|0|1|1|1|0|0|0|0|1|0|1668951247|1668951255|0|0|0|0|0|0|0|0|0|0
647|F0|0|1|0|1|1|1|0|0|0|0|1|0|1678778248|1678778256|0|0|0|0|0|0|0|0|0|0
648|F0|0|1|0|1|1|1|0|0|0|0|1|0|1687924003|1687924011|0|0|0|0|0|0|0|0|0|0
649|F0|0|1|0|1|1|1|0|0|0|0|1|0|1695967740|1695967748|0|0|0|0|0|0|0|0|0|0
650|F0|0|1|0|1|1|1|0|0|0|0|1|0|1705312729|1705312737|0|0|0|0|0|0|0|0|0|0
651|F0|0|1|0|1|1|1|0|0|0|0|1|0|1715223197|1715223205|0|0|0|0|0|0|0|0|0|0
652|F0|0|1|0|1|1|1|0|0|0|0|1|0|1724555340|1724555348|0|0|0|0|0|0|0|0|0|0
653|F0|0|1|0|1|1|1|0|0|0|0|1|0|1733312362|1733312370|0|0|0|0|0|0|0|0|0|0
654|F0|0|1|0|1|1|1|0|0|0|0|1|0|1743933217|1743933225|0|0|0|0|0|0|0|0|0|0
655|F0|0|1|0|1|1|1|0|0|0|0|1|0|1751427530|1751427538|0|0|0|0|0|0|0|0|0|0
656|F0|0|1|0|1|1|1|0|0|0|0|1|0|1759467998|1759468006|0|0|0|0|0|0|0|0|0|0
657|F0|0|1|0|1|1|1|0|0|0|0|1|0|1768941729|1768941737|0|0|0|0|0|0|0|0|0|0
658|F0|0|1|0|1|1|1|0|0|0|0|1|0|1777538060|1777538068|0|0|0|0|0|0|0|0|0|0
659|F0|0|1|0|1|1|1|0|0|0|0|1|0|1786783400|1786783408|0|0|0|0|0|0|0|0|0|0
660|F0|0|1|0|1|1|1|0|0|0|0|1|0|1795694595|1795694603|0|0|0|0|0|0|0|0|0|0
661|F0|0|1|0|1|1|1|0|0|0|0|1|0|1805701981|1805701989|0|0|0|0|0|0|0|0|0|0
662|F0|0|1|0|1|1|1|0|0|0|0|1|0|1812836456|1812836464|0|0|0|0|0|0|0|0|0|0
663|F0|0|1|0|1|1|1|0|0|0|0|1|0|1822139644|1822139652|0|0|0|0|0|0|0|0|0|0
664|F0|0|1|0|1|1|1|0|0|0|0|1|0|1830311868|1830311876|0|0|0|0|0|0|0|0|0|0
665|F0|0|1|0|1|1|1|0|0|0|0|1|0|1839480111|1839480119|0|0|0|0|0|0|0|0|0|0
666|F0|0|1|0|1|1|1|0|0|0|0|1|0|1848439558|1848439566|0|0|0|0|0|0|0|0|0|0
667|F0|0|1|0|1|1|1|0|0|0|0|1|0|1857672035|1857672043|0|0|0|0|0|0|0|0|0|0
668|F0|0|1|0|1|1|1|0|0|0|0|1|0|1868029434|1868029442|0|0|0|0|0|0|0|0|0|0
669|F0|0|1|0|1|1|1|0|0|0|0|1|0|1876641862|1876641870|0|0|0|0|0|0|0|0|0|0
670|F0|0|1|0|1|1|1|0|0|0|0|1|0|1885549857|1885549865|0|0|0|0|0|0|0|0|0|0
671|F0|0|1|0|1|1|1|0|0|0|0|1|0|1894878730|1894878738|0|0|0|0|0|0|0|0|0|0
672|F0|0|1|0|1|1|1|0|0|0|0|1|0|1905955417|1905955425|0|0|0|0|0|0|0|0|0|0
673|F0|0|1|0|1|1|1|0|0|0|0|1|0|1914873052|1914873060|0|0|0|0|0|0|0|0|0|0
674|F0|0|1|0|1|1|1|0|0|0|0|1|0|1922984244|1922984252|0|0|0|0|0|0|0|0|0|0
675|F0|0|1|0|1|1|1|0|0|0|0|1|0|1932117141|1932117149|0|0|0|0|0|0|0|0|0|0
676|F0|0|1|0|1|1|1|0|0|0|0|1|0|1940192963|1940192971|0|0|0|0|0|0|0|0|0|0
677|F0|0|1|0|1|1|1|0|0|0|0|1|0|1949030805|1949030813|0|0|0|0|0|0|0|0|0|0
678|F0|0|1|0|1|1|1|0|0|0|0|1|0|1958404660|1958404668|0|0|0|0|0|0|0|0|0|0
679|F0|0|1|0|1|1|1|0|0|0|0|1|0|1968450003|1968450011|0|0|0|0|0|0|0|0|0|0
680|F0|0|1|0|1|1|1|0|0|0|0|1|0|1976728307|1976728315|0|0|0|0|0|0|0|0|0|0
681|F0|0|1|0|1|1|1|0|0|0|0|1|0|1984839494|1984839502|0|0|0|0|0|0|0|0|0|0
682|F0|0|1|0|1|1|1|0|0|0|0|1|0|1996163571|1996163579|0|0|0|0|0|0|0|0|0|0
683|F0|0|1|0|1|1|1|0|0|0|0|1|0|2005887649|2005887657|0|0|0|0|0|0|0|0|0|0
684|F0|0|1|0|1|1|1|0|0|0|0|1|0|2015116924|2015116932|0|0|0|0|0|0|0|0|0|0
685|F0|0|1|0|1|1|1|0|0|0|0|1|0|2023938228|2023938236|0|0|0|0|0|0|0|0|0|0
686|F0|0|1|0|1|1|1|0|0|0|0|1|0|2034051777|2034051785|0|0|0|0|0|0|0|0|0|0
687|F0|0|1|0|1|1|1|0|0|0|0|1|0|2043146118|2043146126|0|0|0|0|0|0|0|0|0|0
688|F0|0|1|0|1|1|1|0|0|0|0|1|0|2052532835|2052532843|0|0|0|0|0|0|0|0|0|0
689|F0|0|1|0|1|1|1|0|0|0|0|1|0|2062366141|2062366149|0|0|0|0|0|0|0|0|0|0
690|F0|0|1|0|1|1|1|0|0|0|0|1|0|2071698228|2071698236|0|0|0|0|0|0|0|0|0|0
691|F0|0|1|0|1|1|1|0|0|0|0|1|0|2080699388|2080699396|0|0|0|0|0|0|0|0|0|0
692|F0|0|1|0|1|1|1|0|0|0|0|1|0|2090985717|2090985725|0|0|0|0|0|0|0|0|0|0
693|F0|0|1|0|1|1|1|0|0|0|0|1|0|2101095308|2101095316|0|0|0|0|0|0|0|0|0|0
694|F0|0|1|0|1|1|1|0|0|0|0|1|0|2110006508|2110006516|0|0|0|0|0|0|0|0|0|0
695|F0|0|1|0|1|1|1|0|0|0|0|1|0|2120081382|2120081390|0|0|0|0|0|0|0|0|0|0
696|F0|0|1|0|1|1|1|0|0|0|0|1|0|2128468874|2128468882|0|0|0|0|0|0|0|0|0|0
697|F0|0|1|0|1|1|1|0|0|0|0|1|0|2137319046|2137319054|0|0|0|0|0|0|0|0|0|0
698|F0|0|1|0|1|1|1|0|0|0|0|1|0|2146468021|2146468029|0|0|0|0|0|0|0|0|0|0
699|F0|0|1|0|1|1|1|0|0|0|0|1|0|2156288481|2156288489|0|0|0|0|0|0|0|0|0|0
700|F0|0|1|0|1|1|1|0|0|0|0|1|0|2165530620|2165530628|0|0|0|0|0|0|0|0|0|0
701|F0|0|1|0|1|1|1|0|0|0|0|1|0|2174448303|2174448311|0|0|0|0|0|0|0|0|0|0
702|F0|0|1|0|1|1|1|0|0|0|0|1|0|2184490502|2184490510|0|0|0|0|0|0|0|0|0|0
703|F0|0|1|0|1|1|1|0|0|0|0|1|0|2193321356|2193321364|0|0|0|0|0|0|0|0|0|0
704|F0|0|1|0|1|1|1|0|0|0|0|1|0|2201442179|2201442187|0|0|0|0|0|0|0|0|0|0
705|F0|0|1|0|1|1|1|0|0|0|0|1|0|2211722401|2211722409|0|0|0|0|0|0|0|0|0|0
706|F0|0|1|0|1|1|1|0|0|0|0|1|0|2220485781|2220485789|0|0|0|0|0|0|0|0|0|0
707|F0|0|1|0|1|1|1|0|0|0|0|1|0|2229670044|2229670052|0|0|0|0|0|0|0|0|0|0
708|F0|0|1|0|1|1|1|0|0|0|0|1|0|2238478424|2238478432|0|0|0|0|0|0|0|0|0|0
709|F0|0|1|0|1|1|1|0|0|0|0|1|0|2248687642|2248687650|0|0|0|0|0|0|0|0|0|0
710|F0|0|1|0|1|1|1|0|0|0|0|1|0|2257470337|2257470345|0|0|0|0|0|0|0|0|0|0
711|F0|0|1|0|1|1|1|0|0|0|0|1|0|2265424080|2265424088|0|0|0|0|0|0|0|0|0|0
712|F0|0|1|0|1|1|1|0|0|0|0|1|0|2275642938|2275642946|0|0|0|0|0|0|0|0|0|0
713|F0|0|1|0|1|1|1|0|0|0|0|1|0|2284425588|2284425596|0|0|0|0|0|0|0|0|0|0
714|F0|0|1|0|1|1|1|0|0|0|0|1|0|2293619532|2293619540|0|0|0|0|0|0|0|0|0|0
715|F0|0|1|0|1|1|1|0|0|0|0|1|0|2303617500|2303617508|0|0|0|0|0|0|0|0|0|0
716|F0|0|1|0|1|1|1|0|0|0|0|1|0|2313479708|2313479716|0|0|0|0|0|0|0|0|0|0
717|F0|0|1|0|1|1|1|0|0|0|0|1|0|2322574054|2322574062|0|0|0|0|0|0|0|0|0|0
718|F0|0|1|0|1|1|1|0|0|0|0|1|0|2331421020|2331421028|0|0|0|0|0|0|0|0|0|0
719|F0|0|1|0|1|1|1|0|0|0|0|1|0|2341617406|2341617414|0|0|0|0|0|0|0|0|0|0
720|F0|0|1|0|1|1|1|0|0|0|0|1|0|2350509345|2350509353|0|0|0|0|0|0|0|0|0|0
721|F0|0|1|0|1|1|1|0|0|0|0|1|0|2359626137|2359626145|0|0|0|0|0|0|0|0|0|0
722|F0|0|1|0|1|1|1|0|0|0|0|1|0|2370548611|2370548619|0|0|0|0|0|0|0|0|0|0
723|F0|0|1|0|1|1|1|0|0|0|0|1|0|2379385908|2379385916|0|0|0|0|0|0|0|0|0|0
724|F0|0|1|0|1|1|1|0|0|0|0|1|0|2388072647|2388072655|0|0|0|0|0|0|0|0|0|0
725|F0|0|1|0|1|1|1|0|0|0|0|1|0|2397311654|2397311662|0|0|0|0|0|0|0|0|0|0
726|F0|0|1|0|1|1|1|0|0|0|0|1|0|2405458150|2405458158|0|0|0|0|0|0|0|0|0|0
727|F0|0|1|0|1|1|1|0|0|0|0|1|0|2414289021|2414289029|0|0|0|0|0|0|0|0|0|0
728|F0|0|1|0|1|1|1|0|0|0|0|1|0|2423569761|2423569769|0|0|0|0|0|0|0|0|0|0
729|F0|0|1|0|1|1|1|0|0|0|0|1|0|2433489866|2433489874|0|0|0|0|0|0|0|0|0|0
730|F0|0|1|0|1|1|1|0|0|0|0|1|0|2444361487|2444361495|0|0|0|0|0|0|0|0|0|0
731|F0|0|1|0|1|1|1|0|0|0|0|1|0|2452810090|2452810098|0|0|0|0|0|0|0|0|0|0
732|F0|0|1|0|1|1|1|0|0|0|0|1|0|2467944815|2467944823|0|0|0|0|0|0|0|0|0|0
733|F0|0|1|0|1|1|1|0|0|0|0|1|0|2477938799|2477938807|0|0|0|0|0|0|0|0|0|0
734|F0|0|1|0|1|1|1|0|0|0|0|1|0|2487916764|2487916772|0|0|0|0|0|0|0|0|0|0
735|F0|0|1|0|1|1|1|0|0|0|0|1|0|2499800577|2499800585|0|0|0|0|0|0|0|0|0|0
736|F0|0|1|0|1|1|1|0|0|0|0|1|0|2526636691|2526636699|0|0|0|0|0|0|0|0|0|0
737|F0|0|1|0|1|1|1|0|0|0|0|1|0|2535917377|2535917385|0|0|0|0|0|0|0|0|0|0
738|F0|0|1|0|1|1|1|0|0|0|0|1|0|2556517388|2556517396|0|0|0|0|0|0|0|0|0|0
739|F0|0|1|0|1|1|1|0|0|0|0|1|0|2565833932|2565833940|0|0|0|0|0|0|0|0|0|0
740|F0|0|1|0|1|1|1|0|0|0|0|1|0|2575317094|2575317102|0|0|0|0|0|0|0|0|0|0
741|F0|0|1|0|1|1|1|0|0|0|0|1|0|2587827284|2587827292|0|0|0|0|0|0|0|0|0|0
742|F0|0|1|0|1|1|1|0|0|0|0|1|0|2596667948|2596667956|0|0|0|0|0|0|0|0|0|0
743|F0|0|1|0|1|1|1|0|0|0|0|1|0|2605280340|2605280348|0|0|0|0|0|0|0|0|0|0
744|F0|0|1|0|1|1|1|0|0|0|0|1|0|2617925021|2617925029|0|0|0|0|0|0|0|0|0|0
745|F0|0|1|0|1|1|1|0|0|0|0|1|0|2634691828|2634691836|0|0|0|0|0|0|0|0|0|0
746|F0|0|1|0|1|1|1|0|0|0|0|1|0|2643419932|2643419940|0|0|0|0|0|0|0|0|0|0
747|F0|0|1|0|1|1|1|0|0|0|0|1|0|2653805941|2653805949|0|0|0|0|0|0|0|0|0|0
748|F0|0|1|0|1|1|1|0|0|0|0|1|0|2663215613|2663215621|0|0|0|0|0|0|0|0|0|0
749|F0|0|1|0|1|1|1|0|0|0|0|1|0|2671921283|2671921291|0|0|0|0|0|0|0|0|0|0
750|F0|0|1|0|1|1|1|0|0|0|0|1|0|2681610092|2681610100|0|0|0|0|0|0|0|0|0|0
751|F0|0|1|0|1|1|1|0|0|0|0|1|0|2691671509|2691671517|0|0|0|0|0|0|0|0|0|0
752|F0|0|1|0|1|1|1|0|0|0|0|1|0|2703472564|2703472572|0|0|0|0|0|0|0|0|0|0
753|F0|0|1|0|1|1|1|0|0|0|0|1|0|2713036131|2713036139|0|0|0|0|0|0|0|0|0|0
754|F0|0|1|0|1|1|1|0|0|0|0|1|0|2721825251|2721825259|0|0|0|0|0|0|0|0|0|0
755|F0|0|1|0|1|1|1|0|0|0|0|1|0|2729868975|2729868983|0|0|0|0|0|0|0|0|0|0
756|F0|0|1|0|1|1|1|0|0|0|0|1|0|2738831623|2738831631|0|0|0|0|0|0|0|0|0|0
757|F0|0|1|0|1|1|1|0|0|0|0|1|0|2749612812|2749612820|0|0|0|0|0|0|0|0|0|0
758|F0|0|1|0|1|1|1|0|0|0|0|1|0|2759879896|2759879904|0|0|0|0|0|0|0|0|0|0
759|F0|0|1|0|1|1|1|0|0|0|0|1|0|2769527413|2769527421|0|0|0|0|0|0|0|0|0|0
760|F0|0|1|0|1|1|1|0|0|0|0|1|0|2777863540|2777863548|0|0|0|0|0|0|0|0|0|0
761|F0|0|1|0|1|1|1|0|0|0|0|1|0|2787610113|2787610121|0|0|0|0|0|0|0|0|0|0
762|F0|0|1|0|1|1|1|0|0|0|0|1|0|2796611288|2796611296|0|0|0|0|0|0|0|0|0|0
763|F0|0|1|0|1|1|1|0|0|0|0|1|0|2807614156|2807614164|0|0|0|0|0|0|0|0|0|0
764|F0|0|1|0|1|1|1|0|0|0|0|1|0|2824789094|2824789102|0|0|0|0|0|0|0|0|0|0
765|F0|0|1|0|1|1|1|0|0|0|0|1|0|2834702748|2834702756|0|0|0|0|0|0|0|0|0|0
766|F0|0|1|0|1|1|1|0|0|0|0|1|0|2843540074|2843540082|0|0|0|0|0|0|0|0|0|0
767|F0|0|1|0|1|1|1|0|0|0|0|1|0|2857653800|2857653808|0|0|0|0|0|0|0|0|0|0
768|F0|0|1|0|1|1|1|0|0|0|0|1|0|2868278101|2868278109|0|0|0|0|0|0|0|0|0|0
769|F0|0|1|0|1|1|1|0|0|0|0|1|0|2881879407|2881879415|0|0|0|0|0|0|0|0|0|0
770|F0|0|1|0|1|1|1|0|0|0|0|1|0|2893814045|2893814053|0|0|0|0|0|0|0|0|0|0
771|F0|0|1|0|1|1|1|0|0|0|0|1|0|2903949452|2903949460|0|0|0|0|0|0|0|0|0|0
772|F0|0|1|0|1|1|1|0|0|0|0|1|0|2912664707|2912664715|0|0|0|0|0|0|0|0|0|0
773|F0|0|1|0|1|1|1|0|0|0|0|1|0|2931060597|2931060605|0|0|0|0|0|0|0|0|0|0
774|F0|0|1|0|1|1|1|0|0|0|0|1|0|2944460423|2944460431|0|0|0|0|0|0|0|0|0|0
775|F0|0|1|0|1|1|1|0|0|0|0|1|0|2952054339|2952054347|0|0|0|0|0|0|0|0|0|0
776|F0|0|1|0|1|1|1|0|0|0|0|1|0|2965837761|2965837769|0|0|0|0|0|0|0|0|0|0
777|F0|0|1|0|1|1|1|0|0|0|0|1|0|2979086421|2979086429|0|0|0|0|0|0|0|0|0|0
778|F0|0|1|0|1|1|1|0|0|0|0|1|0|2989836035|2989836043|0|0|0|0|0|0|0|0|0|0
779|F0|0|1|0|1|1|1|0|0|0|0|1|0|3000354311|3000354319|0|0|0|0|0|0|0|0|0|0
780|F0|0|1|0|1|1|1|0|0|0|0|1|0|3015280172|3015280180|0|0|0|0|0|0|0|0|0|0
781|F0|0|1|0|1|1|1|0|0|0|0|1|0|3024249283|3024249291|0|0|0|0|0|0|0|0|0|0
782|F0|0|1|0|1|1|1|0|0|0|0|1|0|3032434355|3032434363|0|0|0|0|0|0|0|0|0|0
783|F0|0|1|0|1|1|1|0|0|0|0|1|0|3040619472|3040619480|0|0|0|0|0|0|0|0|0|0
784|F0|0|1|0|1|1|1|0|0|0|0|1|0|3048978310|3048978318|0|0|0|0|0|0|0|0|0|0
785|F0|0|1|0|1|1|1|0|0|0|0|1|0|3058715253|3058715261|0|0|0|0|0|0|0|0|0|0
786|F0|0|1|0|1|1|1|0|0|0|0|1|0|3072882799|3072882807|0|0|0|0|0|0|0|0|0|0
787|F0|0|1|0|1|1|1|0|0|0|0|1|0|3081639777|3081639785|0|0|0|0|0|0|0|0|0|0
788|F0|0|1|0|1|1|1|0|0|0|0|1|0|3094194782|3094194790|0|0|0|0|0|0|0|0|0|0
789|F0|0|1|0|1|1|1|0|0|0|0|1|0|3102893946|3102893954|0|0|0|0|0|0|0|0|0|0
790|F0|0|1|0|1|1|1|0|0|0|0|1|0|3111785877|3111785885|0|0|0|0|0|0|0|0|0|0
791|F0|0|1|0|1|1|1|0|0|0|0|1|0|3121220984|3121220992|0|0|0|0|0|0|0|0|0|0
792|F0|0|1|0|1|1|1|0|0|0|0|1|0|3131488693|3131488701|0|0|0|0|0|0|0|0|0|0
793|F0|0|1|0|1|1|1|0|0|0|0|1|0|3142758229|3142758237|0|0|0|0|0|0|0|0|0|0
794|F0|0|1|0|1|1|1|0|0|0|0|1|0|3153925039|3153925047|0|0|0|0|0|0|0|0|0|0
795|F0|0|1|0|1|1|1|0|0|0|0|1|0|3163671626|3163671634|0|0|0|0|0|0|0|0|0|0
796|F0|0|1|0|1|1|1|0|0|0|0|1|0|3172823823|3172823831|0|0|0|0|0|0|0|0|0|0
797|F0|0|1|0|1|1|1|0|0|0|0|1|0|3181625781|3181625789|0|0|0|0|0|0|0|0|0|0
798|F0|0|1|0|1|1|1|0|0|0|0|1|0|3194352646|3194352654|0|0|0|0|0|0|0|0|0|0
799|F0|0|1|0|1|1|1|0|0|0|0|1|0|3203515055|3203515063|0|0|0|0|0|0|0|0|0|0
800|F0|0|1|0|1|1|1|0|0|0|0|1|0|3211848035|3211848043|0|0|0|0|0|0|0|0|0|0
801|F0|0|1|0|1|1|1|0|0|0|0|1|0|3220579348|3220579356|0|0|0|0|0|0|0|0|0|0
802|F0|0|1|0|1|1|1|0|0|0|0|1|0|3234975306|3234975314|0|0|0|0|0|0|0|0|0|0
803|F0|0|1|0|1|1|1|0|0|0|0|1|0|3245942812|3245942820|0|0|0|0|0|0|0|0|0|0
804|F0|0|1|0|1|1|1|0|0|0|0|1|0|3254921588|3254921596|0|0|0|0|0|0|0|0|0|0
805|F0|0|1|0|1|1|1|0|0|0|0|1|0|3275235590|3275235598|0|0|0|0|0|0|0|0|0|0
806|F0|0|1|0|1|1|1|0|0|0|0|1|0|3284037603|3284037611|0|0|0|0|0|0|0|0|0|0
807|F0|0|1|0|1|1|1|0|0|0|0|1|0|3292900641|3292900649|0|0|0|0|0|0|0|0|0|0
808|F0|0|1|0|1|1|1|0|0|0|0|1|0|3305531311|3305531319|0|0|0|0|0|0|0|0|0|0
809|F0|0|1|0|1|1|1|0|0|0|0|1|0|3316627613|3316627621|0|0|0|0|0|0|0|0|0|0
810|F0|0|1|0|1|1|1|0|0|0|0|1|0|3325754625|3325754633|0|0|0|0|0|0|0|0|0|0
811|F0|0|1|0|1|1|1|0|0|0|0|1|0|3335106142|3335106150|0|0|0|0|0|0|0|0|0|0
812|F0|0|1|0|1|1|1|0|0|0|0|1|0|3344827480|3344827488|0|0|0|0|0|0|0|0|0|0
813|F0|0|1|0|1|1|1|0|0|0|0|1|0|3353443143|3353443151|0|0|0|0|0|0|0|0|0|0
814|F0|0|1|0|1|1|1|0|0|0|0|1|0|3368500714|3368500722|0|0|0|0|0|0|0|0|0|0
815|F0|0|1|0|1|1|1|0|0|0|0|1|0|3391026173|3391026181|0|0|0|0|0|0|0|0|0|0
816|F0|0|1|0|1|1|1|0|0|0|0|1|0|3401525292|3401525300|0|0|0|0|0|0|0|0|0|0
817|F0|0|1|0|1|1|1|0|0|0|0|1|0|3410529671|3410529679|0|0|0|0|0|0|0|0|0|0
818|F0|0|1|0|1|1|1|0|0|0|0|1|0|3421783192|3421783200|0|0|0|0|0|0|0|0|0|0
819|F0|0|1|0|1|1|1|0|0|0|0|1|0|3429794835|3429794843|0|0|0|0|0|0|0|0|0|0
820|F0|0|1|0|1|1|1|0|0|0|0|1|0|3437896422|3437896430|0|0|0|0|0|0|0|0|0|0
821|F0|0|1|0|1|1|1|0|0|0|0|1|0|3448105642|3448105650|0|0|0|0|0|0|0|0|0|0
822|F0|0|1|0|1|1|1|0|0|0|0|1|0|3457045761|3457045769|0|0|0|0|0|0|0|0|0|0
823|F0|0|1|0|1|1|1|0|0|0|0|1|0|3469459162|3469459170|0|0|0|0|0|0|0|0|0|0
824|F0|0|1|0|1|1|1|0|0|0|0|1|0|3479250707|3479250715|0|0|0|0|0|0|0|0|0|0
825|F0|0|1|0|1|1|1|0|0|0|0|1|0|3489276797|3489276805|0|0|0|0|0|0|0|0|0|0
826|F0|0|1|0|1|1|1|0|0|0|0|1|0|3498650666|3498650674|0|0|0|0|0|0|0|0|0|0
827|F0|0|1|0|1|1|1|0|0|0|0|1|0|3507516894|3507516902|0|0|0|0|0|0|0|0|0|0
828|F0|0|1|0|1|1|1|0|0|0|0|1|0|3516820198|3516820206|0|0|0|0|0|0|0|0|0|0
829|F0|0|1|0|1|1|1|0|0|0|0|1|0|3524889807|3524889815|0|0|0|0|0|0|0|0|0|0
830|F0|0|1|0|1|1|1|0|0|0|0|1|0|3538280135|3538280143|0|0|0|0|0|0|0|0|0|0
831|F0|0|1|0|1|1|1|0|0|0|0|1|0|3548829946|3548829954|0|0|0|0|0|0|0|0|0|0
832|F0|0|1|0|1|1|1|0|0|0|0|1|0|3557856812|3557856820|0|0|0|0|0|0|0|0|0|0
833|F0|0|1|0|1|1|1|0|0|0|0|1|0|3570729639|3570729647|0|0|0|0|0|0|0|0|0|0
834|F0|0|1|0|1|1|1|0|0|0|0|1|0|3584310106|3584310114|0|0|0|0|0|0|0|0|0|0
835|F0|0|1|0|1|1|1|0|0|0|0|1|0|3593205283|3593205291|0|0|0|0|0|0|0|0|0|0
836|F0|0|1|0|1|1|1|0|0|0|0|1|0|3603443468|3603443476|0|0|0|0|0|0|0|0|0|0
837|F0|0|1|0|1|1|1|0|0|0|0|1|0|3615344774|3615344782|0|0|0|0|0|0|0|0|0|0
838|F0|0|1|0|1|1|1|0|0|0|0|1|0|3625682540|3625682548|0|0|0|0|0|0|0|0|0|0
839|F0|0|1|0|1|1|1|0|0|0|0|1|0|3635760070|3635760078|0|0|0|0|0|0|0|0|0|0
840|F0|0|1|0|1|1|1|0|0|0|0|1|0|3654506325|3654506333|0|0|0|0|0|0|0|0|0|0
841|F0|0|1|0|1|1|1|0|0|0|0|1|0|3667632984|3667632992|0|0|0|0|0|0|0|0|0|0
842|F0|0|1|0|1|1|1|0|0|0|0|1|0|3676091203|3676091211|0|0|0|0|0|0|0|0|0|0
843|F0|0|1|0|1|1|1|0|0|0|0|1|0|3688054732|3688054740|0|0|0|0|0|0|0|0|0|0
844|F0|0|1|0|1|1|1|0|0|0|0|1|0|3698077601|3698077609|0|0|0|0|0|0|0|0|0|0
845|F0|0|1|0|1|1|1|0|0|0|0|1|0|3707705487|3707705495|0|0|0|0|0|0|0|0|0|0
846|F0|0|1|0|1|1|1|0|0|0|0|1|0|3716745571|3716745579|0|0|0|0|0|0|0|0|0|0
847|F0|0|1|0|1|1|1|0|0|0|0|1|0|3726694620|3726694628|0|0|0|0|0|0|0|0|0|0
848|F0|0|1|0|1|1|1|0|0|0|0|1|0|3736004584|3736004592|0|0|0|0|0|0|0|0|0|0
849|F0|0|1|0|1|1|1|0|0|0|0|1|0|3744706936|3744706944|0|0|0|0|0|0|0|0|0|0
850|F0|0|1|0|1|1|1|0|0|0|0|1|0|3753820628|3753820636|0|0|0|0|0|0|0|0|0|0
851|F0|0|1|0|1|1|1|0|0|0|0|1|0|3766591110|3766591118|0|0|0|0|0|0|0|0|0|0
852|F0|0|1|0|1|1|1|0|0|0|0|1|0|3775039654|3775039662|0|0|0|0|0|0|0|0|0|0
853|F0|0|1|0|1|1|1|0|0|0|0|1|0|3783986202|3783986210|0|0|0|0|0|0|0|0|0|0
854|F0|0|1|0|1|1|1|0|0|0|0|1|0|3796389903|3796389911|0|0|0|0|0|0|0|0|0|0
855|F0|0|1|0|1|1|1|0|0|0|0|1|0|3808244792|3808244800|0|0|0|0|0|0|0|0|0|0
856|F0|0|1|0|1|1|1|0|0|0|0|1|0|3817522334|3817522342|0|0|0|0|0|0|0|0|0|0
857|F0|0|1|0|1|1|1|0|0|0|0|1|0|3826674499|3826674507|0|0|0|0|0|0|0|0|0|0
858|F0|0|1|0|1|1|1|0|0|0|0|1|0|3835588948|3835588956|0|0|0|0|0|0|0|0|0|0
859|F0|0|1|0|1|1|1|0|0|0|0|1|0|3849091708|3849091716|0|0|0|0|0|0|0|0|0|0
860|F0|0|1|0|1|1|1|0|0|0|0|1|0|3859037496|3859037504|0|0|0|0|0|0|0|0|0|0
861|F0|0|1|0|1|1|1|0|0|0|0|1|0|3867135827|3867135835|0|0|0|0|0|0|0|0|0|0
862|F0|0|1|0|1|1|1|0|0|0|0|1|0|3876182022|3876182030|0|0|0|0|0|0|0|0|0|0
863|F0|0|1|0|1|1|1|0|0|0|0|1|0|3886205438|3886205446|0|0|0|0|0|0|0|0|0|0
864|F0|0|1|0|1|1|1|0|0|0|0|1|0|3894621868|3894621876|0|0|0|0|0|0|0|0|0|0
865|F0|0|1|0|1|1|1|0|0|0|0|1|0|3904741994|3904742002|0|0|0|0|0|0|0|0|0|0
866|F0|0|1|0|1|1|1|0|0|0|0|1|0|3915642109|3915642117|0|0|0|0|0|0|0|0|0|0
867|F0|0|1|0|1|1|1|0|0|0|0|1|0|3926654575|3926654583|0|0|0|0|0|0|0|0|0|0
868|F0|0|1|0|1|1|1|0|0|0|0|1|0|3933843628|3933843636|0|0|0|0|0|0|0|0|0|0
869|F0|0|1|0|1|1|1|0|0|0|0|1|0|3947099386|3947099394|0|0|0|0|0|0|0|0|0|0
870|F0|0|1|0|1|1|1|0|0|0|0|1|0|3958118333|3958118341|0|0|0|0|0|0|0|0|0|0
871|F0|0|1|0|1|1|1|0|0|0|0|1|0|3971162100|3971162108|0|0|0|0|0|0|0|0|0|0
872|F0|0|1|0|1|1|1|0|0|0|0|1|0|3980217884|3980217892|0|0|0|0|0|0|0|0|0|0
873|F0|0|1|0|1|1|1|0|0|0|0|1|0|3993078068|3993078076|0|0|0|0|0|0|0|0|0|0
874|F0|0|1|0|1|1|1|0|0|0|0|1|0|4002684120|4002684128|0|0|0|0|0|0|0|0|0|0
875|F0|0|1|0|1|1|1|0|0|0|0|1|0|4012903928|4012903936|0|0|0|0|0|0|0|0|0|0
876|F0|0|1|0|1|1|1|0|0|0|0|1|0|4022773287|4022773295|0|0|0|0|0|0|0|0|0|0
877|F0|0|1|0|1|1|1|0|0|0|0|1|0|4032231020|4032231028|0|0|0|0|0|0|0|0|0|0
878|F0|0|1|0|1|1|1|0|0|0|0|1|0|4040891617|4040891625|0|0|0|0|0|0|0|0|0|0
879|F0|0|1|0|1|1|1|0|0|0|0|1|0|4053653945|4053653953|0|0|0|0|0|0|0|0|0|0
880|F0|0|1|0|1|1|1|0|0|0|0|1|0|4063978887|4063978895|0|0|0|0|0|0|0|0|0|0
881|F0|0|1|0|1|1|1|0|0|0|0|1|0|4073503975|4073503983|0|0|0|0|0|0|0|0|0|0
882|F0|0|1|0|1|1|1|0|0|0|0|1|0|4088428149|4088428157|0|0|0|0|0|0|0|0|0|0
883|F0|0|1|0|1|1|1|0|0|0|0|1|0|4097410197|4097410205|0|0|0|0|0|0|0|0|0|0
884|F0|0|1|0|1|1|1|0|0|0|0|1|0|4105942284|4105942292|0|0|0|0|0|0|0|0|0|0
885|F0|0|1|0|1|1|1|0|0|0|0|1|0|4115875750|4115875758|0|0|0|0|0|0|0|0|0|0
886|F0|0|1|0|1|1|1|0|0|0|0|1|0|4125400820|4125400828|0|0|0|0|0|0|0|0|0|0
887|F0|0|1|0|1|1|1|0|0|0|0|1|0|4135311251|4135311259|0|0|0|0|0|0|0|0|0|0
888|F0|0|1|0|1|1|1|0|0|0|0|1|0|4144254588|4144254596|0|0|0|0|0|0|0|0|0|0
889|F0|0|1|0|1|1|1|0|0|0|0|1|0|4155842508|4155842516|0|0|0|0|0|0|0|0|0|0
890|F0|0|1|0|1|1|1|0|0|0|0|1|0|4164789114|4164789122|0|0|0|0|0|0|0|0|0|0
891|F0|0|1|0|1|1|1|0|0|0|0|1|0|4174317638|4174317646|0|0|0|0|0|0|0|0|0|0
892|F0|0|1|0|1|1|1|0|0|0|0|1|0|4186528975|4186528983|0|0|0|0|0|0|0|0|0|0
893|F0|0|1|0|1|1|1|0|0|0|0|1|0|4193808006|4193808014|0|0|0|0|0|0|0|0|0|0
894|F0|0|1|0|1|1|1|0|0|0|0|1|0|4202899142|4202899150|0|0|0|0|0|0|0|0|0|0
895|F0|0|1|0|1|1|1|0|0|0|0|1|0|4218162392|4218162400|0|0|0|0|0|0|0|0|0|0
896|F0|0|1|0|1|1|1|0|0|0|0|1|0|4227662068|4227662076|0|0|0|0|0|0|0|0|0|0
897|F0|0|1|0|1|1|1|0|0|0|0|1|0|4236409524|4236409532|0|0|0|0|0|0|0|0|0|0
898|F0|0|1|0|1|1|1|0|0|0|0|1|0|4246034611|4246034619|0|0|0|0|0|0|0|0|0|0
899|F0|0|1|0|1|1|1|0|0|0|0|1|0|4255463221|4255463229|0|0|0|0|0|0|0|0|0|0
900|F0|0|1|0|1|1|1|0|0|0|0|1|0|4265678915|4265678923|0|0|0|0|0|0|0|0|0|0
901|F0|0|1|0|1|1|1|0|0|0|0|1|0|4278288577|4278288585|0|0|0|0|0|0|0|0|0|0
902|F0|0|1|0|1|1|1|0|0|0|0|1|0|4287341711|4287341719|0|0|0|0|0|0|0|0|0|0
903|F0|0|1|0|1|1|1|0|0|0|0|1|0|1767604|1767612|0|0|0|0|0|0|0|0|0|0
904|F0|0|1|0|1|1|1|0|0|0|0|1|0|9878787|9878795|0|0|0|0|0|0|0|0|0|0
905|F0|0|1|0|1|1|1|0|0|0|0|1|0|24168492|24168500|0|0|0|0|0|0|0|0|0|0
906|F0|0|1|0|1|1|1|0|0|0|0|1|0|33806310|33806318|0|0|0|0|0|0|0|0|0|0
907|F0|0|1|0|1|1|1|0|0|0|0|1|0|45307279|45307287|0|0|0|0|0|0|0|0|0|0
908|F0|0|1|0|1|1|1|0|0|0|0|1|0|53254654|53254662|0|0|0|0|0|0|0|0|0|0
909|F0|0|1|0|1|1|1|0|0|0|0|1|0|63537862|63537870|0|0|0|0|0|0|0|0|0|0
910|F0|0|1|0|1|1|1|0|0|0|0|1|0|75752180|75752188|0|0|0|0|0|0|0|0|0|0
911|F0|0|1|0|1|1|1|0|0|0|0|1|0|83490714|83490722|0|0|0|0|0|0|0|0|0|0
912|F0|0|1|0|1|1|1|0|0|0|0|1|0|94285295|94285303|0|0|0|0|0|0|0|0|0|0
913|F0|0|1|0|1|1|1|0|0|0|0|1|0|102698506|102698514|0|0|0|0|0|0|0|0|0|0
914|F0|0|1|0|1|1|1|0|0|0|0|1|0|112804984|112804992|0|0|0|0|0|0|0|0|0|0
915|F0|0|1|0|1|1|1|0|0|0|0|1|0|122699343|122699351|0|0|0|0|0|0|0|0|0|0
916|F0|0|1|0|1|1|1|0|0|0|0|1|0|136404638|136404646|0|0|0|0|0|0|0|0|0|0
917|F0|0|1|0|1|1|1|0|0|0|0|1|0|146154497|146154505|0|0|0|0|0|0|0|0|0|0
918|F0|0|1|0|1|1|1|0|0|0|0|1|0|157932236|157932244|0|0|0|0|0|0|0|0|0|0
919|F0|0|1|0|1|1|1|0|0|0|0|1|0|167040125|167040133|0|0|0|0|0|0|0|0|0|0
920|F0|0|1|0|1|1|1|0|0|0|0|1|0|177050764|177050772|0|0|0|0|0|0|0|0|0|0
921|F0|0|1|0|1|1|1|0|0|0|0|1|0|186177766|186177774|0|0|0|0|0|0|0|0|0|0
922|F0|0|1|0|1|1|1|0|0|0|0|1|0|198440284|198440292|0|0|0|0|0|0|0|0|0|0
923|F0|0|1|0|1|1|1|0|0|0|0|1|0|207457555|207457563|0|0|0|0|0|0|0|0|0|0
924|F0|0|1|0|1|1|1|0|0|0|0|1|0|216397679|216397687|0|0|0|0|0|0|0|0|0|0
925|F0|0|1|0|1|1|1|0|0|0|0|1|0|226658346|226658354|0|0|0|0|0|0|0|0|0|0
926|F0|0|1|0|1|1|1|0|0|0|0|1|0|235678842|235678850|0|0|0|0|0|0|0|0|0|0
927|F0|0|1|0|1|1|1|0|0|0|0|1|0|247189420|247189428|0|0|0|0|0|0|0|0|0|0
928|F0|0|1|0|1|1|1|0|0|0|0|1|0|257817043|257817051|0|0|0|0|0|0|0|0|0|0
929|F0|0|1|0|1|1|1|0|0|0|0|1|0|266834265|266834273|0|0|0|0|0|0|0|0|0|0
930|F0|0|1|0|1|1|1|0|0|0|0|1|0|276172780|276172788|0|0|0|0|0|0|0|0|0|0
931|F0|0|1|0|1|1|1|0|0|0|0|1|0|287442364|287442372|0|0|0|0|0|0|0|0|0|0
932|F0|0|1|0|1|1|1|0|0|0|0|1|0|295341492|295341500|0|0|0|0|0|0|0|0|0|0
933|F0|0|1|0|1|1|1|0|0|0|0|1|0|303494449|303494457|0|0|0|0|0|0|0|0|0|0
934|F0|0|1|0|1|1|1|0|0|0|0|1|0|312524524|312524532|0|0|0|0|0|0|0|0|0|0
935|F0|0|1|0|1|1|1|0|0|0|0|1|0|322688765|322688773|0|0|0|0|0|0|0|0|0|0
936|F0|0|1|0|1|1|1|0|0|0|0|1|0|333013676|333013684|0|0|0|0|0|0|0|0|0|0
937|F0|0|1|0|1|1|1|0|0|0|0|1|0|342445816|342445824|0|0|0|0|0|0|0|0|0|0
938|F0|0|1|0|1|1|1|0|0|0|0|1|0|352063902|352063910|0|0|0|0|0|0|0|0|0|0
939|F0|0|1|0|1|1|1|0|0|0|0|1|0|361672899|361672907|0|0|0|0|0|0|0|0|0|0
940|F0|0|1|0|1|1|1|0|0|0|0|1|0|370156780|370156788|0|0|0|0|0|0|0|0|0|0
941|F0|0|1|0|1|1|1|0|0|0|0|1|0|382657025|382657033|0|0|0|0|0|0|0|0|0|0
942|F0|0|1|0|1|1|1|0|0|0|0|1|0|392686470|392686478|0|0|0|0|0|0|0|0|0|0
943|F0|0|1|0|1|1|1|0|0|0|0|1|0|406628931|406628939|0|0|0|0|0|0|0|0|0|0
944|F0|0|1|0|1|1|1|0|0|0|0|1|0|415620468|415620476|0|0|0|0|0|0|0|0|0|0
945|F0|0|1|0|1|1|1|0|0|0|0|1|0|426534631|426534639|0|0|0|0|0|0|0|0|0|0
946|F0|0|1|0|1|1|1|0|0|0|0|1|0|435002516|435002524|0|0|0|0|0|0|0|0|0|0
947|F0|0|1|0|1|1|1|0|0|0|0|1|0|443945939|443945947|0|0|0|0|0|0|0|0|0|0
948|F0|0|1|0|1|1|1|0|0|0|0|1|0|456279827|456279835|0|0|0|0|0|0|0|0|0|0
949|F0|0|1|0|1|1|1|0|0|0|0|1|0|466453758|466453766|0|0|0|0|0|0|0|0|0|0
950|F0|0|1|0|1|1|1|0|0|0|0|1|0|475284636|475284644|0|0|0|0|0|0|0|0|0|0
951|F0|0|1|0|1|1|1|0|0|0|0|1|0|485715555|485715563|0|0|0|0|0|0|0|0|0|0
952|F0|0|1|0|1|1|1|0|0|0|0|1|0|500895183|500895191|0|0|0|0|0|0|0|0|0|0
953|F0|0|1|0|1|1|1|0|0|0|0|1|0|510516883|510516891|0|0|0|0|0|0|0|0|0|0
954|F0|0|1|0|1|1|1|0|0|0|0|1|0|519373697|519373705|0|0|0|0|0|0|0|0|0|0
955|F0|0|1|0|1|1|1|0|0|0|0|1|0|531163800|531163808|0|0|0|0|0|0|0|0|0|0
956|F0|0|1|0|1|1|1|0|0|0|0|1|0|540299942|540299950|0|0|0|0|0|0|0|0|0|0
957|F0|0|1|0|1|1|1|0|0|0|0|1|0|551001236|551001244|0|0|0|0|0|0|0|0|0|0
958|F0|0|1|0|1|1|1|0|0|0|0|1|0|560786668|560786676|0|0|0|0|0|0|0|0|0|0
959|F0|0|1|0|1|1|1|0|0|0|0|1|0|568711558|568711566|0|0|0|0|0|0|0|0|0|0
960|F0|0|1|0|1|1|1|0|0|0|0|1|0|577413959|577413967|0|0|0|0|0|0|0|0|0|0
961|F0|0|1|0|1|1|1|0|0|0|0|1|0|587542874|587542882|0|0|0|0|0|0|0|0|0|0
962|F0|0|1|0|1|1|1|0|0|0|0|1|0|596303116|596303124|0|0|0|0|0|0|0|0|0|0
963|F0|0|1|0|1|1|1|0|0|0|0|1|0|611415324|611415332|0|0|0|0|0|0|0|0|0|0
964|F0|0|1|0|1|1|1|0|0|0|0|1|0|621807809|621807817|0|0|0|0|0|0|0|0|0|0
965|F0|0|1|0|1|1|1|0|0|0|0|1|0|630497327|630497335|0|0|0|0|0|0|0|0|0|0
966|F0|0|1|0|1|1|1|0|0|0|0|1|0|639896897|639896905|0|0|0|0|0|0|0|0|0|0
967|F0|0|1|0|1|1|1|0|0|0|0|1|0|658880705|658880713|0|0|0|0|0|0|0|0|0|0
968|F0|0|1|0|1|1|1|0|0|0|0|1|0|667268186|667268194|0|0|0|0|0|0|0|0|0|0
969|F0|0|1|0|1|1|1|0|0|0|0|1|0|676317537|676317545|0|0|0|0|0|0|0|0|0|0
970|F0|0|1|0|1|1|1|0|0|0|0|1|0|685595020|685595028|0|0|0|0|0|0|0|0|0|0
971|F0|0|1|0|1|1|1|0|0|0|0|1|0|695614813|695614821|0|0|0|0|0|0|0|0|0|0
972|F0|0|1|0|1|1|1|0|0|0|0|1|0|705788739|705788747|0|0|0|0|0|0|0|0|0|0
973|F0|0|1|0|1|1|1|0|0|0|0|1|0|717431532|717431540|0|0|0|0|0|0|0|0|0|0
974|F0|0|1|0|1|1|1|0|0|0|0|1|0|728967715|728967723|0|0|0|0|0|0|0|0|0|0
975|F0|0|1|0|1|1|1|0|0|0|0|1|0|738656451|738656459|0|0|0|0|0|0|0|0|0|0
976|F0|0|1|0|1|1|1|0|0|0|0|1|0|746693725|746693733|0|0|0|0|0|0|0|0|0|0
977|F0|0|1|0|1|1|1|0|0|0|0|1|0|758981780|758981788|0|0|0|0|0|0|0|0|0|0
978|F0|0|1|0|1|1|1|0|0|0|0|1|0|769467494|769467502|0|0|0|0|0|0|0|0|0|0
979|F0|0|1|0|1|1|1|0|0|0|0|1|0|784065580|784065588|0|0|0|0|0|0|0|0|0|0
980|F0|0|1|0|1|1|1|0|0|0|0|1|0|796870895|796870903|0|0|0|0|0|0|0|0|0|0
981|F0|0|1|0|1|1|1|0|0|0|0|1|0|807350087|807350095|0|0|0|0|0|0|0|0|0|0
982|F0|0|1|0|1|1|1|0|0|0|0|1|0|816627663|816627671|0|0|0|0|0|0|0|0|0|0
983|F0|0|1|0|1|1|1|0|0|0|0|1|0|825905466|825905474|0|0|0|0|0|0|0|0|0|0
984|F0|0|1|0|1|1|1|0|0|0|0|1|0|836696291|836696299|0|0|0|0|0|0|0|0|0|0
985|F0|0|1|0|1|1|1|0|0|0|0|1|0|845941684|845941692|0|0|0|0|0|0|0|0|0|0
986|F0|0|1|0|1|1|1|0|0|0|0|1|0|853972541|853972549|0|0|0|0|0|0|0|0|0|0
987|F0|0|1|0|1|1|1|0|0|0|0|1|0|868297608|868297616|0|0|0|0|0|0|0|0|0|0
988|F0|0|1|0|1|1|1|0|0|0|0|1|0|876264213|876264221|0|0|0|0|0|0|0|0|0|0
989|F0|0|1|0|1|1|1|0|0|0|0|1|0|886518474|886518482|0|0|0|0|0|0|0|0|0|0
990|F0|0|1|0|1|1|1|0|0|0|0|1|0|897694855|897694863|0|0|0|0|0|0|0|0|0|0
991|F0|0|1|0|1|1|1|0|0|0|0|1|0|905706442|905706450|0|0|0|0|0|0|0|0|0|0
992|F0|0|1|0|1|1|1|0|0|0|0|1|0|914546956|914546964|0|0|0|0|0|0|0|0|0|0
993|F0|0|1|0|1|1|1|0|0|0|0|1|0|922555326|922555334|0|0|0|0|0|0|0|0|0|0
994|F0|0|1|0|1|1|1|0|0|0|0|1|0|935267612|935267620|0|0|0|0|0|0|0|0|0|0
995|F0|0|1|0|1|1|1|0|0|0|0|1|0|942893635|942893643|0|0|0|0|0|0|0|0|0|0
996|F0|0|1|0|1|1|1|0|0|0|0|1|0|951008070|951008078|0|0|0|0|0|0|0|0|0|0
997|F0|0|1|0|1|1|1|0|0|0|0|1|0|961506680|961506688|0|0|0|0|0|0|0|0|0|0
998|F0|0|1|0|1|1|1|0|0|0|0|1|0|971217972|971217980|0|0|0|0|0|0|0|0|0|0
999|F0|0|1|0|1|1|1|0|0|0|0|1|0|980608015|980608023|0|0|0|0|0|0|0|0|0|0
