sample|module|direction|lane_mask|tail_cycles|sender_raw|sender_raw_while_tx|sender_blanked_raw|sender_blanked_frame|sender_blanked_crc_valid|sender_local_source_reject|sender_accepted_remote|receiver_raw|receiver_accepted_remote|sender_last_txd_rise|sender_last_txd_fall|sender_first_rxd_after_tx|sender_last_rxd_after_tx|sender_overlap_violation|sender_admission_violation|sender_non_target_accepted|sender_cross_lane_accepted|receiver_overlap_violation|receiver_admission_violation|receiver_non_target_accepted|receiver_cross_lane_accepted
0|F1|0|2|0|1|1|1|0|0|0|0|1|0|36798845|36798853|0|0|0|0|0|0|0|0|0|0
1|F1|0|2|0|1|1|1|0|0|0|0|1|0|49385135|49385143|0|0|0|0|0|0|0|0|0|0
2|F1|0|2|0|1|1|1|0|0|0|0|1|0|63164085|63164093|0|0|0|0|0|0|0|0|0|0
3|F1|0|2|0|1|1|1|0|0|0|0|1|0|73958849|73958857|0|0|0|0|0|0|0|0|0|0
4|F1|0|2|0|1|1|1|0|0|0|0|1|0|82992176|82992184|0|0|0|0|0|0|0|0|0|0
5|F1|0|2|0|1|1|1|0|0|0|0|1|0|95844975|95844983|0|0|0|0|0|0|0|0|0|0
6|F1|0|2|0|1|1|1|0|0|0|0|1|0|106414092|106414100|0|0|0|0|0|0|0|0|0|0
7|F1|0|2|0|1|1|1|0|0|0|0|1|0|115408883|115408891|0|0|0|0|0|0|0|0|0|0
8|F1|0|2|0|1|1|1|0|0|0|0|1|0|132687308|132687316|0|0|0|0|0|0|0|0|0|0
9|F1|0|2|0|1|1|1|0|0|0|0|1|0|142658808|142658816|0|0|0|0|0|0|0|0|0|0
10|F1|0|2|0|1|1|1|0|0|0|0|1|0|150676824|150676832|0|0|0|0|0|0|0|0|0|0
11|F1|0|2|0|1|1|1|0|0|0|0|1|0|158717356|158717364|0|0|0|0|0|0|0|0|0|0
12|F1|0|2|0|1|1|1|0|0|0|0|1|0|174316454|174316462|0|0|0|0|0|0|0|0|0|0
13|F1|0|2|0|1|1|1|0|0|0|0|1|0|183269601|183269609|0|0|0|0|0|0|0|0|0|0
14|F1|0|2|0|1|1|1|0|0|0|0|1|0|191975253|191975261|0|0|0|0|0|0|0|0|0|0
15|F1|0|2|0|1|1|1|0|0|0|0|1|0|208022420|208022428|0|0|0|0|0|0|0|0|0|0
16|F1|0|2|0|1|1|1|0|0|0|0|1|0|222353868|222353876|0|0|0|0|0|0|0|0|0|0
17|F1|0|2|0|1|1|1|0|0|0|0|1|0|231197583|231197591|0|0|0|0|0|0|0|0|0|0
18|F1|0|2|0|1|1|1|0|0|0|0|1|0|242721022|242721030|0|0|0|0|0|0|0|0|0|0
19|F1|0|2|0|1|1|1|0|0|0|0|1|0|253531852|253531860|0|0|0|0|0|0|0|0|0|0
20|F1|0|2|0|1|1|1|0|0|0|0|1|0|262725807|262725815|0|0|0|0|0|0|0|0|0|0
21|F1|0|2|0|1|1|1|0|0|0|0|1|0|272241484|272241492|0|0|0|0|0|0|0|0|0|0
22|F1|0|2|0|1|1|1|0|0|0|0|1|0|282052513|282052521|0|0|0|0|0|0|0|0|0|0
23|F1|0|2|0|1|1|1|0|0|0|0|1|0|292036876|292036884|0|0|0|0|0|0|0|0|0|0
24|F1|0|2|0|1|1|1|0|0|0|0|1|0|301157084|301157092|0|0|0|0|0|0|0|0|0|0
25|F1|0|2|0|1|1|1|0|0|0|0|1|0|310052189|310052197|0|0|0|0|0|0|0|0|0|0
26|F1|0|2|0|1|1|1|0|0|0|0|1|0|322507436|322507444|0|0|0|0|0|0|0|0|0|0
27|F1|0|2|0|1|1|1|0|0|0|0|1|0|335293443|335293451|0|0|0|0|0|0|0|0|0|0
28|F1|0|2|0|1|1|1|0|0|0|0|1|0|344108263|344108271|0|0|0|0|0|0|0|0|0|0
29|F1|0|2|0|1|1|1|0|0|0|0|1|0|352338324|352338332|0|0|0|0|0|0|0|0|0|0
30|F1|0|2|0|1|1|1|0|0|0|0|1|0|362438316|362438324|0|0|0|0|0|0|0|0|0|0
31|F1|0|2|0|1|1|1|0|0|0|0|1|0|372105089|372105097|0|0|0|0|0|0|0|0|0|0
32|F1|0|2|0|1|1|1|0|0|0|0|1|0|379737676|379737684|0|0|0|0|0|0|0|0|0|0
33|F1|0|2|0|1|1|1|0|0|0|0|1|0|390110863|390110871|0|0|0|0|0|0|0|0|0|0
34|F1|0|2|0|1|1|1|0|0|0|0|1|0|400060300|400060308|0|0|0|0|0|0|0|0|0|0
35|F1|0|2|0|1|1|1|0|0|0|0|1|0|408582746|408582754|0|0|0|0|0|0|0|0|0|0
36|F1|0|2|0|1|1|1|0|0|0|0|1|0|418473894|418473902|0|0|0|0|0|0|0|0|0|0
37|F1|0|2|0|1|1|1|0|0|0|0|1|0|431128426|431128434|0|0|0|0|0|0|0|0|0|0
38|F1|0|2|0|1|1|1|0|0|0|0|1|0|440396294|440396302|0|0|0|0|0|0|0|0|0|0
39|F1|0|2|0|1|1|1|0|0|0|0|1|0|454441816|454441824|0|0|0|0|0|0|0|0|0|0
40|F1|0|2|0|1|1|1|0|0|0|0|1|0|462421276|462421284|0|0|0|0|0|0|0|0|0|0
41|F1|0|2|0|1|1|1|0|0|0|0|1|0|474921377|474921385|0|0|0|0|0|0|0|0|0|0
42|F1|0|2|0|1|1|1|0|0|0|0|1|0|484735444|484735452|0|0|0|0|0|0|0|0|0|0
43|F1|0|2|0|1|1|1|0|0|0|0|1|0|494324687|494324695|0|0|0|0|0|0|0|0|0|0
44|F1|0|2|0|1|1|1|0|0|0|0|1|0|505957240|505957248|0|0|0|0|0|0|0|0|0|0
45|F1|0|2|0|1|1|1|0|0|0|0|1|0|520729322|520729330|0|0|0|0|0|0|0|0|0|0
46|F1|0|2|0|1|1|1|0|0|0|0|1|0|529164984|529164992|0|0|0|0|0|0|0|0|0|0
47|F1|0|2|0|1|1|1|0|0|0|0|1|0|540457071|540457079|0|0|0|0|0|0|0|0|0|0
48|F1|0|2|0|1|1|1|0|0|0|0|1|0|549197994|549198002|0|0|0|0|0|0|0|0|0|0
49|F1|0|2|0|1|1|1|0|0|0|0|1|0|560171960|560171968|0|0|0|0|0|0|0|0|0|0
50|F1|0|2|0|1|1|1|0|0|0|0|1|0|570477711|570477719|0|0|0|0|0|0|0|0|0|0
51|F1|0|2|0|1|1|1|0|0|0|0|1|0|579167244|579167252|0|0|0|0|0|0|0|0|0|0
52|F1|0|2|0|1|1|1|0|0|0|0|1|0|593527582|593527590|0|0|0|0|0|0|0|0|0|0
53|F1|0|2|0|1|1|1|0|0|0|0|1|0|605924148|605924156|0|0|0|0|0|0|0|0|0|0
54|F1|0|2|0|1|1|1|0|0|0|0|1|0|615337094|615337102|0|0|0|0|0|0|0|0|0|0
55|F1|0|2|0|1|1|1|0|0|0|0|1|0|624871619|624871627|0|0|0|0|0|0|0|0|0|0
56|F1|0|2|0|1|1|1|0|0|0|0|1|0|633776405|633776413|0|0|0|0|0|0|0|0|0|0
57|F1|0|2|0|1|1|1|0|0|0|0|1|0|645148753|645148761|0|0|0|0|0|0|0|0|0|0
58|F1|0|2|0|1|1|1|0|0|0|0|1|0|661305139|661305147|0|0|0|0|0|0|0|0|0|0
59|F1|0|2|0|1|1|1|0|0|0|0|1|0|674518489|674518497|0|0|0|0|0|0|0|0|0|0
60|F1|0|2|0|1|1|1|0|0|0|0|1|0|684114051|684114059|0|0|0|0|0|0|0|0|0|0
61|F1|0|2|0|1|1|1|0|0|0|0|1|0|694384408|694384416|0|0|0|0|0|0|0|0|0|0
62|F1|0|2|0|1|1|1|0|0|0|0|1|0|704339805|704339813|0|0|0|0|0|0|0|0|0|0
63|F1|0|2|0|1|1|1|0|0|0|0|1|0|713620504|713620512|0|0|0|0|0|0|0|0|0|0
64|F1|0|2|0|1|1|1|0|0|0|0|1|0|722435329|722435337|0|0|0|0|0|0|0|0|0|0
65|F1|0|2|0|1|1|1|0|0|0|0|1|0|733351398|733351406|0|0|0|0|0|0|0|0|0|0
66|F1|0|2|0|1|1|1|0|0|0|0|1|0|742976093|742976101|0|0|0|0|0|0|0|0|0|0
67|F1|0|2|0|1|1|1|0|0|0|0|1|0|751578973|751578981|0|0|0|0|0|0|0|0|0|0
68|F1|0|2|0|1|1|1|0|0|0|0|1|0|761807604|761807612|0|0|0|0|0|0|0|0|0|0
69|F1|0|2|0|1|1|1|0|0|0|0|1|0|770837740|770837748|0|0|0|0|0|0|0|0|0|0
70|F1|0|2|0|1|1|1|0|0|0|0|1|0|779912931|779912939|0|0|0|0|0|0|0|0|0|0
71|F1|0|2|0|1|1|1|0|0|0|0|1|0|791632746|791632754|0|0|0|0|0|0|0|0|0|0
72|F1|0|2|0|1|1|1|0|0|0|0|1|0|799747710|799747718|0|0|0|0|0|0|0|0|0|0
73|F1|0|2|0|1|1|1|0|0|0|0|1|0|808778424|808778432|0|0|0|0|0|0|0|0|0|0
74|F1|0|2|0|1|1|1|0|0|0|0|1|0|817165916|817165924|0|0|0|0|0|0|0|0|0|0
75|F1|0|2|0|1|1|1|0|0|0|0|1|0|828114119|828114127|0|0|0|0|0|0|0|0|0|0
76|F1|0|2|0|1|1|1|0|0|0|0|1|0|840444967|840444975|0|0|0|0|0|0|0|0|0|0
77|F1|0|2|0|1|1|1|0|0|0|0|1|0|853330666|853330674|0|0|0|0|0|0|0|0|0|0
78|F1|0|2|0|1|1|1|0|0|0|0|1|0|864307875|864307883|0|0|0|0|0|0|0|0|0|0
79|F1|0|2|0|1|1|1|0|0|0|0|1|0|873087384|873087392|0|0|0|0|0|0|0|0|0|0
80|F1|0|2|0|1|1|1|0|0|0|0|1|0|882207436|882207444|0|0|0|0|0|0|0|0|0|0
81|F1|0|2|0|1|1|1|0|0|0|0|1|0|892272097|892272105|0|0|0|0|0|0|0|0|0|0
82|F1|0|2|0|1|1|1|0|0|0|0|1|0|904377684|904377692|0|0|0|0|0|0|0|0|0|0
83|F1|0|2|0|1|1|1|0|0|0|0|1|0|913481706|913481714|0|0|0|0|0|0|0|0|0|0
84|F1|0|2|0|1|1|1|0|0|0|0|1|0|923559348|923559356|0|0|0|0|0|0|0|0|0|0
85|F1|0|2|0|1|1|1|0|0|0|0|1|0|932666561|932666569|0|0|0|0|0|0|0|0|0|0
86|F1|0|2|0|1|1|1|0|0|0|0|1|0|941931224|941931232|0|0|0|0|0|0|0|0|0|0
87|F1|0|2|0|1|1|1|0|0|0|0|1|0|950942179|950942187|0|0|0|0|0|0|0|0|0|0
88|F1|0|2|0|1|1|1|0|0|0|0|1|0|961874421|961874429|0|0|0|0|0|0|0|0|0|0
89|F1|0|2|0|1|1|1|0|0|0|0|1|0|970487320|970487328|0|0|0|0|0|0|0|0|0|0
90|F1|0|2|0|1|1|1|0|0|0|0|1|0|978457539|978457547|0|0|0|0|0|0|0|0|0|0
91|F1|0|2|0|1|1|1|0|0|0|0|1|0|987205059|987205067|0|0|0|0|0|0|0|0|0|0
92|F1|0|2|0|1|1|1|0|0|0|0|1|0|996080893|996080901|0|0|0|0|0|0|0|0|0|0
93|F1|0|2|0|1|1|1|0|0|0|0|1|0|1006123075|1006123083|0|0|0|0|0|0|0|0|0|0
94|F1|0|2|0|1|1|1|0|0|0|0|1|0|1015394179|1015394187|0|0|0|0|0|0|0|0|0|0
95|F1|0|2|0|1|1|1|0|0|0|0|1|0|1026663770|1026663778|0|0|0|0|0|0|0|0|0|0
96|F1|0|2|0|1|1|1|0|0|0|0|1|0|1039314831|1039314839|0|0|0|0|0|0|0|0|0|0
97|F1|0|2|0|1|1|1|0|0|0|0|1|0|1048393766|1048393774|0|0|0|0|0|0|0|0|0|0
98|F1|0|2|0|1|1|1|0|0|0|0|1|0|1059888307|1059888315|0|0|0|0|0|0|0|0|0|0
99|F1|0|2|0|1|1|1|0|0|0|0|1|0|1068529628|1068529636|0|0|0|0|0|0|0|0|0|0
100|F1|0|2|0|1|1|1|0|0|0|0|1|0|1077752518|1077752526|0|0|0|0|0|0|0|0|0|0
101|F1|0|2|0|1|1|1|0|0|0|0|1|0|1086603252|1086603260|0|0|0|0|0|0|0|0|0|0
102|F1|0|2|0|1|1|1|0|0|0|0|1|0|1095145036|1095145044|0|0|0|0|0|0|0|0|0|0
103|F1|0|2|0|1|1|1|0|0|0|0|1|0|1102733135|1102733143|0|0|0|0|0|0|0|0|0|0
104|F1|0|2|0|1|1|1|0|0|0|0|1|0|1112180943|1112180951|0|0|0|0|0|0|0|0|0|0
105|F1|0|2|0|1|1|1|0|0|0|0|1|0|1124366196|1124366204|0|0|0|0|0|0|0|0|0|0
106|F1|0|2|0|1|1|1|0|0|0|0|1|0|1133142534|1133142542|0|0|0|0|0|0|0|0|0|0
107|F1|0|2|0|1|1|1|0|0|0|0|1|0|1143178296|1143178304|0|0|0|0|0|0|0|0|0|0
108|F1|0|2|0|1|1|1|0|0|0|0|1|0|1151463183|1151463191|0|0|0|0|0|0|0|0|0|0
109|F1|0|2|0|1|1|1|0|0|0|0|1|0|1161540774|1161540782|0|0|0|0|0|0|0|0|0|0
110|F1|0|2|0|1|1|1|0|0|0|0|1|0|1170461798|1170461806|0|0|0|0|0|0|0|0|0|0
111|F1|0|2|0|1|1|1|0|0|0|0|1|0|1179430842|1179430850|0|0|0|0|0|0|0|0|0|0
112|F1|0|2|0|1|1|1|0|0|0|0|1|0|1189251308|1189251316|0|0|0|0|0|0|0|0|0|0
113|F1|0|2|0|1|1|1|0|0|0|0|1|0|1203211207|1203211215|0|0|0|0|0|0|0|0|0|0
114|F1|0|2|0|1|1|1|0|0|0|0|1|0|1212794060|1212794068|0|0|0|0|0|0|0|0|0|0
115|F1|0|2|0|1|1|1|0|0|0|0|1|0|1224979361|1224979369|0|0|0|0|0|0|0|0|0|0
116|F1|0|2|0|1|1|1|0|0|0|0|1|0|1235889031|1235889039|0|0|0|0|0|0|0|0|0|0
117|F1|0|2|0|1|1|1|0|0|0|0|1|0|1245028504|1245028512|0|0|0|0|0|0|0|0|0|0
118|F1|0|2|0|1|1|1|0|0|0|0|1|0|1256991960|1256991968|0|0|0|0|0|0|0|0|0|0
119|F1|0|2|0|1|1|1|0|0|0|0|1|0|1270121812|1270121820|0|0|0|0|0|0|0|0|0|0
120|F1|0|2|0|1|1|1|0|0|0|0|1|0|1279968348|1279968356|0|0|0|0|0|0|0|0|0|0
121|F1|0|2|0|1|1|1|0|0|0|0|1|0|1290804643|1290804651|0|0|0|0|0|0|0|0|0|0
122|F1|0|2|0|1|1|1|0|0|0|0|1|0|1303587544|1303587552|0|0|0|0|0|0|0|0|0|0
123|F1|0|2|0|1|1|1|0|0|0|0|1|0|1312360615|1312360623|0|0|0|0|0|0|0|0|0|0
124|F1|0|2|0|1|1|1|0|0|0|0|1|0|1322708015|1322708023|0|0|0|0|0|0|0|0|0|0
125|F1|0|2|0|1|1|1|0|0|0|0|1|0|1334443507|1334443515|0|0|0|0|0|0|0|0|0|0
126|F1|0|2|0|1|1|1|0|0|0|0|1|0|1343666403|1343666411|0|0|0|0|0|0|0|0|0|0
127|F1|0|2|0|1|1|1|0|0|0|0|1|0|1356953889|1356953897|0|0|0|0|0|0|0|0|0|0
128|F1|0|2|0|1|1|1|0|0|0|0|1|0|1366681793|1366681801|0|0|0|0|0|0|0|0|0|0
129|F1|0|2|0|1|1|1|0|0|0|0|1|0|1375988340|1375988348|0|0|0|0|0|0|0|0|0|0
130|F1|0|2|0|1|1|1|0|0|0|0|1|0|1385718855|1385718863|0|0|0|0|0|0|0|0|0|0
131|F1|0|2|0|1|1|1|0|0|0|0|1|0|1394710396|1394710404|0|0|0|0|0|0|0|0|0|0
132|F1|0|2|0|1|1|1|0|0|0|0|1|0|1402770174|1402770182|0|0|0|0|0|0|0|0|0|0
133|F1|0|2|0|1|1|1|0|0|0|0|1|0|1410855690|1410855698|0|0|0|0|0|0|0|0|0|0
134|F1|0|2|0|1|1|1|0|0|0|0|1|0|1430960739|1430960747|0|0|0|0|0|0|0|0|0|0
135|F1|0|2|0|1|1|1|0|0|0|0|1|0|1439875192|1439875200|0|0|0|0|0|0|0|0|0|0
136|F1|0|2|0|1|1|1|0|0|0|0|1|0|1448963873|1448963881|0|0|0|0|0|0|0|0|0|0
137|F1|0|2|0|1|1|1|0|0|0|0|1|0|1459311398|1459311406|0|0|0|0|0|0|0|0|0|0
138|F1|0|2|0|1|1|1|0|0|0|0|1|0|1469090356|1469090364|0|0|0|0|0|0|0|0|0|0
139|F1|0|2|0|1|1|1|0|0|0|0|1|0|1478319715|1478319723|0|0|0|0|0|0|0|0|0|0
140|F1|0|2|0|1|1|1|0|0|0|0|1|0|1490752454|1490752462|0|0|0|0|0|0|0|0|0|0
141|F1|0|2|0|1|1|1|0|0|0|0|1|0|1502192595|1502192603|0|0|0|0|0|0|0|0|0|0
142|F1|0|2|0|1|1|1|0|0|0|0|1|0|1509905382|1509905390|0|0|0|0|0|0|0|0|0|0
143|F1|0|2|0|1|1|1|0|0|0|0|1|0|1522658273|1522658281|0|0|0|0|0|0|0|0|0|0
144|F1|0|2|0|1|1|1|0|0|0|0|1|0|1533873272|1533873280|0|0|0|0|0|0|0|0|0|0
145|F1|0|2|0|1|1|1|0|0|0|0|1|0|1543051228|1543051236|0|0|0|0|0|0|0|0|0|0
146|F1|0|2|0|1|1|1|0|0|0|0|1|0|1552403050|1552403058|0|0|0|0|0|0|0|0|0|0
147|F1|0|2|0|1|1|1|0|0|0|0|1|0|1561966494|1561966502|0|0|0|0|0|0|0|0|0|0
148|F1|0|2|0|1|1|1|0|0|0|0|1|0|1577194374|1577194382|0|0|0|0|0|0|0|0|0|0
149|F1|0|2|0|1|1|1|0|0|0|0|1|0|1588187604|1588187612|0|0|0|0|0|0|0|0|0|0
150|F1|0|2|0|1|1|1|0|0|0|0|1|0|1599136399|1599136407|0|0|0|0|0|0|0|0|0|0
151|F1|0|2|0|1|1|1|0|0|0|0|1|0|1609554753|1609554761|0|0|0|0|0|0|0|0|0|0
152|F1|0|2|0|1|1|1|0|0|0|0|1|0|1617945999|1617946007|0|0|0|0|0|0|0|0|0|0
153|F1|0|2|0|1|1|1|0|0|0|0|1|0|1626500582|1626500590|0|0|0|0|0|0|0|0|0|0
154|F1|0|2|0|1|1|1|0|0|0|0|1|0|1641118435|1641118443|0|0|0|0|0|0|0|0|0|0
155|F1|0|2|0|1|1|1|0|0|0|0|1|0|1651851649|1651851657|0|0|0|0|0|0|0|0|0|0
156|F1|0|2|0|1|1|1|0|0|0|0|1|0|1661476807|1661476815|0|0|0|0|0|0|0|0|0|0
157|F1|0|2|0|1|1|1|0|0|0|0|1|0|1672984181|1672984189|0|0|0|0|0|0|0|0|0|0
158|F1|0|2|0|1|1|1|0|0|0|0|1|0|1682403544|1682403552|0|0|0|0|0|0|0|0|0|0
159|F1|0|2|0|1|1|1|0|0|0|0|1|0|1690932409|1690932417|0|0|0|0|0|0|0|0|0|0
160|F1|0|2|0|1|1|1|0|0|0|0|1|0|1704272588|1704272596|0|0|0|0|0|0|0|0|0|0
161|F1|0|2|0|1|1|1|0|0|0|0|1|0|1715281839|1715281847|0|0|0|0|0|0|0|0|0|0
162|F1|0|2|0|1|1|1|0|0|0|0|1|0|1724350563|1724350571|0|0|0|0|0|0|0|0|0|0
163|F1|0|2|0|1|1|1|0|0|0|0|1|0|1734765514|1734765522|0|0|0|0|0|0|0|0|0|0
164|F1|0|2|0|1|1|1|0|0|0|0|1|0|1743676807|1743676815|0|0|0|0|0|0|0|0|0|0
165|F1|0|2|0|1|1|1|0|0|0|0|1|0|1753234010|1753234018|0|0|0|0|0|0|0|0|0|0
166|F1|0|2|0|1|1|1|0|0|0|0|1|0|1763960646|1763960654|0|0|0|0|0|0|0|0|0|0
167|F1|0|2|0|1|1|1|0|0|0|0|1|0|1773071105|1773071113|0|0|0|0|0|0|0|0|0|0
168|F1|0|2|0|1|1|1|0|0|0|0|1|0|1781869853|1781869861|0|0|0|0|0|0|0|0|0|0
169|F1|0|2|0|1|1|1|0|0|0|0|1|0|1796503452|1796503460|0|0|0|0|0|0|0|0|0|0
170|F1|0|2|0|1|1|1|0|0|0|0|1|0|1805366639|1805366647|0|0|0|0|0|0|0|0|0|0
171|F1|0|2|0|1|1|1|0|0|0|0|1|0|1812366305|1812366313|0|0|0|0|0|0|0|0|0|0
172|F1|0|2|0|1|1|1|0|0|0|0|1|0|1821708076|1821708084|0|0|0|0|0|0|0|0|0|0
173|F1|0|2|0|1|1|1|0|0|0|0|1|0|1831788787|1831788795|0|0|0|0|0|0|0|0|0|0
174|F1|0|2|0|1|1|1|0|0|0|0|1|0|1843017423|1843017431|0|0|0|0|0|0|0|0|0|0
175|F1|0|2|0|1|1|1|0|0|0|0|1|0|1853258841|1853258849|0|0|0|0|0|0|0|0|0|0
176|F1|0|2|0|1|1|1|0|0|0|0|1|0|1864933228|1864933236|0|0|0|0|0|0|0|0|0|0
177|F1|0|2|0|1|1|1|0|0|0|0|1|0|1874104682|1874104690|0|0|0|0|0|0|0|0|0|0
178|F1|0|2|0|1|1|1|0|0|0|0|1|0|1882164467|1882164475|0|0|0|0|0|0|0|0|0|0
179|F1|0|2|0|1|1|1|0|0|0|0|1|0|1896409158|1896409166|0|0|0|0|0|0|0|0|0|0
180|F1|0|2|0|1|1|1|0|0|0|0|1|0|1906098567|1906098575|0|0|0|0|0|0|0|0|0|0
181|F1|0|2|0|1|1|1|0|0|0|0|1|0|1913413036|1913413044|0|0|0|0|0|0|0|0|0|0
182|F1|0|2|0|1|1|1|0|0|0|0|1|0|1921585332|1921585340|0|0|0|0|0|0|0|0|0|0
183|F1|0|2|0|1|1|1|0|0|0|0|1|0|1929513382|1929513390|0|0|0|0|0|0|0|0|0|0
184|F1|0|2|0|1|1|1|0|0|0|0|1|0|1946752684|1946752692|0|0|0|0|0|0|0|0|0|0
185|F1|0|2|0|1|1|1|0|0|0|0|1|0|1957543482|1957543490|0|0|0|0|0|0|0|0|0|0
186|F1|0|2|0|1|1|1|0|0|0|0|1|0|1968883823|1968883831|0|0|0|0|0|0|0|0|0|0
187|F1|0|2|0|1|1|1|0|0|0|0|1|0|1979160647|1979160655|0|0|0|0|0|0|0|0|0|0
188|F1|0|2|0|1|1|1|0|0|0|0|1|0|1988659818|1988659826|0|0|0|0|0|0|0|0|0|0
189|F1|0|2|0|1|1|1|0|0|0|0|1|0|1999010421|1999010429|0|0|0|0|0|0|0|0|0|0
190|F1|0|2|0|1|1|1|0|0|0|0|1|0|2011073610|2011073618|0|0|0|0|0|0|0|0|0|0
191|F1|0|2|0|1|1|1|0|0|0|0|1|0|2019033786|2019033794|0|0|0|0|0|0|0|0|0|0
192|F1|0|2|0|1|1|1|0|0|0|0|1|0|2028899745|2028899753|0|0|0|0|0|0|0|0|0|0
193|F1|0|2|0|1|1|1|0|0|0|0|1|0|2039465772|2039465780|0|0|0|0|0|0|0|0|0|0
194|F1|0|2|0|1|1|1|0|0|0|0|1|0|2049466259|2049466267|0|0|0|0|0|0|0|0|0|0
195|F1|0|2|0|1|1|1|0|0|0|0|1|0|2058300426|2058300434|0|0|0|0|0|0|0|0|0|0
196|F1|0|2|0|1|1|1|0|0|0|0|1|0|2067140981|2067140989|0|0|0|0|0|0|0|0|0|0
197|F1|0|2|0|1|1|1|0|0|0|0|1|0|2081636716|2081636724|0|0|0|0|0|0|0|0|0|0
198|F1|0|2|0|1|1|1|0|0|0|0|1|0|2091473249|2091473257|0|0|0|0|0|0|0|0|0|0
199|F1|0|2|0|1|1|1|0|0|0|0|1|0|2100631809|2100631817|0|0|0|0|0|0|0|0|0|0
200|F1|0|2|0|1|1|1|0|0|0|0|1|0|2108942234|2108942242|0|0|0|0|0|0|0|0|0|0
201|F1|0|2|0|1|1|1|0|0|0|0|1|0|2118737379|2118737387|0|0|0|0|0|0|0|0|0|0
202|F1|0|2|0|1|1|1|0|0|0|0|1|0|2127298429|2127298437|0|0|0|0|0|0|0|0|0|0
203|F1|0|2|0|1|1|1|0|0|0|0|1|0|2139136627|2139136635|0|0|0|0|0|0|0|0|0|0
204|F1|0|2|0|1|1|1|0|0|0|0|1|0|2147479142|2147479150|0|0|0|0|0|0|0|0|0|0
205|F1|0|2|0|1|1|1|0|0|0|0|1|0|2160259073|2160259081|0|0|0|0|0|0|0|0|0|0
206|F1|0|2|0|1|1|1|0|0|0|0|1|0|2169735742|2169735750|0|0|0|0|0|0|0|0|0|0
207|F1|0|2|0|1|1|1|0|0|0|0|1|0|2178701571|2178701579|0|0|0|0|0|0|0|0|0|0
208|F1|0|2|0|1|1|1|0|0|0|0|1|0|2188046492|2188046500|0|0|0|0|0|0|0|0|0|0
209|F1|0|2|0|1|1|1|0|0|0|0|1|0|2199747070|2199747078|0|0|0|0|0|0|0|0|0|0
210|F1|0|2|0|1|1|1|0|0|0|0|1|0|2208443101|2208443109|0|0|0|0|0|0|0|0|0|0
211|F1|0|2|0|1|1|1|0|0|0|0|1|0|2217634118|2217634126|0|0|0|0|0|0|0|0|0|0
212|F1|0|2|0|1|1|1|0|0|0|0|1|0|2230471528|2230471536|0|0|0|0|0|0|0|0|0|0
213|F1|0|2|0|1|1|1|0|0|0|0|1|0|2240003224|2240003232|0|0|0|0|0|0|0|0|0|0
214|F1|0|2|0|1|1|1|0|0|0|0|1|0|2248105217|2248105225|0|0|0|0|0|0|0|0|0|0
215|F1|0|2|0|1|1|1|0|0|0|0|1|0|2260331101|2260331109|0|0|0|0|0|0|0|0|0|0
216|F1|0|2|0|1|1|1|0|0|0|0|1|0|2277361635|2277361643|0|0|0|0|0|0|0|0|0|0
217|F1|0|2|0|1|1|1|0|0|0|0|1|0|2289745492|2289745500|0|0|0|0|0|0|0|0|0|0
218|F1|0|2|0|1|1|1|0|0|0|0|1|0|2296186004|2296186012|0|0|0|0|0|0|0|0|0|0
219|F1|0|2|0|1|1|1|0|0|0|0|1|0|2305996833|2305996841|0|0|0|0|0|0|0|0|0|0
220|F1|0|2|0|1|1|1|0|0|0|0|1|0|2319351567|2319351575|0|0|0|0|0|0|0|0|0|0
221|F1|0|2|0|1|1|1|0|0|0|0|1|0|2328217889|2328217897|0|0|0|0|0|0|0|0|0|0
222|F1|0|2|0|1|1|1|0|0|0|0|1|0|2339292906|2339292914|0|0|0|0|0|0|0|0|0|0
223|F1|0|2|0|1|1|1|0|0|0|0|1|0|2348580204|2348580212|0|0|0|0|0|0|0|0|0|0
224|F1|0|2|0|1|1|1|0|0|0|0|1|0|2357353292|2357353300|0|0|0|0|0|0|0|0|0|0
225|F1|0|2|0|1|1|1|0|0|0|0|1|0|2367289492|2367289500|0|0|0|0|0|0|0|0|0|0
226|F1|0|2|0|1|1|1|0|0|0|0|1|0|2379915052|2379915060|0|0|0|0|0|0|0|0|0|0
227|F1|0|2|0|1|1|1|0|0|0|0|1|0|2389482284|2389482292|0|0|0|0|0|0|0|0|0|0
228|F1|0|2|0|1|1|1|0|0|0|0|1|0|2400700596|2400700604|0|0|0|0|0|0|0|0|0|0
229|F1|0|2|0|1|1|1|0|0|0|0|1|0|2411687462|2411687470|0|0|0|0|0|0|0|0|0|0
230|F1|0|2|0|1|1|1|0|0|0|0|1|0|2421678840|2421678848|0|0|0|0|0|0|0|0|0|0
231|F1|0|2|0|1|1|1|0|0|0|0|1|0|2430949923|2430949931|0|0|0|0|0|0|0|0|0|0
232|F1|0|2|0|1|1|1|0|0|0|0|1|0|2440989588|2440989596|0|0|0|0|0|0|0|0|0|0
233|F1|0|2|0|1|1|1|0|0|0|0|1|0|2452400463|2452400471|0|0|0|0|0|0|0|0|0|0
234|F1|0|2|0|1|1|1|0|0|0|0|1|0|2465488477|2465488485|0|0|0|0|0|0|0|0|0|0
235|F1|0|2|0|1|1|1|0|0|0|0|1|0|2474778900|2474778908|0|0|0|0|0|0|0|0|0|0
236|F1|0|2|0|1|1|1|0|0|0|0|1|0|2484731892|2484731900|0|0|0|0|0|0|0|0|0|0
237|F1|0|2|0|1|1|1|0|0|0|0|1|0|2504245885|2504245893|0|0|0|0|0|0|0|0|0|0
238|F1|0|2|0|1|1|1|0|0|0|0|1|0|2515011564|2515011572|0|0|0|0|0|0|0|0|0|0
239|F1|0|2|0|1|1|1|0|0|0|0|1|0|2524989544|2524989552|0|0|0|0|0|0|0|0|0|0
240|F1|0|2|0|1|1|1|0|0|0|0|1|0|2534067823|2534067831|0|0|0|0|0|0|0|0|0|0
241|F1|0|2|0|1|1|1|0|0|0|0|1|0|2546947507|2546947515|0|0|0|0|0|0|0|0|0|0
242|F1|0|2|0|1|1|1|0|0|0|0|1|0|2556151084|2556151092|0|0|0|0|0|0|0|0|0|0
243|F1|0|2|0|1|1|1|0|0|0|0|1|0|2565152217|2565152225|0|0|0|0|0|0|0|0|0|0
244|F1|0|2|0|1|1|1|0|0|0|0|1|0|2573340551|2573340559|0|0|0|0|0|0|0|0|0|0
245|F1|0|2|0|1|1|1|0|0|0|0|1|0|2584333731|2584333739|0|0|0|0|0|0|0|0|0|0
246|F1|0|2|0|1|1|1|0|0|0|0|1|0|2595468316|2595468324|0|0|0|0|0|0|0|0|0|0
247|F1|0|2|0|1|1|1|0|0|0|0|1|0|2605623060|2605623068|0|0|0|0|0|0|0|0|0|0
248|F1|0|2|0|1|1|1|0|0|0|0|1|0|2615668595|2615668603|0|0|0|0|0|0|0|0|0|0
249|F1|0|2|0|1|1|1|0|0|0|0|1|0|2624653752|2624653760|0|0|0|0|0|0|0|0|0|0
250|F1|0|2|0|1|1|1|0|0|0|0|1|0|2633561770|2633561778|0|0|0|0|0|0|0|0|0|0
251|F1|0|2|0|1|1|1|0|0|0|0|1|0|2652352995|2652353003|0|0|0|0|0|0|0|0|0|0
252|F1|0|2|0|1|1|1|0|0|0|0|1|0|2660942964|2660942972|0|0|0|0|0|0|0|0|0|0
253|F1|0|2|0|1|1|1|0|0|0|0|1|0|2670869443|2670869451|0|0|0|0|0|0|0|0|0|0
254|F1|0|2|0|1|1|1|0|0|0|0|1|0|2680134086|2680134094|0|0|0|0|0|0|0|0|0|0
255|F1|0|2|0|1|1|1|0|0|0|0|1|0|2694552294|2694552302|0|0|0|0|0|0|0|0|0|0
256|F1|0|2|0|1|1|1|0|0|0|0|1|0|2703489286|2703489294|0|0|0|0|0|0|0|0|0|0
257|F1|0|2|0|1|1|1|0|0|0|0|1|0|2714090732|2714090740|0|0|0|0|0|0|0|0|0|0
258|F1|0|2|0|1|1|1|0|0|0|0|1|0|2722690312|2722690320|0|0|0|0|0|0|0|0|0|0
259|F1|0|2|0|1|1|1|0|0|0|0|1|0|2731900381|2731900389|0|0|0|0|0|0|0|0|0|0
260|F1|0|2|0|1|1|1|0|0|0|0|1|0|2740962671|2740962679|0|0|0|0|0|0|0|0|0|0
261|F1|0|2|0|1|1|1|0|0|0|0|1|0|2752357580|2752357588|0|0|0|0|0|0|0|0|0|0
262|F1|0|2|0|1|1|1|0|0|0|0|1|0|2762666945|2762666953|0|0|0|0|0|0|0|0|0|0
263|F1|0|2|0|1|1|1|0|0|0|0|1|0|2770222467|2770222475|0|0|0|0|0|0|0|0|0|0
264|F1|0|2|0|1|1|1|0|0|0|0|1|0|2787924353|2787924361|0|0|0|0|0|0|0|0|0|0
265|F1|0|2|0|1|1|1|0|0|0|0|1|0|2796655732|2796655740|0|0|0|0|0|0|0|0|0|0
266|F1|0|2|0|1|1|1|0|0|0|0|1|0|2807661946|2807661954|0|0|0|0|0|0|0|0|0|0
267|F1|0|2|0|1|1|1|0|0|0|0|1|0|2816473639|2816473647|0|0|0|0|0|0|0|0|0|0
268|F1|0|2|0|1|1|1|0|0|0|0|1|0|2828810534|2828810542|0|0|0|0|0|0|0|0|0|0
269|F1|0|2|0|1|1|1|0|0|0|0|1|0|2837117693|2837117701|0|0|0|0|0|0|0|0|0|0
270|F1|0|2|0|1|1|1|0|0|0|0|1|0|2847093196|2847093204|0|0|0|0|0|0|0|0|0|0
271|F1|0|2|0|1|1|1|0|0|0|0|1|0|2858125574|2858125582|0|0|0|0|0|0|0|0|0|0
272|F1|0|2|0|1|1|1|0|0|0|0|1|0|2867239276|2867239284|0|0|0|0|0|0|0|0|0|0
273|F1|0|2|0|1|1|1|0|0|0|0|1|0|2881281624|2881281632|0|0|0|0|0|0|0|0|0|0
274|F1|0|2|0|1|1|1|0|0|0|0|1|0|2892091672|2892091680|0|0|0|0|0|0|0|0|0|0
275|F1|0|2|0|1|1|1|0|0|0|0|1|0|2901320957|2901320965|0|0|0|0|0|0|0|0|0|0
276|F1|0|2|0|1|1|1|0|0|0|0|1|0|2914236076|2914236084|0|0|0|0|0|0|0|0|0|0
277|F1|0|2|0|1|1|1|0|0|0|0|1|0|2929364871|2929364879|0|0|0|0|0|0|0|0|0|0
278|F1|0|2|0|1|1|1|0|0|0|0|1|0|2938523444|2938523452|0|0|0|0|0|0|0|0|0|0
279|F1|0|2|0|1|1|1|0|0|0|0|1|0|2946602460|2946602468|0|0|0|0|0|0|0|0|0|0
280|F1|0|2|0|1|1|1|0|0|0|0|1|0|2954019646|2954019654|0|0|0|0|0|0|0|0|0|0
281|F1|0|2|0|1|1|1|0|0|0|0|1|0|2963168632|2963168640|0|0|0|0|0|0|0|0|0|0
282|F1|0|2|0|1|1|1|0|0|0|0|1|0|2972160232|2972160240|0|0|0|0|0|0|0|0|0|0
283|F1|0|2|0|1|1|1|0|0|0|0|1|0|2982703980|2982703988|0|0|0|0|0|0|0|0|0|0
284|F1|0|2|0|1|1|1|0|0|0|0|1|0|2993890196|2993890204|0|0|0|0|0|0|0|0|0|0
285|F1|0|2|0|1|1|1|0|0|0|0|1|0|3003348268|3003348276|0|0|0|0|0|0|0|0|0|0
286|F1|0|2|0|1|1|1|0|0|0|0|1|0|3012741575|3012741583|0|0|0|0|0|0|0|0|0|0
287|F1|0|2|0|1|1|1|0|0|0|0|1|0|3026273318|3026273326|0|0|0|0|0|0|0|0|0|0
288|F1|0|2|0|1|1|1|0|0|0|0|1|0|3034705850|3034705858|0|0|0|0|0|0|0|0|0|0
289|F1|0|2|0|1|1|1|0|0|0|0|1|0|3050826877|3050826885|0|0|0|0|0|0|0|0|0|0
290|F1|0|2|0|1|1|1|0|0|0|0|1|0|3064995939|3064995947|0|0|0|0|0|0|0|0|0|0
291|F1|0|2|0|1|1|1|0|0|0|0|1|0|3075520268|3075520276|0|0|0|0|0|0|0|0|0|0
292|F1|0|2|0|1|1|1|0|0|0|0|1|0|3085171171|3085171179|0|0|0|0|0|0|0|0|0|0
293|F1|0|2|0|1|1|1|0|0|0|0|1|0|3096046682|3096046690|0|0|0|0|0|0|0|0|0|0
294|F1|0|2|0|1|1|1|0|0|0|0|1|0|3104309452|3104309460|0|0|0|0|0|0|0|0|0|0
295|F1|0|2|0|1|1|1|0|0|0|0|1|0|3112520236|3112520244|0|0|0|0|0|0|0|0|0|0
296|F1|0|2|0|1|1|1|0|0|0|0|1|0|3121727020|3121727028|0|0|0|0|0|0|0|0|0|0
297|F1|0|2|0|1|1|1|0|0|0|0|1|0|3134856824|3134856832|0|0|0|0|0|0|0|0|0|0
298|F1|0|2|0|1|1|1|0|0|0|0|1|0|3142906974|3142906982|0|0|0|0|0|0|0|0|0|0
299|F1|0|2|0|1|1|1|0|0|0|0|1|0|3153084094|3153084102|0|0|0|0|0|0|0|0|0|0
300|F1|0|2|0|1|1|1|0|0|0|0|1|0|3164843068|3164843076|0|0|0|0|0|0|0|0|0|0
301|F1|0|2|0|1|1|1|0|0|0|0|1|0|3174255548|3174255556|0|0|0|0|0|0|0|0|0|0
302|F1|0|2|0|1|1|1|0|0|0|0|1|0|3182206110|3182206118|0|0|0|0|0|0|0|0|0|0
303|F1|0|2|0|1|1|1|0|0|0|0|1|0|3191033775|3191033783|0|0|0|0|0|0|0|0|0|0
304|F1|0|2|0|1|1|1|0|0|0|0|1|0|3213288245|3213288253|0|0|0|0|0|0|0|0|0|0
305|F1|0|2|0|1|1|1|0|0|0|0|1|0|3222048431|3222048439|0|0|0|0|0|0|0|0|0|0
306|F1|0|2|0|1|1|1|0|0|0|0|1|0|3230973135|3230973143|0|0|0|0|0|0|0|0|0|0
307|F1|0|2|0|1|1|1|0|0|0|0|1|0|3242744166|3242744174|0|0|0|0|0|0|0|0|0|0
308|F1|0|2|0|1|1|1|0|0|0|0|1|0|3252141222|3252141230|0|0|0|0|0|0|0|0|0|0
309|F1|0|2|0|1|1|1|0|0|0|0|1|0|3263759449|3263759457|0|0|0|0|0|0|0|0|0|0
310|F1|0|2|0|1|1|1|0|0|0|0|1|0|3272477875|3272477883|0|0|0|0|0|0|0|0|0|0
311|F1|0|2|0|1|1|1|0|0|0|0|1|0|3284393245|3284393253|0|0|0|0|0|0|0|0|0|0
312|F1|0|2|0|1|1|1|0|0|0|0|1|0|3294608920|3294608928|0|0|0|0|0|0|0|0|0|0
313|F1|0|2|0|1|1|1|0|0|0|0|1|0|3305541766|3305541774|0|0|0|0|0|0|0|0|0|0
314|F1|0|2|0|1|1|1|0|0|0|0|1|0|3315574996|3315575004|0|0|0|0|0|0|0|0|0|0
315|F1|0|2|0|1|1|1|0|0|0|0|1|0|3324017126|3324017134|0|0|0|0|0|0|0|0|0|0
316|F1|0|2|0|1|1|1|0|0|0|0|1|0|3334779444|3334779452|0|0|0|0|0|0|0|0|0|0
317|F1|0|2|0|1|1|1|0|0|0|0|1|0|3344153324|3344153332|0|0|0|0|0|0|0|0|0|0
318|F1|0|2|0|1|1|1|0|0|0|0|1|0|3354513583|3354513591|0|0|0|0|0|0|0|0|0|0
319|F1|0|2|0|1|1|1|0|0|0|0|1|0|3364762305|3364762313|0|0|0|0|0|0|0|0|0|0
320|F1|0|2|0|1|1|1|0|0|0|0|1|0|3373519302|3373519310|0|0|0|0|0|0|0|0|0|0
321|F1|0|2|0|1|1|1|0|0|0|0|1|0|3385541231|3385541239|0|0|0|0|0|0|0|0|0|0
322|F1|0|2|0|1|1|1|0|0|0|0|1|0|3395275180|3395275188|0|0|0|0|0|0|0|0|0|0
323|F1|0|2|0|1|1|1|0|0|0|0|1|0|3406175235|3406175243|0|0|0|0|0|0|0|0|0|0
324|F1|0|2|0|1|1|1|0|0|0|0|1|0|3415192563|3415192571|0|0|0|0|0|0|0|0|0|0
325|F1|0|2|0|1|1|1|0|0|0|0|1|0|3424293347|3424293355|0|0|0|0|0|0|0|0|0|0
326|F1|0|2|0|1|1|1|0|0|0|0|1|0|3438554200|3438554208|0|0|0|0|0|0|0|0|0|0
327|F1|0|2|0|1|1|1|0|0|0|0|1|0|3447324080|3447324088|0|0|0|0|0|0|0|0|0|0
328|F1|0|2|0|1|1|1|0|0|0|0|1|0|3458105482|3458105490|0|0|0|0|0|0|0|0|0|0
329|F1|0|2|0|1|1|1|0|0|0|0|1|0|3467061862|3467061870|0|0|0|0|0|0|0|0|0|0
330|F1|0|2|0|1|1|1|0|0|0|0|1|0|3476706330|3476706338|0|0|0|0|0|0|0|0|0|0
331|F1|0|2|0|1|1|1|0|0|0|0|1|0|3485951769|3485951777|0|0|0|0|0|0|0|0|0|0
332|F1|0|2|0|1|1|1|0|0|0|0|1|0|3497362759|3497362767|0|0|0|0|0|0|0|0|0|0
333|F1|0|2|0|1|1|1|0|0|0|0|1|0|3507131846|3507131854|0|0|0|0|0|0|0|0|0|0
334|F1|0|2|0|1|1|1|0|0|0|0|1|0|3516943325|3516943333|0|0|0|0|0|0|0|0|0|0
335|F1|0|2|0|1|1|1|0|0|0|0|1|0|3525526913|3525526921|0|0|0|0|0|0|0|0|0|0
336|F1|0|2|0|1|1|1|0|0|0|0|1|0|3540944574|3540944582|0|0|0|0|0|0|0|0|0|0
337|F1|0|2|0|1|1|1|0|0|0|0|1|0|3550575480|3550575488|0|0|0|0|0|0|0|0|0|0
338|F1|0|2|0|1|1|1|0|0|0|0|1|0|3559534883|3559534891|0|0|0|0|0|0|0|0|0|0
339|F1|0|2|0|1|1|1|0|0|0|0|1|0|3573953108|3573953116|0|0|0|0|0|0|0|0|0|0
340|F1|0|2|0|1|1|1|0|0|0|0|1|0|3583818598|3583818606|0|0|0|0|0|0|0|0|0|0
341|F1|0|2|0|1|1|1|0|0|0|0|1|0|3593089665|3593089673|0|0|0|0|0|0|0|0|0|0
342|F1|0|2|0|1|1|1|0|0|0|0|1|0|3607167335|3607167343|0|0|0|0|0|0|0|0|0|0
343|F1|0|2|0|1|1|1|0|0|0|0|1|0|3617675535|3617675543|0|0|0|0|0|0|0|0|0|0
344|F1|0|2|0|1|1|1|0|0|0|0|1|0|3626336204|3626336212|0|0|0|0|0|0|0|0|0|0
345|F1|0|2|0|1|1|1|0|0|0|0|1|0|3636426576|3636426584|0|0|0|0|0|0|0|0|0|0
346|F1|0|2|0|1|1|1|0|0|0|0|1|0|3645350634|3645350642|0|0|0|0|0|0|0|0|0|0
347|F1|0|2|0|1|1|1|0|0|0|0|1|0|3660132378|3660132386|0|0|0|0|0|0|0|0|0|0
348|F1|0|2|0|1|1|1|0|0|0|0|1|0|3668507036|3668507044|0|0|0|0|0|0|0|0|0|0
349|F1|0|2|0|1|1|1|0|0|0|0|1|0|3677807043|3677807051|0|0|0|0|0|0|0|0|0|0
350|F1|0|2|0|1|1|1|0|0|0|0|1|0|3686798561|3686798569|0|0|0|0|0|0|0|0|0|0
351|F1|0|2|0|1|1|1|0|0|0|0|1|0|3696799029|3696799037|0|0|0|0|0|0|0|0|0|0
352|F1|0|2|0|1|1|1|0|0|0|0|1|0|3705202613|3705202621|0|0|0|0|0|0|0|0|0|0
353|F1|0|2|0|1|1|1|0|0|0|0|1|0|3713436092|3713436100|0|0|0|0|0|0|0|0|0|0
354|F1|0|2|0|1|1|1|0|0|0|0|1|0|3724384323|3724384331|0|0|0|0|0|0|0|0|0|0
355|F1|0|2|0|1|1|1|0|0|0|0|1|0|3735211151|3735211159|0|0|0|0|0|0|0|0|0|0
356|F1|0|2|0|1|1|1|0|0|0|0|1|0|3744205898|3744205906|0|0|0|0|0|0|0|0|0|0
357|F1|0|2|0|1|1|1|0|0|0|0|1|0|3756667417|3756667425|0|0|0|0|0|0|0|0|0|0
358|F1|0|2|0|1|1|1|0|0|0|0|1|0|3768794776|3768794784|0|0|0|0|0|0|0|0|0|0
359|F1|0|2|0|1|1|1|0|0|0|0|1|0|3781715715|3781715723|0|0|0|0|0|0|0|0|0|0
360|F1|0|2|0|1|1|1|0|0|0|0|1|0|3790922529|3790922537|0|0|0|0|0|0|0|0|0|0
361|F1|0|2|0|1|1|1|0|0|0|0|1|0|3806587610|3806587618|0|0|0|0|0|0|0|0|0|0
362|F1|0|2|0|1|1|1|0|0|0|0|1|0|3816000728|3816000736|0|0|0|0|0|0|0|0|0|0
363|F1|0|2|0|1|1|1|0|0|0|0|1|0|3823662497|3823662505|0|0|0|0|0|0|0|0|0|0
364|F1|0|2|0|1|1|1|0|0|0|0|1|0|3834173772|3834173780|0|0|0|0|0|0|0|0|0|0
365|F1|0|2|0|1|1|1|0|0|0|0|1|0|3843483486|3843483494|0|0|0|0|0|0|0|0|0|0
366|F1|0|2|0|1|1|1|0|0|0|0|1|0|3852272705|3852272713|0|0|0|0|0|0|0|0|0|0
367|F1|0|2|0|1|1|1|0|0|0|0|1|0|3865434649|3865434657|0|0|0|0|0|0|0|0|0|0
368|F1|0|2|0|1|1|1|0|0|0|0|1|0|3875370785|3875370793|0|0|0|0|0|0|0|0|0|0
369|F1|0|2|0|1|1|1|0|0|0|0|1|0|3885095928|3885095936|0|0|0|0|0|0|0|0|0|0
370|F1|0|2|0|1|1|1|0|0|0|0|1|0|3897666069|3897666077|0|0|0|0|0|0|0|0|0|0
371|F1|0|2|0|1|1|1|0|0|0|0|1|0|3906622302|3906622310|0|0|0|0|0|0|0|0|0|0
372|F1|0|2|0|1|1|1|0|0|0|0|1|0|3914781688|3914781696|0|0|0|0|0|0|0|0|0|0
373|F1|0|2|0|1|1|1|0|0|0|0|1|0|3923673699|3923673707|0|0|0|0|0|0|0|0|0|0
374|F1|0|2|0|1|1|1|0|0|0|0|1|0|3936115966|3936115974|0|0|0|0|0|0|0|0|0|0
375|F1|0|2|0|1|1|1|0|0|0|0|1|0|3949923667|3949923675|0|0|0|0|0|0|0|0|0|0
376|F1|0|2|0|1|1|1|0|0|0|0|1|0|3959088710|3959088718|0|0|0|0|0|0|0|0|0|0
377|F1|0|2|0|1|1|1|0|0|0|0|1|0|3969220948|3969220956|0|0|0|0|0|0|0|0|0|0
378|F1|0|2|0|1|1|1|0|0|0|0|1|0|3978643393|3978643401|0|0|0|0|0|0|0|0|0|0
379|F1|0|2|0|1|1|1|0|0|0|0|1|0|3987474393|3987474401|0|0|0|0|0|0|0|0|0|0
380|F1|0|2|0|1|1|1|0|0|0|0|1|0|3997973301|3997973309|0|0|0|0|0|0|0|0|0|0
381|F1|0|2|0|1|1|1|0|0|0|0|1|0|4007167247|4007167255|0|0|0|0|0|0|0|0|0|0
382|F1|0|2|0|1|1|1|0|0|0|0|1|0|4015455267|4015455275|0|0|0|0|0|0|0|0|0|0
383|F1|0|2|0|1|1|1|0|0|0|0|1|0|4027823623|4027823631|0|0|0|0|0|0|0|0|0|0
384|F1|0|2|0|1|1|1|0|0|0|0|1|0|4038553351|4038553359|0|0|0|0|0|0|0|0|0|0
385|F1|0|2|0|1|1|1|0|0|0|0|1|0|4047824405|4047824413|0|0|0|0|0|0|0|0|0|0
386|F1|0|2|0|1|1|1|0|0|0|0|1|0|4055954886|4055954894|0|0|0|0|0|0|0|0|0|0
387|F1|0|2|0|1|1|1|0|0|0|0|1|0|4066746191|4066746199|0|0|0|0|0|0|0|0|0|0
388|F1|0|2|0|1|1|1|0|0|0|0|1|0|4075468006|4075468014|0|0|0|0|0|0|0|0|0|0
389|F1|0|2|0|1|1|1|0|0|0|0|1|0|4083328687|4083328695|0|0|0|0|0|0|0|0|0|0
390|F1|0|2|0|1|1|1|0|0|0|0|1|0|4094328341|4094328349|0|0|0|0|0|0|0|0|0|0
391|F1|0|2|0|1|1|1|0|0|0|0|1|0|4105501478|4105501486|0|0|0|0|0|0|0|0|0|0
392|F1|0|2|0|1|1|1|0|0|0|0|1|0|4114293816|4114293824|0|0|0|0|0|0|0|0|0|0
393|F1|0|2|0|1|1|1|0|0|0|0|1|0|4127199279|4127199287|0|0|0|0|0|0|0|0|0|0
394|F1|0|2|0|1|1|1|0|0|0|0|1|0|4137219152|4137219160|0|0|0|0|0|0|0|0|0|0
395|F1|0|2|0|1|1|1|0|0|0|0|1|0|4149782453|4149782461|0|0|0|0|0|0|0|0|0|0
396|F1|0|2|0|1|1|1|0|0|0|0|1|0|4158645469|4158645477|0|0|0|0|0|0|0|0|0|0
397|F1|0|2|0|1|1|1|0|0|0|0|1|0|4181617086|4181617094|0|0|0|0|0|0|0|0|0|0
398|F1|0|2|0|1|1|1|0|0|0|0|1|0|4191951815|4191951823|0|0|0|0|0|0|0|0|0|0
399|F1|0|2|0|1|1|1|0|0|0|0|1|0|4200978741|4200978749|0|0|0|0|0|0|0|0|0|0
400|F1|0|2|0|1|1|1|0|0|0|0|1|0|4211930182|4211930190|0|0|0|0|0|0|0|0|0|0
401|F1|0|2|0|1|1|1|0|0|0|0|1|0|4220937817|4220937825|0|0|0|0|0|0|0|0|0|0
402|F1|0|2|0|1|1|1|0|0|0|0|1|0|4230292472|4230292480|0|0|0|0|0|0|0|0|0|0
403|F1|0|2|0|1|1|1|0|0|0|0|1|0|4242577484|4242577492|0|0|0|0|0|0|0|0|0|0
404|F1|0|2|0|1|1|1|0|0|0|0|1|0|4252221210|4252221218|0|0|0|0|0|0|0|0|0|0
405|F1|0|2|0|1|1|1|0|0|0|0|1|0|4261334849|4261334857|0|0|0|0|0|0|0|0|0|0
406|F1|0|2|0|1|1|1|0|0|0|0|1|0|4278269368|4278269376|0|0|0|0|0|0|0|0|0|0
407|F1|0|2|0|1|1|1|0|0|0|0|1|0|4286660152|4286660160|0|0|0|0|0|0|0|0|0|0
408|F1|0|2|0|1|1|1|0|0|0|0|1|0|1625780|1625788|0|0|0|0|0|0|0|0|0|0
409|F1|0|2|0|1|1|1|0|0|0|0|1|0|9810878|9810886|0|0|0|0|0|0|0|0|0|0
410|F1|0|2|0|1|1|1|0|0|0|0|1|0|22972888|22972896|0|0|0|0|0|0|0|0|0|0
411|F1|0|2|0|1|1|1|0|0|0|0|1|0|31842360|31842368|0|0|0|0|0|0|0|0|0|0
412|F1|0|2|0|1|1|1|0|0|0|0|1|0|44332774|44332782|0|0|0|0|0|0|0|0|0|0
413|F1|0|2|0|1|1|1|0|0|0|0|1|0|56148515|56148523|0|0|0|0|0|0|0|0|0|0
414|F1|0|2|0|1|1|1|0|0|0|0|1|0|64205162|64205170|0|0|0|0|0|0|0|0|0|0
415|F1|0|2|0|1|1|1|0|0|0|0|1|0|73074659|73074667|0|0|0|0|0|0|0|0|0|0
416|F1|0|2|0|1|1|1|0|0|0|0|1|0|83017817|83017825|0|0|0|0|0|0|0|0|0|0
417|F1|0|2|0|1|1|1|0|0|0|0|1|0|90776035|90776043|0|0|0|0|0|0|0|0|0|0
418|F1|0|2|0|1|1|1|0|0|0|0|1|0|103587774|103587782|0|0|0|0|0|0|0|0|0|0
419|F1|0|2|0|1|1|1|0|0|0|0|1|0|113218685|113218693|0|0|0|0|0|0|0|0|0|0
420|F1|0|2|0|1|1|1|0|0|0|0|1|0|123199802|123199810|0|0|0|0|0|0|0|0|0|0
421|F1|0|2|0|1|1|1|0|0|0|0|1|0|132583311|132583319|0|0|0|0|0|0|0|0|0|0
422|F1|0|2|0|1|1|1|0|0|0|0|1|0|140434260|140434268|0|0|0|0|0|0|0|0|0|0
423|F1|0|2|0|1|1|1|0|0|0|0|1|0|151340988|151340996|0|0|0|0|0|0|0|0|0|0
424|F1|0|2|0|1|1|1|0|0|0|0|1|0|160586396|160586404|0|0|0|0|0|0|0|0|0|0
425|F1|0|2|0|1|1|1|0|0|0|0|1|0|170114630|170114638|0|0|0|0|0|0|0|0|0|0
426|F1|0|2|0|1|1|1|0|0|0|0|1|0|178232435|178232443|0|0|0|0|0|0|0|0|0|0
427|F1|0|2|0|1|1|1|0|0|0|0|1|0|187053688|187053696|0|0|0|0|0|0|0|0|0|0
428|F1|0|2|0|1|1|1|0|0|0|0|1|0|196022727|196022735|0|0|0|0|0|0|0|0|0|0
429|F1|0|2|0|1|1|1|0|0|0|0|1|0|207362969|207362977|0|0|0|0|0|0|0|0|0|0
430|F1|0|2|0|1|1|1|0|0|0|0|1|0|218414004|218414012|0|0|0|0|0|0|0|0|0|0
431|F1|0|2|0|1|1|1|0|0|0|0|1|0|227395907|227395915|0|0|0|0|0|0|0|0|0|0
432|F1|0|2|0|1|1|1|0|0|0|0|1|0|236271814|236271822|0|0|0|0|0|0|0|0|0|0
433|F1|0|2|0|1|1|1|0|0|0|0|1|0|248367156|248367164|0|0|0|0|0|0|0|0|0|0
434|F1|0|2|0|1|1|1|0|0|0|0|1|0|259762430|259762438|0|0|0|0|0|0|0|0|0|0
435|F1|0|2|0|1|1|1|0|0|0|0|1|0|268294497|268294505|0|0|0|0|0|0|0|0|0|0
436|F1|0|2|0|1|1|1|0|0|0|0|1|0|277141464|277141472|0|0|0|0|0|0|0|0|0|0
437|F1|0|2|0|1|1|1|0|0|0|0|1|0|287366768|287366776|0|0|0|0|0|0|0|0|0|0
438|F1|0|2|0|1|1|1|0|0|0|0|1|0|296348660|296348668|0|0|0|0|0|0|0|0|0|0
439|F1|0|2|0|1|1|1|0|0|0|0|1|0|305680812|305680820|0|0|0|0|0|0|0|0|0|0
440|F1|0|2|0|1|1|1|0|0|0|0|1|0|316684372|316684380|0|0|0|0|0|0|0|0|0|0
441|F1|0|2|0|1|1|1|0|0|0|0|1|0|325736972|325736980|0|0|0|0|0|0|0|0|0|0
442|F1|0|2|0|1|1|1|0|0|0|0|1|0|334992007|334992015|0|0|0|0|0|0|0|0|0|0
443|F1|0|2|0|1|1|1|0|0|0|0|1|0|344134630|344134638|0|0|0|0|0|0|0|0|0|0
444|F1|0|2|0|1|1|1|0|0|0|0|1|0|352955878|352955886|0|0|0|0|0|0|0|0|0|0
445|F1|0|2|0|1|1|1|0|0|0|0|1|0|360263843|360263851|0|0|0|0|0|0|0|0|0|0
446|F1|0|2|0|1|1|1|0|0|0|0|1|0|369142941|369142949|0|0|0|0|0|0|0|0|0|0
447|F1|0|2|0|1|1|1|0|0|0|0|1|0|379243651|379243659|0|0|0|0|0|0|0|0|0|0
448|F1|0|2|0|1|1|1|0|0|0|0|1|0|388193383|388193391|0|0|0|0|0|0|0|0|0|0
449|F1|0|2|0|1|1|1|0|0|0|0|1|0|396375288|396375296|0|0|0|0|0|0|0|0|0|0
450|F1|0|2|0|1|1|1|0|0|0|0|1|0|404528280|404528288|0|0|0|0|0|0|0|0|0|0
451|F1|0|2|0|1|1|1|0|0|0|0|1|0|414760044|414760052|0|0|0|0|0|0|0|0|0|0
452|F1|0|2|0|1|1|1|0|0|0|0|1|0|423668088|423668096|0|0|0|0|0|0|0|0|0|0
453|F1|0|2|0|1|1|1|0|0|0|0|1|0|432858828|432858836|0|0|0|0|0|0|0|0|0|0
454|F1|0|2|0|1|1|1|0|0|0|0|1|0|443929923|443929931|0|0|0|0|0|0|0|0|0|0
455|F1|0|2|0|1|1|1|0|0|0|0|1|0|453056408|453056416|0|0|0|0|0|0|0|0|0|0
456|F1|0|2|0|1|1|1|0|0|0|0|1|0|462256788|462256796|0|0|0|0|0|0|0|0|0|0
457|F1|0|2|0|1|1|1|0|0|0|0|1|0|472247549|472247557|0|0|0|0|0|0|0|0|0|0
458|F1|0|2|0|1|1|1|0|0|0|0|1|0|481569996|481570004|0|0|0|0|0|0|0|0|0|0
459|F1|0|2|0|1|1|1|0|0|0|0|1|0|490519768|490519776|0|0|0|0|0|0|0|0|0|0
460|F1|0|2|0|1|1|1|0|0|0|0|1|0|498598837|498598845|0|0|0|0|0|0|0|0|0|0
461|F1|0|2|0|1|1|1|0|0|0|0|1|0|507734950|507734958|0|0|0|0|0|0|0|0|0|0
462|F1|0|2|0|1|1|1|0|0|0|0|1|0|515785095|515785103|0|0|0|0|0|0|0|0|0|0
463|F1|0|2|0|1|1|1|0|0|0|0|1|0|525175037|525175045|0|0|0|0|0|0|0|0|0|0
464|F1|0|2|0|1|1|1|0|0|0|0|1|0|535133661|535133669|0|0|0|0|0|0|0|0|0|0
465|F1|0|2|0|1|1|1|0|0|0|0|1|0|544414369|544414377|0|0|0|0|0|0|0|0|0|0
466|F1|0|2|0|1|1|1|0|0|0|0|1|0|553621332|553621340|0|0|0|0|0|0|0|0|0|0
467|F1|0|2|0|1|1|1|0|0|0|0|1|0|563653916|563653924|0|0|0|0|0|0|0|0|0|0
468|F1|0|2|0|1|1|1|0|0|0|0|1|0|573933811|573933819|0|0|0|0|0|0|0|0|0|0
469|F1|0|2|0|1|1|1|0|0|0|0|1|0|582915745|582915753|0|0|0|0|0|0|0|0|0|0
470|F1|0|2|0|1|1|1|0|0|0|0|1|0|592038997|592039005|0|0|0|0|0|0|0|0|0|0
471|F1|0|2|0|1|1|1|0|0|0|0|1|0|603179962|603179970|0|0|0|0|0|0|0|0|0|0
472|F1|0|2|0|1|1|1|0|0|0|0|1|0|612300053|612300061|0|0|0|0|0|0|0|0|0|0
473|F1|0|2|0|1|1|1|0|0|0|0|1|0|621538982|621538990|0|0|0|0|0|0|0|0|0|0
474|F1|0|2|0|1|1|1|0|0|0|0|1|0|633775590|633775598|0|0|0|0|0|0|0|0|0|0
475|F1|0|2|0|1|1|1|0|0|0|0|1|0|642632190|642632198|0|0|0|0|0|0|0|0|0|0
476|F1|0|2|0|1|1|1|0|0|0|0|1|0|651903256|651903264|0|0|0|0|0|0|0|0|0|0
477|F1|0|2|0|1|1|1|0|0|0|0|1|0|661852248|661852256|0|0|0|0|0|0|0|0|0|0
478|F1|0|2|0|1|1|1|0|0|0|0|1|0|671345004|671345012|0|0|0|0|0|0|0|0|0|0
479|F1|0|2|0|1|1|1|0|0|0|0|1|0|680236949|680236957|0|0|0|0|0|0|0|0|0|0
480|F1|0|2|0|1|1|1|0|0|0|0|1|0|690150703|690150711|0|0|0|0|0|0|0|0|0|0
481|F1|0|2|0|1|1|1|0|0|0|0|1|0|698432184|698432192|0|0|0|0|0|0|0|0|0|0
482|F1|0|2|0|1|1|1|0|0|0|0|1|0|707500826|707500834|0|0|0|0|0|0|0|0|0|0
483|F1|0|2|0|1|1|1|0|0|0|0|1|0|716791160|716791168|0|0|0|0|0|0|0|0|0|0
484|F1|0|2|0|1|1|1|0|0|0|0|1|0|726839750|726839758|0|0|0|0|0|0|0|0|0|0
485|F1|0|2|0|1|1|1|0|0|0|0|1|0|736316515|736316523|0|0|0|0|0|0|0|0|0|0
486|F1|0|2|0|1|1|1|0|0|0|0|1|0|746247015|746247023|0|0|0|0|0|0|0|0|0|0
487|F1|0|2|0|1|1|1|0|0|0|0|1|0|755755964|755755972|0|0|0|0|0|0|0|0|0|0
488|F1|0|2|0|1|1|1|0|0|0|0|1|0|765284637|765284645|0|0|0|0|0|0|0|0|0|0
489|F1|0|2|0|1|1|1|0|0|0|0|1|0|773765327|773765335|0|0|0|0|0|0|0|0|0|0
490|F1|0|2|0|1|1|1|0|0|0|0|1|0|781834728|781834736|0|0|0|0|0|0|0|0|0|0
491|F1|0|2|0|1|1|1|0|0|0|0|1|0|790983695|790983703|0|0|0|0|0|0|0|0|0|0
492|F1|0|2|0|1|1|1|0|0|0|0|1|0|800991340|800991348|0|0|0|0|0|0|0|0|0|0
493|F1|0|2|0|1|1|1|0|0|0|0|1|0|810149967|810149975|0|0|0|0|0|0|0|0|0|0
494|F1|0|2|0|1|1|1|0|0|0|0|1|0|820275704|820275712|0|0|0|0|0|0|0|0|0|0
495|F1|0|2|0|1|1|1|0|0|0|0|1|0|829206191|829206199|0|0|0|0|0|0|0|0|0|0
496|F1|0|2|0|1|1|1|0|0|0|0|1|0|837249894|837249902|0|0|0|0|0|0|0|0|0|0
497|F1|0|2|0|1|1|1|0|0|0|0|1|0|847192565|847192573|0|0|0|0|0|0|0|0|0|0
498|F1|0|2|0|1|1|1|0|0|0|0|1|0|855525450|855525458|0|0|0|0|0|0|0|0|0|0
499|F1|0|2|0|1|1|1|0|0|0|0|1|0|863553094|863553102|0|0|0|0|0|0|0|0|0|0
500|F1|0|2|0|1|1|1|0|0|0|0|1|0|871664326|871664334|0|0|0|0|0|0|0|0|0|0
501|F1|0|2|0|1|1|1|0|0|0|0|1|0|881735440|881735448|0|0|0|0|0|0|0|0|0|0
502|F1|0|2|0|1|1|1|0|0|0|0|1|0|891221944|891221952|0|0|0|0|0|0|0|0|0|0
503|F1|0|2|0|1|1|1|0|0|0|0|1|0|899143572|899143580|0|0|0|0|0|0|0|0|0|0
504|F1|0|2|0|1|1|1|0|0|0|0|1|0|909463188|909463196|0|0|0|0|0|0|0|0|0|0
505|F1|0|2|0|1|1|1|0|0|0|0|1|0|918220198|918220206|0|0|0|0|0|0|0|0|0|0
506|F1|0|2|0|1|1|1|0|0|0|0|1|0|927411096|927411104|0|0|0|0|0|0|0|0|0|0
507|F1|0|2|0|1|1|1|0|0|0|0|1|0|935393738|935393746|0|0|0|0|0|0|0|0|0|0
508|F1|0|2|0|1|1|1|0|0|0|0|1|0|946647171|946647179|0|0|0|0|0|0|0|0|0|0
509|F1|0|2|0|1|1|1|0|0|0|0|1|0|955600166|955600174|0|0|0|0|0|0|0|0|0|0
510|F1|0|2|0|1|1|1|0|0|0|0|1|0|964938726|964938734|0|0|0|0|0|0|0|0|0|0
511|F1|0|2|0|1|1|1|0|0|0|0|1|0|975922292|975922300|0|0|0|0|0|0|0|0|0|0
512|F1|0|2|0|1|1|1|0|0|0|0|1|0|983901752|983901760|0|0|0|0|0|0|0|0|0|0
513|F1|0|2|0|1|1|1|0|0|0|0|1|0|992099660|992099668|0|0|0|0|0|0|0|0|0|0
514|F1|0|2|0|1|1|1|0|0|0|0|1|0|1002996518|1002996526|0|0|0|0|0|0|0|0|0|0
515|F1|0|2|0|1|1|1|0|0|0|0|1|0|1012187221|1012187229|0|0|0|0|0|0|0|0|0|0
516|F1|0|2|0|1|1|1|0|0|0|0|1|0|1021384394|1021384402|0|0|0|0|0|0|0|0|0|0
517|F1|0|2|0|1|1|1|0|0|0|0|1|0|1030877208|1030877216|0|0|0|0|0|0|0|0|0|0
518|F1|0|2|0|1|1|1|0|0|0|0|1|0|1042834296|1042834304|0|0|0|0|0|0|0|0|0|0
519|F1|0|2|0|1|1|1|0|0|0|0|1|0|1051732652|1051732660|0|0|0|0|0|0|0|0|0|0
520|F1|0|2|0|1|1|1|0|0|0|0|1|0|1061145127|1061145135|0|0|0|0|0|0|0|0|0|0
521|F1|0|2|0|1|1|1|0|0|0|0|1|0|1071100582|1071100590|0|0|0|0|0|0|0|0|0|0
522|F1|0|2|0|1|1|1|0|0|0|0|1|0|1080172412|1080172420|0|0|0|0|0|0|0|0|0|0
523|F1|0|2|0|1|1|1|0|0|0|0|1|0|1089061103|1089061111|0|0|0|0|0|0|0|0|0|0
524|F1|0|2|0|1|1|1|0|0|0|0|1|0|1097188378|1097188386|0|0|0|0|0|0|0|0|0|0
525|F1|0|2|0|1|1|1|0|0|0|0|1|0|1106298828|1106298836|0|0|0|0|0|0|0|0|0|0
526|F1|0|2|0|1|1|1|0|0|0|0|1|0|1115573103|1115573111|0|0|0|0|0|0|0|0|0|0
527|F1|0|2|0|1|1|1|0|0|0|0|1|0|1124458607|1124458615|0|0|0|0|0|0|0|0|0|0
528|F1|0|2|0|1|1|1|0|0|0|0|1|0|1132698319|1132698327|0|0|0|0|0|0|0|0|0|0
529|F1|0|2|0|1|1|1|0|0|0|0|1|0|1141799139|1141799147|0|0|0|0|0|0|0|0|0|0
530|F1|0|2|0|1|1|1|0|0|0|0|1|0|1151050922|1151050930|0|0|0|0|0|0|0|0|0|0
531|F1|0|2|0|1|1|1|0|0|0|0|1|0|1160074621|1160074629|0|0|0|0|0|0|0|0|0|0
532|F1|0|2|0|1|1|1|0|0|0|0|1|0|1169037236|1169037244|0|0|0|0|0|0|0|0|0|0
533|F1|0|2|0|1|1|1|0|0|0|0|1|0|1177109880|1177109888|0|0|0|0|0|0|0|0|0|0
534|F1|0|2|0|1|1|1|0|0|0|0|1|0|1186313473|1186313481|0|0|0|0|0|0|0|0|0|0
535|F1|0|2|0|1|1|1|0|0|0|0|1|0|1195180294|1195180302|0|0|0|0|0|0|0|0|0|0
536|F1|0|2|0|1|1|1|0|0|0|0|1|0|1204216812|1204216820|0|0|0|0|0|0|0|0|0|0
537|F1|0|2|0|1|1|1|0|0|0|0|1|0|1213545708|1213545716|0|0|0|0|0|0|0|0|0|0
538|F1|0|2|0|1|1|1|0|0|0|0|1|0|1221573359|1221573367|0|0|0|0|0|0|0|0|0|0
539|F1|0|2|0|1|1|1|0|0|0|0|1|0|1232650092|1232650100|0|0|0|0|0|0|0|0|0|0
540|F1|0|2|0|1|1|1|0|0|0|0|1|0|1241590220|1241590228|0|0|0|0|0|0|0|0|0|0
541|F1|0|2|0|1|1|1|0|0|0|0|1|0|1250816300|1250816308|0|0|0|0|0|0|0|0|0|0
542|F1|0|2|0|1|1|1|0|0|0|0|1|0|1261970131|1261970139|0|0|0|0|0|0|0|0|0|0
543|F1|0|2|0|1|1|1|0|0|0|0|1|0|1270935993|1270936001|0|0|0|0|0|0|0|0|0|0
544|F1|0|2|0|1|1|1|0|0|0|0|1|0|1279975715|1279975723|0|0|0|0|0|0|0|0|0|0
545|F1|0|2|0|1|1|1|0|0|0|0|1|0|1289478264|1289478272|0|0|0|0|0|0|0|0|0|0
546|F1|0|2|0|1|1|1|0|0|0|0|1|0|1298360560|1298360568|0|0|0|0|0|0|0|0|0|0
547|F1|0|2|0|1|1|1|0|0|0|0|1|0|1306452473|1306452481|0|0|0|0|0|0|0|0|0|0
548|F1|0|2|0|1|1|1|0|0|0|0|1|0|1315437580|1315437588|0|0|0|0|0|0|0|0|0|0
549|F1|0|2|0|1|1|1|0|0|0|0|1|0|1325794680|1325794688|0|0|0|0|0|0|0|0|0|0
550|F1|0|2|0|1|1|1|0|0|0|0|1|0|1333783847|1333783855|0|0|0|0|0|0|0|0|0|0
551|F1|0|2|0|1|1|1|0|0|0|0|1|0|1343604339|1343604347|0|0|0|0|0|0|0|0|0|0
552|F1|0|2|0|1|1|1|0|0|0|0|1|0|1351837624|1351837632|0|0|0|0|0|0|0|0|0|0
553|F1|0|2|0|1|1|1|0|0|0|0|1|0|1362001859|1362001867|0|0|0|0|0|0|0|0|0|0
554|F1|0|2|0|1|1|1|0|0|0|0|1|0|1371575532|1371575540|0|0|0|0|0|0|0|0|0|0
555|F1|0|2|0|1|1|1|0|0|0|0|1|0|1379889109|1379889117|0|0|0|0|0|0|0|0|0|0
556|F1|0|2|0|1|1|1|0|0|0|0|1|0|1391226156|1391226164|0|0|0|0|0|0|0|0|0|0
557|F1|0|2|0|1|1|1|0|0|0|0|1|0|1400134151|1400134159|0|0|0|0|0|0|0|0|0|0
558|F1|0|2|0|1|1|1|0|0|0|0|1|0|1408277456|1408277464|0|0|0|0|0|0|0|0|0|0
559|F1|0|2|0|1|1|1|0|0|0|0|1|0|1419543768|1419543776|0|0|0|0|0|0|0|0|0|0
560|F1|0|2|0|1|1|1|0|0|0|0|1|0|1427603559|1427603567|0|0|0|0|0|0|0|0|0|0
561|F1|0|2|0|1|1|1|0|0|0|0|1|0|1435811160|1435811168|0|0|0|0|0|0|0|0|0|0
562|F1|0|2|0|1|1|1|0|0|0|0|1|0|1443874156|1443874164|0|0|0|0|0|0|0|0|0|0
563|F1|0|2|0|1|1|1|0|0|0|0|1|0|1454915535|1454915543|0|0|0|0|0|0|0|0|0|0
564|F1|0|2|0|1|1|1|0|0|0|0|1|0|1462936769|1462936777|0|0|0|0|0|0|0|0|0|0
565|F1|0|2|0|1|1|1|0|0|0|0|1|0|1471815841|1471815849|0|0|0|0|0|0|0|0|0|0
566|F1|0|2|0|1|1|1|0|0|0|0|1|0|1482118275|1482118283|0|0|0|0|0|0|0|0|0|0
567|F1|0|2|0|1|1|1|0|0|0|0|1|0|1490200559|1490200567|0|0|0|0|0|0|0|0|0|0
568|F1|0|2|0|1|1|1|0|0|0|0|1|0|1498327811|1498327819|0|0|0|0|0|0|0|0|0|0
569|F1|0|2|0|1|1|1|0|0|0|0|1|0|1507190828|1507190836|0|0|0|0|0|0|0|0|0|0
570|F1|0|2|0|1|1|1|0|0|0|0|1|0|1515321306|1515321314|0|0|0|0|0|0|0|0|0|0
571|F1|0|2|0|1|1|1|0|0|0|0|1|0|1524053132|1524053140|0|0|0|0|0|0|0|0|0|0
572|F1|0|2|0|1|1|1|0|0|0|0|1|0|1532231796|1532231804|0|0|0|0|0|0|0|0|0|0
573|F1|0|2|0|1|1|1|0|0|0|0|1|0|1542187700|1542187708|0|0|0|0|0|0|0|0|0|0
574|F1|0|2|0|1|1|1|0|0|0|0|1|0|1551522986|1551522994|0|0|0|0|0|0|0|0|0|0
575|F1|0|2|0|1|1|1|0|0|0|0|1|0|1560530581|1560530589|0|0|0|0|0|0|0|0|0|0
576|F1|0|2|0|1|1|1|0|0|0|0|1|0|1569419896|1569419904|0|0|0|0|0|0|0|0|0|0
577|F1|0|2|0|1|1|1|0|0|0|0|1|0|1579693388|1579693396|0|0|0|0|0|0|0|0|0|0
578|F1|0|2|0|1|1|1|0|0|0|0|1|0|1588942008|1588942016|0|0|0|0|0|0|0|0|0|0
579|F1|0|2|0|1|1|1|0|0|0|0|1|0|1597920744|1597920752|0|0|0|0|0|0|0|0|0|0
580|F1|0|2|0|1|1|1|0|0|0|0|1|0|1608226415|1608226423|0|0|0|0|0|0|0|0|0|0
581|F1|0|2|0|1|1|1|0|0|0|0|1|0|1617234060|1617234068|0|0|0|0|0|0|0|0|0|0
582|F1|0|2|0|1|1|1|0|0|0|0|1|0|1626518013|1626518021|0|0|0|0|0|0|0|0|0|0
583|F1|0|2|0|1|1|1|0|0|0|0|1|0|1635477497|1635477505|0|0|0|0|0|0|0|0|0|0
584|F1|0|2|0|1|1|1|0|0|0|0|1|0|1645477932|1645477940|0|0|0|0|0|0|0|0|0|0
585|F1|0|2|0|1|1|1|0|0|0|0|1|0|1654475942|1654475950|0|0|0|0|0|0|0|0|0|0
586|F1|0|2|0|1|1|1|0|0|0|0|1|0|1663840213|1663840221|0|0|0|0|0|0|0|0|0|0
587|F1|0|2|0|1|1|1|0|0|0|0|1|0|1674865574|1674865582|0|0|0|0|0|0|0|0|0|0
588|F1|0|2|0|1|1|1|0|0|0|0|1|0|1683780012|1683780020|0|0|0|0|0|0|0|0|0|0
589|F1|0|2|0|1|1|1|0|0|0|0|1|0|1692970753|1692970761|0|0|0|0|0|0|0|0|0|0
590|F1|0|2|0|1|1|1|0|0|0|0|1|0|1703986435|1703986443|0|0|0|0|0|0|0|0|0|0
591|F1|0|2|0|1|1|1|0|0|0|0|1|0|1712900894|1712900902|0|0|0|0|0|0|0|0|0|0
592|F1|0|2|0|1|1|1|0|0|0|0|1|0|1722104478|1722104486|0|0|0|0|0|0|0|0|0|0
593|F1|0|2|0|1|1|1|0|0|0|0|1|0|1732188404|1732188412|0|0|0|0|0|0|0|0|0|0
594|F1|0|2|0|1|1|1|0|0|0|0|1|0|1741045007|1741045015|0|0|0|0|0|0|0|0|0|0
595|F1|0|2|0|1|1|1|0|0|0|0|1|0|1748234086|1748234094|0|0|0|0|0|0|0|0|0|0
596|F1|0|2|0|1|1|1|0|0|0|0|1|0|1757036065|1757036073|0|0|0|0|0|0|0|0|0|0
597|F1|0|2|0|1|1|1|0|0|0|0|1|0|1766149690|1766149698|0|0|0|0|0|0|0|0|0|0
598|F1|0|2|0|1|1|1|0|0|0|0|1|0|1775234374|1775234382|0|0|0|0|0|0|0|0|0|0
599|F1|0|2|0|1|1|1|0|0|0|0|1|0|1784177708|1784177716|0|0|0|0|0|0|0|0|0|0
600|F1|0|2|0|1|1|1|0|0|0|0|1|0|1794778937|1794778945|0|0|0|0|0|0|0|0|0|0
601|F1|0|2|0|1|1|1|0|0|0|0|1|0|1804274873|1804274881|0|0|0|0|0|0|0|0|0|0
602|F1|0|2|0|1|1|1|0|0|0|0|1|0|1811569994|1811570002|0|0|0|0|0|0|0|0|0|0
603|F1|0|2|0|1|1|1|0|0|0|0|1|0|1819597625|1819597633|0|0|0|0|0|0|0|0|0|0
604|F1|0|2|0|1|1|1|0|0|0|0|1|0|1829475925|1829475933|0|0|0|0|0|0|0|0|0|0
605|F1|0|2|0|1|1|1|0|0|0|0|1|0|1836764602|1836764610|0|0|0|0|0|0|0|0|0|0
606|F1|0|2|0|1|1|1|0|0|0|0|1|0|1844862936|1844862944|0|0|0|0|0|0|0|0|0|0
607|F1|0|2|0|1|1|1|0|0|0|0|1|0|1855081923|1855081931|0|0|0|0|0|0|0|0|0|0
608|F1|0|2|0|1|1|1|0|0|0|0|1|0|1864883116|1864883124|0|0|0|0|0|0|0|0|0|0
609|F1|0|2|0|1|1|1|0|0|0|0|1|0|1874202328|1874202336|0|0|0|0|0|0|0|0|0|0
610|F1|0|2|0|1|1|1|0|0|0|0|1|0|1883177795|1883177803|0|0|0|0|0|0|0|0|0|0
611|F1|0|2|0|1|1|1|0|0|0|0|1|0|1891407864|1891407872|0|0|0|0|0|0|0|0|0|0
612|F1|0|2|0|1|1|1|0|0|0|0|1|0|1900309400|1900309408|0|0|0|0|0|0|0|0|0|0
613|F1|0|2|0|1|1|1|0|0|0|0|1|0|1908455951|1908455959|0|0|0|0|0|0|0|0|0|0
614|F1|0|2|0|1|1|1|0|0|0|0|1|0|1916772844|1916772852|0|0|0|0|0|0|0|0|0|0
615|F1|0|2|0|1|1|1|0|0|0|0|1|0|1925581236|1925581244|0|0|0|0|0|0|0|0|0|0
616|F1|0|2|0|1|1|1|0|0|0|0|1|0|1935058072|1935058080|0|0|0|0|0|0|0|0|0|0
617|F1|0|2|0|1|1|1|0|0|0|0|1|0|1943622246|1943622254|0|0|0|0|0|0|0|0|0|0
618|F1|0|2|0|1|1|1|0|0|0|0|1|0|1954082086|1954082094|0|0|0|0|0|0|0|0|0|0
619|F1|0|2|0|1|1|1|0|0|0|0|1|0|1963006202|1963006210|0|0|0|0|0|0|0|0|0|0
620|F1|0|2|0|1|1|1|0|0|0|0|1|0|1971030700|1971030708|0|0|0|0|0|0|0|0|0|0
621|F1|0|2|0|1|1|1|0|0|0|0|1|0|1981005953|1981005961|0|0|0|0|0|0|0|0|0|0
622|F1|0|2|0|1|1|1|0|0|0|0|1|0|1989300289|1989300297|0|0|0|0|0|0|0|0|0|0
623|F1|0|2|0|1|1|1|0|0|0|0|1|0|1998333620|1998333628|0|0|0|0|0|0|0|0|0|0
624|F1|0|2|0|1|1|1|0|0|0|0|1|0|2007524348|2007524356|0|0|0|0|0|0|0|0|0|0
625|F1|0|2|0|1|1|1|0|0|0|0|1|0|2017425140|2017425148|0|0|0|0|0|0|0|0|0|0
626|F1|0|2|0|1|1|1|0|0|0|0|1|0|2025504193|2025504201|0|0|0|0|0|0|0|0|0|0
627|F1|0|2|0|1|1|1|0|0|0|0|1|0|2033509364|2033509372|0|0|0|0|0|0|0|0|0|0
628|F1|0|2|0|1|1|1|0|0|0|0|1|0|2043439558|2043439566|0|0|0|0|0|0|0|0|0|0
629|F1|0|2|0|1|1|1|0|0|0|0|1|0|2051762772|2051762780|0|0|0|0|0|0|0|0|0|0
630|F1|0|2|0|1|1|1|0|0|0|0|1|0|2060696437|2060696445|0|0|0|0|0|0|0|0|0|0
631|F1|0|2|0|1|1|1|0|0|0|0|1|0|2067988377|2067988385|0|0|0|0|0|0|0|0|0|0
632|F1|0|2|0|1|1|1|0|0|0|0|1|0|2077895599|2077895607|0|0|0|0|0|0|0|0|0|0
633|F1|0|2|0|1|1|1|0|0|0|0|1|0|2085920053|2085920061|0|0|0|0|0|0|0|0|0|0
634|F1|0|2|0|1|1|1|0|0|0|0|1|0|2093244076|2093244084|0|0|0|0|0|0|0|0|0|0
635|F1|0|2|0|1|1|1|0|0|0|0|1|0|2102216368|2102216376|0|0|0|0|0|0|0|0|0|0
636|F1|0|2|0|1|1|1|0|0|0|0|1|0|2112528441|2112528449|0|0|0|0|0|0|0|0|0|0
637|F1|0|2|0|1|1|1|0|0|0|0|1|0|2121481418|2121481426|0|0|0|0|0|0|0|0|0|0
638|F1|0|2|0|1|1|1|0|0|0|0|1|0|2130675372|2130675380|0|0|0|0|0|0|0|0|0|0
639|F1|0|2|0|1|1|1|0|0|0|0|1|0|2141581790|2141581798|0|0|0|0|0|0|0|0|0|0
640|F1|0|2|0|1|1|1|0|0|0|0|1|0|2150470470|2150470478|0|0|0|0|0|0|0|0|0|0
641|F1|0|2|0|1|1|1|0|0|0|0|1|0|2158562388|2158562396|0|0|0|0|0|0|0|0|0|0
642|F1|0|2|0|1|1|1|0|0|0|0|1|0|2168518301|2168518309|0|0|0|0|0|0|0|0|0|0
643|F1|0|2|0|1|1|1|0|0|0|0|1|0|2175819837|2175819845|0|0|0|0|0|0|0|0|0|0
644|F1|0|2|0|1|1|1|0|0|0|0|1|0|2185000947|2185000955|0|0|0|0|0|0|0|0|0|0
645|F1|0|2|0|1|1|1|0|0|0|0|1|0|2193060719|2193060727|0|0|0|0|0|0|0|0|0|0
646|F1|0|2|0|1|1|1|0|0|0|0|1|0|2202216120|2202216128|0|0|0|0|0|0|0|0|0|0
647|F1|0|2|0|1|1|1|0|0|0|0|1|0|2210272661|2210272669|0|0|0|0|0|0|0|0|0|0
648|F1|0|2|0|1|1|1|0|0|0|0|1|0|2219151770|2219151778|0|0|0|0|0|0|0|0|0|0
649|F1|0|2|0|1|1|1|0|0|0|0|1|0|2228117607|2228117615|0|0|0|0|0|0|0|0|0|0
650|F1|0|2|0|1|1|1|0|0|0|0|1|0|2237060920|2237060928|0|0|0|0|0|0|0|0|0|0
651|F1|0|2|0|1|1|1|0|0|0|0|1|0|2245242803|2245242811|0|0|0|0|0|0|0|0|0|0
652|F1|0|2|0|1|1|1|0|0|0|0|1|0|2254587760|2254587768|0|0|0|0|0|0|0|0|0|0
653|F1|0|2|0|1|1|1|0|0|0|0|1|0|2261651617|2261651625|0|0|0|0|0|0|0|0|0|0
654|F1|0|2|0|1|1|1|0|0|0|0|1|0|2270521080|2270521088|0|0|0|0|0|0|0|0|0|0
655|F1|0|2|0|1|1|1|0|0|0|0|1|0|2280997057|2280997065|0|0|0|0|0|0|0|0|0|0
656|F1|0|2|0|1|1|1|0|0|0|0|1|0|2288844792|2288844800|0|0|0|0|0|0|0|0|0|0
657|F1|0|2|0|1|1|1|0|0|0|0|1|0|2298726316|2298726324|0|0|0|0|0|0|0|0|0|0
658|F1|0|2|0|1|1|1|0|0|0|0|1|0|2307971681|2307971689|0|0|0|0|0|0|0|0|0|0
659|F1|0|2|0|1|1|1|0|0|0|0|1|0|2317133492|2317133500|0|0|0|0|0|0|0|0|0|0
660|F1|0|2|0|1|1|1|0|0|0|0|1|0|2326240707|2326240715|0|0|0|0|0|0|0|0|0|0
661|F1|0|2|0|1|1|1|0|0|0|0|1|0|2335229108|2335229116|0|0|0|0|0|0|0|0|0|0
662|F1|0|2|0|1|1|1|0|0|0|0|1|0|2344384504|2344384512|0|0|0|0|0|0|0|0|0|0
663|F1|0|2|0|1|1|1|0|0|0|0|1|0|2353183284|2353183292|0|0|0|0|0|0|0|0|0|0
664|F1|0|2|0|1|1|1|0|0|0|0|1|0|2363521036|2363521044|0|0|0|0|0|0|0|0|0|0
665|F1|0|2|0|1|1|1|0|0|0|0|1|0|2372435508|2372435516|0|0|0|0|0|0|0|0|0|0
666|F1|0|2|0|1|1|1|0|0|0|0|1|0|2381713045|2381713053|0|0|0|0|0|0|0|0|0|0
667|F1|0|2|0|1|1|1|0|0|0|0|1|0|2391678122|2391678130|0|0|0|0|0|0|0|0|0|0
668|F1|0|2|0|1|1|1|0|0|0|0|1|0|2400942794|2400942802|0|0|0|0|0|0|0|0|0|0
669|F1|0|2|0|1|1|1|0|0|0|0|1|0|2409886147|2409886155|0|0|0|0|0|0|0|0|0|0
670|F1|0|2|0|1|1|1|0|0|0|0|1|0|2419735631|2419735639|0|0|0|0|0|0|0|0|0|0
671|F1|0|2|0|1|1|1|0|0|0|0|1|0|2429688454|2429688462|0|0|0|0|0|0|0|0|0|0
672|F1|0|2|0|1|1|1|0|0|0|0|1|0|2438092035|2438092043|0|0|0|0|0|0|0|0|0|0
673|F1|0|2|0|1|1|1|0|0|0|0|1|0|2444902019|2444902027|0|0|0|0|0|0|0|0|0|0
674|F1|0|2|0|1|1|1|0|0|0|0|1|0|2454018865|2454018873|0|0|0|0|0|0|0|0|0|0
675|F1|0|2|0|1|1|1|0|0|0|0|1|0|2463325267|2463325275|0|0|0|0|0|0|0|0|0|0
676|F1|0|2|0|1|1|1|0|0|0|0|1|0|2471311151|2471311159|0|0|0|0|0|0|0|0|0|0
677|F1|0|2|0|1|1|1|0|0|0|0|1|0|2480231996|2480232004|0|0|0|0|0|0|0|0|0|0
678|F1|0|2|0|1|1|1|0|0|0|0|1|0|2490126913|2490126921|0|0|0|0|0|0|0|0|0|0
679|F1|0|2|0|1|1|1|0|0|0|0|1|0|2498655759|2498655767|0|0|0|0|0|0|0|0|0|0
680|F1|0|2|0|1|1|1|0|0|0|0|1|0|2506750886|2506750894|0|0|0|0|0|0|0|0|0|0
681|F1|0|2|0|1|1|1|0|0|0|0|1|0|2515585537|2515585545|0|0|0|0|0|0|0|0|0|0
682|F1|0|2|0|1|1|1|0|0|0|0|1|0|2524098375|2524098383|0|0|0|0|0|0|0|0|0|0
683|F1|0|2|0|1|1|1|0|0|0|0|1|0|2532119594|2532119602|0|0|0|0|0|0|0|0|0|0
684|F1|0|2|0|1|1|1|0|0|0|0|1|0|2540998680|2540998688|0|0|0|0|0|0|0|0|0|0
685|F1|0|2|0|1|1|1|0|0|0|0|1|0|2551272158|2551272166|0|0|0|0|0|0|0|0|0|0
686|F1|0|2|0|1|1|1|0|0|0|0|1|0|2559437976|2559437984|0|0|0|0|0|0|0|0|0|0
687|F1|0|2|0|1|1|1|0|0|0|0|1|0|2568384568|2568384576|0|0|0|0|0|0|0|0|0|0
688|F1|0|2|0|1|1|1|0|0|0|0|1|0|2578603459|2578603467|0|0|0|0|0|0|0|0|0|0
689|F1|0|2|0|1|1|1|0|0|0|0|1|0|2587363676|2587363684|0|0|0|0|0|0|0|0|0|0
690|F1|0|2|0|1|1|1|0|0|0|0|1|0|2595449180|2595449188|0|0|0|0|0|0|0|0|0|0
691|F1|0|2|0|1|1|1|0|0|0|0|1|0|2604655984|2604655992|0|0|0|0|0|0|0|0|0|0
692|F1|0|2|0|1|1|1|0|0|0|0|1|0|2614666040|2614666048|0|0|0|0|0|0|0|0|0|0
693|F1|0|2|0|1|1|1|0|0|0|0|1|0|2623908195|2623908203|0|0|0|0|0|0|0|0|0|0
694|F1|0|2|0|1|1|1|0|0|0|0|1|0|2632793703|2632793711|0|0|0|0|0|0|0|0|0|0
695|F1|0|2|0|1|1|1|0|0|0|0|1|0|2641990892|2641990900|0|0|0|0|0|0|0|0|0|0
696|F1|0|2|0|1|1|1|0|0|0|0|1|0|2651245923|2651245931|0|0|0|0|0|0|0|0|0|0
697|F1|0|2|0|1|1|1|0|0|0|0|1|0|2660063971|2660063979|0|0|0|0|0|0|0|0|0|0
698|F1|0|2|0|1|1|1|0|0|0|0|1|0|2668033798|2668033806|0|0|0|0|0|0|0|0|0|0
699|F1|0|2|0|1|1|1|0|0|0|0|1|0|2676270264|2676270272|0|0|0|0|0|0|0|0|0|0
700|F1|0|2|0|1|1|1|0|0|0|0|1|0|2685236083|2685236091|0|0|0|0|0|0|0|0|0|0
701|F1|0|2|0|1|1|1|0|0|0|0|1|0|2694574632|2694574640|0|0|0|0|0|0|0|0|0|0
702|F1|0|2|0|1|1|1|0|0|0|0|1|0|2704222014|2704222022|0|0|0|0|0|0|0|0|0|0
703|F1|0|2|0|1|1|1|0|0|0|0|1|0|2711822369|2711822377|0|0|0|0|0|0|0|0|0|0
704|F1|0|2|0|1|1|1|0|0|0|0|1|0|2720637185|2720637193|0|0|0|0|0|0|0|0|0|0
705|F1|0|2|0|1|1|1|0|0|0|0|1|0|2728680908|2728680916|0|0|0|0|0|0|0|0|0|0
706|F1|0|2|0|1|1|1|0|0|0|0|1|0|2738941587|2738941595|0|0|0|0|0|0|0|0|0|0
707|F1|0|2|0|1|1|1|0|0|0|0|1|0|2747807824|2747807832|0|0|0|0|0|0|0|0|0|0
708|F1|0|2|0|1|1|1|0|0|0|0|1|0|2755064376|2755064384|0|0|0|0|0|0|0|0|0|0
709|F1|0|2|0|1|1|1|0|0|0|0|1|0|2763930675|2763930683|0|0|0|0|0|0|0|0|0|0
710|F1|0|2|0|1|1|1|0|0|0|0|1|0|2774197763|2774197771|0|0|0|0|0|0|0|0|0|0
711|F1|0|2|0|1|1|1|0|0|0|0|1|0|2782325018|2782325026|0|0|0|0|0|0|0|0|0|0
712|F1|0|2|0|1|1|1|0|0|0|0|1|0|2791207316|2791207324|0|0|0|0|0|0|0|0|0|0
713|F1|0|2|0|1|1|1|0|0|0|0|1|0|2800256705|2800256713|0|0|0|0|0|0|0|0|0|0
714|F1|0|2|0|1|1|1|0|0|0|0|1|0|2809486019|2809486027|0|0|0|0|0|0|0|0|0|0
715|F1|0|2|0|1|1|1|0|0|0|0|1|0|2818390841|2818390849|0|0|0|0|0|0|0|0|0|0
716|F1|0|2|0|1|1|1|0|0|0|0|1|0|2826229016|2826229024|0|0|0|0|0|0|0|0|0|0
717|F1|0|2|0|1|1|1|0|0|0|0|1|0|2835467946|2835467954|0|0|0|0|0|0|0|0|0|0
718|F1|0|2|0|1|1|1|0|0|0|0|1|0|2844639404|2844639412|0|0|0|0|0|0|0|0|0|0
719|F1|0|2|0|1|1|1|0|0|0|0|1|0|2852670278|2852670286|0|0|0|0|0|0|0|0|0|0
720|F1|0|2|0|1|1|1|0|0|0|0|1|0|2861899572|2861899580|0|0|0|0|0|0|0|0|0|0
721|F1|0|2|0|1|1|1|0|0|0|0|1|0|2870727274|2870727282|0|0|0|0|0|0|0|0|0|0
722|F1|0|2|0|1|1|1|0|0|0|0|1|0|2879860172|2879860180|0|0|0|0|0|0|0|0|0|0
723|F1|0|2|0|1|1|1|0|0|0|0|1|0|2889063852|2889063860|0|0|0|0|0|0|0|0|0|0
724|F1|0|2|0|1|1|1|0|0|0|0|1|0|2897746932|2897746940|0|0|0|0|0|0|0|0|0|0
725|F1|0|2|0|1|1|1|0|0|0|0|1|0|2907024422|2907024430|0|0|0|0|0|0|0|0|0|0
726|F1|0|2|0|1|1|1|0|0|0|0|1|0|2915919580|2915919588|0|0|0|0|0|0|0|0|0|0
727|F1|0|2|0|1|1|1|0|0|0|0|1|0|2926263759|2926263767|0|0|0|0|0|0|0|0|0|0
728|F1|0|2|0|1|1|1|0|0|0|0|1|0|2936081020|2936081028|0|0|0|0|0|0|0|0|0|0
729|F1|0|2|0|1|1|1|0|0|0|0|1|0|2944147235|2944147243|0|0|0|0|0|0|0|0|0|0
730|F1|0|2|0|1|1|1|0|0|0|0|1|0|2954032463|2954032471|0|0|0|0|0|0|0|0|0|0
731|F1|0|2|0|1|1|1|0|0|0|0|1|0|2963124231|2963124239|0|0|0|0|0|0|0|0|0|0
732|F1|0|2|0|1|1|1|0|0|0|0|1|0|2971511745|2971511753|0|0|0|0|0|0|0|0|0|0
733|F1|0|2|0|1|1|1|0|0|0|0|1|0|2979886636|2979886644|0|0|0|0|0|0|0|0|0|0
734|F1|0|2|0|1|1|1|0|0|0|0|1|0|2988682188|2988682196|0|0|0|0|0|0|0|0|0|0
735|F1|0|2|0|1|1|1|0|0|0|0|1|0|2996722680|2996722688|0|0|0|0|0|0|0|0|0|0
736|F1|0|2|0|1|1|1|0|0|0|0|1|0|3005614608|3005614616|0|0|0|0|0|0|0|0|0|0
737|F1|0|2|0|1|1|1|0|0|0|0|1|0|3015656858|3015656866|0|0|0|0|0|0|0|0|0|0
738|F1|0|2|0|1|1|1|0|0|0|0|1|0|3025943203|3025943211|0|0|0|0|0|0|0|0|0|0
739|F1|0|2|0|1|1|1|0|0|0|0|1|0|3034806232|3034806240|0|0|0|0|0|0|0|0|0|0
740|F1|0|2|0|1|1|1|0|0|0|0|1|0|3044080509|3044080517|0|0|0|0|0|0|0|0|0|0
741|F1|0|2|0|1|1|1|0|0|0|0|1|0|3055276108|3055276116|0|0|0|0|0|0|0|0|0|0
742|F1|0|2|0|1|1|1|0|0|0|0|1|0|3064132710|3064132718|0|0|0|0|0|0|0|0|0|0
743|F1|0|2|0|1|1|1|0|0|0|0|1|0|3073496947|3073496955|0|0|0|0|0|0|0|0|0|0
744|F1|0|2|0|1|1|1|0|0|0|0|1|0|3083404163|3083404171|0|0|0|0|0|0|0|0|0|0
745|F1|0|2|0|1|1|1|0|0|0|0|1|0|3091409318|3091409326|0|0|0|0|0|0|0|0|0|0
746|F1|0|2|0|1|1|1|0|0|0|0|1|0|3100583969|3100583977|0|0|0|0|0|0|0|0|0|0
747|F1|0|2|0|1|1|1|0|0|0|0|1|0|3109366735|3109366743|0|0|0|0|0|0|0|0|0|0
748|F1|0|2|0|1|1|1|0|0|0|0|1|0|3119537411|3119537419|0|0|0|0|0|0|0|0|0|0
749|F1|0|2|0|1|1|1|0|0|0|0|1|0|3128326529|3128326537|0|0|0|0|0|0|0|0|0|0
750|F1|0|2|0|1|1|1|0|0|0|0|1|0|3137642566|3137642574|0|0|0|0|0|0|0|0|0|0
751|F1|0|2|0|1|1|1|0|0|0|0|1|0|3148632542|3148632550|0|0|0|0|0|0|0|0|0|0
752|F1|0|2|0|1|1|1|0|0|0|0|1|0|3157495558|3157495566|0|0|0|0|0|0|0|0|0|0
753|F1|0|2|0|1|1|1|0|0|0|0|1|0|3166683079|3166683087|0|0|0|0|0|0|0|0|0|0
754|F1|0|2|0|1|1|1|0|0|0|0|1|0|3176577447|3176577455|0|0|0|0|0|0|0|0|0|0
755|F1|0|2|0|1|1|1|0|0|0|0|1|0|3185832419|3185832427|0|0|0|0|0|0|0|0|0|0
756|F1|0|2|0|1|1|1|0|0|0|0|1|0|3194679352|3194679360|0|0|0|0|0|0|0|0|0|0
757|F1|0|2|0|1|1|1|0|0|0|0|1|0|3202906268|3202906276|0|0|0|0|0|0|0|0|0|0
758|F1|0|2|0|1|1|1|0|0|0|0|1|0|3211884943|3211884951|0|0|0|0|0|0|0|0|0|0
759|F1|0|2|0|1|1|1|0|0|0|0|1|0|3220037903|3220037911|0|0|0|0|0|0|0|0|0|0
760|F1|0|2|0|1|1|1|0|0|0|0|1|0|3229263962|3229263970|0|0|0|0|0|0|0|0|0|0
761|F1|0|2|0|1|1|1|0|0|0|0|1|0|3239129411|3239129419|0|0|0|0|0|0|0|0|0|0
762|F1|0|2|0|1|1|1|0|0|0|0|1|0|3247198837|3247198845|0|0|0|0|0|0|0|0|0|0
763|F1|0|2|0|1|1|1|0|0|0|0|1|0|3256412070|3256412078|0|0|0|0|0|0|0|0|0|0
764|F1|0|2|0|1|1|1|0|0|0|0|1|0|3267283715|3267283723|0|0|0|0|0|0|0|0|0|0
765|F1|0|2|0|1|1|1|0|0|0|0|1|0|3275693711|3275693719|0|0|0|0|0|0|0|0|0|0
766|F1|0|2|0|1|1|1|0|0|0|0|1|0|3283914113|3283914121|0|0|0|0|0|0|0|0|0|0
767|F1|0|2|0|1|1|1|0|0|0|0|1|0|3292706412|3292706420|0|0|0|0|0|0|0|0|0|0
768|F1|0|2|0|1|1|1|0|0|0|0|1|0|3303012035|3303012043|0|0|0|0|0|0|0|0|0|0
769|F1|0|2|0|1|1|1|0|0|0|0|1|0|3309969830|3309969838|0|0|0|0|0|0|0|0|0|0
770|F1|0|2|0|1|1|1|0|0|0|0|1|0|3317897891|3317897899|0|0|0|0|0|0|0|0|0|0
771|F1|0|2|0|1|1|1|0|0|0|0|1|0|3327962622|3327962630|0|0|0|0|0|0|0|0|0|0
772|F1|0|2|0|1|1|1|0|0|0|0|1|0|3337355920|3337355928|0|0|0|0|0|0|0|0|0|0
773|F1|0|2|0|1|1|1|0|0|0|0|1|0|3346405290|3346405298|0|0|0|0|0|0|0|0|0|0
774|F1|0|2|0|1|1|1|0|0|0|0|1|0|3355396816|3355396824|0|0|0|0|0|0|0|0|0|0
775|F1|0|2|0|1|1|1|0|0|0|0|1|0|3365667073|3365667081|0|0|0|0|0|0|0|0|0|0
776|F1|0|2|0|1|1|1|0|0|0|0|1|0|3374536513|3374536521|0|0|0|0|0|0|0|0|0|0
777|F1|0|2|0|1|1|1|0|0|0|0|1|0|3383852545|3383852553|0|0|0|0|0|0|0|0|0|0
778|F1|0|2|0|1|1|1|0|0|0|0|1|0|3395006415|3395006423|0|0|0|0|0|0|0|0|0|0
779|F1|0|2|0|1|1|1|0|0|0|0|1|0|3403879091|3403879099|0|0|0|0|0|0|0|0|0|0
780|F1|0|2|0|1|1|1|0|0|0|0|1|0|3411935678|3411935686|0|0|0|0|0|0|0|0|0|0
781|F1|0|2|0|1|1|1|0|0|0|0|1|0|3420034008|3420034016|0|0|0|0|0|0|0|0|0|0
782|F1|0|2|0|1|1|1|0|0|0|0|1|0|3430095448|3430095456|0|0|0|0|0|0|0|0|0|0
783|F1|0|2|0|1|1|1|0|0|0|0|1|0|3438942393|3438942401|0|0|0|0|0|0|0|0|0|0
784|F1|0|2|0|1|1|1|0|0|0|0|1|0|3448200601|3448200609|0|0|0|0|0|0|0|0|0|0
785|F1|0|2|0|1|1|1|0|0|0|0|1|0|3458133530|3458133538|0|0|0|0|0|0|0|0|0|0
786|F1|0|2|0|1|1|1|0|0|0|0|1|0|3466308957|3466308965|0|0|0|0|0|0|0|0|0|0
787|F1|0|2|0|1|1|1|0|0|0|0|1|0|3475538275|3475538283|0|0|0|0|0|0|0|0|0|0
788|F1|0|2|0|1|1|1|0|0|0|0|1|0|3484578077|3484578085|0|0|0|0|0|0|0|0|0|0
789|F1|0|2|0|1|1|1|0|0|0|0|1|0|3493511768|3493511776|0|0|0|0|0|0|0|0|0|0
790|F1|0|2|0|1|1|1|0|0|0|0|1|0|3502724993|3502725001|0|0|0|0|0|0|0|0|0|0
791|F1|0|2|0|1|1|1|0|0|0|0|1|0|3511645836|3511645844|0|0|0|0|0|0|0|0|0|0
792|F1|0|2|0|1|1|1|0|0|0|0|1|0|3521893620|3521893628|0|0|0|0|0|0|0|0|0|0
793|F1|0|2|0|1|1|1|0|0|0|0|1|0|3529924500|3529924508|0|0|0|0|0|0|0|0|0|0
794|F1|0|2|0|1|1|1|0|0|0|0|1|0|3538848568|3538848576|0|0|0|0|0|0|0|0|0|0
795|F1|0|2|0|1|1|1|0|0|0|0|1|0|3547117260|3547117268|0|0|0|0|0|0|0|0|0|0
796|F1|0|2|0|1|1|1|0|0|0|0|1|0|3555128848|3555128856|0|0|0|0|0|0|0|0|0|0
797|F1|0|2|0|1|1|1|0|0|0|0|1|0|3564081839|3564081847|0|0|0|0|0|0|0|0|0|0
798|F1|0|2|0|1|1|1|0|0|0|0|1|0|3573471864|3573471872|0|0|0|0|0|0|0|0|0|0
799|F1|0|2|0|1|1|1|0|0|0|0|1|0|3584574287|3584574295|0|0|0|0|0|0|0|0|0|0
800|F1|0|2|0|1|1|1|0|0|0|0|1|0|3594529713|3594529721|0|0|0|0|0|0|0|0|0|0
801|F1|0|2|0|1|1|1|0|0|0|0|1|0|3603322054|3603322062|0|0|0|0|0|0|0|0|0|0
802|F1|0|2|0|1|1|1|0|0|0|0|1|0|3613573062|3613573070|0|0|0|0|0|0|0|0|0|0
803|F1|0|2|0|1|1|1|0|0|0|0|1|0|3622468217|3622468225|0|0|0|0|0|0|0|0|0|0
804|F1|0|2|0|1|1|1|0|0|0|0|1|0|3631745711|3631745719|0|0|0|0|0|0|0|0|0|0
805|F1|0|2|0|1|1|1|0|0|0|0|1|0|3640920490|3640920498|0|0|0|0|0|0|0|0|0|0
806|F1|0|2|0|1|1|1|0|0|0|0|1|0|3649009191|3649009199|0|0|0|0|0|0|0|0|0|0
807|F1|0|2|0|1|1|1|0|0|0|0|1|0|3657091512|3657091520|0|0|0|0|0|0|0|0|0|0
808|F1|0|2|0|1|1|1|0|0|0|0|1|0|3665135221|3665135229|0|0|0|0|0|0|0|0|0|0
809|F1|0|2|0|1|1|1|0|0|0|0|1|0|3676006968|3676006976|0|0|0|0|0|0|0|0|0|0
810|F1|0|2|0|1|1|1|0|0|0|0|1|0|3684362320|3684362328|0|0|0|0|0|0|0|0|0|0
811|F1|0|2|0|1|1|1|0|0|0|0|1|0|3692322502|3692322510|0|0|0|0|0|0|0|0|0|0
812|F1|0|2|0|1|1|1|0|0|0|0|1|0|3701246563|3701246571|0|0|0|0|0|0|0|0|0|0
813|F1|0|2|0|1|1|1|0|0|0|0|1|0|3710662365|3710662373|0|0|0|0|0|0|0|0|0|0
814|F1|0|2|0|1|1|1|0|0|0|0|1|0|3720457130|3720457138|0|0|0|0|0|0|0|0|0|0
815|F1|0|2|0|1|1|1|0|0|0|0|1|0|3729060289|3729060297|0|0|0|0|0|0|0|0|0|0
816|F1|0|2|0|1|1|1|0|0|0|0|1|0|3738739393|3738739401|0|0|0|0|0|0|0|0|0|0
817|F1|0|2|0|1|1|1|0|0|0|0|1|0|3746773475|3746773483|0|0|0|0|0|0|0|0|0|0
818|F1|0|2|0|1|1|1|0|0|0|0|1|0|3756819678|3756819686|0|0|0|0|0|0|0|0|0|0
819|F1|0|2|0|1|1|1|0|0|0|0|1|0|3767623777|3767623785|0|0|0|0|0|0|0|0|0|0
820|F1|0|2|0|1|1|1|0|0|0|0|1|0|3776133368|3776133376|0|0|0|0|0|0|0|0|0|0
821|F1|0|2|0|1|1|1|0|0|0|0|1|0|3784983532|3784983540|0|0|0|0|0|0|0|0|0|0
822|F1|0|2|0|1|1|1|0|0|0|0|1|0|3792114777|3792114785|0|0|0|0|0|0|0|0|0|0
823|F1|0|2|0|1|1|1|0|0|0|0|1|0|3802047727|3802047735|0|0|0|0|0|0|0|0|0|0
824|F1|0|2|0|1|1|1|0|0|0|0|1|0|3811257743|3811257751|0|0|0|0|0|0|0|0|0|0
825|F1|0|2|0|1|1|1|0|0|0|0|1|0|3820104692|3820104700|0|0|0|0|0|0|0|0|0|0
826|F1|0|2|0|1|1|1|0|0|0|0|1|0|3829983518|3829983526|0|0|0|0|0|0|0|0|0|0
827|F1|0|2|0|1|1|1|0|0|0|0|1|0|3837638872|3837638880|0|0|0|0|0|0|0|0|0|0
828|F1|0|2|0|1|1|1|0|0|0|0|1|0|3846347646|3846347654|0|0|0|0|0|0|0|0|0|0
829|F1|0|2|0|1|1|1|0|0|0|0|1|0|3855795837|3855795845|0|0|0|0|0|0|0|0|0|0
830|F1|0|2|0|1|1|1|0|0|0|0|1|0|3864421241|3864421249|0|0|0|0|0|0|0|0|0|0
831|F1|0|2|0|1|1|1|0|0|0|0|1|0|3873409560|3873409568|0|0|0|0|0|0|0|0|0|0
832|F1|0|2|0|1|1|1|0|0|0|0|1|0|3881562520|3881562528|0|0|0|0|0|0|0|0|0|0
833|F1|0|2|0|1|1|1|0|0|0|0|1|0|3890637656|3890637664|0|0|0|0|0|0|0|0|0|0
834|F1|0|2|0|1|1|1|0|0|0|0|1|0|3900776188|3900776196|0|0|0|0|0|0|0|0|0|0
835|F1|0|2|0|1|1|1|0|0|0|0|1|0|3909668094|3909668102|0|0|0|0|0|0|0|0|0|0
836|F1|0|2|0|1|1|1|0|0|0|0|1|0|3918020520|3918020528|0|0|0|0|0|0|0|0|0|0
837|F1|0|2|0|1|1|1|0|0|0|0|1|0|3926783939|3926783947|0|0|0|0|0|0|0|0|0|0
838|F1|0|2|0|1|1|1|0|0|0|0|1|0|3936035719|3936035727|0|0|0|0|0|0|0|0|0|0
839|F1|0|2|0|1|1|1|0|0|0|0|1|0|3945850374|3945850382|0|0|0|0|0|0|0|0|0|0
840|F1|0|2|0|1|1|1|0|0|0|0|1|0|3954382595|3954382603|0|0|0|0|0|0|0|0|0|0
841|F1|0|2|0|1|1|1|0|0|0|0|1|0|3963338781|3963338789|0|0|0|0|0|0|0|0|0|0
842|F1|0|2|0|1|1|1|0|0|0|0|1|0|3972214645|3972214653|0|0|0|0|0|0|0|0|0|0
843|F1|0|2|0|1|1|1|0|0|0|0|1|0|3980370817|3980370825|0|0|0|0|0|0|0|0|0|0
844|F1|0|2|0|1|1|1|0|0|0|0|1|0|3988661930|3988661938|0|0|0|0|0|0|0|0|0|0
845|F1|0|2|0|1|1|1|0|0|0|0|1|0|3997704894|3997704902|0|0|0|0|0|0|0|0|0|0
846|F1|0|2|0|1|1|1|0|0|0|0|1|0|4007011303|4007011311|0|0|0|0|0|0|0|0|0|0
847|F1|0|2|0|1|1|1|0|0|0|0|1|0|4015890465|4015890473|0|0|0|0|0|0|0|0|0|0
848|F1|0|2|0|1|1|1|0|0|0|0|1|0|4024249045|4024249053|0|0|0|0|0|0|0|0|0|0
849|F1|0|2|0|1|1|1|0|0|0|0|1|0|4033095998|4033096006|0|0|0|0|0|0|0|0|0|0
850|F1|0|2|0|1|1|1|0|0|0|0|1|0|4041110808|4041110816|0|0|0|0|0|0|0|0|0|0
851|F1|0|2|0|1|1|1|0|0|0|0|1|0|4051121507|4051121515|0|0|0|0|0|0|0|0|0|0
852|F1|0|2|0|1|1|1|0|0|0|0|1|0|4059242339|4059242347|0|0|0|0|0|0|0|0|0|0
853|F1|0|2|0|1|1|1|0|0|0|0|1|0|4068115002|4068115010|0|0|0|0|0|0|0|0|0|0
854|F1|0|2|0|1|1|1|0|0|0|0|1|0|4078102612|4078102620|0|0|0|0|0|0|0|0|0|0
855|F1|0|2|0|1|1|1|0|0|0|0|1|0|4088157592|4088157600|0|0|0|0|0|0|0|0|0|0
856|F1|0|2|0|1|1|1|0|0|0|0|1|0|4097065592|4097065600|0|0|0|0|0|0|0|0|0|0
857|F1|0|2|0|1|1|1|0|0|0|0|1|0|4106355932|4106355940|0|0|0|0|0|0|0|0|0|0
858|F1|0|2|0|1|1|1|0|0|0|0|1|0|4116230991|4116230999|0|0|0|0|0|0|0|0|0|0
859|F1|0|2|0|1|1|1|0|0|0|0|1|0|4124512573|4124512581|0|0|0|0|0|0|0|0|0|0
860|F1|0|2|0|1|1|1|0|0|0|0|1|0|4131608472|4131608480|0|0|0|0|0|0|0|0|0|0
861|F1|0|2|0|1|1|1|0|0|0|0|1|0|4138466622|4138466630|0|0|0|0|0|0|0|0|0|0
862|F1|0|2|0|1|1|1|0|0|0|0|1|0|4146725596|4146725604|0|0|0|0|0|0|0|0|0|0
863|F1|0|2|0|1|1|1|0|0|0|0|1|0|4155807091|4155807099|0|0|0|0|0|0|0|0|0|0
864|F1|0|2|0|1|1|1|0|0|0|0|1|0|4165004249|4165004257|0|0|0|0|0|0|0|0|0|0
865|F1|0|2|0|1|1|1|0|0|0|0|1|0|4175773068|4175773076|0|0|0|0|0|0|0|0|0|0
866|F1|0|2|0|1|1|1|0|0|0|0|1|0|4182213534|4182213542|0|0|0|0|0|0|0|0|0|0
867|F1|0|2|0|1|1|1|0|0|0|0|1|0|4191102252|4191102260|0|0|0|0|0|0|0|0|0|0
868|F1|0|2|0|1|1|1|0|0|0|0|1|0|4200437561|4200437569|0|0|0|0|0|0|0|0|0|0
869|F1|0|2|0|1|1|1|0|0|0|0|1|0|4211485345|4211485353|0|0|0|0|0|0|0|0|0|0
870|F1|0|2|0|1|1|1|0|0|0|0|1|0|4220383700|4220383708|0|0|0|0|0|0|0|0|0|0
871|F1|0|2|0|1|1|1|0|0|0|0|1|0|4228581635|4228581643|0|0|0|0|0|0|0|0|0|0
872|F1|0|2|0|1|1|1|0|0|0|0|1|0|4237997372|4237997380|0|0|0|0|0|0|0|0|0|0
873|F1|0|2|0|1|1|1|0|0|0|0|1|0|4247014580|4247014588|0|0|0|0|0|0|0|0|0|0
874|F1|0|2|0|1|1|1|0|0|0|0|1|0|4255970772|4255970780|0|0|0|0|0|0|0|0|0|0
875|F1|0|2|0|1|1|1|0|0|0|0|1|0|4264808099|4264808107|0|0|0|0|0|0|0|0|0|0
876|F1|0|2|0|1|1|1|0|0|0|0|1|0|4274998054|4274998062|0|0|0|0|0|0|0|0|0|0
877|F1|0|2|0|1|1|1|0|0|0|0|1|0|4283099599|4283099607|0|0|0|0|0|0|0|0|0|0
878|F1|0|2|0|1|1|1|0|0|0|0|1|0|4293258247|4293258255|0|0|0|0|0|0|0|0|0|0
879|F1|0|2|0|1|1|1|0|0|0|0|1|0|9268760|9268768|0|0|0|0|0|0|0|0|0|0
880|F1|0|2|0|1|1|1|0|0|0|0|1|0|15571064|15571072|0|0|0|0|0|0|0|0|0|0
881|F1|0|2|0|1|1|1|0|0|0|0|1|0|24507978|24507986|0|0|0|0|0|0|0|0|0|0
882|F1|0|2|0|1|1|1|0|0|0|0|1|0|33791889|33791897|0|0|0|0|0|0|0|0|0|0
883|F1|0|2|0|1|1|1|0|0|0|0|1|0|44538252|44538260|0|0|0|0|0|0|0|0|0|0
884|F1|0|2|0|1|1|1|0|0|0|0|1|0|53041420|53041428|0|0|0|0|0|0|0|0|0|0
885|F1|0|2|0|1|1|1|0|0|0|0|1|0|61210412|61210420|0|0|0|0|0|0|0|0|0|0
886|F1|0|2|0|1|1|1|0|0|0|0|1|0|71046963|71046971|0|0|0|0|0|0|0|0|0|0
887|F1|0|2|0|1|1|1|0|0|0|0|1|0|79026425|79026433|0|0|0|0|0|0|0|0|0|0
888|F1|0|2|0|1|1|1|0|0|0|0|1|0|89805411|89805419|0|0|0|0|0|0|0|0|0|0
889|F1|0|2|0|1|1|1|0|0|0|0|1|0|98944820|98944828|0|0|0|0|0|0|0|0|0|0
890|F1|0|2|0|1|1|1|0|0|0|0|1|0|107383768|107383776|0|0|0|0|0|0|0|0|0|0
891|F1|0|2|0|1|1|1|0|0|0|0|1|0|116449354|116449362|0|0|0|0|0|0|0|0|0|0
892|F1|0|2|0|1|1|1|0|0|0|0|1|0|125501932|125501940|0|0|0|0|0|0|0|0|0|0
893|F1|0|2|0|1|1|1|0|0|0|0|1|0|134538447|134538455|0|0|0|0|0|0|0|0|0|0
894|F1|0|2|0|1|1|1|0|0|0|0|1|0|143597516|143597524|0|0|0|0|0|0|0|0|0|0
895|F1|0|2|0|1|1|1|0|0|0|0|1|0|152852533|152852541|0|0|0|0|0|0|0|0|0|0
896|F1|0|2|0|1|1|1|0|0|0|0|1|0|161731683|161731691|0|0|0|0|0|0|0|0|0|0
897|F1|0|2|0|1|1|1|0|0|0|0|1|0|170675020|170675028|0|0|0|0|0|0|0|0|0|0
898|F1|0|2|0|1|1|1|0|0|0|0|1|0|179952515|179952523|0|0|0|0|0|0|0|0|0|0
899|F1|0|2|0|1|1|1|0|0|0|0|1|0|188754494|188754502|0|0|0|0|0|0|0|0|0|0
900|F1|0|2|0|1|1|1|0|0|0|0|1|0|197071322|197071330|0|0|0|0|0|0|0|0|0|0
901|F1|0|2|0|1|1|1|0|0|0|0|1|0|205976099|205976107|0|0|0|0|0|0|0|0|0|0
902|F1|0|2|0|1|1|1|0|0|0|0|1|0|215198995|215199003|0|0|0|0|0|0|0|0|0|0
903|F1|0|2|0|1|1|1|0|0|0|0|1|0|224264492|224264500|0|0|0|0|0|0|0|0|0|0
904|F1|0|2|0|1|1|1|0|0|0|0|1|0|233146796|233146804|0|0|0|0|0|0|0|0|0|0
905|F1|0|2|0|1|1|1|0|0|0|0|1|0|242568931|242568939|0|0|0|0|0|0|0|0|0|0
906|F1|0|2|0|1|1|1|0|0|0|0|1|0|252480161|252480169|0|0|0|0|0|0|0|0|0|0
907|F1|0|2|0|1|1|1|0|0|0|0|1|0|263621112|263621120|0|0|0|0|0|0|0|0|0|0
908|F1|0|2|0|1|1|1|0|0|0|0|1|0|273374680|273374688|0|0|0|0|0|0|0|0|0|0
909|F1|0|2|0|1|1|1|0|0|0|0|1|0|281787859|281787867|0|0|0|0|0|0|0|0|0|0
910|F1|0|2|0|1|1|1|0|0|0|0|1|0|292877432|292877440|0|0|0|0|0|0|0|0|0|0
911|F1|0|2|0|1|1|1|0|0|0|0|1|0|301743637|301743645|0|0|0|0|0|0|0|0|0|0
912|F1|0|2|0|1|1|1|0|0|0|0|1|0|310911882|310911890|0|0|0|0|0|0|0|0|0|0
913|F1|0|2|0|1|1|1|0|0|0|0|1|0|320697017|320697025|0|0|0|0|0|0|0|0|0|0
914|F1|0|2|0|1|1|1|0|0|0|0|1|0|328795357|328795365|0|0|0|0|0|0|0|0|0|0
915|F1|0|2|0|1|1|1|0|0|0|0|1|0|338027855|338027863|0|0|0|0|0|0|0|0|0|0
916|F1|0|2|0|1|1|1|0|0|0|0|1|0|348868092|348868100|0|0|0|0|0|0|0|0|0|0
917|F1|0|2|0|1|1|1|0|0|0|0|1|0|357258812|357258820|0|0|0|0|0|0|0|0|0|0
918|F1|0|2|0|1|1|1|0|0|0|0|1|0|365315372|365315380|0|0|0|0|0|0|0|0|0|0
919|F1|0|2|0|1|1|1|0|0|0|0|1|0|374133401|374133409|0|0|0|0|0|0|0|0|0|0
920|F1|0|2|0|1|1|1|0|0|0|0|1|0|384403713|384403721|0|0|0|0|0|0|0|0|0|0
921|F1|0|2|0|1|1|1|0|0|0|0|1|0|393257082|393257090|0|0|0|0|0|0|0|0|0|0
922|F1|0|2|0|1|1|1|0|0|0|0|1|0|402303270|402303278|0|0|0|0|0|0|0|0|0|0
923|F1|0|2|0|1|1|1|0|0|0|0|1|0|411294813|411294821|0|0|0|0|0|0|0|0|0|0
924|F1|0|2|0|1|1|1|0|0|0|0|1|0|420463060|420463068|0|0|0|0|0|0|0|0|0|0
925|F1|0|2|0|1|1|1|0|0|0|0|1|0|429342150|429342158|0|0|0|0|0|0|0|0|0|0
926|F1|0|2|0|1|1|1|0|0|0|0|1|0|439487134|439487142|0|0|0|0|0|0|0|0|0|0
927|F1|0|2|0|1|1|1|0|0|0|0|1|0|449468382|449468390|0|0|0|0|0|0|0|0|0|0
928|F1|0|2|0|1|1|1|0|0|0|0|1|0|458495270|458495278|0|0|0|0|0|0|0|0|0|0
929|F1|0|2|0|1|1|1|0|0|0|0|1|0|467496454|467496462|0|0|0|0|0|0|0|0|0|0
930|F1|0|2|0|1|1|1|0|0|0|0|1|0|477660730|477660738|0|0|0|0|0|0|0|0|0|0
931|F1|0|2|0|1|1|1|0|0|0|0|1|0|486565546|486565554|0|0|0|0|0|0|0|0|0|0
932|F1|0|2|0|1|1|1|0|0|0|0|1|0|495846246|495846254|0|0|0|0|0|0|0|0|0|0
933|F1|0|2|0|1|1|1|0|0|0|0|1|0|504886045|504886053|0|0|0|0|0|0|0|0|0|0
934|F1|0|2|0|1|1|1|0|0|0|0|1|0|514928204|514928212|0|0|0|0|0|0|0|0|0|0
935|F1|0|2|0|1|1|1|0|0|0|0|1|0|522984765|522984773|0|0|0|0|0|0|0|0|0|0
936|F1|0|2|0|1|1|1|0|0|0|0|1|0|531157004|531157012|0|0|0|0|0|0|0|0|0|0
937|F1|0|2|0|1|1|1|0|0|0|0|1|0|541244285|541244293|0|0|0|0|0|0|0|0|0|0
938|F1|0|2|0|1|1|1|0|0|0|0|1|0|549381194|549381202|0|0|0|0|0|0|0|0|0|0
939|F1|0|2|0|1|1|1|0|0|0|0|1|0|556570456|556570464|0|0|0|0|0|0|0|0|0|0
940|F1|0|2|0|1|1|1|0|0|0|0|1|0|566275367|566275375|0|0|0|0|0|0|0|0|0|0
941|F1|0|2|0|1|1|1|0|0|0|0|1|0|575437226|575437234|0|0|0|0|0|0|0|0|0|0
942|F1|0|2|0|1|1|1|0|0|0|0|1|0|584637603|584637611|0|0|0|0|0|0|0|0|0|0
943|F1|0|2|0|1|1|1|0|0|0|0|1|0|593478127|593478135|0|0|0|0|0|0|0|0|0|0
944|F1|0|2|0|1|1|1|0|0|0|0|1|0|603909062|603909070|0|0|0|0|0|0|0|0|0|0
945|F1|0|2|0|1|1|1|0|0|0|0|1|0|612023468|612023476|0|0|0|0|0|0|0|0|0|0
946|F1|0|2|0|1|1|1|0|0|0|0|1|0|620960390|620960398|0|0|0|0|0|0|0|0|0|0
947|F1|0|2|0|1|1|1|0|0|0|0|1|0|629190525|629190533|0|0|0|0|0|0|0|0|0|0
948|F1|0|2|0|1|1|1|0|0|0|0|1|0|637979624|637979632|0|0|0|0|0|0|0|0|0|0
949|F1|0|2|0|1|1|1|0|0|0|0|1|0|646097240|646097248|0|0|0|0|0|0|0|0|0|0
950|F1|0|2|0|1|1|1|0|0|0|0|1|0|655143404|655143412|0|0|0|0|0|0|0|0|0|0
951|F1|0|2|0|1|1|1|0|0|0|0|1|0|663000835|663000843|0|0|0|0|0|0|0|0|0|0
952|F1|0|2|0|1|1|1|0|0|0|0|1|0|672136934|672136942|0|0|0|0|0|0|0|0|0|0
953|F1|0|2|0|1|1|1|0|0|0|0|1|0|681086668|681086676|0|0|0|0|0|0|0|0|0|0
954|F1|0|2|0|1|1|1|0|0|0|0|1|0|690834296|690834304|0|0|0|0|0|0|0|0|0|0
955|F1|0|2|0|1|1|1|0|0|0|0|1|0|699665144|699665152|0|0|0|0|0|0|0|0|0|0
956|F1|0|2|0|1|1|1|0|0|0|0|1|0|708643882|708643890|0|0|0|0|0|0|0|0|0|0
957|F1|0|2|0|1|1|1|0|0|0|0|1|0|717789633|717789641|0|0|0|0|0|0|0|0|0|0
958|F1|0|2|0|1|1|1|0|0|0|0|1|0|727079997|727080005|0|0|0|0|0|0|0|0|0|0
959|F1|0|2|0|1|1|1|0|0|0|0|1|0|735210511|735210519|0|0|0|0|0|0|0|0|0|0
960|F1|0|2|0|1|1|1|0|0|0|0|1|0|743887143|743887151|0|0|0|0|0|0|0|0|0|0
961|F1|0|2|0|1|1|1|0|0|0|0|1|0|752117249|752117257|0|0|0|0|0|0|0|0|0|0
962|F1|0|2|0|1|1|1|0|0|0|0|1|0|761867004|761867012|0|0|0|0|0|0|0|0|0|0
963|F1|0|2|0|1|1|1|0|0|0|0|1|0|770306055|770306063|0|0|0|0|0|0|0|0|0|0
964|F1|0|2|0|1|1|1|0|0|0|0|1|0|779214051|779214059|0|0|0|0|0|0|0|0|0|0
965|F1|0|2|0|1|1|1|0|0|0|0|1|0|789246579|789246587|0|0|0|0|0|0|0|0|0|0
966|F1|0|2|0|1|1|1|0|0|0|0|1|0|798434060|798434068|0|0|0|0|0|0|0|0|0|0
967|F1|0|2|0|1|1|1|0|0|0|0|1|0|808264687|808264695|0|0|0|0|0|0|0|0|0|0
968|F1|0|2|0|1|1|1|0|0|0|0|1|0|817497245|817497253|0|0|0|0|0|0|0|0|0|0
969|F1|0|2|0|1|1|1|0|0|0|0|1|0|825842979|825842987|0|0|0|0|0|0|0|0|0|0
970|F1|0|2|0|1|1|1|0|0|0|0|1|0|834750960|834750968|0|0|0|0|0|0|0|0|0|0
971|F1|0|2|0|1|1|1|0|0|0|0|1|0|842132826|842132834|0|0|0|0|0|0|0|0|0|0
972|F1|0|2|0|1|1|1|0|0|0|0|1|0|853321972|853321980|0|0|0|0|0|0|0|0|0|0
973|F1|0|2|0|1|1|1|0|0|0|0|1|0|863399471|863399479|0|0|0|0|0|0|0|0|0|0
974|F1|0|2|0|1|1|1|0|0|0|0|1|0|872439238|872439246|0|0|0|0|0|0|0|0|0|0
975|F1|0|2|0|1|1|1|0|0|0|0|1|0|882388856|882388864|0|0|0|0|0|0|0|0|0|0
976|F1|0|2|0|1|1|1|0|0|0|0|1|0|892386003|892386011|0|0|0|0|0|0|0|0|0|0
977|F1|0|2|0|1|1|1|0|0|0|0|1|0|900551841|900551849|0|0|0|0|0|0|0|0|0|0
978|F1|0|2|0|1|1|1|0|0|0|0|1|0|908650188|908650196|0|0|0|0|0|0|0|0|0|0
979|F1|0|2|0|1|1|1|0|0|0|0|1|0|918933322|918933330|0|0|0|0|0|0|0|0|0|0
980|F1|0|2|0|1|1|1|0|0|0|0|1|0|927857350|927857358|0|0|0|0|0|0|0|0|0|0
981|F1|0|2|0|1|1|1|0|0|0|0|1|0|935187782|935187790|0|0|0|0|0|0|0|0|0|0
982|F1|0|2|0|1|1|1|0|0|0|0|1|0|946278081|946278089|0|0|0|0|0|0|0|0|0|0
983|F1|0|2|0|1|1|1|0|0|0|0|1|0|956339517|956339525|0|0|0|0|0|0|0|0|0|0
984|F1|0|2|0|1|1|1|0|0|0|0|1|0|965623448|965623456|0|0|0|0|0|0|0|0|0|0
985|F1|0|2|0|1|1|1|0|0|0|0|1|0|974473630|974473638|0|0|0|0|0|0|0|0|0|0
986|F1|0|2|0|1|1|1|0|0|0|0|1|0|982732618|982732626|0|0|0|0|0|0|0|0|0|0
987|F1|0|2|0|1|1|1|0|0|0|0|1|0|992589062|992589070|0|0|0|0|0|0|0|0|0|0
988|F1|0|2|0|1|1|1|0|0|0|0|1|0|1002065770|1002065778|0|0|0|0|0|0|0|0|0|0
989|F1|0|2|0|1|1|1|0|0|0|0|1|0|1010984015|1010984023|0|0|0|0|0|0|0|0|0|0
990|F1|0|2|0|1|1|1|0|0|0|0|1|0|1019307284|1019307292|0|0|0|0|0|0|0|0|0|0
991|F1|0|2|0|1|1|1|0|0|0|0|1|0|1028282776|1028282784|0|0|0|0|0|0|0|0|0|0
992|F1|0|2|0|1|1|1|0|0|0|0|1|0|1037470264|1037470272|0|0|0|0|0|0|0|0|0|0
993|F1|0|2|0|1|1|1|0|0|0|0|1|0|1047399974|1047399982|0|0|0|0|0|0|0|0|0|0
994|F1|0|2|0|1|1|1|0|0|0|0|1|0|1056651722|1056651730|0|0|0|0|0|0|0|0|0|0
995|F1|0|2|0|1|1|1|0|0|0|0|1|0|1065701086|1065701094|0|0|0|0|0|0|0|0|0|0
996|F1|0|2|0|1|1|1|0|0|0|0|1|0|1075932812|1075932820|0|0|0|0|0|0|0|0|0|0
997|F1|0|2|0|1|1|1|0|0|0|0|1|0|1084908286|1084908294|0|0|0|0|0|0|0|0|0|0
998|F1|0|2|0|1|1|1|0|0|0|0|1|0|1094092595|1094092603|0|0|0|0|0|0|0|0|0|0
999|F1|0|2|0|1|1|1|0|0|0|0|1|0|1103244884|1103244892|0|0|0|0|0|0|0|0|0|0
