captured_ms|sequence|label|role|admission_snapshot_words_csv|ps_runtime_words_csv|pl_perf_snapshot_words_csv
1785975259508|1001|pl_reset_rotating_3_clean64|fixed|2,1378943233,16781056,6140227,6054749,69549,0,69549,0,1476,0,738,0,0,0,5785,5785,4715016,4715016,4096,4096,0,0,738,738,361159872,361159872,361159888,361159888,0,0,0,0,0,0,0,0,4096,256,131072,4,15|4,0,67108864,262144,256,0,0,0,0,96,0,84,0,24,21,0,1,96,0|4,1074954911,0,0,0,5505024,0,5505024,0,17551,0,0,21,0,0,0,0,0,0,0,6887465,0,0,0,0,0
1785975259508|1001|pl_reset_rotating_3_clean64|rotating|2,1378943233,33554687,6207650,6121364,6137350,6121364,6137350,6121364,5871,5849,5848,5848,0,0,746,0,180534400,180190404,4096,4096,0,0,5849,5849,346306980,346306953,346306932,346306961,0,0,0,0,0,0,0,0,4096,256,131072,4,15|4,0,67108864,262144,256,0,0,0,0,100,0,88,0,25,22,0,1,100,0|4,393809557,0,5798784,0,0,0,0,0,6156573,0,22,0,322503701,0,322503701,0,2080,315600033,0,9780072,0,0,0,0,0
1785975264516|1001|pl_reset_rotating_3_clean64|fixed|4,1378943233,16781056,12420004,12247187,140788,0,140788,0,2988,0,1494,0,0,0,11700,11700,9545064,9545064,4096,4096,0,0,1494,1494,681719683,681719683,681719691,681719691,0,0,0,0,0,0,0,0,4096,256,131072,4,15|4,0,67108864,262144,256,0,0,0,0,188,0,176,0,47,44,0,1,188,0|6,1395206443,0,0,0,11534336,0,11534336,0,35338,0,0,44,0,0,0,0,0,0,0,6931985,0,0,0,0,0
1785975264516|1001|pl_reset_rotating_3_clean64|rotating|4,1378943233,33554687,12480869,12306695,12339327,12306695,12339327,12306695,11803,11758,11757,11757,0,0,1502,0,362923605,362206400,4096,4096,0,0,11758,11758,666603311,666603332,666603319,666603300,0,0,0,0,0,0,0,0,4096,256,131072,4,15|4,0,67108864,262144,256,0,0,0,0,188,0,176,0,47,44,0,1,188,0|6,715029948,0,11644992,0,0,0,0,0,12362968,0,44,0,642262540,0,642262540,0,2080,633660856,0,12632546,0,0,0,0,0
1785975269523|1001|pl_reset_rotating_3_clean64|fixed|6,1378943233,16781056,18692600,18432626,212030,0,212030,0,4500,0,2250,0,0,0,17608,17608,14375120,14375120,4096,4096,0,0,2250,2250,1002082801,1002082801,1002082809,1002082809,0,0,0,0,0,0,0,0,4096,256,131072,4,15|4,0,67108864,262144,256,0,0,0,0,276,0,264,0,69,66,0,1,276,0|8,1715595735,0,0,0,17301504,0,17301504,0,53149,0,0,66,0,0,0,0,0,0,0,6971318,0,0,0,0,0
1785975269523|1001|pl_reset_rotating_3_clean64|rotating|6,1378943233,33554687,18798298,18537120,18585135,18537120,18585135,18537120,17775,17708,17707,17707,0,0,2262,0,546601046,545525833,4096,4096,0,0,17708,17708,989009299,989009312,989009307,989009320,0,0,0,0,0,0,0,0,4096,256,131072,4,15|4,0,67108864,262144,256,0,0,0,0,276,0,264,0,69,66,0,1,276,0|8,1037449806,0,17507008,0,0,0,0,0,18593383,0,66,0,963216894,0,963216894,0,2080,952919791,0,15485817,0,0,0,0,0
1785975274530|1001|pl_reset_rotating_3_clean64|fixed|8,1378943233,16781056,24970186,24625095,283273,0,283273,0,6012,0,3006,0,0,0,23523,23523,19205160,19205160,4096,4096,0,0,3006,3006,1322648455,1322648455,1322648463,1322648463,0,0,0,0,0,0,0,0,4096,256,131072,4,15|4,0,67108864,262144,256,0,0,0,0,364,0,352,0,91,88,0,1,364,0|10,2036059619,0,0,0,23068672,0,23068672,0,70960,0,0,88,0,0,0,0,0,0,0,7011064,0,0,0,0,0
1785975274530|1001|pl_reset_rotating_3_clean64|rotating|8,1378943233,33554687,25061288,24715115,24776977,24715115,24776977,24715115,23698,23609,23608,23608,0,0,3017,0,728751650,727316421,4096,4096,0,0,23609,23609,1308765997,1308765978,1308766005,1308765986,0,0,0,0,0,0,0,0,4096,256,131072,4,15|4,0,67108864,262144,256,0,0,0,0,364,0,352,0,91,88,0,1,364,0|10,1356328952,0,23305792,0,0,0,0,0,24752677,0,88,0,1280646344,0,1280646344,0,2080,1268635308,0,18344026,0,0,0,0,0
1785975279530|1001|pl_reset_rotating_3_clean64|fixed|10,1378943233,16781056,31243512,30811215,354422,0,354422,0,7522,0,3761,0,0,0,29431,29431,24028808,24028808,4096,4096,0,0,3761,3761,1642782585,1642782585,1642782593,1642782593,0,0,0,0,0,0,0,0,4096,256,131072,4,15|4,0,67108864,262144,256,0,0,0,0,452,0,440,0,113,110,0,1,452,0|12,2356293117,0,0,0,28835840,0,28835840,0,88746,0,0,110,0,0,0,0,0,0,0,7056800,0,0,0,0,0
1785975279530|1001|pl_reset_rotating_3_clean64|rotating|10,1378943233,33554687,31310492,30877565,30955318,30877565,30955318,30877565,29606,29495,29495,29495,0,0,3769,0,910449623,908655074,4096,4096,0,0,29495,29495,1627727137,1627727478,1627727145,1627727486,0,0,0,0,0,0,0,0,4096,256,131072,4,15|4,0,67108864,262144,256,0,0,0,0,456,0,444,0,114,111,0,1,456,0|12,1675934800,0,29113792,0,0,0,0,0,30925069,0,111,0,1598800192,0,1598800192,0,2080,1584944838,0,21330020,0,0,0,0,0
1785975284532|1001|pl_reset_rotating_3_clean64|fixed|12,1378943233,16781056,37519582,37001022,425568,0,425568,0,9032,0,4516,0,0,0,35342,35342,28852424,28852424,4096,4096,0,0,4516,4516,1962914501,1962914501,1962914509,1962914509,0,0,0,0,0,0,0,0,4096,256,131072,4,15|4,0,67108864,262144,256,0,0,0,0,544,0,532,0,136,133,0,1,544,0|14,2677971235,0,0,0,34865152,0,34865152,0,106627,0,0,133,0,0,0,0,0,0,0,7104079,0,0,0,0,0
1785975284532|1001|pl_reset_rotating_3_clean64|rotating|12,1378943233,33554687,37635353,37114600,37208371,37114600,37208371,37114600,35586,35452,35451,35451,0,0,4531,0,1094312944,1092144506,4096,4096,0,0,35452,35452,1950597808,1950597781,1950597800,1950597789,0,0,0,0,0,0,0,0,4096,256,131072,4,15|4,0,67108864,262144,256,0,0,0,0,544,0,532,0,136,133,0,1,544,0|14,1999008958,0,34991616,0,0,0,0,0,37168588,0,133,0,1920404894,0,1920404894,0,2080,1904856577,0,24184229,0,0,0,0,0
1785975289533|1001|pl_reset_rotating_3_clean64|fixed|14,1378943233,16781056,43780713,43175588,496715,0,496715,0,10542,0,5271,0,0,0,41241,41241,33676096,33676096,4096,4096,0,0,5271,5271,2282850656,2282850656,2282850664,2282850664,0,0,0,0,0,0,0,0,4096,256,131072,4,15|4,0,67108864,262144,256,0,0,0,0,632,0,620,0,158,155,0,1,632,0|16,2997474453,0,0,0,40632320,0,40632320,0,124372,0,0,155,0,0,0,0,0,0,0,7158366,0,0,0,0,0
1785975289533|1001|pl_reset_rotating_3_clean64|rotating|14,1378943233,33558272,43898792,43292108,43400756,43292108,43400756,43292108,41509,41353,41353,41353,0,0,5285,0,1276484296,1273957072,4096,4096,0,0,41353,41353,2270374032,2270374349,2270374040,2270374357,0,0,0,0,0,0,0,0,4096,256,131072,4,15|4,0,67108864,262144,256,0,0,0,0,632,0,620,0,158,155,0,1,632,0|16,2318177291,0,40798304,0,0,0,0,0,43333921,0,155,0,2238121555,0,2238121555,0,2080,2220863098,0,27040342,0,0,0,0,0
1785975294546|1001|pl_reset_rotating_3_clean64|fixed|16,1378943233,16781056,50072785,49380159,568052,0,568052,0,12056,0,6028,0,0,0,47167,47167,38512568,38512568,4096,4096,0,0,6028,6028,2603840663,2603840663,2603840671,2603840671,0,0,0,0,0,0,0,0,4096,256,131072,4,15|4,0,67108864,262144,256,0,0,0,0,720,0,708,0,180,177,0,1,720,0|18,3316379811,0,0,0,46399488,0,46399488,0,142107,0,0,177,0,0,0,0,0,0,0,7195681,0,0,0,0,0
1785975294546|1001|pl_reset_rotating_3_clean64|rotating|16,1378943233,33558272,50124254,49431139,49555637,49431139,49555637,49431139,47394,47216,47216,47216,0,0,6034,0,1457463960,1454577288,4096,4096,0,0,47216,47216,2588087121,2588087438,2588087129,2588087446,0,0,0,0,0,0,0,0,4096,256,131072,4,15|4,0,67108864,262144,256,0,0,0,0,720,0,708,0,180,177,0,1,720,0|18,2635436609,0,46565472,0,0,0,0,0,49463421,0,177,0,2553939081,0,2553939081,0,2080,2534965337,0,29893117,0,0,0,0,0
1785975299548|1001|pl_reset_rotating_3_clean64|fixed|18,1378943233,16781056,56341723,55563008,639200,0,639200,0,13566,0,6783,0,0,0,53072,53072,43336208,43336208,4096,4096,0,0,6783,6783,2923972499,2923972499,2923972507,2923972507,0,0,0,0,0,0,0,0,4096,256,131072,4,15|4,0,67108864,262144,256,0,0,0,0,808,0,796,0,202,199,0,1,808,0|20,3637401154,0,0,0,52166656,0,52166656,0,159942,0,0,199,0,0,0,0,0,0,0,7241789,0,0,0,0,0
1785975299548|1001|pl_reset_rotating_3_clean64|rotating|18,1378943233,33558272,56417011,55637429,55776962,55637429,55776962,55637429,53343,53143,53143,53143,0,0,6792,0,1640418816,1637172648,4096,4096,0,0,53143,53143,2909239723,2909240056,2909239731,2909240064,0,0,0,0,0,0,0,0,4096,256,131072,4,15|4,0,67108864,262144,256,0,0,0,0,808,0,796,0,202,199,0,1,808,0|20,2956737490,0,52411680,0,0,0,0,0,55672094,0,199,0,2873778410,0,2873778410,0,2080,2853104976,0,32747265,0,0,0,0,0
1785975304552|1001|pl_reset_rotating_3_clean64|fixed|20,1378943233,16781056,62618214,61752723,710349,0,710349,0,15076,0,7538,0,0,0,58985,58985,48159816,48159816,4096,4096,0,0,7538,7538,3244106050,3244106050,3244106066,3244106066,0,0,0,0,0,0,0,0,4096,256,131072,4,15|4,0,67108864,262144,256,0,0,0,0,896,0,884,0,224,221,0,1,896,0|22,3957890153,0,0,0,57933824,0,57933824,0,177751,0,0,221,0,0,0,0,0,0,0,7279980,0,0,0,0,0
1785975304552|1001|pl_reset_rotating_3_clean64|rotating|20,1378943233,33558272,62687011,61820734,61975817,61820734,61975817,61820734,59272,59050,59050,59050,0,0,7547,0,1822754992,1819149824,4096,4096,0,0,59050,59050,3229319702,3229320035,3229319710,3229320043,0,0,0,0,0,0,0,0,4096,256,131072,4,15|4,0,67108864,262144,256,0,0,0,0,900,0,888,0,225,222,0,1,900,0|22,3276800091,0,58227584,0,0,0,0,0,61851858,0,222,0,3192387035,0,3192387035,0,2080,3169870932,0,35733307,0,0,0,0,0
1785975309566|1001|pl_reset_rotating_3_clean64|fixed|22,1378943233,16781056,68903183,67949223,781776,0,781776,0,16592,0,8296,0,0,0,64904,64904,53002656,53002656,4096,4096,0,0,8296,8296,3565203696,3565203696,3565203704,3565203704,0,0,0,0,0,0,0,0,4096,256,131072,4,15|4,0,67108864,262144,256,0,0,0,0,988,0,976,0,247,244,0,1,988,0|24,4279365831,0,0,0,63963136,0,63963136,0,195609,0,0,244,0,0,0,0,0,0,0,7327038,0,0,0,0,0
1785975309566|1001|pl_reset_rotating_3_clean64|rotating|22,1378943233,33558272,68992309,68037377,68209589,68037377,68209589,68037377,65233,64988,64988,64988,0,0,8306,0,2006048896,2002069352,4096,4096,0,0,64988,64988,3551188339,3551188664,3551188347,3551188672,0,0,0,0,0,0,0,0,4096,256,131072,4,15|4,0,67108864,262144,256,0,0,0,0,988,0,976,0,247,244,0,1,988,0|24,3598698328,0,64089600,0,0,0,0,0,68072097,0,244,0,3512819768,0,3512819768,0,2080,3488607600,0,38587224,0,0,0,0,0
