sample|module|direction|lane_mask|tail_cycles|sender_raw|sender_raw_while_tx|sender_blanked_raw|sender_blanked_frame|sender_blanked_crc_valid|sender_local_source_reject|sender_accepted_remote|receiver_raw|receiver_accepted_remote|sender_last_txd_rise|sender_last_txd_fall|sender_first_rxd_after_tx|sender_last_rxd_after_tx|sender_overlap_violation|sender_admission_violation|sender_non_target_accepted|sender_cross_lane_accepted|receiver_overlap_violation|receiver_admission_violation|receiver_non_target_accepted|receiver_cross_lane_accepted
0|R1|1|2|0|1|1|1|0|0|0|0|1|0|2970201396|2970201401|0|0|0|0|0|0|0|0|0|0
1|R1|1|2|0|1|1|1|0|0|0|0|1|0|2980050830|2980050835|0|0|0|0|0|0|0|0|0|0
2|R1|1|2|0|1|1|1|0|0|0|0|1|0|2987548370|2987548375|0|0|0|0|0|0|0|0|0|0
3|R1|1|2|0|1|1|1|0|0|0|0|1|0|2995428553|2995428558|0|0|0|0|0|0|0|0|0|0
4|R1|1|2|0|1|1|1|0|0|0|0|1|0|3003218624|3003218629|0|0|0|0|0|0|0|0|0|0
5|R1|1|2|0|1|1|1|0|0|0|0|1|0|3012181309|3012181314|0|0|0|0|0|0|0|0|0|0
6|R1|1|2|0|1|1|1|0|0|0|0|1|0|3019302958|3019302963|0|0|0|0|0|0|0|0|0|0
7|R1|1|2|0|1|1|1|0|0|0|0|1|0|3027600530|3027600535|0|0|0|0|0|0|0|0|0|0
8|R1|1|2|0|1|1|1|0|0|0|0|1|0|3035335844|3035335849|0|0|0|0|0|0|0|0|0|0
9|R1|1|2|0|1|1|1|0|0|0|0|1|0|3045210967|3045210972|0|0|0|0|0|0|0|0|0|0
10|R1|1|2|0|1|1|1|0|0|0|0|1|0|3051137408|3051137413|0|0|0|0|0|0|0|0|0|0
11|R1|1|2|0|1|1|1|0|0|0|0|1|0|3058634976|3058634981|0|0|0|0|0|0|0|0|0|0
12|R1|1|2|0|1|1|1|0|0|0|0|1|0|3065104404|3065104409|0|0|0|0|0|0|0|0|0|0
13|R1|1|2|0|1|1|1|0|0|0|0|1|0|3073479099|3073479104|0|0|0|0|0|0|0|0|0|0
14|R1|1|2|0|1|1|1|0|0|0|0|1|0|3081702779|3081702784|0|0|0|0|0|0|0|0|0|0
15|R1|1|2|0|1|1|1|0|0|0|0|1|0|3090212440|3090212445|0|0|0|0|0|0|0|0|0|0
16|R1|1|2|0|1|1|1|0|0|0|0|1|0|3097446807|3097446812|0|0|0|0|0|0|0|0|0|0
17|R1|1|2|0|1|1|1|0|0|0|0|1|0|3107016818|3107016823|0|0|0|0|0|0|0|0|0|0
18|R1|1|2|0|1|1|1|0|0|0|0|1|0|3114389353|3114389358|0|0|0|0|0|0|0|0|0|0
19|R1|1|2|0|1|1|1|0|0|0|0|1|0|3122529830|3122529835|0|0|0|0|0|0|0|0|0|0
20|R1|1|2|0|1|1|1|0|0|0|0|1|0|3130506388|3130506393|0|0|0|0|0|0|0|0|0|0
21|R1|1|2|0|1|1|1|0|0|0|0|1|0|3138232069|3138232074|0|0|0|0|0|0|0|0|0|0
22|R1|1|2|0|1|1|1|0|0|0|0|1|0|3146189101|3146189106|0|0|0|0|0|0|0|0|0|0
23|R1|1|2|0|1|1|1|0|0|0|0|1|0|3154210381|3154210386|0|0|0|0|0|0|0|0|0|0
24|R1|1|2|0|1|1|1|0|0|0|0|1|0|3162341181|3162341186|0|0|0|0|0|0|0|0|0|0
25|R1|1|2|0|1|1|1|0|0|0|0|1|0|3172180980|3172180985|0|0|0|0|0|0|0|0|0|0
26|R1|1|2|0|1|1|1|0|0|0|0|1|0|3179839213|3179839218|0|0|0|0|0|0|0|0|0|0
27|R1|1|2|0|1|1|1|0|0|0|0|1|0|3187606660|3187606665|0|0|0|0|0|0|0|0|0|0
28|R1|1|2|0|1|1|1|0|0|0|0|1|0|3195451479|3195451484|0|0|0|0|0|0|0|0|0|0
29|R1|1|2|0|1|1|1|0|0|0|0|1|0|3204440132|3204440137|0|0|0|0|0|0|0|0|0|0
30|R1|1|2|0|1|1|1|0|0|0|0|1|0|3212789115|3212789120|0|0|0|0|0|0|0|0|0|0
31|R1|1|2|0|1|1|1|0|0|0|0|1|0|3220444393|3220444398|0|0|0|0|0|0|0|0|0|0
32|R1|1|2|0|1|1|1|0|0|0|0|1|0|3229249719|3229249724|0|0|0|0|0|0|0|0|0|0
33|R1|1|2|0|1|1|1|0|0|0|0|1|0|3236220393|3236220398|0|0|0|0|0|0|0|0|0|0
34|R1|1|2|0|1|1|1|0|0|0|0|1|0|3243836855|3243836860|0|0|0|0|0|0|0|0|0|0
35|R1|1|2|0|1|1|1|0|0|0|0|1|0|3251858126|3251858131|0|0|0|0|0|0|0|0|0|0
36|R1|1|2|0|1|1|1|0|0|0|0|1|0|3260036841|3260036846|0|0|0|0|0|0|0|0|0|0
37|R1|1|2|0|1|1|1|0|0|0|0|1|0|3269041294|3269041299|0|0|0|0|0|0|0|0|0|0
38|R1|1|2|0|1|1|1|0|0|0|0|1|0|3277490189|3277490194|0|0|0|0|0|0|0|0|0|0
39|R1|1|2|0|1|1|1|0|0|0|0|1|0|3286186180|3286186185|0|0|0|0|0|0|0|0|0|0
40|R1|1|2|0|1|1|1|0|0|0|0|1|0|3294147188|3294147193|0|0|0|0|0|0|0|0|0|0
41|R1|1|2|0|1|1|1|0|0|0|0|1|0|3301265652|3301265657|0|0|0|0|0|0|0|0|0|0
42|R1|1|2|0|1|1|1|0|0|0|0|1|0|3309148900|3309148905|0|0|0|0|0|0|0|0|0|0
43|R1|1|2|0|1|1|1|0|0|0|0|1|0|3315419401|3315419406|0|0|0|0|0|0|0|0|0|0
44|R1|1|2|0|1|1|1|0|0|0|0|1|0|3322300111|3322300116|0|0|0|0|0|0|0|0|0|0
45|R1|1|2|0|1|1|1|0|0|0|0|1|0|3332294169|3332294174|0|0|0|0|0|0|0|0|0|0
46|R1|1|2|0|1|1|1|0|0|0|0|1|0|3339605367|3339605372|0|0|0|0|0|0|0|0|0|0
47|R1|1|2|0|1|1|1|0|0|0|0|1|0|3347257335|3347257340|0|0|0|0|0|0|0|0|0|0
48|R1|1|2|0|1|1|1|0|0|0|0|1|0|3356349486|3356349491|0|0|0|0|0|0|0|0|0|0
49|R1|1|2|0|1|1|1|0|0|0|0|1|0|3364097990|3364097995|0|0|0|0|0|0|0|0|0|0
50|R1|1|2|0|1|1|1|0|0|0|0|1|0|3371107181|3371107186|0|0|0|0|0|0|0|0|0|0
51|R1|1|2|0|1|1|1|0|0|0|0|1|0|3378293394|3378293399|0|0|0|0|0|0|0|0|0|0
52|R1|1|2|0|1|1|1|0|0|0|0|1|0|3385180500|3385180505|0|0|0|0|0|0|0|0|0|0
53|R1|1|2|0|1|1|1|0|0|0|0|1|0|3394551191|3394551196|0|0|0|0|0|0|0|0|0|0
54|R1|1|2|0|1|1|1|0|0|0|0|1|0|3402344559|3402344564|0|0|0|0|0|0|0|0|0|0
55|R1|1|2|0|1|1|1|0|0|0|0|1|0|3409189897|3409189902|0|0|0|0|0|0|0|0|0|0
56|R1|1|2|0|1|1|1|0|0|0|0|1|0|3416218523|3416218528|0|0|0|0|0|0|0|0|0|0
57|R1|1|2|0|1|1|1|0|0|0|0|1|0|3424079188|3424079193|0|0|0|0|0|0|0|0|0|0
58|R1|1|2|0|1|1|1|0|0|0|0|1|0|3432331845|3432331850|0|0|0|0|0|0|0|0|0|0
59|R1|1|2|0|1|1|1|0|0|0|0|1|0|3439498781|3439498786|0|0|0|0|0|0|0|0|0|0
60|R1|1|2|0|1|1|1|0|0|0|0|1|0|3447263159|3447263164|0|0|0|0|0|0|0|0|0|0
61|R1|1|2|0|1|1|1|0|0|0|0|1|0|3456431749|3456431754|0|0|0|0|0|0|0|0|0|0
62|R1|1|2|0|1|1|1|0|0|0|0|1|0|3464392239|3464392244|0|0|0|0|0|0|0|0|0|0
63|R1|1|2|0|1|1|1|0|0|0|0|1|0|3473152480|3473152485|0|0|0|0|0|0|0|0|0|0
64|R1|1|2|0|1|1|1|0|0|0|0|1|0|3480907717|3480907722|0|0|0|0|0|0|0|0|0|0
65|R1|1|2|0|1|1|1|0|0|0|0|1|0|3488151476|3488151481|0|0|0|0|0|0|0|0|0|0
66|R1|1|2|0|1|1|1|0|0|0|0|1|0|3495520887|3495520892|0|0|0|0|0|0|0|0|0|0
67|R1|1|2|0|1|1|1|0|0|0|0|1|0|3503523156|3503523161|0|0|0|0|0|0|0|0|0|0
68|R1|1|2|0|1|1|1|0|0|0|0|1|0|3512252068|3512252073|0|0|0|0|0|0|0|0|0|0
69|R1|1|2|0|1|1|1|0|0|0|0|1|0|3518242917|3518242922|0|0|0|0|0|0|0|0|0|0
70|R1|1|2|0|1|1|1|0|0|0|0|1|0|3525223195|3525223200|0|0|0|0|0|0|0|0|0|0
71|R1|1|2|0|1|1|1|0|0|0|0|1|0|3533402187|3533402192|0|0|0|0|0|0|0|0|0|0
72|R1|1|2|0|1|1|1|0|0|0|0|1|0|3541471652|3541471657|0|0|0|0|0|0|0|0|0|0
73|R1|1|2|0|1|1|1|0|0|0|0|1|0|3551260029|3551260034|0|0|0|0|0|0|0|0|0|0
74|R1|1|2|0|1|1|1|0|0|0|0|1|0|3558102756|3558102761|0|0|0|0|0|0|0|0|0|0
75|R1|1|2|0|1|1|1|0|0|0|0|1|0|3565224407|3565224412|0|0|0|0|0|0|0|0|0|0
76|R1|1|2|0|1|1|1|0|0|0|0|1|0|3572426656|3572426661|0|0|0|0|0|0|0|0|0|0
77|R1|1|2|0|1|1|1|0|0|0|0|1|0|3582250423|3582250428|0|0|0|0|0|0|0|0|0|0
78|R1|1|2|0|1|1|1|0|0|0|0|1|0|3589635540|3589635545|0|0|0|0|0|0|0|0|0|0
79|R1|1|2|0|1|1|1|0|0|0|0|1|0|3597596137|3597596142|0|0|0|0|0|0|0|0|0|0
80|R1|1|2|0|1|1|1|0|0|0|0|1|0|3606026100|3606026105|0|0|0|0|0|0|0|0|0|0
81|R1|1|2|0|1|1|1|0|0|0|0|1|0|3612636878|3612636883|0|0|0|0|0|0|0|0|0|0
82|R1|1|2|0|1|1|1|0|0|0|0|1|0|3620542474|3620542479|0|0|0|0|0|0|0|0|0|0
83|R1|1|2|0|1|1|1|0|0|0|0|1|0|3628480512|3628480517|0|0|0|0|0|0|0|0|0|0
84|R1|1|2|0|1|1|1|0|0|0|0|1|0|3637533124|3637533129|0|0|0|0|0|0|0|0|0|0
85|R1|1|2|0|1|1|1|0|0|0|0|1|0|3645381193|3645381198|0|0|0|0|0|0|0|0|0|0
86|R1|1|2|0|1|1|1|0|0|0|0|1|0|3653422026|3653422031|0|0|0|0|0|0|0|0|0|0
87|R1|1|2|0|1|1|1|0|0|0|0|1|0|3661202333|3661202338|0|0|0|0|0|0|0|0|0|0
88|R1|1|2|0|1|1|1|0|0|0|0|1|0|3668016247|3668016252|0|0|0|0|0|0|0|0|0|0
89|R1|1|2|0|1|1|1|0|0|0|0|1|0|3675170021|3675170026|0|0|0|0|0|0|0|0|0|0
90|R1|1|2|0|1|1|1|0|0|0|0|1|0|3682224210|3682224215|0|0|0|0|0|0|0|0|0|0
91|R1|1|2|0|1|1|1|0|0|0|0|1|0|3689410397|3689410402|0|0|0|0|0|0|0|0|0|0
92|R1|1|2|0|1|1|1|0|0|0|0|1|0|3697544413|3697544418|0|0|0|0|0|0|0|0|0|0
93|R1|1|2|0|1|1|1|0|0|0|0|1|0|3706516957|3706516962|0|0|0|0|0|0|0|0|0|0
94|R1|1|2|0|1|1|1|0|0|0|0|1|0|3714981615|3714981620|0|0|0|0|0|0|0|0|0|0
95|R1|1|2|0|1|1|1|0|0|0|0|1|0|3724194885|3724194890|0|0|0|0|0|0|0|0|0|0
96|R1|1|2|0|1|1|1|0|0|0|0|1|0|3731924413|3731924418|0|0|0|0|0|0|0|0|0|0
97|R1|1|2|0|1|1|1|0|0|0|0|1|0|3737262885|3737262890|0|0|0|0|0|0|0|0|0|0
98|R1|1|2|0|1|1|1|0|0|0|0|1|0|3743105789|3743105794|0|0|0|0|0|0|0|0|0|0
99|R1|1|2|0|1|1|1|0|0|0|0|1|0|3750317556|3750317561|0|0|0|0|0|0|0|0|0|0
100|R1|1|2|0|1|1|1|0|0|0|0|1|0|3758171785|3758171790|0|0|0|0|0|0|0|0|0|0
101|R1|1|2|0|1|1|1|0|0|0|0|1|0|3766983437|3766983442|0|0|0|0|0|0|0|0|0|0
102|R1|1|2|0|1|1|1|0|0|0|0|1|0|3774465204|3774465209|0|0|0|0|0|0|0|0|0|0
103|R1|1|2|0|1|1|1|0|0|0|0|1|0|3783668823|3783668828|0|0|0|0|0|0|0|0|0|0
104|R1|1|2|0|1|1|1|0|0|0|0|1|0|3791465460|3791465465|0|0|0|0|0|0|0|0|0|0
105|R1|1|2|0|1|1|1|0|0|0|0|1|0|3800977531|3800977536|0|0|0|0|0|0|0|0|0|0
106|R1|1|2|0|1|1|1|0|0|0|0|1|0|3809435995|3809436000|0|0|0|0|0|0|0|0|0|0
107|R1|1|2|0|1|1|1|0|0|0|0|1|0|3817682162|3817682167|0|0|0|0|0|0|0|0|0|0
108|R1|1|2|0|1|1|1|0|0|0|0|1|0|3825770905|3825770910|0|0|0|0|0|0|0|0|0|0
109|R1|1|2|0|1|1|1|0|0|0|0|1|0|3837073385|3837073390|0|0|0|0|0|0|0|0|0|0
110|R1|1|2|0|1|1|1|0|0|0|0|1|0|3843616701|3843616706|0|0|0|0|0|0|0|0|0|0
111|R1|1|2|0|1|1|1|0|0|0|0|1|0|3851217213|3851217218|0|0|0|0|0|0|0|0|0|0
112|R1|1|2|0|1|1|1|0|0|0|0|1|0|3858200741|3858200746|0|0|0|0|0|0|0|0|0|0
113|R1|1|2|0|1|1|1|0|0|0|0|1|0|3866395781|3866395786|0|0|0|0|0|0|0|0|0|0
114|R1|1|2|0|1|1|1|0|0|0|0|1|0|3874439853|3874439858|0|0|0|0|0|0|0|0|0|0
115|R1|1|2|0|1|1|1|0|0|0|0|1|0|3881291616|3881291621|0|0|0|0|0|0|0|0|0|0
116|R1|1|2|0|1|1|1|0|0|0|0|1|0|3888323608|3888323613|0|0|0|0|0|0|0|0|0|0
117|R1|1|2|0|1|1|1|0|0|0|0|1|0|3896123968|3896123973|0|0|0|0|0|0|0|0|0|0
118|R1|1|2|0|1|1|1|0|0|0|0|1|0|3903531645|3903531650|0|0|0|0|0|0|0|0|0|0
119|R1|1|2|0|1|1|1|0|0|0|0|1|0|3910312809|3910312814|0|0|0|0|0|0|0|0|0|0
120|R1|1|2|0|1|1|1|0|0|0|0|1|0|3918134880|3918134885|0|0|0|0|0|0|0|0|0|0
121|R1|1|2|0|1|1|1|0|0|0|0|1|0|3926242941|3926242946|0|0|0|0|0|0|0|0|0|0
122|R1|1|2|0|1|1|1|0|0|0|0|1|0|3934421902|3934421907|0|0|0|0|0|0|0|0|0|0
123|R1|1|2|0|1|1|1|0|0|0|0|1|0|3942173428|3942173433|0|0|0|0|0|0|0|0|0|0
124|R1|1|2|0|1|1|1|0|0|0|0|1|0|3949182624|3949182629|0|0|0|0|0|0|0|0|0|0
125|R1|1|2|0|1|1|1|0|0|0|0|1|0|3958524376|3958524381|0|0|0|0|0|0|0|0|0|0
126|R1|1|2|0|1|1|1|0|0|0|0|1|0|3966385258|3966385263|0|0|0|0|0|0|0|0|0|0
127|R1|1|2|0|1|1|1|0|0|0|0|1|0|3974435717|3974435722|0|0|0|0|0|0|0|0|0|0
128|R1|1|2|0|1|1|1|0|0|0|0|1|0|3982723634|3982723639|0|0|0|0|0|0|0|0|0|0
129|R1|1|2|0|1|1|1|0|0|0|0|1|0|3992094342|3992094347|0|0|0|0|0|0|0|0|0|0
130|R1|1|2|0|1|1|1|0|0|0|0|1|0|4000195940|4000195945|0|0|0|0|0|0|0|0|0|0
131|R1|1|2|0|1|1|1|0|0|0|0|1|0|4007237261|4007237266|0|0|0|0|0|0|0|0|0|0
132|R1|1|2|0|1|1|1|0|0|0|0|1|0|4017189632|4017189637|0|0|0|0|0|0|0|0|0|0
133|R1|1|2|0|1|1|1|0|0|0|0|1|0|4027814011|4027814016|0|0|0|0|0|0|0|0|0|0
134|R1|1|2|0|1|1|1|0|0|0|0|1|0|4035546109|4035546114|0|0|0|0|0|0|0|0|0|0
135|R1|1|2|0|1|1|1|0|0|0|0|1|0|4043490309|4043490314|0|0|0|0|0|0|0|0|0|0
136|R1|1|2|0|1|1|1|0|0|0|0|1|0|4053089130|4053089135|0|0|0|0|0|0|0|0|0|0
137|R1|1|2|0|1|1|1|0|0|0|0|1|0|4059288749|4059288754|0|0|0|0|0|0|0|0|0|0
138|R1|1|2|0|1|1|1|0|0|0|0|1|0|4070362374|4070362379|0|0|0|0|0|0|0|0|0|0
139|R1|1|2|0|1|1|1|0|0|0|0|1|0|4077063268|4077063273|0|0|0|0|0|0|0|0|0|0
140|R1|1|2|0|1|1|1|0|0|0|0|1|0|4084387338|4084387343|0|0|0|0|0|0|0|0|0|0
141|R1|1|2|0|1|1|1|0|0|0|0|1|0|4092376622|4092376627|0|0|0|0|0|0|0|0|0|0
142|R1|1|2|0|1|1|1|0|0|0|0|1|0|4100805963|4100805968|0|0|0|0|0|0|0|0|0|0
143|R1|1|2|0|1|1|1|0|0|0|0|1|0|4110559005|4110559010|0|0|0|0|0|0|0|0|0|0
144|R1|1|2|0|1|1|1|0|0|0|0|1|0|4118252589|4118252594|0|0|0|0|0|0|0|0|0|0
145|R1|1|2|0|1|1|1|0|0|0|0|1|0|4127179899|4127179904|0|0|0|0|0|0|0|0|0|0
146|R1|1|2|0|1|1|1|0|0|0|0|1|0|4134382132|4134382137|0|0|0|0|0|0|0|0|0|0
147|R1|1|2|0|1|1|1|0|0|0|0|1|0|4142397243|4142397248|0|0|0|0|0|0|0|0|0|0
148|R1|1|2|0|1|1|1|0|0|0|0|1|0|4151126109|4151126114|0|0|0|0|0|0|0|0|0|0
149|R1|1|2|0|1|1|1|0|0|0|0|1|0|4157589102|4157589107|0|0|0|0|0|0|0|0|0|0
150|R1|1|2|0|1|1|1|0|0|0|0|1|0|4165388855|4165388860|0|0|0|0|0|0|0|0|0|0
151|R1|1|2|0|1|1|1|0|0|0|0|1|0|4172179599|4172179604|0|0|0|0|0|0|0|0|0|0
152|R1|1|2|0|1|1|1|0|0|0|0|1|0|4179481405|4179481410|0|0|0|0|0|0|0|0|0|0
153|R1|1|2|0|1|1|1|0|0|0|0|1|0|4189224806|4189224811|0|0|0|0|0|0|0|0|0|0
154|R1|1|2|0|1|1|1|0|0|0|0|1|0|4196308046|4196308051|0|0|0|0|0|0|0|0|0|0
155|R1|1|2|0|1|1|1|0|0|0|0|1|0|4204081912|4204081917|0|0|0|0|0|0|0|0|0|0
156|R1|1|2|0|1|1|1|0|0|0|0|1|0|4211570150|4211570155|0|0|0|0|0|0|0|0|0|0
157|R1|1|2|0|1|1|1|0|0|0|0|1|0|4220504120|4220504125|0|0|0|0|0|0|0|0|0|0
158|R1|1|2|0|1|1|1|0|0|0|0|1|0|4228271700|4228271705|0|0|0|0|0|0|0|0|0|0
159|R1|1|2|0|1|1|1|0|0|0|0|1|0|4235322662|4235322667|0|0|0|0|0|0|0|0|0|0
160|R1|1|2|0|1|1|1|0|0|0|0|1|0|4243311818|4243311823|0|0|0|0|0|0|0|0|0|0
161|R1|1|2|0|1|1|1|0|0|0|0|1|0|4251471525|4251471530|0|0|0|0|0|0|0|0|0|0
162|R1|1|2|0|1|1|1|0|0|0|0|1|0|4259521701|4259521706|0|0|0|0|0|0|0|0|0|0
163|R1|1|2|0|1|1|1|0|0|0|0|1|0|4267244165|4267244170|0|0|0|0|0|0|0|0|0|0
164|R1|1|2|0|1|1|1|0|0|0|0|1|0|4277091095|4277091100|0|0|0|0|0|0|0|0|0|0
165|R1|1|2|0|1|1|1|0|0|0|0|1|0|4284257780|4284257785|0|0|0|0|0|0|0|0|0|0
166|R1|1|2|0|1|1|1|0|0|0|0|1|0|4292275872|4292275877|0|0|0|0|0|0|0|0|0|0
167|R1|1|2|0|1|1|1|0|0|0|0|1|0|4671469|4671474|0|0|0|0|0|0|0|0|0|0
168|R1|1|2|0|1|1|1|0|0|0|0|1|0|13143314|13143319|0|0|0|0|0|0|0|0|0|0
169|R1|1|2|0|1|1|1|0|0|0|0|1|0|19593463|19593468|0|0|0|0|0|0|0|0|0|0
170|R1|1|2|0|1|1|1|0|0|0|0|1|0|27502555|27502560|0|0|0|0|0|0|0|0|0|0
171|R1|1|2|0|1|1|1|0|0|0|0|1|0|36574779|36574784|0|0|0|0|0|0|0|0|0|0
172|R1|1|2|0|1|1|1|0|0|0|0|1|0|45524589|45524594|0|0|0|0|0|0|0|0|0|0
173|R1|1|2|0|1|1|1|0|0|0|0|1|0|54271973|54271978|0|0|0|0|0|0|0|0|0|0
174|R1|1|2|0|1|1|1|0|0|0|0|1|0|61589926|61589931|0|0|0|0|0|0|0|0|0|0
175|R1|1|2|0|1|1|1|0|0|0|0|1|0|69431270|69431275|0|0|0|0|0|0|0|0|0|0
176|R1|1|2|0|1|1|1|0|0|0|0|1|0|79084719|79084724|0|0|0|0|0|0|0|0|0|0
177|R1|1|2|0|1|1|1|0|0|0|0|1|0|86726854|86726859|0|0|0|0|0|0|0|0|0|0
178|R1|1|2|0|1|1|1|0|0|0|0|1|0|94494583|94494588|0|0|0|0|0|0|0|0|0|0
179|R1|1|2|0|1|1|1|0|0|0|0|1|0|102474368|102474373|0|0|0|0|0|0|0|0|0|0
180|R1|1|2|0|1|1|1|0|0|0|0|1|0|111369665|111369670|0|0|0|0|0|0|0|0|0|0
181|R1|1|2|0|1|1|1|0|0|0|0|1|0|119278500|119278505|0|0|0|0|0|0|0|0|0|0
182|R1|1|2|0|1|1|1|0|0|0|0|1|0|126384288|126384293|0|0|0|0|0|0|0|0|0|0
183|R1|1|2|0|1|1|1|0|0|0|0|1|0|134476517|134476522|0|0|0|0|0|0|0|0|0|0
184|R1|1|2|0|1|1|1|0|0|0|0|1|0|143484443|143484448|0|0|0|0|0|0|0|0|0|0
185|R1|1|2|0|1|1|1|0|0|0|0|1|0|151261664|151261669|0|0|0|0|0|0|0|0|0|0
186|R1|1|2|0|1|1|1|0|0|0|0|1|0|158277298|158277303|0|0|0|0|0|0|0|0|0|0
187|R1|1|2|0|1|1|1|0|0|0|0|1|0|165466708|165466713|0|0|0|0|0|0|0|0|0|0
188|R1|1|2|0|1|1|1|0|0|0|0|1|0|175010912|175010917|0|0|0|0|0|0|0|0|0|0
189|R1|1|2|0|1|1|1|0|0|0|0|1|0|182556948|182556953|0|0|0|0|0|0|0|0|0|0
190|R1|1|2|0|1|1|1|0|0|0|0|1|0|190359735|190359740|0|0|0|0|0|0|0|0|0|0
191|R1|1|2|0|1|1|1|0|0|0|0|1|0|198573757|198573762|0|0|0|0|0|0|0|0|0|0
192|R1|1|2|0|1|1|1|0|0|0|0|1|0|207407905|207407910|0|0|0|0|0|0|0|0|0|0
193|R1|1|2|0|1|1|1|0|0|0|0|1|0|215445492|215445497|0|0|0|0|0|0|0|0|0|0
194|R1|1|2|0|1|1|1|0|0|0|0|1|0|223267726|223267731|0|0|0|0|0|0|0|0|0|0
195|R1|1|2|0|1|1|1|0|0|0|0|1|0|232580724|232580729|0|0|0|0|0|0|0|0|0|0
196|R1|1|2|0|1|1|1|0|0|0|0|1|0|240563437|240563442|0|0|0|0|0|0|0|0|0|0
197|R1|1|2|0|1|1|1|0|0|0|0|1|0|248343877|248343882|0|0|0|0|0|0|0|0|0|0
198|R1|1|2|0|1|1|1|0|0|0|0|1|0|257468169|257468174|0|0|0|0|0|0|0|0|0|0
199|R1|1|2|0|1|1|1|0|0|0|0|1|0|266254720|266254725|0|0|0|0|0|0|0|0|0|0
200|R1|1|2|0|1|1|1|0|0|0|0|1|0|273273559|273273564|0|0|0|0|0|0|0|0|0|0
201|R1|1|2|0|1|1|1|0|0|0|0|1|0|280549422|280549427|0|0|0|0|0|0|0|0|0|0
202|R1|1|2|0|1|1|1|0|0|0|0|1|0|289454359|289454364|0|0|0|0|0|0|0|0|0|0
203|R1|1|2|0|1|1|1|0|0|0|0|1|0|298603357|298603362|0|0|0|0|0|0|0|0|0|0
204|R1|1|2|0|1|1|1|0|0|0|0|1|0|306325824|306325829|0|0|0|0|0|0|0|0|0|0
205|R1|1|2|0|1|1|1|0|0|0|0|1|0|313495908|313495913|0|0|0|0|0|0|0|0|0|0
206|R1|1|2|0|1|1|1|0|0|0|0|1|0|320228818|320228823|0|0|0|0|0|0|0|0|0|0
207|R1|1|2|0|1|1|1|0|0|0|0|1|0|331456677|331456682|0|0|0|0|0|0|0|0|0|0
208|R1|1|2|0|1|1|1|0|0|0|0|1|0|339442670|339442675|0|0|0|0|0|0|0|0|0|0
209|R1|1|2|0|1|1|1|0|0|0|0|1|0|347261518|347261523|0|0|0|0|0|0|0|0|0|0
210|R1|1|2|0|1|1|1|0|0|0|0|1|0|354244997|354245002|0|0|0|0|0|0|0|0|0|0
211|R1|1|2|0|1|1|1|0|0|0|0|1|0|362375648|362375653|0|0|0|0|0|0|0|0|0|0
212|R1|1|2|0|1|1|1|0|0|0|0|1|0|370226770|370226775|0|0|0|0|0|0|0|0|0|0
213|R1|1|2|0|1|1|1|0|0|0|0|1|0|377309871|377309876|0|0|0|0|0|0|0|0|0|0
214|R1|1|2|0|1|1|1|0|0|0|0|1|0|385347214|385347219|0|0|0|0|0|0|0|0|0|0
215|R1|1|2|0|1|1|1|0|0|0|0|1|0|393879319|393879324|0|0|0|0|0|0|0|0|0|0
216|R1|1|2|0|1|1|1|0|0|0|0|1|0|401499242|401499247|0|0|0|0|0|0|0|0|0|0
217|R1|1|2|0|1|1|1|0|0|0|0|1|0|409450104|409450109|0|0|0|0|0|0|0|0|0|0
218|R1|1|2|0|1|1|1|0|0|0|0|1|0|418018173|418018178|0|0|0|0|0|0|0|0|0|0
219|R1|1|2|0|1|1|1|0|0|0|0|1|0|424394528|424394533|0|0|0|0|0|0|0|0|0|0
220|R1|1|2|0|1|1|1|0|0|0|0|1|0|432190872|432190877|0|0|0|0|0|0|0|0|0|0
221|R1|1|2|0|1|1|1|0|0|0|0|1|0|440559429|440559434|0|0|0|0|0|0|0|0|0|0
222|R1|1|2|0|1|1|1|0|0|0|0|1|0|450030345|450030350|0|0|0|0|0|0|0|0|0|0
223|R1|1|2|0|1|1|1|0|0|0|0|1|0|458209636|458209641|0|0|0|0|0|0|0|0|0|0
224|R1|1|2|0|1|1|1|0|0|0|0|1|0|465276669|465276674|0|0|0|0|0|0|0|0|0|0
225|R1|1|2|0|1|1|1|0|0|0|0|1|0|472655348|472655353|0|0|0|0|0|0|0|0|0|0
226|R1|1|2|0|1|1|1|0|0|0|0|1|0|481528036|481528041|0|0|0|0|0|0|0|0|0|0
227|R1|1|2|0|1|1|1|0|0|0|0|1|0|489639237|489639242|0|0|0|0|0|0|0|0|0|0
228|R1|1|2|0|1|1|1|0|0|0|0|1|0|497548384|497548389|0|0|0|0|0|0|0|0|0|0
229|R1|1|2|0|1|1|1|0|0|0|0|1|0|505524667|505524672|0|0|0|0|0|0|0|0|0|0
230|R1|1|2|0|1|1|1|0|0|0|0|1|0|514612608|514612613|0|0|0|0|0|0|0|0|0|0
231|R1|1|2|0|1|1|1|0|0|0|0|1|0|522634277|522634282|0|0|0|0|0|0|0|0|0|0
232|R1|1|2|0|1|1|1|0|0|0|0|1|0|530607616|530607621|0|0|0|0|0|0|0|0|0|0
233|R1|1|2|0|1|1|1|0|0|0|0|1|0|537385518|537385523|0|0|0|0|0|0|0|0|0|0
234|R1|1|2|0|1|1|1|0|0|0|0|1|0|546422077|546422082|0|0|0|0|0|0|0|0|0|0
235|R1|1|2|0|1|1|1|0|0|0|0|1|0|554266633|554266638|0|0|0|0|0|0|0|0|0|0
236|R1|1|2|0|1|1|1|0|0|0|0|1|0|561423927|561423932|0|0|0|0|0|0|0|0|0|0
237|R1|1|2|0|1|1|1|0|0|0|0|1|0|568359223|568359228|0|0|0|0|0|0|0|0|0|0
238|R1|1|2|0|1|1|1|0|0|0|0|1|0|577469650|577469655|0|0|0|0|0|0|0|0|0|0
239|R1|1|2|0|1|1|1|0|0|0|0|1|0|584264221|584264226|0|0|0|0|0|0|0|0|0|0
240|R1|1|2|0|1|1|1|0|0|0|0|1|0|591572212|591572217|0|0|0|0|0|0|0|0|0|0
241|R1|1|2|0|1|1|1|0|0|0|0|1|0|598645664|598645669|0|0|0|0|0|0|0|0|0|0
242|R1|1|2|0|1|1|1|0|0|0|0|1|0|607422085|607422090|0|0|0|0|0|0|0|0|0|0
243|R1|1|2|0|1|1|1|0|0|0|0|1|0|615376114|615376119|0|0|0|0|0|0|0|0|0|0
244|R1|1|2|0|1|1|1|0|0|0|0|1|0|621508471|621508476|0|0|0|0|0|0|0|0|0|0
245|R1|1|2|0|1|1|1|0|0|0|0|1|0|629510596|629510601|0|0|0|0|0|0|0|0|0|0
246|R1|1|2|0|1|1|1|0|0|0|0|1|0|637181691|637181696|0|0|0|0|0|0|0|0|0|0
247|R1|1|2|0|1|1|1|0|0|0|0|1|0|644676020|644676025|0|0|0|0|0|0|0|0|0|0
248|R1|1|2|0|1|1|1|0|0|0|0|1|0|652501563|652501568|0|0|0|0|0|0|0|0|0|0
249|R1|1|2|0|1|1|1|0|0|0|0|1|0|660445961|660445966|0|0|0|0|0|0|0|0|0|0
250|R1|1|2|0|1|1|1|0|0|0|0|1|0|670860928|670860933|0|0|0|0|0|0|0|0|0|0
251|R1|1|2|0|1|1|1|0|0|0|0|1|0|677343197|677343202|0|0|0|0|0|0|0|0|0|0
252|R1|1|2|0|1|1|1|0|0|0|0|1|0|684346013|684346018|0|0|0|0|0|0|0|0|0|0
253|R1|1|2|0|1|1|1|0|0|0|0|1|0|691554441|691554446|0|0|0|0|0|0|0|0|0|0
254|R1|1|2|0|1|1|1|0|0|0|0|1|0|700163661|700163666|0|0|0|0|0|0|0|0|0|0
255|R1|1|2|0|1|1|1|0|0|0|0|1|0|707947173|707947178|0|0|0|0|0|0|0|0|0|0
256|R1|1|2|0|1|1|1|0|0|0|0|1|0|716624925|716624930|0|0|0|0|0|0|0|0|0|0
257|R1|1|2|0|1|1|1|0|0|0|0|1|0|724308829|724308834|0|0|0|0|0|0|0|0|0|0
258|R1|1|2|0|1|1|1|0|0|0|0|1|0|732172663|732172668|0|0|0|0|0|0|0|0|0|0
259|R1|1|2|0|1|1|1|0|0|0|0|1|0|739612390|739612395|0|0|0|0|0|0|0|0|0|0
260|R1|1|2|0|1|1|1|0|0|0|0|1|0|748565716|748565721|0|0|0|0|0|0|0|0|0|0
261|R1|1|2|0|1|1|1|0|0|0|0|1|0|756291392|756291397|0|0|0|0|0|0|0|0|0|0
262|R1|1|2|0|1|1|1|0|0|0|0|1|0|765071607|765071612|0|0|0|0|0|0|0|0|0|0
263|R1|1|2|0|1|1|1|0|0|0|0|1|0|772299374|772299379|0|0|0|0|0|0|0|0|0|0
264|R1|1|2|0|1|1|1|0|0|0|0|1|0|779491995|779492000|0|0|0|0|0|0|0|0|0|0
265|R1|1|2|0|1|1|1|0|0|0|0|1|0|787934148|787934153|0|0|0|0|0|0|0|0|0|0
266|R1|1|2|0|1|1|1|0|0|0|0|1|0|797581157|797581162|0|0|0|0|0|0|0|0|0|0
267|R1|1|2|0|1|1|1|0|0|0|0|1|0|805306971|805306976|0|0|0|0|0|0|0|0|0|0
268|R1|1|2|0|1|1|1|0|0|0|0|1|0|812351543|812351548|0|0|0|0|0|0|0|0|0|0
269|R1|1|2|0|1|1|1|0|0|0|0|1|0|819842674|819842679|0|0|0|0|0|0|0|0|0|0
270|R1|1|2|0|1|1|1|0|0|0|0|1|0|828198857|828198862|0|0|0|0|0|0|0|0|0|0
271|R1|1|2|0|1|1|1|0|0|0|0|1|0|834453213|834453218|0|0|0|0|0|0|0|0|0|0
272|R1|1|2|0|1|1|1|0|0|0|0|1|0|842358949|842358954|0|0|0|0|0|0|0|0|0|0
273|R1|1|2|0|1|1|1|0|0|0|0|1|0|850354653|850354658|0|0|0|0|0|0|0|0|0|0
274|R1|1|2|0|1|1|1|0|0|0|0|1|0|856361559|856361564|0|0|0|0|0|0|0|0|0|0
275|R1|1|2|0|1|1|1|0|0|0|0|1|0|865533376|865533381|0|0|0|0|0|0|0|0|0|0
276|R1|1|2|0|1|1|1|0|0|0|0|1|0|872398045|872398050|0|0|0|0|0|0|0|0|0|0
277|R1|1|2|0|1|1|1|0|0|0|0|1|0|879911663|879911668|0|0|0|0|0|0|0|0|0|0
278|R1|1|2|0|1|1|1|0|0|0|0|1|0|886271840|886271845|0|0|0|0|0|0|0|0|0|0
279|R1|1|2|0|1|1|1|0|0|0|0|1|0|893159072|893159077|0|0|0|0|0|0|0|0|0|0
280|R1|1|2|0|1|1|1|0|0|0|0|1|0|902205262|902205267|0|0|0|0|0|0|0|0|0|0
281|R1|1|2|0|1|1|1|0|0|0|0|1|0|909702813|909702818|0|0|0|0|0|0|0|0|0|0
282|R1|1|2|0|1|1|1|0|0|0|0|1|0|918591892|918591897|0|0|0|0|0|0|0|0|0|0
283|R1|1|2|0|1|1|1|0|0|0|0|1|0|926288649|926288654|0|0|0|0|0|0|0|0|0|0
284|R1|1|2|0|1|1|1|0|0|0|0|1|0|933362109|933362114|0|0|0|0|0|0|0|0|0|0
285|R1|1|2|0|1|1|1|0|0|0|0|1|0|940545092|940545097|0|0|0|0|0|0|0|0|0|0
286|R1|1|2|0|1|1|1|0|0|0|0|1|0|948363950|948363955|0|0|0|0|0|0|0|0|0|0
287|R1|1|2|0|1|1|1|0|0|0|0|1|0|956144916|956144921|0|0|0|0|0|0|0|0|0|0
288|R1|1|2|0|1|1|1|0|0|0|0|1|0|963231224|963231229|0|0|0|0|0|0|0|0|0|0
289|R1|1|2|0|1|1|1|0|0|0|0|1|0|970597353|970597358|0|0|0|0|0|0|0|0|0|0
290|R1|1|2|0|1|1|1|0|0|0|0|1|0|978923854|978923859|0|0|0|0|0|0|0|0|0|0
291|R1|1|2|0|1|1|1|0|0|0|0|1|0|987272878|987272883|0|0|0|0|0|0|0|0|0|0
292|R1|1|2|0|1|1|1|0|0|0|0|1|0|996100585|996100590|0|0|0|0|0|0|0|0|0|0
293|R1|1|2|0|1|1|1|0|0|0|0|1|0|1003653065|1003653070|0|0|0|0|0|0|0|0|0|0
294|R1|1|2|0|1|1|1|0|0|0|0|1|0|1013004523|1013004528|0|0|0|0|0|0|0|0|0|0
295|R1|1|2|0|1|1|1|0|0|0|0|1|0|1022327205|1022327210|0|0|0|0|0|0|0|0|0|0
296|R1|1|2|0|1|1|1|0|0|0|0|1|0|1029355753|1029355758|0|0|0|0|0|0|0|0|0|0
297|R1|1|2|0|1|1|1|0|0|0|0|1|0|1037148951|1037148956|0|0|0|0|0|0|0|0|0|0
298|R1|1|2|0|1|1|1|0|0|0|0|1|0|1044771828|1044771833|0|0|0|0|0|0|0|0|0|0
299|R1|1|2|0|1|1|1|0|0|0|0|1|0|1051315186|1051315191|0|0|0|0|0|0|0|0|0|0
300|R1|1|2|0|1|1|1|0|0|0|0|1|0|1058305097|1058305102|0|0|0|0|0|0|0|0|0|0
301|R1|1|2|0|1|1|1|0|0|0|0|1|0|1065561701|1065561706|0|0|0|0|0|0|0|0|0|0
302|R1|1|2|0|1|1|1|0|0|0|0|1|0|1073290596|1073290601|0|0|0|0|0|0|0|0|0|0
303|R1|1|2|0|1|1|1|0|0|0|0|1|0|1081206656|1081206661|0|0|0|0|0|0|0|0|0|0
304|R1|1|2|0|1|1|1|0|0|0|0|1|0|1087370880|1087370885|0|0|0|0|0|0|0|0|0|0
305|R1|1|2|0|1|1|1|0|0|0|0|1|0|1094357606|1094357611|0|0|0|0|0|0|0|0|0|0
306|R1|1|2|0|1|1|1|0|0|0|0|1|0|1101627054|1101627059|0|0|0|0|0|0|0|0|0|0
307|R1|1|2|0|1|1|1|0|0|0|0|1|0|1111425129|1111425134|0|0|0|0|0|0|0|0|0|0
308|R1|1|2|0|1|1|1|0|0|0|0|1|0|1118328308|1118328313|0|0|0|0|0|0|0|0|0|0
309|R1|1|2|0|1|1|1|0|0|0|0|1|0|1125250756|1125250761|0|0|0|0|0|0|0|0|0|0
310|R1|1|2|0|1|1|1|0|0|0|0|1|0|1131334629|1131334634|0|0|0|0|0|0|0|0|0|0
311|R1|1|2|0|1|1|1|0|0|0|0|1|0|1138478757|1138478762|0|0|0|0|0|0|0|0|0|0
312|R1|1|2|0|1|1|1|0|0|0|0|1|0|1147804430|1147804435|0|0|0|0|0|0|0|0|0|0
313|R1|1|2|0|1|1|1|0|0|0|0|1|0|1155514313|1155514318|0|0|0|0|0|0|0|0|0|0
314|R1|1|2|0|1|1|1|0|0|0|0|1|0|1163330125|1163330130|0|0|0|0|0|0|0|0|0|0
315|R1|1|2|0|1|1|1|0|0|0|0|1|0|1170242939|1170242944|0|0|0|0|0|0|0|0|0|0
316|R1|1|2|0|1|1|1|0|0|0|0|1|0|1180468261|1180468266|0|0|0|0|0|0|0|0|0|0
317|R1|1|2|0|1|1|1|0|0|0|0|1|0|1188325668|1188325673|0|0|0|0|0|0|0|0|0|0
318|R1|1|2|0|1|1|1|0|0|0|0|1|0|1194284234|1194284239|0|0|0|0|0|0|0|0|0|0
319|R1|1|2|0|1|1|1|0|0|0|0|1|0|1201126365|1201126370|0|0|0|0|0|0|0|0|0|0
320|R1|1|2|0|1|1|1|0|0|0|0|1|0|1208968480|1208968485|0|0|0|0|0|0|0|0|0|0
321|R1|1|2|0|1|1|1|0|0|0|0|1|0|1215319031|1215319036|0|0|0|0|0|0|0|0|0|0
322|R1|1|2|0|1|1|1|0|0|0|0|1|0|1222543748|1222543753|0|0|0|0|0|0|0|0|0|0
323|R1|1|2|0|1|1|1|0|0|0|0|1|0|1230684261|1230684266|0|0|0|0|0|0|0|0|0|0
324|R1|1|2|0|1|1|1|0|0|0|0|1|0|1239361833|1239361838|0|0|0|0|0|0|0|0|0|0
325|R1|1|2|0|1|1|1|0|0|0|0|1|0|1246374260|1246374265|0|0|0|0|0|0|0|0|0|0
326|R1|1|2|0|1|1|1|0|0|0|0|1|0|1253557245|1253557250|0|0|0|0|0|0|0|0|0|0
327|R1|1|2|0|1|1|1|0|0|0|0|1|0|1261556301|1261556306|0|0|0|0|0|0|0|0|0|0
328|R1|1|2|0|1|1|1|0|0|0|0|1|0|1270718150|1270718155|0|0|0|0|0|0|0|0|0|0
329|R1|1|2|0|1|1|1|0|0|0|0|1|0|1279263177|1279263182|0|0|0|0|0|0|0|0|0|0
330|R1|1|2|0|1|1|1|0|0|0|0|1|0|1285241030|1285241035|0|0|0|0|0|0|0|0|0|0
331|R1|1|2|0|1|1|1|0|0|0|0|1|0|1292497902|1292497907|0|0|0|0|0|0|0|0|0|0
332|R1|1|2|0|1|1|1|0|0|0|0|1|0|1301534450|1301534455|0|0|0|0|0|0|0|0|0|0
333|R1|1|2|0|1|1|1|0|0|0|0|1|0|1309520678|1309520683|0|0|0|0|0|0|0|0|0|0
334|R1|1|2|0|1|1|1|0|0|0|0|1|0|1317114890|1317114895|0|0|0|0|0|0|0|0|0|0
335|R1|1|2|0|1|1|1|0|0|0|0|1|0|1323407845|1323407850|0|0|0|0|0|0|0|0|0|0
336|R1|1|2|0|1|1|1|0|0|0|0|1|0|1332217065|1332217070|0|0|0|0|0|0|0|0|0|0
337|R1|1|2|0|1|1|1|0|0|0|0|1|0|1338596509|1338596514|0|0|0|0|0|0|0|0|0|0
338|R1|1|2|0|1|1|1|0|0|0|0|1|0|1346396261|1346396266|0|0|0|0|0|0|0|0|0|0
339|R1|1|2|0|1|1|1|0|0|0|0|1|0|1354478820|1354478825|0|0|0|0|0|0|0|0|0|0
340|R1|1|2|0|1|1|1|0|0|0|0|1|0|1363406962|1363406967|0|0|0|0|0|0|0|0|0|0
341|R1|1|2|0|1|1|1|0|0|0|0|1|0|1369523220|1369523225|0|0|0|0|0|0|0|0|0|0
342|R1|1|2|0|1|1|1|0|0|0|0|1|0|1377679444|1377679449|0|0|0|0|0|0|0|0|0|0
343|R1|1|2|0|1|1|1|0|0|0|0|1|0|1385540440|1385540445|0|0|0|0|0|0|0|0|0|0
344|R1|1|2|0|1|1|1|0|0|0|0|1|0|1393822587|1393822592|0|0|0|0|0|0|0|0|0|0
345|R1|1|2|0|1|1|1|0|0|0|0|1|0|1401333001|1401333006|0|0|0|0|0|0|0|0|0|0
346|R1|1|2|0|1|1|1|0|0|0|0|1|0|1408782363|1408782368|0|0|0|0|0|0|0|0|0|0
347|R1|1|2|0|1|1|1|0|0|0|0|1|0|1416986793|1416986798|0|0|0|0|0|0|0|0|0|0
348|R1|1|2|0|1|1|1|0|0|0|0|1|0|1425288366|1425288371|0|0|0|0|0|0|0|0|0|0
349|R1|1|2|0|1|1|1|0|0|0|0|1|0|1432271849|1432271854|0|0|0|0|0|0|0|0|0|0
350|R1|1|2|0|1|1|1|0|0|0|0|1|0|1439499808|1439499813|0|0|0|0|0|0|0|0|0|0
351|R1|1|2|0|1|1|1|0|0|0|0|1|0|1447428045|1447428050|0|0|0|0|0|0|0|0|0|0
352|R1|1|2|0|1|1|1|0|0|0|0|1|0|1453695045|1453695050|0|0|0|0|0|0|0|0|0|0
353|R1|1|2|0|1|1|1|0|0|0|0|1|0|1462227617|1462227622|0|0|0|0|0|0|0|0|0|0
354|R1|1|2|0|1|1|1|0|0|0|0|1|0|1469294669|1469294674|0|0|0|0|0|0|0|0|0|0
355|R1|1|2|0|1|1|1|0|0|0|0|1|0|1476651197|1476651202|0|0|0|0|0|0|0|0|0|0
356|R1|1|2|0|1|1|1|0|0|0|0|1|0|1484492774|1484492779|0|0|0|0|0|0|0|0|0|0
357|R1|1|2|0|1|1|1|0|0|0|0|1|0|1493490903|1493490908|0|0|0|0|0|0|0|0|0|0
358|R1|1|2|0|1|1|1|0|0|0|0|1|0|1499401289|1499401294|0|0|0|0|0|0|0|0|0|0
359|R1|1|2|0|1|1|1|0|0|0|0|1|0|1506307837|1506307842|0|0|0|0|0|0|0|0|0|0
360|R1|1|2|0|1|1|1|0|0|0|0|1|0|1513445591|1513445596|0|0|0|0|0|0|0|0|0|0
361|R1|1|2|0|1|1|1|0|0|0|0|1|0|1522315063|1522315068|0|0|0|0|0|0|0|0|0|0
362|R1|1|2|0|1|1|1|0|0|0|0|1|0|1529575128|1529575133|0|0|0|0|0|0|0|0|0|0
363|R1|1|2|0|1|1|1|0|0|0|0|1|0|1537628837|1537628842|0|0|0|0|0|0|0|0|0|0
364|R1|1|2|0|1|1|1|0|0|0|0|1|0|1545842868|1545842873|0|0|0|0|0|0|0|0|0|0
365|R1|1|2|0|1|1|1|0|0|0|0|1|0|1555306752|1555306757|0|0|0|0|0|0|0|0|0|0
366|R1|1|2|0|1|1|1|0|0|0|0|1|0|1562547543|1562547548|0|0|0|0|0|0|0|0|0|0
367|R1|1|2|0|1|1|1|0|0|0|0|1|0|1570880445|1570880450|0|0|0|0|0|0|0|0|0|0
368|R1|1|2|0|1|1|1|0|0|0|0|1|0|1579397330|1579397335|0|0|0|0|0|0|0|0|0|0
369|R1|1|2|0|1|1|1|0|0|0|0|1|0|1585731796|1585731801|0|0|0|0|0|0|0|0|0|0
370|R1|1|2|0|1|1|1|0|0|0|0|1|0|1594302606|1594302611|0|0|0|0|0|0|0|0|0|0
371|R1|1|2|0|1|1|1|0|0|0|0|1|0|1601263616|1601263621|0|0|0|0|0|0|0|0|0|0
372|R1|1|2|0|1|1|1|0|0|0|0|1|0|1608510848|1608510853|0|0|0|0|0|0|0|0|0|0
373|R1|1|2|0|1|1|1|0|0|0|0|1|0|1618450231|1618450236|0|0|0|0|0|0|0|0|0|0
374|R1|1|2|0|1|1|1|0|0|0|0|1|0|1627155863|1627155868|0|0|0|0|0|0|0|0|0|0
375|R1|1|2|0|1|1|1|0|0|0|0|1|0|1634444864|1634444869|0|0|0|0|0|0|0|0|0|0
376|R1|1|2|0|1|1|1|0|0|0|0|1|0|1644785925|1644785930|0|0|0|0|0|0|0|0|0|0
377|R1|1|2|0|1|1|1|0|0|0|0|1|0|1654012340|1654012345|0|0|0|0|0|0|0|0|0|0
378|R1|1|2|0|1|1|1|0|0|0|0|1|0|1662210635|1662210640|0|0|0|0|0|0|0|0|0|0
379|R1|1|2|0|1|1|1|0|0|0|0|1|0|1671134836|1671134841|0|0|0|0|0|0|0|0|0|0
380|R1|1|2|0|1|1|1|0|0|0|0|1|0|1679374776|1679374781|0|0|0|0|0|0|0|0|0|0
381|R1|1|2|0|1|1|1|0|0|0|0|1|0|1686393614|1686393619|0|0|0|0|0|0|0|0|0|0
382|R1|1|2|0|1|1|1|0|0|0|0|1|0|1697361454|1697361459|0|0|0|0|0|0|0|0|0|0
383|R1|1|2|0|1|1|1|0|0|0|0|1|0|1704383540|1704383545|0|0|0|0|0|0|0|0|0|0
384|R1|1|2|0|1|1|1|0|0|0|0|1|0|1711614423|1711614428|0|0|0|0|0|0|0|0|0|0
385|R1|1|2|0|1|1|1|0|0|0|0|1|0|1719394877|1719394882|0|0|0|0|0|0|0|0|0|0
386|R1|1|2|0|1|1|1|0|0|0|0|1|0|1726323754|1726323759|0|0|0|0|0|0|0|0|0|0
387|R1|1|2|0|1|1|1|0|0|0|0|1|0|1733609254|1733609259|0|0|0|0|0|0|0|0|0|0
388|R1|1|2|0|1|1|1|0|0|0|0|1|0|1743362309|1743362314|0|0|0|0|0|0|0|0|0|0
389|R1|1|2|0|1|1|1|0|0|0|0|1|0|1750484189|1750484194|0|0|0|0|0|0|0|0|0|0
390|R1|1|2|0|1|1|1|0|0|0|0|1|0|1759058086|1759058091|0|0|0|0|0|0|0|0|0|0
391|R1|1|2|0|1|1|1|0|0|0|0|1|0|1767349286|1767349291|0|0|0|0|0|0|0|0|0|0
392|R1|1|2|0|1|1|1|0|0|0|0|1|0|1775669350|1775669355|0|0|0|0|0|0|0|0|0|0
393|R1|1|2|0|1|1|1|0|0|0|0|1|0|1783777371|1783777376|0|0|0|0|0|0|0|0|0|0
394|R1|1|2|0|1|1|1|0|0|0|0|1|0|1790336814|1790336819|0|0|0|0|0|0|0|0|0|0
395|R1|1|2|0|1|1|1|0|0|0|0|1|0|1797342831|1797342836|0|0|0|0|0|0|0|0|0|0
396|R1|1|2|0|1|1|1|0|0|0|0|1|0|1805524746|1805524751|0|0|0|0|0|0|0|0|0|0
397|R1|1|2|0|1|1|1|0|0|0|0|1|0|1814574445|1814574450|0|0|0|0|0|0|0|0|0|0
398|R1|1|2|0|1|1|1|0|0|0|0|1|0|1821378026|1821378031|0|0|0|0|0|0|0|0|0|0
399|R1|1|2|0|1|1|1|0|0|0|0|1|0|1828390605|1828390610|0|0|0|0|0|0|0|0|0|0
400|R1|1|2|0|1|1|1|0|0|0|0|1|0|1837504517|1837504522|0|0|0|0|0|0|0|0|0|0
401|R1|1|2|0|1|1|1|0|0|0|0|1|0|1843482359|1843482364|0|0|0|0|0|0|0|0|0|0
402|R1|1|2|0|1|1|1|0|0|0|0|1|0|1850330909|1850330914|0|0|0|0|0|0|0|0|0|0
403|R1|1|2|0|1|1|1|0|0|0|0|1|0|1857728864|1857728869|0|0|0|0|0|0|0|0|0|0
404|R1|1|2|0|1|1|1|0|0|0|0|1|0|1866318807|1866318812|0|0|0|0|0|0|0|0|0|0
405|R1|1|2|0|1|1|1|0|0|0|0|1|0|1874850930|1874850935|0|0|0|0|0|0|0|0|0|0
406|R1|1|2|0|1|1|1|0|0|0|0|1|0|1881493966|1881493971|0|0|0|0|0|0|0|0|0|0
407|R1|1|2|0|1|1|1|0|0|0|0|1|0|1889428484|1889428489|0|0|0|0|0|0|0|0|0|0
408|R1|1|2|0|1|1|1|0|0|0|0|1|0|1898439333|1898439338|0|0|0|0|0|0|0|0|0|0
409|R1|1|2|0|1|1|1|0|0|0|0|1|0|1906309586|1906309591|0|0|0|0|0|0|0|0|0|0
410|R1|1|2|0|1|1|1|0|0|0|0|1|0|1913492564|1913492569|0|0|0|0|0|0|0|0|0|0
411|R1|1|2|0|1|1|1|0|0|0|0|1|0|1920405386|1920405391|0|0|0|0|0|0|0|0|0|0
412|R1|1|2|0|1|1|1|0|0|0|0|1|0|1928998564|1928998569|0|0|0|0|0|0|0|0|0|0
413|R1|1|2|0|1|1|1|0|0|0|0|1|0|1936778834|1936778839|0|0|0|0|0|0|0|0|0|0
414|R1|1|2|0|1|1|1|0|0|0|0|1|0|1944498356|1944498361|0|0|0|0|0|0|0|0|0|0
415|R1|1|2|0|1|1|1|0|0|0|0|1|0|1952619229|1952619234|0|0|0|0|0|0|0|0|0|0
416|R1|1|2|0|1|1|1|0|0|0|0|1|0|1963432797|1963432802|0|0|0|0|0|0|0|0|0|0
417|R1|1|2|0|1|1|1|0|0|0|0|1|0|1971945647|1971945652|0|0|0|0|0|0|0|0|0|0
418|R1|1|2|0|1|1|1|0|0|0|0|1|0|1979099758|1979099763|0|0|0|0|0|0|0|0|0|0
419|R1|1|2|0|1|1|1|0|0|0|0|1|0|1987198148|1987198153|0|0|0|0|0|0|0|0|0|0
420|R1|1|2|0|1|1|1|0|0|0|0|1|0|1995049284|1995049289|0|0|0|0|0|0|0|0|0|0
421|R1|1|2|0|1|1|1|0|0|0|0|1|0|2002331575|2002331580|0|0|0|0|0|0|0|0|0|0
422|R1|1|2|0|1|1|1|0|0|0|0|1|0|2009488815|2009488820|0|0|0|0|0|0|0|0|0|0
423|R1|1|2|0|1|1|1|0|0|0|0|1|0|2017731767|2017731772|0|0|0|0|0|0|0|0|0|0
424|R1|1|2|0|1|1|1|0|0|0|0|1|0|2026710487|2026710492|0|0|0|0|0|0|0|0|0|0
425|R1|1|2|0|1|1|1|0|0|0|0|1|0|2034722117|2034722122|0|0|0|0|0|0|0|0|0|0
426|R1|1|2|0|1|1|1|0|0|0|0|1|0|2041287927|2041287932|0|0|0|0|0|0|0|0|0|0
427|R1|1|2|0|1|1|1|0|0|0|0|1|0|2047262639|2047262644|0|0|0|0|0|0|0|0|0|0
428|R1|1|2|0|1|1|1|0|0|0|0|1|0|2055370688|2055370693|0|0|0|0|0|0|0|0|0|0
429|R1|1|2|0|1|1|1|0|0|0|0|1|0|2065194420|2065194425|0|0|0|0|0|0|0|0|0|0
430|R1|1|2|0|1|1|1|0|0|0|0|1|0|2071381120|2071381125|0|0|0|0|0|0|0|0|0|0
431|R1|1|2|0|1|1|1|0|0|0|0|1|0|2078634493|2078634498|0|0|0|0|0|0|0|0|0|0
432|R1|1|2|0|1|1|1|0|0|0|0|1|0|2086318420|2086318425|0|0|0|0|0|0|0|0|0|0
433|R1|1|2|0|1|1|1|0|0|0|0|1|0|2092633652|2092633657|0|0|0|0|0|0|0|0|0|0
434|R1|1|2|0|1|1|1|0|0|0|0|1|0|2100410749|2100410754|0|0|0|0|0|0|0|0|0|0
435|R1|1|2|0|1|1|1|0|0|0|0|1|0|2107741230|2107741235|0|0|0|0|0|0|0|0|0|0
436|R1|1|2|0|1|1|1|0|0|0|0|1|0|2117973828|2117973833|0|0|0|0|0|0|0|0|0|0
437|R1|1|2|0|1|1|1|0|0|0|0|1|0|2125339693|2125339698|0|0|0|0|0|0|0|0|0|0
438|R1|1|2|0|1|1|1|0|0|0|0|1|0|2131491060|2131491065|0|0|0|0|0|0|0|0|0|0
439|R1|1|2|0|1|1|1|0|0|0|0|1|0|2141161409|2141161414|0|0|0|0|0|0|0|0|0|0
440|R1|1|2|0|1|1|1|0|0|0|0|1|0|2148498317|2148498322|0|0|0|0|0|0|0|0|0|0
441|R1|1|2|0|1|1|1|0|0|0|0|1|0|2156448923|2156448928|0|0|0|0|0|0|0|0|0|0
442|R1|1|2|0|1|1|1|0|0|0|0|1|0|2163377966|2163377971|0|0|0|0|0|0|0|0|0|0
443|R1|1|2|0|1|1|1|0|0|0|0|1|0|2170322907|2170322912|0|0|0|0|0|0|0|0|0|0
444|R1|1|2|0|1|1|1|0|0|0|0|1|0|2178704018|2178704023|0|0|0|0|0|0|0|0|0|0
445|R1|1|2|0|1|1|1|0|0|0|0|1|0|2186352573|2186352578|0|0|0|0|0|0|0|0|0|0
446|R1|1|2|0|1|1|1|0|0|0|0|1|0|2193252549|2193252554|0|0|0|0|0|0|0|0|0|0
447|R1|1|2|0|1|1|1|0|0|0|0|1|0|2200358125|2200358130|0|0|0|0|0|0|0|0|0|0
448|R1|1|2|0|1|1|1|0|0|0|0|1|0|2209350482|2209350487|0|0|0|0|0|0|0|0|0|0
449|R1|1|2|0|1|1|1|0|0|0|0|1|0|2215405586|2215405591|0|0|0|0|0|0|0|0|0|0
450|R1|1|2|0|1|1|1|0|0|0|0|1|0|2222337664|2222337669|0|0|0|0|0|0|0|0|0|0
451|R1|1|2|0|1|1|1|0|0|0|0|1|0|2229636324|2229636329|0|0|0|0|0|0|0|0|0|0
452|R1|1|2|0|1|1|1|0|0|0|0|1|0|2237924317|2237924322|0|0|0|0|0|0|0|0|0|0
453|R1|1|2|0|1|1|1|0|0|0|0|1|0|2245614644|2245614649|0|0|0|0|0|0|0|0|0|0
454|R1|1|2|0|1|1|1|0|0|0|0|1|0|2253247174|2253247179|0|0|0|0|0|0|0|0|0|0
455|R1|1|2|0|1|1|1|0|0|0|0|1|0|2260655067|2260655072|0|0|0|0|0|0|0|0|0|0
456|R1|1|2|0|1|1|1|0|0|0|0|1|0|2267352622|2267352627|0|0|0|0|0|0|0|0|0|0
457|R1|1|2|0|1|1|1|0|0|0|0|1|0|2276135351|2276135356|0|0|0|0|0|0|0|0|0|0
458|R1|1|2|0|1|1|1|0|0|0|0|1|0|2283797117|2283797122|0|0|0|0|0|0|0|0|0|0
459|R1|1|2|0|1|1|1|0|0|0|0|1|0|2291670950|2291670955|0|0|0|0|0|0|0|0|0|0
460|R1|1|2|0|1|1|1|0|0|0|0|1|0|2299444974|2299444979|0|0|0|0|0|0|0|0|0|0
461|R1|1|2|0|1|1|1|0|0|0|0|1|0|2308327296|2308327301|0|0|0|0|0|0|0|0|0|0
462|R1|1|2|0|1|1|1|0|0|0|0|1|0|2315535968|2315535973|0|0|0|0|0|0|0|0|0|0
463|R1|1|2|0|1|1|1|0|0|0|0|1|0|2323939575|2323939580|0|0|0|0|0|0|0|0|0|0
464|R1|1|2|0|1|1|1|0|0|0|0|1|0|2333201789|2333201794|0|0|0|0|0|0|0|0|0|0
465|R1|1|2|0|1|1|1|0|0|0|0|1|0|2339359704|2339359709|0|0|0|0|0|0|0|0|0|0
466|R1|1|2|0|1|1|1|0|0|0|0|1|0|2346359264|2346359269|0|0|0|0|0|0|0|0|0|0
467|R1|1|2|0|1|1|1|0|0|0|0|1|0|2353445751|2353445756|0|0|0|0|0|0|0|0|0|0
468|R1|1|2|0|1|1|1|0|0|0|0|1|0|2362308941|2362308946|0|0|0|0|0|0|0|0|0|0
469|R1|1|2|0|1|1|1|0|0|0|0|1|0|2369359904|2369359909|0|0|0|0|0|0|0|0|0|0
470|R1|1|2|0|1|1|1|0|0|0|0|1|0|2377898446|2377898451|0|0|0|0|0|0|0|0|0|0
471|R1|1|2|0|1|1|1|0|0|0|0|1|0|2385887575|2385887580|0|0|0|0|0|0|0|0|0|0
472|R1|1|2|0|1|1|1|0|0|0|0|1|0|2392472750|2392472755|0|0|0|0|0|0|0|0|0|0
473|R1|1|2|0|1|1|1|0|0|0|0|1|0|2402418758|2402418763|0|0|0|0|0|0|0|0|0|0
474|R1|1|2|0|1|1|1|0|0|0|0|1|0|2409489006|2409489011|0|0|0|0|0|0|0|0|0|0
475|R1|1|2|0|1|1|1|0|0|0|0|1|0|2417391471|2417391476|0|0|0|0|0|0|0|0|0|0
476|R1|1|2|0|1|1|1|0|0|0|0|1|0|2424487561|2424487566|0|0|0|0|0|0|0|0|0|0
477|R1|1|2|0|1|1|1|0|0|0|0|1|0|2432438139|2432438144|0|0|0|0|0|0|0|0|0|0
478|R1|1|2|0|1|1|1|0|0|0|0|1|0|2440401568|2440401573|0|0|0|0|0|0|0|0|0|0
479|R1|1|2|0|1|1|1|0|0|0|0|1|0|2447471845|2447471850|0|0|0|0|0|0|0|0|0|0
480|R1|1|2|0|1|1|1|0|0|0|0|1|0|2455769418|2455769423|0|0|0|0|0|0|0|0|0|0
481|R1|1|2|0|1|1|1|0|0|0|0|1|0|2465381093|2465381098|0|0|0|0|0|0|0|0|0|0
482|R1|1|2|0|1|1|1|0|0|0|0|1|0|2473675474|2473675479|0|0|0|0|0|0|0|0|0|0
483|R1|1|2|0|1|1|1|0|0|0|0|1|0|2481834885|2481834890|0|0|0|0|0|0|0|0|0|0
484|R1|1|2|0|1|1|1|0|0|0|0|1|0|2489371008|2489371013|0|0|0|0|0|0|0|0|0|0
485|R1|1|2|0|1|1|1|0|0|0|0|1|0|2497395645|2497395650|0|0|0|0|0|0|0|0|0|0
486|R1|1|2|0|1|1|1|0|0|0|0|1|0|2504363069|2504363074|0|0|0|0|0|0|0|0|0|0
487|R1|1|2|0|1|1|1|0|0|0|0|1|0|2510353765|2510353770|0|0|0|0|0|0|0|0|0|0
488|R1|1|2|0|1|1|1|0|0|0|0|1|0|2517526981|2517526986|0|0|0|0|0|0|0|0|0|0
489|R1|1|2|0|1|1|1|0|0|0|0|1|0|2525426228|2525426233|0|0|0|0|0|0|0|0|0|0
490|R1|1|2|0|1|1|1|0|0|0|0|1|0|2532721371|2532721376|0|0|0|0|0|0|0|0|0|0
491|R1|1|2|0|1|1|1|0|0|0|0|1|0|2540396224|2540396229|0|0|0|0|0|0|0|0|0|0
492|R1|1|2|0|1|1|1|0|0|0|0|1|0|2548928361|2548928366|0|0|0|0|0|0|0|0|0|0
493|R1|1|2|0|1|1|1|0|0|0|0|1|0|2557280731|2557280736|0|0|0|0|0|0|0|0|0|0
494|R1|1|2|0|1|1|1|0|0|0|0|1|0|2564392736|2564392741|0|0|0|0|0|0|0|0|0|0
495|R1|1|2|0|1|1|1|0|0|0|0|1|0|2572616672|2572616677|0|0|0|0|0|0|0|0|0|0
496|R1|1|2|0|1|1|1|0|0|0|0|1|0|2579404180|2579404185|0|0|0|0|0|0|0|0|0|0
497|R1|1|2|0|1|1|1|0|0|0|0|1|0|2587907364|2587907369|0|0|0|0|0|0|0|0|0|0
498|R1|1|2|0|1|1|1|0|0|0|0|1|0|2595581897|2595581902|0|0|0|0|0|0|0|0|0|0
499|R1|1|2|0|1|1|1|0|0|0|0|1|0|2602536457|2602536462|0|0|0|0|0|0|0|0|0|0
500|R1|1|2|0|1|1|1|0|0|0|0|1|0|2611531357|2611531362|0|0|0|0|0|0|0|0|0|0
501|R1|1|2|0|1|1|1|0|0|0|0|1|0|2621477975|2621477980|0|0|0|0|0|0|0|0|0|0
502|R1|1|2|0|1|1|1|0|0|0|0|1|0|2628381143|2628381148|0|0|0|0|0|0|0|0|0|0
503|R1|1|2|0|1|1|1|0|0|0|0|1|0|2634442525|2634442530|0|0|0|0|0|0|0|0|0|0
504|R1|1|2|0|1|1|1|0|0|0|0|1|0|2642486501|2642486506|0|0|0|0|0|0|0|0|0|0
505|R1|1|2|0|1|1|1|0|0|0|0|1|0|2652027503|2652027508|0|0|0|0|0|0|0|0|0|0
506|R1|1|2|0|1|1|1|0|0|0|0|1|0|2659589605|2659589610|0|0|0|0|0|0|0|0|0|0
507|R1|1|2|0|1|1|1|0|0|0|0|1|0|2667508265|2667508270|0|0|0|0|0|0|0|0|0|0
508|R1|1|2|0|1|1|1|0|0|0|0|1|0|2673935917|2673935922|0|0|0|0|0|0|0|0|0|0
509|R1|1|2|0|1|1|1|0|0|0|0|1|0|2681475398|2681475403|0|0|0|0|0|0|0|0|0|0
510|R1|1|2|0|1|1|1|0|0|0|0|1|0|2689477386|2689477391|0|0|0|0|0|0|0|0|0|0
511|R1|1|2|0|1|1|1|0|0|0|0|1|0|2696374126|2696374131|0|0|0|0|0|0|0|0|0|0
512|R1|1|2|0|1|1|1|0|0|0|0|1|0|2703534551|2703534556|0|0|0|0|0|0|0|0|0|0
513|R1|1|2|0|1|1|1|0|0|0|0|1|0|2712828128|2712828133|0|0|0|0|0|0|0|0|0|0
514|R1|1|2|0|1|1|1|0|0|0|0|1|0|2720634445|2720634450|0|0|0|0|0|0|0|0|0|0
515|R1|1|2|0|1|1|1|0|0|0|0|1|0|2728996292|2728996297|0|0|0|0|0|0|0|0|0|0
516|R1|1|2|0|1|1|1|0|0|0|0|1|0|2736455325|2736455330|0|0|0|0|0|0|0|0|0|0
517|R1|1|2|0|1|1|1|0|0|0|0|1|0|2746343428|2746343433|0|0|0|0|0|0|0|0|0|0
518|R1|1|2|0|1|1|1|0|0|0|0|1|0|2753371918|2753371923|0|0|0|0|0|0|0|0|0|0
519|R1|1|2|0|1|1|1|0|0|0|0|1|0|2759346551|2759346556|0|0|0|0|0|0|0|0|0|0
520|R1|1|2|0|1|1|1|0|0|0|0|1|0|2766664198|2766664203|0|0|0|0|0|0|0|0|0|0
521|R1|1|2|0|1|1|1|0|0|0|0|1|0|2776163412|2776163417|0|0|0|0|0|0|0|0|0|0
522|R1|1|2|0|1|1|1|0|0|0|0|1|0|2783539141|2783539146|0|0|0|0|0|0|0|0|0|0
523|R1|1|2|0|1|1|1|0|0|0|0|1|0|2790419817|2790419822|0|0|0|0|0|0|0|0|0|0
524|R1|1|2|0|1|1|1|0|0|0|0|1|0|2797451511|2797451516|0|0|0|0|0|0|0|0|0|0
525|R1|1|2|0|1|1|1|0|0|0|0|1|0|2805328212|2805328217|0|0|0|0|0|0|0|0|0|0
526|R1|1|2|0|1|1|1|0|0|0|0|1|0|2812658976|2812658981|0|0|0|0|0|0|0|0|0|0
527|R1|1|2|0|1|1|1|0|0|0|0|1|0|2821329257|2821329262|0|0|0|0|0|0|0|0|0|0
528|R1|1|2|0|1|1|1|0|0|0|0|1|0|2828428411|2828428416|0|0|0|0|0|0|0|0|0|0
529|R1|1|2|0|1|1|1|0|0|0|0|1|0|2836208722|2836208727|0|0|0|0|0|0|0|0|0|0
530|R1|1|2|0|1|1|1|0|0|0|0|1|0|2843558772|2843558777|0|0|0|0|0|0|0|0|0|0
531|R1|1|2|0|1|1|1|0|0|0|0|1|0|2851692477|2851692482|0|0|0|0|0|0|0|0|0|0
532|R1|1|2|0|1|1|1|0|0|0|0|1|0|2858357883|2858357888|0|0|0|0|0|0|0|0|0|0
533|R1|1|2|0|1|1|1|0|0|0|0|1|0|2866334996|2866335001|0|0|0|0|0|0|0|0|0|0
534|R1|1|2|0|1|1|1|0|0|0|0|1|0|2872733732|2872733737|0|0|0|0|0|0|0|0|0|0
535|R1|1|2|0|1|1|1|0|0|0|0|1|0|2880713199|2880713204|0|0|0|0|0|0|0|0|0|0
536|R1|1|2|0|1|1|1|0|0|0|0|1|0|2888496984|2888496989|0|0|0|0|0|0|0|0|0|0
537|R1|1|2|0|1|1|1|0|0|0|0|1|0|2897328741|2897328746|0|0|0|0|0|0|0|0|0|0
538|R1|1|2|0|1|1|1|0|0|0|0|1|0|2904405428|2904405433|0|0|0|0|0|0|0|0|0|0
539|R1|1|2|0|1|1|1|0|0|0|0|1|0|2911806589|2911806594|0|0|0|0|0|0|0|0|0|0
540|R1|1|2|0|1|1|1|0|0|0|0|1|0|2920460992|2920460997|0|0|0|0|0|0|0|0|0|0
541|R1|1|2|0|1|1|1|0|0|0|0|1|0|2929456567|2929456572|0|0|0|0|0|0|0|0|0|0
542|R1|1|2|0|1|1|1|0|0|0|0|1|0|2936584751|2936584756|0|0|0|0|0|0|0|0|0|0
543|R1|1|2|0|1|1|1|0|0|0|0|1|0|2944371470|2944371475|0|0|0|0|0|0|0|0|0|0
544|R1|1|2|0|1|1|1|0|0|0|0|1|0|2951551250|2951551255|0|0|0|0|0|0|0|0|0|0
545|R1|1|2|0|1|1|1|0|0|0|0|1|0|2960521307|2960521312|0|0|0|0|0|0|0|0|0|0
546|R1|1|2|0|1|1|1|0|0|0|0|1|0|2966887901|2966887906|0|0|0|0|0|0|0|0|0|0
547|R1|1|2|0|1|1|1|0|0|0|0|1|0|2972470561|2972470566|0|0|0|0|0|0|0|0|0|0
548|R1|1|2|0|1|1|1|0|0|0|0|1|0|2980459837|2980459842|0|0|0|0|0|0|0|0|0|0
549|R1|1|2|0|1|1|1|0|0|0|0|1|0|2987475511|2987475516|0|0|0|0|0|0|0|0|0|0
550|R1|1|2|0|1|1|1|0|0|0|0|1|0|2996415680|2996415685|0|0|0|0|0|0|0|0|0|0
551|R1|1|2|0|1|1|1|0|0|0|0|1|0|3003614724|3003614729|0|0|0|0|0|0|0|0|0|0
552|R1|1|2|0|1|1|1|0|0|0|0|1|0|3011427334|3011427339|0|0|0|0|0|0|0|0|0|0
553|R1|1|2|0|1|1|1|0|0|0|0|1|0|3018381908|3018381913|0|0|0|0|0|0|0|0|0|0
554|R1|1|2|0|1|1|1|0|0|0|0|1|0|3026605842|3026605847|0|0|0|0|0|0|0|0|0|0
555|R1|1|2|0|1|1|1|0|0|0|0|1|0|3035443220|3035443225|0|0|0|0|0|0|0|0|0|0
556|R1|1|2|0|1|1|1|0|0|0|0|1|0|3042610100|3042610105|0|0|0|0|0|0|0|0|0|0
557|R1|1|2|0|1|1|1|0|0|0|0|1|0|3050596279|3050596284|0|0|0|0|0|0|0|0|0|0
558|R1|1|2|0|1|1|1|0|0|0|0|1|0|3060416782|3060416787|0|0|0|0|0|0|0|0|0|0
559|R1|1|2|0|1|1|1|0|0|0|0|1|0|3067535209|3067535214|0|0|0|0|0|0|0|0|0|0
560|R1|1|2|0|1|1|1|0|0|0|0|1|0|3075665988|3075665993|0|0|0|0|0|0|0|0|0|0
561|R1|1|2|0|1|1|1|0|0|0|0|1|0|3084250245|3084250250|0|0|0|0|0|0|0|0|0|0
562|R1|1|2|0|1|1|1|0|0|0|0|1|0|3090588189|3090588194|0|0|0|0|0|0|0|0|0|0
563|R1|1|2|0|1|1|1|0|0|0|0|1|0|3097234340|3097234345|0|0|0|0|0|0|0|0|0|0
564|R1|1|2|0|1|1|1|0|0|0|0|1|0|3104571328|3104571333|0|0|0|0|0|0|0|0|0|0
565|R1|1|2|0|1|1|1|0|0|0|0|1|0|3113363727|3113363732|0|0|0|0|0|0|0|0|0|0
566|R1|1|2|0|1|1|1|0|0|0|0|1|0|3122464535|3122464540|0|0|0|0|0|0|0|0|0|0
567|R1|1|2|0|1|1|1|0|0|0|0|1|0|3129926752|3129926757|0|0|0|0|0|0|0|0|0|0
568|R1|1|2|0|1|1|1|0|0|0|0|1|0|3137501422|3137501427|0|0|0|0|0|0|0|0|0|0
569|R1|1|2|0|1|1|1|0|0|0|0|1|0|3145342836|3145342841|0|0|0|0|0|0|0|0|0|0
570|R1|1|2|0|1|1|1|0|0|0|0|1|0|3153422080|3153422085|0|0|0|0|0|0|0|0|0|0
571|R1|1|2|0|1|1|1|0|0|0|0|1|0|3160373431|3160373436|0|0|0|0|0|0|0|0|0|0
572|R1|1|2|0|1|1|1|0|0|0|0|1|0|3168713796|3168713801|0|0|0|0|0|0|0|0|0|0
573|R1|1|2|0|1|1|1|0|0|0|0|1|0|3178592133|3178592138|0|0|0|0|0|0|0|0|0|0
574|R1|1|2|0|1|1|1|0|0|0|0|1|0|3188615045|3188615050|0|0|0|0|0|0|0|0|0|0
575|R1|1|2|0|1|1|1|0|0|0|0|1|0|3196112864|3196112869|0|0|0|0|0|0|0|0|0|0
576|R1|1|2|0|1|1|1|0|0|0|0|1|0|3203408041|3203408046|0|0|0|0|0|0|0|0|0|0
577|R1|1|2|0|1|1|1|0|0|0|0|1|0|3210623122|3210623127|0|0|0|0|0|0|0|0|0|0
578|R1|1|2|0|1|1|1|0|0|0|0|1|0|3218625097|3218625102|0|0|0|0|0|0|0|0|0|0
579|R1|1|2|0|1|1|1|0|0|0|0|1|0|3226308996|3226309001|0|0|0|0|0|0|0|0|0|0
580|R1|1|2|0|1|1|1|0|0|0|0|1|0|3233771205|3233771210|0|0|0|0|0|0|0|0|0|0
581|R1|1|2|0|1|1|1|0|0|0|0|1|0|3242595947|3242595952|0|0|0|0|0|0|0|0|0|0
582|R1|1|2|0|1|1|1|0|0|0|0|1|0|3251973061|3251973066|0|0|0|0|0|0|0|0|0|0
583|R1|1|2|0|1|1|1|0|0|0|0|1|0|3260813623|3260813628|0|0|0|0|0|0|0|0|0|0
584|R1|1|2|0|1|1|1|0|0|0|0|1|0|3268725998|3268726003|0|0|0|0|0|0|0|0|0|0
585|R1|1|2|0|1|1|1|0|0|0|0|1|0|3276873285|3276873290|0|0|0|0|0|0|0|0|0|0
586|R1|1|2|0|1|1|1|0|0|0|0|1|0|3283603241|3283603246|0|0|0|0|0|0|0|0|0|0
587|R1|1|2|0|1|1|1|0|0|0|0|1|0|3291483165|3291483170|0|0|0|0|0|0|0|0|0|0
588|R1|1|2|0|1|1|1|0|0|0|0|1|0|3299337362|3299337367|0|0|0|0|0|0|0|0|0|0
589|R1|1|2|0|1|1|1|0|0|0|0|1|0|3306831709|3306831714|0|0|0|0|0|0|0|0|0|0
590|R1|1|2|0|1|1|1|0|0|0|0|1|0|3315518080|3315518085|0|0|0|0|0|0|0|0|0|0
591|R1|1|2|0|1|1|1|0|0|0|0|1|0|3323706724|3323706729|0|0|0|0|0|0|0|0|0|0
592|R1|1|2|0|1|1|1|0|0|0|0|1|0|3331769753|3331769758|0|0|0|0|0|0|0|0|0|0
593|R1|1|2|0|1|1|1|0|0|0|0|1|0|3340112955|3340112960|0|0|0|0|0|0|0|0|0|0
594|R1|1|2|0|1|1|1|0|0|0|0|1|0|3347417741|3347417746|0|0|0|0|0|0|0|0|0|0
595|R1|1|2|0|1|1|1|0|0|0|0|1|0|3355374790|3355374795|0|0|0|0|0|0|0|0|0|0
596|R1|1|2|0|1|1|1|0|0|0|0|1|0|3362708788|3362708793|0|0|0|0|0|0|0|0|0|0
597|R1|1|2|0|1|1|1|0|0|0|0|1|0|3369583049|3369583054|0|0|0|0|0|0|0|0|0|0
598|R1|1|2|0|1|1|1|0|0|0|0|1|0|3378092678|3378092683|0|0|0|0|0|0|0|0|0|0
599|R1|1|2|0|1|1|1|0|0|0|0|1|0|3384407877|3384407882|0|0|0|0|0|0|0|0|0|0
600|R1|1|2|0|1|1|1|0|0|0|0|1|0|3391645486|3391645491|0|0|0|0|0|0|0|0|0|0
601|R1|1|2|0|1|1|1|0|0|0|0|1|0|3398407269|3398407274|0|0|0|0|0|0|0|0|0|0
602|R1|1|2|0|1|1|1|0|0|0|0|1|0|3405535346|3405535351|0|0|0|0|0|0|0|0|0|0
603|R1|1|2|0|1|1|1|0|0|0|0|1|0|3413322095|3413322100|0|0|0|0|0|0|0|0|0|0
604|R1|1|2|0|1|1|1|0|0|0|0|1|0|3420229015|3420229020|0|0|0|0|0|0|0|0|0|0
605|R1|1|2|0|1|1|1|0|0|0|0|1|0|3427347461|3427347466|0|0|0|0|0|0|0|0|0|0
606|R1|1|2|0|1|1|1|0|0|0|0|1|0|3436046665|3436046670|0|0|0|0|0|0|0|0|0|0
607|R1|1|2|0|1|1|1|0|0|0|0|1|0|3442384352|3442384357|0|0|0|0|0|0|0|0|0|0
608|R1|1|2|0|1|1|1|0|0|0|0|1|0|3449631565|3449631570|0|0|0|0|0|0|0|0|0|0
609|R1|1|2|0|1|1|1|0|0|0|0|1|0|3457852020|3457852025|0|0|0|0|0|0|0|0|0|0
610|R1|1|2|0|1|1|1|0|0|0|0|1|0|3465211457|3465211462|0|0|0|0|0|0|0|0|0|0
611|R1|1|2|0|1|1|1|0|0|0|0|1|0|3472686904|3472686909|0|0|0|0|0|0|0|0|0|0
612|R1|1|2|0|1|1|1|0|0|0|0|1|0|3480730935|3480730940|0|0|0|0|0|0|0|0|0|0
613|R1|1|2|0|1|1|1|0|0|0|0|1|0|3488736137|3488736142|0|0|0|0|0|0|0|0|0|0
614|R1|1|2|0|1|1|1|0|0|0|0|1|0|3498116644|3498116649|0|0|0|0|0|0|0|0|0|0
615|R1|1|2|0|1|1|1|0|0|0|0|1|0|3505585322|3505585327|0|0|0|0|0|0|0|0|0|0
616|R1|1|2|0|1|1|1|0|0|0|0|1|0|3515657373|3515657378|0|0|0|0|0|0|0|0|0|0
617|R1|1|2|0|1|1|1|0|0|0|0|1|0|3522589453|3522589458|0|0|0|0|0|0|0|0|0|0
618|R1|1|2|0|1|1|1|0|0|0|0|1|0|3531581034|3531581039|0|0|0|0|0|0|0|0|0|0
619|R1|1|2|0|1|1|1|0|0|0|0|1|0|3539544462|3539544467|0|0|0|0|0|0|0|0|0|0
620|R1|1|2|0|1|1|1|0|0|0|0|1|0|3546531261|3546531266|0|0|0|0|0|0|0|0|0|0
621|R1|1|2|0|1|1|1|0|0|0|0|1|0|3555526141|3555526146|0|0|0|0|0|0|0|0|0|0
622|R1|1|2|0|1|1|1|0|0|0|0|1|0|3567782068|3567782073|0|0|0|0|0|0|0|0|0|0
623|R1|1|2|0|1|1|1|0|0|0|0|1|0|3576516628|3576516633|0|0|0|0|0|0|0|0|0|0
624|R1|1|2|0|1|1|1|0|0|0|0|1|0|3584952413|3584952418|0|0|0|0|0|0|0|0|0|0
625|R1|1|2|0|1|1|1|0|0|0|0|1|0|3595383511|3595383516|0|0|0|0|0|0|0|0|0|0
626|R1|1|2|0|1|1|1|0|0|0|0|1|0|3602370222|3602370227|0|0|0|0|0|0|0|0|0|0
627|R1|1|2|0|1|1|1|0|0|0|0|1|0|3612138148|3612138153|0|0|0|0|0|0|0|0|0|0
628|R1|1|2|0|1|1|1|0|0|0|0|1|0|3620811672|3620811677|0|0|0|0|0|0|0|0|0|0
629|R1|1|2|0|1|1|1|0|0|0|0|1|0|3630596852|3630596857|0|0|0|0|0|0|0|0|0|0
630|R1|1|2|0|1|1|1|0|0|0|0|1|0|3639357112|3639357117|0|0|0|0|0|0|0|0|0|0
631|R1|1|2|0|1|1|1|0|0|0|0|1|0|3646979973|3646979978|0|0|0|0|0|0|0|0|0|0
632|R1|1|2|0|1|1|1|0|0|0|0|1|0|3655846235|3655846240|0|0|0|0|0|0|0|0|0|0
633|R1|1|2|0|1|1|1|0|0|0|0|1|0|3665018958|3665018963|0|0|0|0|0|0|0|0|0|0
634|R1|1|2|0|1|1|1|0|0|0|0|1|0|3672616366|3672616371|0|0|0|0|0|0|0|0|0|0
635|R1|1|2|0|1|1|1|0|0|0|0|1|0|3680515700|3680515705|0|0|0|0|0|0|0|0|0|0
636|R1|1|2|0|1|1|1|0|0|0|0|1|0|3688813645|3688813650|0|0|0|0|0|0|0|0|0|0
637|R1|1|2|0|1|1|1|0|0|0|0|1|0|3699666363|3699666368|0|0|0|0|0|0|0|0|0|0
638|R1|1|2|0|1|1|1|0|0|0|0|1|0|3707414548|3707414553|0|0|0|0|0|0|0|0|0|0
639|R1|1|2|0|1|1|1|0|0|0|0|1|0|3714626445|3714626450|0|0|0|0|0|0|0|0|0|0
640|R1|1|2|0|1|1|1|0|0|0|0|1|0|3722439012|3722439017|0|0|0|0|0|0|0|0|0|0
641|R1|1|2|0|1|1|1|0|0|0|0|1|0|3730392804|3730392809|0|0|0|0|0|0|0|0|0|0
642|R1|1|2|0|1|1|1|0|0|0|0|1|0|3737482455|3737482460|0|0|0|0|0|0|0|0|0|0
643|R1|1|2|0|1|1|1|0|0|0|0|1|0|3745597156|3745597161|0|0|0|0|0|0|0|0|0|0
644|R1|1|2|0|1|1|1|0|0|0|0|1|0|3753393604|3753393609|0|0|0|0|0|0|0|0|0|0
645|R1|1|2|0|1|1|1|0|0|0|0|1|0|3762253454|3762253459|0|0|0|0|0|0|0|0|0|0
646|R1|1|2|0|1|1|1|0|0|0|0|1|0|3769311017|3769311022|0|0|0|0|0|0|0|0|0|0
647|R1|1|2|0|1|1|1|0|0|0|0|1|0|3776368398|3776368403|0|0|0|0|0|0|0|0|0|0
648|R1|1|2|0|1|1|1|0|0|0|0|1|0|3783785668|3783785673|0|0|0|0|0|0|0|0|0|0
649|R1|1|2|0|1|1|1|0|0|0|0|1|0|3793079357|3793079362|0|0|0|0|0|0|0|0|0|0
650|R1|1|2|0|1|1|1|0|0|0|0|1|0|3800448564|3800448569|0|0|0|0|0|0|0|0|0|0
651|R1|1|2|0|1|1|1|0|0|0|0|1|0|3808598596|3808598601|0|0|0|0|0|0|0|0|0|0
652|R1|1|2|0|1|1|1|0|0|0|0|1|0|3816716599|3816716604|0|0|0|0|0|0|0|0|0|0
653|R1|1|2|0|1|1|1|0|0|0|0|1|0|3825531457|3825531462|0|0|0|0|0|0|0|0|0|0
654|R1|1|2|0|1|1|1|0|0|0|0|1|0|3834513627|3834513632|0|0|0|0|0|0|0|0|0|0
655|R1|1|2|0|1|1|1|0|0|0|0|1|0|3842464329|3842464334|0|0|0|0|0|0|0|0|0|0
656|R1|1|2|0|1|1|1|0|0|0|0|1|0|3851472101|3851472106|0|0|0|0|0|0|0|0|0|0
657|R1|1|2|0|1|1|1|0|0|0|0|1|0|3859721807|3859721812|0|0|0|0|0|0|0|0|0|0
658|R1|1|2|0|1|1|1|0|0|0|0|1|0|3867730223|3867730228|0|0|0|0|0|0|0|0|0|0
659|R1|1|2|0|1|1|1|0|0|0|0|1|0|3875687521|3875687526|0|0|0|0|0|0|0|0|0|0
660|R1|1|2|0|1|1|1|0|0|0|0|1|0|3883625527|3883625532|0|0|0|0|0|0|0|0|0|0
661|R1|1|2|0|1|1|1|0|0|0|0|1|0|3893417165|3893417170|0|0|0|0|0|0|0|0|0|0
662|R1|1|2|0|1|1|1|0|0|0|0|1|0|3901435229|3901435234|0|0|0|0|0|0|0|0|0|0
663|R1|1|2|0|1|1|1|0|0|0|0|1|0|3908425277|3908425282|0|0|0|0|0|0|0|0|0|0
664|R1|1|2|0|1|1|1|0|0|0|0|1|0|3915424846|3915424851|0|0|0|0|0|0|0|0|0|0
665|R1|1|2|0|1|1|1|0|0|0|0|1|0|3923613458|3923613463|0|0|0|0|0|0|0|0|0|0
666|R1|1|2|0|1|1|1|0|0|0|0|1|0|3931801798|3931801803|0|0|0|0|0|0|0|0|0|0
667|R1|1|2|0|1|1|1|0|0|0|0|1|0|3939698016|3939698021|0|0|0|0|0|0|0|0|0|0
668|R1|1|2|0|1|1|1|0|0|0|0|1|0|3948436567|3948436572|0|0|0|0|0|0|0|0|0|0
669|R1|1|2|0|1|1|1|0|0|0|0|1|0|3955622496|3955622501|0|0|0|0|0|0|0|0|0|0
670|R1|1|2|0|1|1|1|0|0|0|0|1|0|3963560265|3963560270|0|0|0|0|0|0|0|0|0|0
671|R1|1|2|0|1|1|1|0|0|0|0|1|0|3971456242|3971456247|0|0|0|0|0|0|0|0|0|0
672|R1|1|2|0|1|1|1|0|0|0|0|1|0|3980233956|3980233961|0|0|0|0|0|0|0|0|0|0
673|R1|1|2|0|1|1|1|0|0|0|0|1|0|3986568573|3986568578|0|0|0|0|0|0|0|0|0|0
674|R1|1|2|0|1|1|1|0|0|0|0|1|0|3993725560|3993725565|0|0|0|0|0|0|0|0|0|0
675|R1|1|2|0|1|1|1|0|0|0|0|1|0|4002328672|4002328677|0|0|0|0|0|0|0|0|0|0
676|R1|1|2|0|1|1|1|0|0|0|0|1|0|4009575661|4009575666|0|0|0|0|0|0|0|0|0|0
677|R1|1|2|0|1|1|1|0|0|0|0|1|0|4017198973|4017198978|0|0|0|0|0|0|0|0|0|0
678|R1|1|2|0|1|1|1|0|0|0|0|1|0|4025413037|4025413042|0|0|0|0|0|0|0|0|0|0
679|R1|1|2|0|1|1|1|0|0|0|0|1|0|4032528388|4032528393|0|0|0|0|0|0|0|0|0|0
680|R1|1|2|0|1|1|1|0|0|0|0|1|0|4039707860|4039707865|0|0|0|0|0|0|0|0|0|0
681|R1|1|2|0|1|1|1|0|0|0|0|1|0|4046852157|4046852162|0|0|0|0|0|0|0|0|0|0
682|R1|1|2|0|1|1|1|0|0|0|0|1|0|4055654164|4055654169|0|0|0|0|0|0|0|0|0|0
683|R1|1|2|0|1|1|1|0|0|0|0|1|0|4062994432|4062994437|0|0|0|0|0|0|0|0|0|0
684|R1|1|2|0|1|1|1|0|0|0|0|1|0|4071439808|4071439813|0|0|0|0|0|0|0|0|0|0
685|R1|1|2|0|1|1|1|0|0|0|0|1|0|4079730962|4079730967|0|0|0|0|0|0|0|0|0|0
686|R1|1|2|0|1|1|1|0|0|0|0|1|0|4086736941|4086736946|0|0|0|0|0|0|0|0|0|0
687|R1|1|2|0|1|1|1|0|0|0|0|1|0|4092171805|4092171810|0|0|0|0|0|0|0|0|0|0
688|R1|1|2|0|1|1|1|0|0|0|0|1|0|4099473385|4099473390|0|0|0|0|0|0|0|0|0|0
689|R1|1|2|0|1|1|1|0|0|0|0|1|0|4107282653|4107282658|0|0|0|0|0|0|0|0|0|0
690|R1|1|2|0|1|1|1|0|0|0|0|1|0|4115590002|4115590007|0|0|0|0|0|0|0|0|0|0
691|R1|1|2|0|1|1|1|0|0|0|0|1|0|4122576686|4122576691|0|0|0|0|0|0|0|0|0|0
692|R1|1|2|0|1|1|1|0|0|0|0|1|0|4130482285|4130482290|0|0|0|0|0|0|0|0|0|0
693|R1|1|2|0|1|1|1|0|0|0|0|1|0|4137771188|4137771193|0|0|0|0|0|0|0|0|0|0
694|R1|1|2|0|1|1|1|0|0|0|0|1|0|4145648148|4145648153|0|0|0|0|0|0|0|0|0|0
695|R1|1|2|0|1|1|1|0|0|0|0|1|0|4154620709|4154620714|0|0|0|0|0|0|0|0|0|0
696|R1|1|2|0|1|1|1|0|0|0|0|1|0|4161379300|4161379305|0|0|0|0|0|0|0|0|0|0
697|R1|1|2|0|1|1|1|0|0|0|0|1|0|4169292073|4169292078|0|0|0|0|0|0|0|0|0|0
698|R1|1|2|0|1|1|1|0|0|0|0|1|0|4174636960|4174636965|0|0|0|0|0|0|0|0|0|0
699|R1|1|2|0|1|1|1|0|0|0|0|1|0|4182439745|4182439750|0|0|0|0|0|0|0|0|0|0
700|R1|1|2|0|1|1|1|0|0|0|0|1|0|4188462571|4188462576|0|0|0|0|0|0|0|0|0|0
701|R1|1|2|0|1|1|1|0|0|0|0|1|0|4195623040|4195623045|0|0|0|0|0|0|0|0|0|0
702|R1|1|2|0|1|1|1|0|0|0|0|1|0|4204852701|4204852706|0|0|0|0|0|0|0|0|0|0
703|R1|1|2|0|1|1|1|0|0|0|0|1|0|4212989664|4212989669|0|0|0|0|0|0|0|0|0|0
704|R1|1|2|0|1|1|1|0|0|0|0|1|0|4219362702|4219362707|0|0|0|0|0|0|0|0|0|0
705|R1|1|2|0|1|1|1|0|0|0|0|1|0|4226584125|4226584130|0|0|0|0|0|0|0|0|0|0
706|R1|1|2|0|1|1|1|0|0|0|0|1|0|4235848797|4235848802|0|0|0|0|0|0|0|0|0|0
707|R1|1|2|0|1|1|1|0|0|0|0|1|0|4244824311|4244824316|0|0|0|0|0|0|0|0|0|0
708|R1|1|2|0|1|1|1|0|0|0|0|1|0|4253388567|4253388572|0|0|0|0|0|0|0|0|0|0
709|R1|1|2|0|1|1|1|0|0|0|0|1|0|4260632530|4260632535|0|0|0|0|0|0|0|0|0|0
710|R1|1|2|0|1|1|1|0|0|0|0|1|0|4269537501|4269537506|0|0|0|0|0|0|0|0|0|0
711|R1|1|2|0|1|1|1|0|0|0|0|1|0|4276424605|4276424610|0|0|0|0|0|0|0|0|0|0
712|R1|1|2|0|1|1|1|0|0|0|0|1|0|4283617199|4283617204|0|0|0|0|0|0|0|0|0|0
713|R1|1|2|0|1|1|1|0|0|0|0|1|0|4291613029|4291613034|0|0|0|0|0|0|0|0|0|0
714|R1|1|2|0|1|1|1|0|0|0|0|1|0|6392352|6392357|0|0|0|0|0|0|0|0|0|0
715|R1|1|2|0|1|1|1|0|0|0|0|1|0|13562214|13562219|0|0|0|0|0|0|0|0|0|0
716|R1|1|2|0|1|1|1|0|0|0|0|1|0|20565006|20565011|0|0|0|0|0|0|0|0|0|0
717|R1|1|2|0|1|1|1|0|0|0|0|1|0|28483462|28483467|0|0|0|0|0|0|0|0|0|0
718|R1|1|2|0|1|1|1|0|0|0|0|1|0|36469541|36469546|0|0|0|0|0|0|0|0|0|0
719|R1|1|2|0|1|1|1|0|0|0|0|1|0|43597623|43597628|0|0|0|0|0|0|0|0|0|0
720|R1|1|2|0|1|1|1|0|0|0|0|1|0|51875914|51875919|0|0|0|0|0|0|0|0|0|0
721|R1|1|2|0|1|1|1|0|0|0|0|1|0|59765446|59765451|0|0|0|0|0|0|0|0|0|0
722|R1|1|2|0|1|1|1|0|0|0|0|1|0|68789445|68789450|0|0|0|0|0|0|0|0|0|0
723|R1|1|2|0|1|1|1|0|0|0|0|1|0|77858130|77858135|0|0|0|0|0|0|0|0|0|0
724|R1|1|2|0|1|1|1|0|0|0|0|1|0|84449673|84449678|0|0|0|0|0|0|0|0|0|0
725|R1|1|2|0|1|1|1|0|0|0|0|1|0|91529693|91529698|0|0|0|0|0|0|0|0|0|0
726|R1|1|2|0|1|1|1|0|0|0|0|1|0|99515661|99515666|0|0|0|0|0|0|0|0|0|0
727|R1|1|2|0|1|1|1|0|0|0|0|1|0|106492902|106492907|0|0|0|0|0|0|0|0|0|0
728|R1|1|2|0|1|1|1|0|0|0|0|1|0|113508522|113508527|0|0|0|0|0|0|0|0|0|0
729|R1|1|2|0|1|1|1|0|0|0|0|1|0|121516941|121516946|0|0|0|0|0|0|0|0|0|0
730|R1|1|2|0|1|1|1|0|0|0|0|1|0|129419602|129419607|0|0|0|0|0|0|0|0|0|0
731|R1|1|2|0|1|1|1|0|0|0|0|1|0|136544507|136544512|0|0|0|0|0|0|0|0|0|0
732|R1|1|2|0|1|1|1|0|0|0|0|1|0|143656773|143656778|0|0|0|0|0|0|0|0|0|0
733|R1|1|2|0|1|1|1|0|0|0|0|1|0|151501463|151501468|0|0|0|0|0|0|0|0|0|0
734|R1|1|2|0|1|1|1|0|0|0|0|1|0|159500247|159500252|0|0|0|0|0|0|0|0|0|0
735|R1|1|2|0|1|1|1|0|0|0|0|1|0|166876064|166876069|0|0|0|0|0|0|0|0|0|0
736|R1|1|2|0|1|1|1|0|0|0|0|1|0|174454100|174454105|0|0|0|0|0|0|0|0|0|0
737|R1|1|2|0|1|1|1|0|0|0|0|1|0|180727534|180727539|0|0|0|0|0|0|0|0|0|0
738|R1|1|2|0|1|1|1|0|0|0|0|1|0|190332916|190332921|0|0|0|0|0|0|0|0|0|0
739|R1|1|2|0|1|1|1|0|0|0|0|1|0|198469861|198469866|0|0|0|0|0|0|0|0|0|0
740|R1|1|2|0|1|1|1|0|0|0|0|1|0|204730447|204730452|0|0|0|0|0|0|0|0|0|0
741|R1|1|2|0|1|1|1|0|0|0|0|1|0|212523626|212523631|0|0|0|0|0|0|0|0|0|0
742|R1|1|2|0|1|1|1|0|0|0|0|1|0|220522409|220522414|0|0|0|0|0|0|0|0|0|0
743|R1|1|2|0|1|1|1|0|0|0|0|1|0|228614610|228614615|0|0|0|0|0|0|0|0|0|0
744|R1|1|2|0|1|1|1|0|0|0|0|1|0|236741975|236741980|0|0|0|0|0|0|0|0|0|0
745|R1|1|2|0|1|1|1|0|0|0|0|1|0|244663640|244663645|0|0|0|0|0|0|0|0|0|0
746|R1|1|2|0|1|1|1|0|0|0|0|1|0|253227899|253227904|0|0|0|0|0|0|0|0|0|0
747|R1|1|2|0|1|1|1|0|0|0|0|1|0|261712109|261712114|0|0|0|0|0|0|0|0|0|0
748|R1|1|2|0|1|1|1|0|0|0|0|1|0|270028980|270028985|0|0|0|0|0|0|0|0|0|0
749|R1|1|2|0|1|1|1|0|0|0|0|1|0|277828549|277828554|0|0|0|0|0|0|0|0|0|0
750|R1|1|2|0|1|1|1|0|0|0|0|1|0|285509417|285509422|0|0|0|0|0|0|0|0|0|0
751|R1|1|2|0|1|1|1|0|0|0|0|1|0|293312247|293312252|0|0|0|0|0|0|0|0|0|0
752|R1|1|2|0|1|1|1|0|0|0|0|1|0|300845554|300845559|0|0|0|0|0|0|0|0|0|0
753|R1|1|2|0|1|1|1|0|0|0|0|1|0|307584855|307584860|0|0|0|0|0|0|0|0|0|0
754|R1|1|2|0|1|1|1|0|0|0|0|1|0|315310537|315310542|0|0|0|0|0|0|0|0|0|0
755|R1|1|2|0|1|1|1|0|0|0|0|1|0|323550285|323550290|0|0|0|0|0|0|0|0|0|0
756|R1|1|2|0|1|1|1|0|0|0|0|1|0|329528132|329528137|0|0|0|0|0|0|0|0|0|0
757|R1|1|2|0|1|1|1|0|0|0|0|1|0|338391236|338391241|0|0|0|0|0|0|0|0|0|0
758|R1|1|2|0|1|1|1|0|0|0|0|1|0|346271812|346271817|0|0|0|0|0|0|0|0|0|0
759|R1|1|2|0|1|1|1|0|0|0|0|1|0|352715789|352715794|0|0|0|0|0|0|0|0|0|0
760|R1|1|2|0|1|1|1|0|0|0|0|1|0|359599686|359599691|0|0|0|0|0|0|0|0|0|0
761|R1|1|2|0|1|1|1|0|0|0|0|1|0|367489230|367489235|0|0|0|0|0|0|0|0|0|0
762|R1|1|2|0|1|1|1|0|0|0|0|1|0|374781504|374781509|0|0|0|0|0|0|0|0|0|0
763|R1|1|2|0|1|1|1|0|0|0|0|1|0|383792685|383792690|0|0|0|0|0|0|0|0|0|0
764|R1|1|2|0|1|1|1|0|0|0|0|1|0|392466185|392466190|0|0|0|0|0|0|0|0|0|0
765|R1|1|2|0|1|1|1|0|0|0|0|1|0|399575122|399575127|0|0|0|0|0|0|0|0|0|0
766|R1|1|2|0|1|1|1|0|0|0|0|1|0|408476852|408476857|0|0|0|0|0|0|0|0|0|0
767|R1|1|2|0|1|1|1|0|0|0|0|1|0|414576788|414576793|0|0|0|0|0|0|0|0|0|0
768|R1|1|2|0|1|1|1|0|0|0|0|1|0|420969102|420969107|0|0|0|0|0|0|0|0|0|0
769|R1|1|2|0|1|1|1|0|0|0|0|1|0|430047575|430047580|0|0|0|0|0|0|0|0|0|0
770|R1|1|2|0|1|1|1|0|0|0|0|1|0|438621573|438621578|0|0|0|0|0|0|0|0|0|0
771|R1|1|2|0|1|1|1|0|0|0|0|1|0|448477422|448477427|0|0|0|0|0|0|0|0|0|0
772|R1|1|2|0|1|1|1|0|0|0|0|1|0|455486616|455486621|0|0|0|0|0|0|0|0|0|0
773|R1|1|2|0|1|1|1|0|0|0|0|1|0|462521524|462521529|0|0|0|0|0|0|0|0|0|0
774|R1|1|2|0|1|1|1|0|0|0|0|1|0|469788059|469788064|0|0|0|0|0|0|0|0|0|0
775|R1|1|2|0|1|1|1|0|0|0|0|1|0|479239078|479239083|0|0|0|0|0|0|0|0|0|0
776|R1|1|2|0|1|1|1|0|0|0|0|1|0|486836233|486836238|0|0|0|0|0|0|0|0|0|0
777|R1|1|2|0|1|1|1|0|0|0|0|1|0|495818164|495818169|0|0|0|0|0|0|0|0|0|0
778|R1|1|2|0|1|1|1|0|0|0|0|1|0|503701549|503701554|0|0|0|0|0|0|0|0|0|0
779|R1|1|2|0|1|1|1|0|0|0|0|1|0|513493140|513493145|0|0|0|0|0|0|0|0|0|0
780|R1|1|2|0|1|1|1|0|0|0|0|1|0|520714670|520714675|0|0|0|0|0|0|0|0|0|0
781|R1|1|2|0|1|1|1|0|0|0|0|1|0|530207453|530207458|0|0|0|0|0|0|0|0|0|0
782|R1|1|2|0|1|1|1|0|0|0|0|1|0|538480111|538480116|0|0|0|0|0|0|0|0|0|0
783|R1|1|2|0|1|1|1|0|0|0|0|1|0|545550405|545550410|0|0|0|0|0|0|0|0|0|0
784|R1|1|2|0|1|1|1|0|0|0|0|1|0|552778071|552778076|0|0|0|0|0|0|0|0|0|0
785|R1|1|2|0|1|1|1|0|0|0|0|1|0|560783278|560783283|0|0|0|0|0|0|0|0|0|0
786|R1|1|2|0|1|1|1|0|0|0|0|1|0|569306509|569306514|0|0|0|0|0|0|0|0|0|0
787|R1|1|2|0|1|1|1|0|0|0|0|1|0|575788773|575788778|0|0|0|0|0|0|0|0|0|0
788|R1|1|2|0|1|1|1|0|0|0|0|1|0|584047780|584047785|0|0|0|0|0|0|0|0|0|0
789|R1|1|2|0|1|1|1|0|0|0|0|1|0|592554260|592554265|0|0|0|0|0|0|0|0|0|0
790|R1|1|2|0|1|1|1|0|0|0|0|1|0|601304859|601304864|0|0|0|0|0|0|0|0|0|0
791|R1|1|2|0|1|1|1|0|0|0|0|1|0|608793053|608793058|0|0|0|0|0|0|0|0|0|0
792|R1|1|2|0|1|1|1|0|0|0|0|1|0|616628224|616628229|0|0|0|0|0|0|0|0|0|0
793|R1|1|2|0|1|1|1|0|0|0|0|1|0|623541030|623541035|0|0|0|0|0|0|0|0|0|0
794|R1|1|2|0|1|1|1|0|0|0|0|1|0|631219154|631219159|0|0|0|0|0|0|0|0|0|0
795|R1|1|2|0|1|1|1|0|0|0|0|1|0|637685609|637685614|0|0|0|0|0|0|0|0|0|0
796|R1|1|2|0|1|1|1|0|0|0|0|1|0|646578438|646578443|0|0|0|0|0|0|0|0|0|0
797|R1|1|2|0|1|1|1|0|0|0|0|1|0|654076014|654076019|0|0|0|0|0|0|0|0|0|0
798|R1|1|2|0|1|1|1|0|0|0|0|1|0|662261757|662261762|0|0|0|0|0|0|0|0|0|0
799|R1|1|2|0|1|1|1|0|0|0|0|1|0|669495869|669495874|0|0|0|0|0|0|0|0|0|0
800|R1|1|2|0|1|1|1|0|0|0|0|1|0|676759213|676759218|0|0|0|0|0|0|0|0|0|0
801|R1|1|2|0|1|1|1|0|0|0|0|1|0|684623689|684623694|0|0|0|0|0|0|0|0|0|0
802|R1|1|2|0|1|1|1|0|0|0|0|1|0|693730918|693730923|0|0|0|0|0|0|0|0|0|0
803|R1|1|2|0|1|1|1|0|0|0|0|1|0|701511213|701511218|0|0|0|0|0|0|0|0|0|0
804|R1|1|2|0|1|1|1|0|0|0|0|1|0|709786647|709786652|0|0|0|0|0|0|0|0|0|0
805|R1|1|2|0|1|1|1|0|0|0|0|1|0|718068174|718068179|0|0|0|0|0|0|0|0|0|0
806|R1|1|2|0|1|1|1|0|0|0|0|1|0|726503910|726503915|0|0|0|0|0|0|0|0|0|0
807|R1|1|2|0|1|1|1|0|0|0|0|1|0|733416717|733416722|0|0|0|0|0|0|0|0|0|0
808|R1|1|2|0|1|1|1|0|0|0|0|1|0|740724992|740724997|0|0|0|0|0|0|0|0|0|0
809|R1|1|2|0|1|1|1|0|0|0|0|1|0|748621085|748621090|0|0|0|0|0|0|0|0|0|0
810|R1|1|2|0|1|1|1|0|0|0|0|1|0|758319543|758319548|0|0|0|0|0|0|0|0|0|0
811|R1|1|2|0|1|1|1|0|0|0|0|1|0|766575366|766575371|0|0|0|0|0|0|0|0|0|0
812|R1|1|2|0|1|1|1|0|0|0|0|1|0|773575090|773575095|0|0|0|0|0|0|0|0|0|0
813|R1|1|2|0|1|1|1|0|0|0|0|1|0|780497549|780497554|0|0|0|0|0|0|0|0|0|0
814|R1|1|2|0|1|1|1|0|0|0|0|1|0|788599172|788599177|0|0|0|0|0|0|0|0|0|0
815|R1|1|2|0|1|1|1|0|0|0|0|1|0|795521615|795521620|0|0|0|0|0|0|0|0|0|0
816|R1|1|2|0|1|1|1|0|0|0|0|1|0|802701120|802701125|0|0|0|0|0|0|0|0|0|0
817|R1|1|2|0|1|1|1|0|0|0|0|1|0|809507895|809507900|0|0|0|0|0|0|0|0|0|0
818|R1|1|2|0|1|1|1|0|0|0|0|1|0|815328306|815328311|0|0|0|0|0|0|0|0|0|0
819|R1|1|2|0|1|1|1|0|0|0|0|1|0|824496635|824496640|0|0|0|0|0|0|0|0|0|0
820|R1|1|2|0|1|1|1|0|0|0|0|1|0|831766313|831766318|0|0|0|0|0|0|0|0|0|0
821|R1|1|2|0|1|1|1|0|0|0|0|1|0|840488046|840488051|0|0|0|0|0|0|0|0|0|0
822|R1|1|2|0|1|1|1|0|0|0|0|1|0|848695654|848695659|0|0|0|0|0|0|0|0|0|0
823|R1|1|2|0|1|1|1|0|0|0|0|1|0|857234182|857234187|0|0|0|0|0|0|0|0|0|0
824|R1|1|2|0|1|1|1|0|0|0|0|1|0|863494772|863494777|0|0|0|0|0|0|0|0|0|0
825|R1|1|2|0|1|1|1|0|0|0|0|1|0|870815909|870815914|0|0|0|0|0|0|0|0|0|0
826|R1|1|2|0|1|1|1|0|0|0|0|1|0|878512682|878512687|0|0|0|0|0|0|0|0|0|0
827|R1|1|2|0|1|1|1|0|0|0|0|1|0|887716376|887716381|0|0|0|0|0|0|0|0|0|0
828|R1|1|2|0|1|1|1|0|0|0|0|1|0|895506317|895506322|0|0|0|0|0|0|0|0|0|0
829|R1|1|2|0|1|1|1|0|0|0|0|1|0|903016714|903016719|0|0|0|0|0|0|0|0|0|0
830|R1|1|2|0|1|1|1|0|0|0|0|1|0|911315028|911315033|0|0|0|0|0|0|0|0|0|0
831|R1|1|2|0|1|1|1|0|0|0|0|1|0|918517006|918517011|0|0|0|0|0|0|0|0|0|0
832|R1|1|2|0|1|1|1|0|0|0|0|1|0|925667809|925667814|0|0|0|0|0|0|0|0|0|0
833|R1|1|2|0|1|1|1|0|0|0|0|1|0|933721476|933721481|0|0|0|0|0|0|0|0|0|0
834|R1|1|2|0|1|1|1|0|0|0|0|1|0|942749165|942749170|0|0|0|0|0|0|0|0|0|0
835|R1|1|2|0|1|1|1|0|0|0|0|1|0|950812197|950812202|0|0|0|0|0|0|0|0|0|0
836|R1|1|2|0|1|1|1|0|0|0|0|1|0|959999749|959999754|0|0|0|0|0|0|0|0|0|0
837|R1|1|2|0|1|1|1|0|0|0|0|1|0|966501312|966501317|0|0|0|0|0|0|0|0|0|0
838|R1|1|2|0|1|1|1|0|0|0|0|1|0|973780655|973780660|0|0|0|0|0|0|0|0|0|0
839|R1|1|2|0|1|1|1|0|0|0|0|1|0|982762921|982762926|0|0|0|0|0|0|0|0|0|0
840|R1|1|2|0|1|1|1|0|0|0|0|1|0|990482304|990482309|0|0|0|0|0|0|0|0|0|0
841|R1|1|2|0|1|1|1|0|0|0|0|1|0|998616068|998616073|0|0|0|0|0|0|0|0|0|0
842|R1|1|2|0|1|1|1|0|0|0|0|1|0|1006653390|1006653395|0|0|0|0|0|0|0|0|0|0
843|R1|1|2|0|1|1|1|0|0|0|0|1|0|1015696357|1015696362|0|0|0|0|0|0|0|0|0|0
844|R1|1|2|0|1|1|1|0|0|0|0|1|0|1023505568|1023505573|0|0|0|0|0|0|0|0|0|0
845|R1|1|2|0|1|1|1|0|0|0|0|1|0|1031514109|1031514114|0|0|0|0|0|0|0|0|0|0
846|R1|1|2|0|1|1|1|0|0|0|0|1|0|1038555434|1038555439|0|0|0|0|0|0|0|0|0|0
847|R1|1|2|0|1|1|1|0|0|0|0|1|0|1046535086|1046535091|0|0|0|0|0|0|0|0|0|0
848|R1|1|2|0|1|1|1|0|0|0|0|1|0|1053576416|1053576421|0|0|0|0|0|0|0|0|0|0
849|R1|1|2|0|1|1|1|0|0|0|0|1|0|1060948663|1060948668|0|0|0|0|0|0|0|0|0|0
850|R1|1|2|0|1|1|1|0|0|0|0|1|0|1068819086|1068819091|0|0|0|0|0|0|0|0|0|0
851|R1|1|2|0|1|1|1|0|0|0|0|1|0|1077785124|1077785129|0|0|0|0|0|0|0|0|0|0
852|R1|1|2|0|1|1|1|0|0|0|0|1|0|1086461883|1086461888|0|0|0|0|0|0|0|0|0|0
853|R1|1|2|0|1|1|1|0|0|0|0|1|0|1093818427|1093818432|0|0|0|0|0|0|0|0|0|0
854|R1|1|2|0|1|1|1|0|0|0|0|1|0|1102441243|1102441248|0|0|0|0|0|0|0|0|0|0
855|R1|1|2|0|1|1|1|0|0|0|0|1|0|1108586324|1108586329|0|0|0|0|0|0|0|0|0|0
856|R1|1|2|0|1|1|1|0|0|0|0|1|0|1115556966|1115556971|0|0|0|0|0|0|0|0|0|0
857|R1|1|2|0|1|1|1|0|0|0|0|1|0|1121560532|1121560537|0|0|0|0|0|0|0|0|0|0
858|R1|1|2|0|1|1|1|0|0|0|0|1|0|1128708148|1128708153|0|0|0|0|0|0|0|0|0|0
859|R1|1|2|0|1|1|1|0|0|0|0|1|0|1136462757|1136462762|0|0|0|0|0|0|0|0|0|0
860|R1|1|2|0|1|1|1|0|0|0|0|1|0|1143539557|1143539562|0|0|0|0|0|0|0|0|0|0
861|R1|1|2|0|1|1|1|0|0|0|0|1|0|1150603471|1150603476|0|0|0|0|0|0|0|0|0|0
862|R1|1|2|0|1|1|1|0|0|0|0|1|0|1158004644|1158004649|0|0|0|0|0|0|0|0|0|0
863|R1|1|2|0|1|1|1|0|0|0|0|1|0|1166527140|1166527145|0|0|0|0|0|0|0|0|0|0
864|R1|1|2|0|1|1|1|0|0|0|0|1|0|1173828701|1173828706|0|0|0|0|0|0|0|0|0|0
865|R1|1|2|0|1|1|1|0|0|0|0|1|0|1183588317|1183588322|0|0|0|0|0|0|0|0|0|0
866|R1|1|2|0|1|1|1|0|0|0|0|1|0|1190591150|1190591155|0|0|0|0|0|0|0|0|0|0
867|R1|1|2|0|1|1|1|0|0|0|0|1|0|1198798788|1198798793|0|0|0|0|0|0|0|0|0|0
868|R1|1|2|0|1|1|1|0|0|0|0|1|0|1207899677|1207899682|0|0|0|0|0|0|0|0|0|0
869|R1|1|2|0|1|1|1|0|0|0|0|1|0|1216624605|1216624610|0|0|0|0|0|0|0|0|0|0
870|R1|1|2|0|1|1|1|0|0|0|0|1|0|1222583232|1222583237|0|0|0|0|0|0|0|0|0|0
871|R1|1|2|0|1|1|1|0|0|0|0|1|0|1231639045|1231639050|0|0|0|0|0|0|0|0|0|0
872|R1|1|2|0|1|1|1|0|0|0|0|1|0|1241649149|1241649154|0|0|0|0|0|0|0|0|0|0
873|R1|1|2|0|1|1|1|0|0|0|0|1|0|1249693140|1249693145|0|0|0|0|0|0|0|0|0|0
874|R1|1|2|0|1|1|1|0|0|0|0|1|0|1257618162|1257618167|0|0|0|0|0|0|0|0|0|0
875|R1|1|2|0|1|1|1|0|0|0|0|1|0|1266818893|1266818898|0|0|0|0|0|0|0|0|0|0
876|R1|1|2|0|1|1|1|0|0|0|0|1|0|1274634688|1274634693|0|0|0|0|0|0|0|0|0|0
877|R1|1|2|0|1|1|1|0|0|0|0|1|0|1283874008|1283874013|0|0|0|0|0|0|0|0|0|0
878|R1|1|2|0|1|1|1|0|0|0|0|1|0|1291831013|1291831018|0|0|0|0|0|0|0|0|0|0
879|R1|1|2|0|1|1|1|0|0|0|0|1|0|1300810016|1300810021|0|0|0|0|0|0|0|0|0|0
880|R1|1|2|0|1|1|1|0|0|0|0|1|0|1308670788|1308670793|0|0|0|0|0|0|0|0|0|0
881|R1|1|2|0|1|1|1|0|0|0|0|1|0|1316756612|1316756617|0|0|0|0|0|0|0|0|0|0
882|R1|1|2|0|1|1|1|0|0|0|0|1|0|1325723438|1325723443|0|0|0|0|0|0|0|0|0|0
883|R1|1|2|0|1|1|1|0|0|0|0|1|0|1331861924|1331861929|0|0|0|0|0|0|0|0|0|0
884|R1|1|2|0|1|1|1|0|0|0|0|1|0|1339886724|1339886729|0|0|0|0|0|0|0|0|0|0
885|R1|1|2|0|1|1|1|0|0|0|0|1|0|1348839933|1348839938|0|0|0|0|0|0|0|0|0|0
886|R1|1|2|0|1|1|1|0|0|0|0|1|0|1354605821|1354605826|0|0|0|0|0|0|0|0|0|0
887|R1|1|2|0|1|1|1|0|0|0|0|1|0|1363054409|1363054414|0|0|0|0|0|0|0|0|0|0
888|R1|1|2|0|1|1|1|0|0|0|0|1|0|1370532837|1370532842|0|0|0|0|0|0|0|0|0|0
889|R1|1|2|0|1|1|1|0|0|0|0|1|0|1377648157|1377648162|0|0|0|0|0|0|0|0|0|0
890|R1|1|2|0|1|1|1|0|0|0|0|1|0|1385364183|1385364188|0|0|0|0|0|0|0|0|0|0
891|R1|1|2|0|1|1|1|0|0|0|0|1|0|1394757380|1394757385|0|0|0|0|0|0|0|0|0|0
892|R1|1|2|0|1|1|1|0|0|0|0|1|0|1402627648|1402627653|0|0|0|0|0|0|0|0|0|0
893|R1|1|2|0|1|1|1|0|0|0|0|1|0|1410491488|1410491493|0|0|0|0|0|0|0|0|0|0
894|R1|1|2|0|1|1|1|0|0|0|0|1|0|1418442871|1418442876|0|0|0|0|0|0|0|0|0|0
895|R1|1|2|0|1|1|1|0|0|0|0|1|0|1425542040|1425542045|0|0|0|0|0|0|0|0|0|0
896|R1|1|2|0|1|1|1|0|0|0|0|1|0|1431519892|1431519897|0|0|0|0|0|0|0|0|0|0
897|R1|1|2|0|1|1|1|0|0|0|0|1|0|1438709280|1438709285|0|0|0|0|0|0|0|0|0|0
898|R1|1|2|0|1|1|1|0|0|0|0|1|0|1446679177|1446679182|0|0|0|0|0|0|0|0|0|0
899|R1|1|2|0|1|1|1|0|0|0|0|1|0|1455590429|1455590434|0|0|0|0|0|0|0|0|0|0
900|R1|1|2|0|1|1|1|0|0|0|0|1|0|1463496317|1463496322|0|0|0|0|0|0|0|0|0|0
901|R1|1|2|0|1|1|1|0|0|0|0|1|0|1471813473|1471813478|0|0|0|0|0|0|0|0|0|0
902|R1|1|2|0|1|1|1|0|0|0|0|1|0|1480413816|1480413821|0|0|0|0|0|0|0|0|0|0
903|R1|1|2|0|1|1|1|0|0|0|0|1|0|1487535497|1487535502|0|0|0|0|0|0|0|0|0|0
904|R1|1|2|0|1|1|1|0|0|0|0|1|0|1494740960|1494740965|0|0|0|0|0|0|0|0|0|0
905|R1|1|2|0|1|1|1|0|0|0|0|1|0|1502791412|1502791417|0|0|0|0|0|0|0|0|0|0
906|R1|1|2|0|1|1|1|0|0|0|0|1|0|1511330621|1511330626|0|0|0|0|0|0|0|0|0|0
907|R1|1|2|0|1|1|1|0|0|0|0|1|0|1518632219|1518632224|0|0|0|0|0|0|0|0|0|0
908|R1|1|2|0|1|1|1|0|0|0|0|1|0|1525770141|1525770146|0|0|0|0|0|0|0|0|0|0
909|R1|1|2|0|1|1|1|0|0|0|0|1|0|1533775620|1533775625|0|0|0|0|0|0|0|0|0|0
910|R1|1|2|0|1|1|1|0|0|0|0|1|0|1542847517|1542847522|0|0|0|0|0|0|0|0|0|0
911|R1|1|2|0|1|1|1|0|0|0|0|1|0|1550553933|1550553938|0|0|0|0|0|0|0|0|0|0
912|R1|1|2|0|1|1|1|0|0|0|0|1|0|1558771197|1558771202|0|0|0|0|0|0|0|0|0|0
913|R1|1|2|0|1|1|1|0|0|0|0|1|0|1566573990|1566573995|0|0|0|0|0|0|0|0|0|0
914|R1|1|2|0|1|1|1|0|0|0|0|1|0|1575565565|1575565570|0|0|0|0|0|0|0|0|0|0
915|R1|1|2|0|1|1|1|0|0|0|0|1|0|1584653533|1584653538|0|0|0|0|0|0|0|0|0|0
916|R1|1|2|0|1|1|1|0|0|0|0|1|0|1590486813|1590486818|0|0|0|0|0|0|0|0|0|0
917|R1|1|2|0|1|1|1|0|0|0|0|1|0|1597949029|1597949034|0|0|0|0|0|0|0|0|0|0
918|R1|1|2|0|1|1|1|0|0|0|0|1|0|1607606356|1607606361|0|0|0|0|0|0|0|0|0|0
919|R1|1|2|0|1|1|1|0|0|0|0|1|0|1614635053|1614635058|0|0|0|0|0|0|0|0|0|0
920|R1|1|2|0|1|1|1|0|0|0|0|1|0|1621528580|1621528585|0|0|0|0|0|0|0|0|0|0
921|R1|1|2|0|1|1|1|0|0|0|0|1|0|1627522484|1627522489|0|0|0|0|0|0|0|0|0|0
922|R1|1|2|0|1|1|1|0|0|0|0|1|0|1635585591|1635585596|0|0|0|0|0|0|0|0|0|0
923|R1|1|2|0|1|1|1|0|0|0|0|1|0|1642457405|1642457410|0|0|0|0|0|0|0|0|0|0
924|R1|1|2|0|1|1|1|0|0|0|0|1|0|1649527640|1649527645|0|0|0|0|0|0|0|0|0|0
925|R1|1|2|0|1|1|1|0|0|0|0|1|0|1656578794|1656578799|0|0|0|0|0|0|0|0|0|0
926|R1|1|2|0|1|1|1|0|0|0|0|1|0|1663587997|1663588002|0|0|0|0|0|0|0|0|0|0
927|R1|1|2|0|1|1|1|0|0|0|0|1|0|1671770176|1671770181|0|0|0|0|0|0|0|0|0|0
928|R1|1|2|0|1|1|1|0|0|0|0|1|0|1680617166|1680617171|0|0|0|0|0|0|0|0|0|0
929|R1|1|2|0|1|1|1|0|0|0|0|1|0|1688593481|1688593486|0|0|0|0|0|0|0|0|0|0
930|R1|1|2|0|1|1|1|0|0|0|0|1|0|1695988230|1695988235|0|0|0|0|0|0|0|0|0|0
931|R1|1|2|0|1|1|1|0|0|0|0|1|0|1704832013|1704832018|0|0|0|0|0|0|0|0|0|0
932|R1|1|2|0|1|1|1|0|0|0|0|1|0|1711047616|1711047621|0|0|0|0|0|0|0|0|0|0
933|R1|1|2|0|1|1|1|0|0|0|0|1|0|1717552381|1717552386|0|0|0|0|0|0|0|0|0|0
934|R1|1|2|0|1|1|1|0|0|0|0|1|0|1724693385|1724693390|0|0|0|0|0|0|0|0|0|0
935|R1|1|2|0|1|1|1|0|0|0|0|1|0|1733640109|1733640114|0|0|0|0|0|0|0|0|0|0
936|R1|1|2|0|1|1|1|0|0|0|0|1|0|1741500893|1741500898|0|0|0|0|0|0|0|0|0|0
937|R1|1|2|0|1|1|1|0|0|0|0|1|0|1748535800|1748535805|0|0|0|0|0|0|0|0|0|0
938|R1|1|2|0|1|1|1|0|0|0|0|1|0|1755586762|1755586767|0|0|0|0|0|0|0|0|0|0
939|R1|1|2|0|1|1|1|0|0|0|0|1|0|1764922116|1764922121|0|0|0|0|0|0|0|0|0|0
940|R1|1|2|0|1|1|1|0|0|0|0|1|0|1772754085|1772754090|0|0|0|0|0|0|0|0|0|0
941|R1|1|2|0|1|1|1|0|0|0|0|1|0|1780881380|1780881385|0|0|0|0|0|0|0|0|0|0
942|R1|1|2|0|1|1|1|0|0|0|0|1|0|1789002241|1789002246|0|0|0|0|0|0|0|0|0|0
943|R1|1|2|0|1|1|1|0|0|0|0|1|0|1797791668|1797791673|0|0|0|0|0|0|0|0|0|0
944|R1|1|2|0|1|1|1|0|0|0|0|1|0|1805658857|1805658862|0|0|0|0|0|0|0|0|0|0
945|R1|1|2|0|1|1|1|0|0|0|0|1|0|1812581307|1812581312|0|0|0|0|0|0|0|0|0|0
946|R1|1|2|0|1|1|1|0|0|0|0|1|0|1819908573|1819908578|0|0|0|0|0|0|0|0|0|0
947|R1|1|2|0|1|1|1|0|0|0|0|1|0|1829652014|1829652019|0|0|0|0|0|0|0|0|0|0
948|R1|1|2|0|1|1|1|0|0|0|0|1|0|1837580109|1837580114|0|0|0|0|0|0|0|0|0|0
949|R1|1|2|0|1|1|1|0|0|0|0|1|0|1844451453|1844451458|0|0|0|0|0|0|0|0|0|0
950|R1|1|2|0|1|1|1|0|0|0|0|1|0|1852675136|1852675141|0|0|0|0|0|0|0|0|0|0
951|R1|1|2|0|1|1|1|0|0|0|0|1|0|1861798735|1861798740|0|0|0|0|0|0|0|0|0|0
952|R1|1|2|0|1|1|1|0|0|0|0|1|0|1869829934|1869829939|0|0|0|0|0|0|0|0|0|0
953|R1|1|2|0|1|1|1|0|0|0|0|1|0|1876591764|1876591769|0|0|0|0|0|0|0|0|0|0
954|R1|1|2|0|1|1|1|0|0|0|0|1|0|1884561629|1884561634|0|0|0|0|0|0|0|0|0|0
955|R1|1|2|0|1|1|1|0|0|0|0|1|0|1892747037|1892747042|0|0|0|0|0|0|0|0|0|0
956|R1|1|2|0|1|1|1|0|0|0|0|1|0|1900900037|1900900042|0|0|0|0|0|0|0|0|0|0
957|R1|1|2|0|1|1|1|0|0|0|0|1|0|1910286798|1910286803|0|0|0|0|0|0|0|0|0|0
958|R1|1|2|0|1|1|1|0|0|0|0|1|0|1918270141|1918270146|0|0|0|0|0|0|0|0|0|0
959|R1|1|2|0|1|1|1|0|0|0|0|1|0|1925558862|1925558867|0|0|0|0|0|0|0|0|0|0
960|R1|1|2|0|1|1|1|0|0|0|0|1|0|1932802606|1932802611|0|0|0|0|0|0|0|0|0|0
961|R1|1|2|0|1|1|1|0|0|0|0|1|0|1940917053|1940917058|0|0|0|0|0|0|0|0|0|0
962|R1|1|2|0|1|1|1|0|0|0|0|1|0|1950914272|1950914277|0|0|0|0|0|0|0|0|0|0
963|R1|1|2|0|1|1|1|0|0|0|0|1|0|1958659225|1958659230|0|0|0|0|0|0|0|0|0|0
964|R1|1|2|0|1|1|1|0|0|0|0|1|0|1966748228|1966748233|0|0|0|0|0|0|0|0|0|0
965|R1|1|2|0|1|1|1|0|0|0|0|1|0|1974592928|1974592933|0|0|0|0|0|0|0|0|0|0
966|R1|1|2|0|1|1|1|0|0|0|0|1|0|1981535444|1981535449|0|0|0|0|0|0|0|0|0|0
967|R1|1|2|0|1|1|1|0|0|0|0|1|0|1988673157|1988673162|0|0|0|0|0|0|0|0|0|0
968|R1|1|2|0|1|1|1|0|0|0|0|1|0|1996556294|1996556299|0|0|0|0|0|0|0|0|0|0
969|R1|1|2|0|1|1|1|0|0|0|0|1|0|2003668436|2003668441|0|0|0|0|0|0|0|0|0|0
970|R1|1|2|0|1|1|1|0|0|0|0|1|0|2009727046|2009727051|0|0|0|0|0|0|0|0|0|0
971|R1|1|2|0|1|1|1|0|0|0|0|1|0|2019579689|2019579694|0|0|0|0|0|0|0|0|0|0
972|R1|1|2|0|1|1|1|0|0|0|0|1|0|2026691703|2026691708|0|0|0|0|0|0|0|0|0|0
973|R1|1|2|0|1|1|1|0|0|0|0|1|0|2034054319|2034054324|0|0|0|0|0|0|0|0|0|0
974|R1|1|2|0|1|1|1|0|0|0|0|1|0|2041597012|2041597017|0|0|0|0|0|0|0|0|0|0
975|R1|1|2|0|1|1|1|0|0|0|0|1|0|2050614308|2050614313|0|0|0|0|0|0|0|0|0|0
976|R1|1|2|0|1|1|1|0|0|0|0|1|0|2059136791|2059136796|0|0|0|0|0|0|0|0|0|0
977|R1|1|2|0|1|1|1|0|0|0|0|1|0|2065644788|2065644793|0|0|0|0|0|0|0|0|0|0
978|R1|1|2|0|1|1|1|0|0|0|0|1|0|2074176919|2074176924|0|0|0|0|0|0|0|0|0|0
979|R1|1|2|0|1|1|1|0|0|0|0|1|0|2082872914|2082872919|0|0|0|0|0|0|0|0|0|0
980|R1|1|2|0|1|1|1|0|0|0|0|1|0|2090110228|2090110233|0|0|0|0|0|0|0|0|0|0
981|R1|1|2|0|1|1|1|0|0|0|0|1|0|2097646511|2097646516|0|0|0|0|0|0|0|0|0|0
982|R1|1|2|0|1|1|1|0|0|0|0|1|0|2103919945|2103919950|0|0|0|0|0|0|0|0|0|0
983|R1|1|2|0|1|1|1|0|0|0|0|1|0|2111899805|2111899810|0|0|0|0|0|0|0|0|0|0
984|R1|1|2|0|1|1|1|0|0|0|0|1|0|2119516253|2119516258|0|0|0|0|0|0|0|0|0|0
985|R1|1|2|0|1|1|1|0|0|0|0|1|0|2126638071|2126638076|0|0|0|0|0|0|0|0|0|0
986|R1|1|2|0|1|1|1|0|0|0|0|1|0|2134678692|2134678697|0|0|0|0|0|0|0|0|0|0
987|R1|1|2|0|1|1|1|0|0|0|0|1|0|2143609304|2143609309|0|0|0|0|0|0|0|0|0|0
988|R1|1|2|0|1|1|1|0|0|0|0|1|0|2149574327|2149574332|0|0|0|0|0|0|0|0|0|0
989|R1|1|2|0|1|1|1|0|0|0|0|1|0|2155574661|2155574666|0|0|0|0|0|0|0|0|0|0
990|R1|1|2|0|1|1|1|0|0|0|0|1|0|2162796212|2162796217|0|0|0|0|0|0|0|0|0|0
991|R1|1|2|0|1|1|1|0|0|0|0|1|0|2171486479|2171486484|0|0|0|0|0|0|0|0|0|0
992|R1|1|2|0|1|1|1|0|0|0|0|1|0|2178611373|2178611378|0|0|0|0|0|0|0|0|0|0
993|R1|1|2|0|1|1|1|0|0|0|0|1|0|2185598217|2185598222|0|0|0|0|0|0|0|0|0|0
994|R1|1|2|0|1|1|1|0|0|0|0|1|0|2192543156|2192543161|0|0|0|0|0|0|0|0|0|0
995|R1|1|2|0|1|1|1|0|0|0|0|1|0|2199629609|2199629614|0|0|0|0|0|0|0|0|0|0
996|R1|1|2|0|1|1|1|0|0|0|0|1|0|2207724777|2207724782|0|0|0|0|0|0|0|0|0|0
997|R1|1|2|0|1|1|1|0|0|0|0|1|0|2216617051|2216617056|0|0|0|0|0|0|0|0|0|0
998|R1|1|2|0|1|1|1|0|0|0|0|1|0|2224554793|2224554798|0|0|0|0|0|0|0|0|0|0
999|R1|1|2|0|1|1|1|0|0|0|0|1|0|2232042708|2232042713|0|0|0|0|0|0|0|0|0|0
