captured_ms|sequence|label|role|admission_snapshot_words_csv|ps_runtime_words_csv|pl_perf_snapshot_words_csv
1785907371342|1001|degrade_static_unavailable_1|fixed|2,1378943233,16781056,0,4298877,0,35278,0,35278,0,764,0,382,0,0,0,4077,0,2440224,0,4096,0,0,0,382,0,456892191,0,456892199,0,0,0,0,0,0,0,0,4096,256,131072,4,15|9,0,0,0,0,0,0,0,0,0,0,0,0,0,0,0,0,0,0|2,1229098025,0,0,0,0,0,0,0,8911,0,0,0,0,0,0,0,0,0,0,903901953,0,0,0,0,0
1785907371342|1001|degrade_static_unavailable_1|rotating|2,1378943233,33554926,0,4386730,0,4350721,0,4350721,0,4162,0,4160,0,0,0,390,0,128432303,0,4096,0,0,0,4161,0,437443687,0,437443695,0,0,0,0,0,0,0,0,4096,256,131072,4,15|9,0,0,0,0,0,0,0,0,0,0,0,0,0,0,0,0,0,0|2,489421133,0,3114176,0,0,0,0,0,3290535,0,0,0,230628679,0,230628679,0,2080,231297266,0,258012774,0,0,0,0,0
1785907380197|1002|degrade_static_unavailable_2|fixed|6,1378943233,16777949,4300611,0,4265332,0,4265332,0,4080,0,4078,0,0,0,382,0,125900701,0,4096,0,0,0,4079,0,1023926173,0,1023926181,0,0,0,0,0,0,0,0,0,4096,256,131072,4,15|9,0,0,0,0,0,0,0,0,0,0,0,0,0,0,0,0,0,0|4,1796131034,0,3058848,0,4194304,0,4194304,0,3234564,0,0,1,226683037,0,226683037,0,2080,227339745,0,1158586985,0,0,0,0,0
1785907380197|1002|degrade_static_unavailable_2|rotating|6,1378943233,33558272,4366004,0,35829,0,35829,0,776,0,388,0,0,0,4140,0,2478512,0,4096,0,0,0,388,0,1003073951,0,1003073959,0,0,0,0,0,0,0,0,0,4096,256,131072,4,15|9,0,0,0,0,0,0,0,0,0,0,0,0,0,0,0,0,0,0|4,1055078826,0,4194304,0,0,0,0,0,9025,0,1,0,310732281,0,310732281,0,2048,312001853,0,415089220,0,0,0,0,0
1785907389002|1003|degrade_static_unavailable_4|fixed|10,1378943233,16778427,4302797,4268520,4267518,4268520,4267518,4268520,4082,4081,4081,4080,0,0,382,0,125971869,125967984,4096,4096,0,0,4081,4081,1587442660,1587445983,1587442668,1587445975,0,0,0,0,0,0,0,0,4096,256,131072,4,15|9,0,0,0,0,0,0,0,0,0,0,0,0,0,0,0,0,0,0|6,2359439808,0,7253152,0,4194304,0,4194304,0,3233579,0,1,1,537323488,0,537323488,0,2080,539249769,0,1409832402,0,0,0,0,0
1785907389002|1003|degrade_static_unavailable_4|rotating|10,1378943233,33558272,4371824,4336977,35829,0,35829,0,776,0,388,0,0,0,4146,4146,2478512,0,4096,0,0,0,388,0,1566474721,0,1566474729,0,0,0,0,0,0,0,0,0,4096,256,131072,4,15|9,0,0,0,0,0,0,0,0,0,0,0,0,0,0,0,0,0,0|6,1618687565,0,4194304,0,4194304,0,4194304,0,9025,0,1,1,310732281,0,310732281,0,2048,312001853,0,569171286,0,0,0,0,0
1785907397782|1004|degrade_static_unavailable_8|fixed|14,1378943233,16779383,4287864,4252712,4252677,4252712,4252677,4252712,4068,4067,4066,4066,0,0,381,0,125531696,125528452,4096,4096,0,0,4067,4067,2149217615,2149217596,2149217607,2149217604,0,0,0,0,0,0,0,0,4096,256,131072,4,15|9,0,0,0,0,0,0,0,0,0,0,0,0,0,0,0,0,0,0|8,2921582463,0,11439552,0,4194304,0,4194304,0,3227953,0,2,1,847666998,0,847666998,0,2080,850861155,0,1660210619,0,0,0,0,0
1785907397782|1004|degrade_static_unavailable_8|rotating|14,1378943233,33558272,4360562,4324836,35737,0,35737,0,774,0,387,0,0,0,4135,4135,2472112,0,4096,0,0,0,387,0,2128417912,0,2128417920,0,0,0,0,0,0,0,0,0,4096,256,131072,4,15|9,0,0,0,0,0,0,0,0,0,0,0,0,0,0,0,0,0,0|8,2180896750,0,4194304,0,8388608,0,8388608,0,9025,0,1,2,310732281,0,310732281,0,2048,312001853,0,722676327,0,0,0,0,0
1785907406607|1005|degrade_static_unavailable_3|fixed|18,1378943233,16781056,0,0,0,0,0,0,0,0,0,0,0,0,0,0,0,0,0,0,0,0,0,0,0,0,0,0,0,0,0,0,0,0,0,0,4096,256,131072,4,15|9,0,0,0,0,0,0,0,0,0,0,0,0,0,0,0,0,0,0|10,3487316838,0,12582912,0,4194304,0,4194304,0,5858,0,3,1,932197012,0,932197012,0,2048,936005732,0,1817353914,0,0,0,0,0
1785907406607|1005|degrade_static_unavailable_3|rotating|18,1378943233,33558272,0,0,0,0,0,0,0,0,0,0,0,0,0,0,0,0,0,0,0,0,0,0,0,0,0,0,0,0,0,0,0,0,0,0,4096,256,131072,4,15|9,0,0,0,0,0,0,0,0,0,0,0,0,0,0,0,0,0,0|10,2746216002,0,6032232,0,12582912,0,12582912,0,1946647,0,1,3,539355748,0,539355748,0,2049,541020770,0,976865324,0,0,0,0,0
1785907418295|1006|degrade_static_unavailable_7|fixed|22,1378943233,16781056,0,0,0,0,0,0,0,0,0,0,0,0,0,0,0,0,0,0,0,0,0,0,0,0,0,0,0,0,0,0,0,0,0,0,4096,256,131072,4,15|9,0,0,0,0,0,0,0,0,0,0,0,0,0,0,0,0,0,0|12,4234465171,0,12582912,0,8388608,0,8388608,0,3009,0,3,2,932197012,0,932197012,0,2048,936005732,0,1973124129,0,0,0,0,0
1785907418295|1006|degrade_static_unavailable_7|rotating|22,1378943233,33556360,0,0,0,0,0,0,0,0,0,0,0,0,0,0,0,0,0,0,0,0,0,0,0,0,0,0,0,0,0,0,0,0,0,0,4096,256,131072,4,15|9,0,0,0,0,0,0,0,0,0,0,0,0,0,0,0,0,0,0|12,3493402892,0,9455648,0,12582912,0,12582912,0,1122272,0,2,3,1032632826,0,1032632826,0,2080,1035074593,0,1229866445,0,0,0,0,0
1785907423306|1006|degrade_static_unavailable_7|fixed|24,1378943233,16781056,0,0,0,0,0,0,0,0,0,0,0,0,0,0,0,0,0,0,0,0,0,0,0,0,0,0,0,0,0,0,0,0,0,0,4096,256,131072,4,15|9,0,0,0,0,0,0,0,0,0,0,0,0,0,0,0,0,0,0|14,259250184,1,12582912,0,8388608,0,8388608,0,7260,0,3,2,932197012,0,932197012,0,2048,936005732,0,1973124129,0,0,0,0,0
1785907423306|1006|degrade_static_unavailable_7|rotating|24,1378943233,33556360,0,0,0,0,0,0,0,0,0,0,0,0,0,0,0,0,0,0,0,0,0,0,0,0,0,0,0,0,0,0,0,0,0,0,4096,256,131072,4,15|9,0,0,0,0,0,0,0,0,0,0,0,0,0,0,0,0,0,0|14,3812972745,0,10925792,0,12582912,0,12582912,0,2677776,0,2,3,1351835143,0,1351835143,0,2080,1354592552,0,1229866445,0,0,0,0,0
1785907428315|1006|degrade_static_unavailable_7|fixed|26,1378943233,16781056,0,0,0,0,0,0,0,0,0,0,0,0,0,0,0,0,0,0,0,0,0,0,0,0,0,0,0,0,0,0,0,0,0,0,4096,256,131072,4,15|9,0,0,0,0,0,0,0,0,0,0,0,0,0,0,0,0,0,0|16,581945729,1,12582912,0,8388608,0,8388608,0,11528,0,3,2,932197012,0,932197012,0,2048,936005732,0,1973124129,0,0,0,0,0
1785907428315|1006|degrade_static_unavailable_7|rotating|26,1378943233,33556360,0,0,0,0,0,0,0,0,0,0,0,0,0,0,0,0,0,0,0,0,0,0,0,0,0,0,0,0,0,0,0,0,0,0,4096,256,131072,4,15|9,0,0,0,0,0,0,0,0,0,0,0,0,0,0,0,0,0,0|16,4137925503,0,12419648,0,12582912,0,12582912,0,4257667,0,2,3,1676414437,0,1676414437,0,2080,1679492579,0,1229866445,0,0,0,0,0
1785907436585|1007|degrade_static_recovery_maskF|fixed|30,1378943233,16781056,4434515,4385959,4386240,4385959,4386240,4385959,4197,4196,4196,4196,0,0,524,0,129522784,129521608,4096,4096,0,0,4196,4196,338015725,338016082,338015733,338016090,0,0,0,0,0,0,0,0,4096,256,131072,4,15|9,0,0,0,0,0,0,0,0,0,0,0,0,0,0,0,0,0,0|18,1111054749,1,16777216,0,12582912,0,12582912,0,4437337,0,4,3,1158924340,0,1158924340,0,2048,1163947233,0,2232275365,0,0,0,0,0
1785907436585|1007|degrade_static_recovery_maskF|rotating|30,1378943233,33558272,4487448,4437184,48925,0,48925,0,1062,0,531,0,0,0,4246,4245,3391992,0,4096,0,0,0,531,0,316522200,0,316522208,0,0,0,0,0,0,0,0,0,4096,256,131072,4,15|9,0,0,0,0,0,0,0,0,0,0,0,0,0,0,0,0,0,0|18,372843738,1,12582912,0,16777216,0,16777216,0,12231,0,3,4,1712270473,0,1712270473,0,2048,1716504843,0,1397826545,0,0,0,0,0
1785907454786|1008|degrade_inflight_lane0|fixed|34,1378943233,16778666,50967,6041734,1031,6041734,1031,6041734,2,5781,0,5780,0,0,542,0,30864,178417381,4096,4096,0,0,1,5781,1180546241,1502722525,1180546249,1502722541,0,0,0,0,0,0,0,0,4096,256,131072,4,15|9,0,0,0,0,0,0,0,0,0,0,0,0,0,0,0,0,0,0|20,2275613116,1,21108608,0,12582912,0,12582912,0,4577398,0,4,3,1483282153,0,1483282153,0,2080,1489234940,0,3071392220,0,0,0,0,0
1785907454786|1008|degrade_inflight_lane0|rotating|34,1378943233,33558272,51706,6132731,50675,0,50675,0,1099,0,550,0,0,0,0,5867,3513376,0,4096,0,0,0,550,0,1482751924,0,1482751932,0,0,0,0,0,0,0,0,0,4096,256,131072,4,15|9,0,0,0,0,0,0,0,0,0,0,0,0,0,0,0,0,0,0|20,1535335843,1,12582912,0,16777216,0,16777216,0,12761,0,3,4,1712270473,0,1712270473,0,2048,1716504843,0,1838341990,0,0,0,0,0
1785907459791|1008|degrade_inflight_lane0|fixed|36,1378943233,16777710,101315,12120171,1031,12120171,1031,12120171,2,11592,0,11591,0,0,1087,0,30864,357814380,4096,4096,0,0,1,11592,1180546241,1823244697,1180546249,1823244705,0,0,0,0,0,0,0,0,4096,256,131072,4,15|9,0,0,0,0,0,0,0,0,0,0,0,0,0,0,0,0,0,0|22,2595376018,1,25400480,0,12582912,0,12582912,0,9125158,0,4,3,1801972087,0,1801972087,0,2080,1808846345,0,3071392220,0,0,0,0,0
1785907459791|1008|degrade_inflight_lane0|rotating|36,1378943233,33558272,101869,12183576,100838,0,100838,0,2185,0,1093,0,0,0,0,11652,6982040,0,4096,0,0,0,1093,0,1802175694,0,1802175702,0,0,0,0,0,0,0,0,0,4096,256,131072,4,15|9,0,0,0,0,0,0,0,0,0,0,0,0,0,0,0,0,0,0|22,1854395292,1,12582912,0,16777216,0,16777216,0,25278,0,3,4,1712270473,0,1712270473,0,2048,1716504843,0,1838341990,0,0,0,0,0
1785907464801|1008|degrade_inflight_lane0|fixed|38,1378943233,16777710,151567,18198071,1031,18198071,1031,18198071,2,17404,0,17403,0,0,1632,0,30864,537204664,4096,4096,0,0,1,17404,1180546241,2143728558,1180546249,2143728550,0,0,0,0,0,0,0,0,4096,256,131072,4,15|9,0,0,0,0,0,0,0,0,0,0,0,0,0,0,0,0,0,0|24,2915964088,1,29708160,0,12582912,0,12582912,0,13684531,0,4,3,2121483237,0,2121483237,0,2080,2129282360,0,3071392220,0,0,0,0,0
1785907464801|1008|degrade_inflight_lane0|rotating|38,1378943233,33558272,152199,18272837,151168,0,151168,0,3277,0,1639,0,0,0,0,17474,10469928,0,4096,0,0,0,1639,0,2123366329,0,2123366345,0,0,0,0,0,0,0,0,0,4096,256,131072,4,15|9,0,0,0,0,0,0,0,0,0,0,0,0,0,0,0,0,0,0|24,2176049706,1,12582912,0,16777216,0,16777216,0,37882,0,3,4,1712270473,0,1712270473,0,2048,1716504843,0,1838341990,0,0,0,0,0
1785907469801|1008|degrade_inflight_lane0|fixed|40,1378943233,16777216,196597,23671508,1031,23671508,1031,23671508,2,22642,0,22642,0,0,2124,0,30864,698911560,4096,4096,0,0,2,22643,1180546241,2432637354,1180546249,2432637362,0,0,0,0,0,0,0,0,4096,256,131072,4,15|9,0,0,0,0,0,0,0,0,0,0,0,0,0,0,0,0,0,0|26,3235986621,1,33554432,0,12582912,0,12582912,0,17753039,0,5,3,2406497805,0,2406497805,0,2048,2415490350,0,3105066589,0,0,0,0,0
1785907469801|1008|degrade_inflight_lane0|rotating|40,1378943233,33558272,196597,23671518,195566,0,195566,0,4247,0,2124,0,0,0,0,22642,13568064,0,4096,0,0,0,2124,0,2408458679,0,2408458687,0,0,0,0,0,0,0,0,0,4096,256,131072,4,15|9,0,0,0,0,0,0,0,0,0,0,0,0,0,0,0,0,0,0|26,2496241988,1,12582912,0,33554432,0,33554432,0,48891,0,3,5,1712270473,0,1712270473,0,2048,1716504843,0,1876099123,0,0,0,0,0
1785907477925|1009|degrade_recovery_after_lane0|fixed|44,1378943233,16780817,4416736,4368175,4368647,4368175,4368647,4368175,4180,4179,4179,4179,0,0,522,0,128997952,128996632,4096,4096,0,0,4180,4179,2983634075,2983616191,2983634051,2983616199,0,0,0,0,0,0,0,0,4096,256,131072,4,15|9,0,0,0,0,0,0,0,0,0,0,0,0,0,0,0,0,0,0|28,3755821323,1,37735648,0,12582912,0,12582912,0,4417683,0,5,3,2632478098,0,2632478098,0,2069,2642368325,0,3397874837,0,0,0,0,0
1785907477925|1009|degrade_recovery_after_lane0|rotating|44,1378943233,33558272,4487589,4437186,48925,0,48925,0,1062,0,531,0,0,0,4246,4245,3391992,0,4096,0,0,0,531,0,2963036294,0,2963036302,0,0,0,0,0,0,0,0,0,4096,256,131072,4,15|9,0,0,0,0,0,0,0,0,0,0,0,0,0,0,0,0,0,0|28,3015002572,1,12582912,0,37748736,0,37748736,0,12231,0,3,6,1712270473,0,1712270473,0,2048,1716504843,0,2069631001,0,0,0,0,0
1785907496108|1010|degrade_inflight_lane1|fixed|48,1378943233,16781056,6098451,1059,50025,0,50025,0,1085,0,543,0,0,0,5785,0,3468680,0,4096,0,0,0,543,0,4147351132,0,4147351140,0,0,0,0,0,0,0,0,0,4096,256,131072,4,15|9,0,0,0,0,0,0,0,0,0,0,0,0,0,0,0,0,0,0|30,624872064,2,37748736,0,12582912,0,12582912,0,12598,0,6,3,2633225133,0,2633225133,0,2048,2643431851,0,3840649651,0,0,0,0,0
1785907496108|1010|degrade_inflight_lane1|rotating|48,1378943233,33557077,6164069,1059,6113490,1059,6113490,1059,5848,2,5848,0,0,0,549,0,180514017,30864,4096,4096,0,0,5848,1,4126846654,3800891839,4126846662,3800891847,0,0,0,0,0,0,0,0,4096,256,131072,4,15|9,0,0,0,0,0,0,0,0,0,0,0,0,0,0,0,0,0,0|30,4178781200,1,16945920,0,37748736,0,37748736,0,4612774,0,3,6,2039083345,0,2039083345,0,2080,2044254397,0,2905505151,0,0,0,0,0
1785907501110|1010|degrade_inflight_lane1|fixed|50,1378943233,16781056,12219667,1059,100284,0,100284,0,2173,0,1087,0,0,0,11590,0,6943744,0,4096,0,0,0,1087,0,172397788,0,172397796,0,0,0,0,0,0,0,0,0,4096,256,131072,4,15|9,0,0,0,0,0,0,0,0,0,0,0,0,0,0,0,0,0,0|32,945488991,2,37748736,0,12582912,0,12582912,0,25186,0,6,3,2633225133,0,2633225133,0,2048,2643431851,0,3840649651,0,0,0,0,0
1785907501110|1010|degrade_inflight_lane1|rotating|50,1378943233,33555165,12323593,1059,12222479,1059,12222479,1059,11689,2,11688,0,0,0,1096,0,360806870,30864,4096,4096,0,0,11689,1,153979160,3800891839,153979168,3800891847,0,0,0,0,0,0,0,0,4096,256,131072,4,15|9,0,0,0,0,0,0,0,0,0,0,0,0,0,0,0,0,0,0|32,206239801,2,21277312,0,37748736,0,37748736,0,9198939,0,3,6,2360426394,0,2360426394,0,2080,2366527402,0,2905505151,0,0,0,0,0
1785907506122|1010|degrade_inflight_lane1|fixed|52,1378943233,16781056,18380316,1059,150805,0,150805,0,3269,0,1635,0,0,0,17433,0,10444384,0,4096,0,0,0,1635,0,494764805,0,494764813,0,0,0,0,0,0,0,0,0,4096,256,131072,4,15|9,0,0,0,0,0,0,0,0,0,0,0,0,0,0,0,0,0,0|34,1267636541,2,37748736,0,12582912,0,12582912,0,37814,0,6,3,2633225133,0,2633225133,0,2048,2643431851,0,3840649651,0,0,0,0,0
1785907506122|1010|degrade_inflight_lane1|rotating|52,1378943233,33557077,18476346,1059,18324816,1059,18324816,1059,17525,2,17524,0,0,0,1643,0,540936600,30864,4096,4096,0,0,17525,1,475836058,3800891839,475836018,3800891847,0,0,0,0,0,0,0,0,4096,256,131072,4,15|9,0,0,0,0,0,0,0,0,0,0,0,0,0,0,0,0,0,0|34,528479721,2,25608704,0,37748736,0,37748736,0,13781520,0,3,6,2681583466,0,2681583466,0,2080,2688614430,0,2905505151,0,0,0,0,0
1785907511126|1010|degrade_inflight_lane1|fixed|54,1378943233,16781056,23865140,1059,195566,0,195566,0,4247,0,2124,0,0,0,22641,0,13568064,0,4096,0,0,0,2124,0,782210026,0,782210034,0,0,0,0,0,0,0,0,0,4096,256,131072,4,15|9,0,0,0,0,0,0,0,0,0,0,0,0,0,0,0,0,0,0|36,1586016312,2,37748736,0,29360128,0,29360128,0,48891,0,6,4,2633225133,0,2633225133,0,2048,2643431851,0,3874789284,0,0,0,0,0
1785907511126|1010|degrade_inflight_lane1|rotating|54,1378943233,33554432,23865140,1059,23669574,1059,23669574,1059,22641,2,22641,0,0,0,2124,0,698881280,30864,4096,4096,0,0,22642,2,758012459,3800891839,758012467,3800891847,0,0,0,0,0,0,0,0,4096,256,131072,4,15|9,0,0,0,0,0,0,0,0,0,0,0,0,0,0,0,0,0,0|36,844964378,2,29360128,0,37748736,0,37748736,0,17753341,0,4,6,2959843955,0,2959843955,0,2048,2968047991,0,2942419421,0,0,0,0,0
1785907519388|1011|degrade_recovery_after_lane1|fixed|58,1378943233,16781056,4449866,4398981,48365,0,48365,0,1050,0,525,0,0,0,4205,4205,3353664,0,4096,0,0,0,525,0,1342996486,0,1342996494,0,0,0,0,0,0,0,0,0,4096,256,131072,4,15|9,0,0,0,0,0,0,0,0,0,0,0,0,0,0,0,0,0,0|38,2114652317,2,37748736,0,29360128,0,29360128,0,12184,0,6,4,2633225133,0,2633225133,0,2048,2643431851,0,4077785845,0,0,0,0,0
1785907519388|1011|degrade_recovery_after_lane1|rotating|58,1378943233,33554432,4492630,4440136,4443708,4440136,4443708,4440136,4247,4245,4246,4245,0,0,531,0,131065816,131035504,4096,4096,0,0,4247,4246,1321271368,1321218356,1321271376,1321218364,0,0,0,0,0,0,0,0,4096,256,131072,4,15|9,0,0,0,0,0,0,0,0,0,0,0,0,0,0,0,0,0,0|38,1373812946,2,33554432,0,37748736,0,37748736,0,4441798,0,5,6,3186571283,0,3186571283,0,2048,3195989492,0,3243173154,0,0,0,0,0
1785907537594|1012|degrade_inflight_lane2|fixed|62,1378943233,16778427,6099058,6048495,6049030,6048495,6049030,6048495,5783,5782,5781,5781,0,0,543,0,178459776,178456619,4096,4096,0,0,5782,5782,2507864060,2507864049,2507864052,2507864065,0,0,0,0,0,0,0,0,4096,256,131072,4,15|9,0,0,0,0,0,0,0,0,0,0,0,0,0,0,0,0,0,0|40,3280139872,2,42072224,0,33554432,0,33554432,0,4574252,0,6,5,2957087173,0,2957087173,0,2080,2968222088,0,622882434,1,0,0,0,0
1785907537594|1012|degrade_inflight_lane2|rotating|62,1378943233,33558272,6165062,6113309,50489,0,50489,0,1095,0,548,0,0,0,5844,5843,3500576,0,4096,0,0,0,548,0,2486601514,0,2486601522,0,0,0,0,0,0,0,0,0,4096,256,131072,4,15|9,0,0,0,0,0,0,0,0,0,0,0,0,0,0,0,0,0,0|40,2539093706,2,33554432,0,37748736,0,37748736,0,12714,0,5,6,3186571283,0,3186571283,0,2048,3195989492,0,3686815551,0,0,0,0,0
1785907542596|1012|degrade_inflight_lane2|fixed|64,1378943233,16780339,12223719,12123174,12123527,12123174,12123527,12123174,11585,11584,11583,11583,0,0,1086,0,357570068,357570413,4096,4096,0,0,11584,11584,2827848326,2827848317,2827848334,2827848325,0,0,0,0,0,0,0,0,4096,256,131072,4,15|9,0,0,0,0,0,0,0,0,0,0,0,0,0,0,0,0,0,0|42,3600152386,2,46372000,0,33554432,0,33554432,0,9130012,0,6,5,3276024743,0,3276024743,0,2080,3288082826,0,622882434,1,0,0,0,0
1785907542596|1012|degrade_inflight_lane2|rotating|64,1378943233,33558272,12297712,12196412,100838,0,100838,0,2185,0,1093,0,0,0,11654,11654,6982040,0,4096,0,0,0,1093,0,2807201856,0,2807201864,0,0,0,0,0,0,0,0,0,4096,256,131072,4,15|9,0,0,0,0,0,0,0,0,0,0,0,0,0,0,0,0,0,0|42,2859604924,2,33554432,0,37748736,0,37748736,0,25301,0,5,6,3186571283,0,3186571283,0,2048,3195989492,0,3686815551,0,0,0,0,0
1785907547598|1012|degrade_inflight_lane2|fixed|66,1378943233,16778427,18349906,18198413,18199462,18198413,18199462,18198413,17390,17388,17388,17387,0,0,1631,0,536749577,536724125,4096,4096,0,0,17389,17388,3147958010,3147958030,3147958018,3147958038,0,0,0,0,0,0,0,0,4096,256,131072,4,15|9,0,0,0,0,0,0,0,0,0,0,0,0,0,0,0,0,0,0|44,3920203127,2,50671776,0,33554432,0,33554432,0,13686262,0,6,5,3595000540,0,3595000540,0,2080,3607981791,0,622882434,1,0,0,0,0
1785907547598|1012|degrade_inflight_lane2|rotating|66,1378943233,33558272,18436655,18285532,151079,0,151079,0,3275,0,1638,0,0,0,17471,17471,10463552,0,4096,0,0,0,1638,0,3127806373,0,3127806381,0,0,0,0,0,0,0,0,0,4096,256,131072,4,15|9,0,0,0,0,0,0,0,0,0,0,0,0,0,0,0,0,0,0|44,3181117595,2,33554432,0,37748736,0,37748736,0,37882,0,5,6,3186571283,0,3186571283,0,2048,3195989492,0,3686815551,0,0,0,0,0
1785907552599|1012|degrade_inflight_lane2|fixed|68,1378943233,16777216,23887315,23693149,23691749,23693149,23691749,23693149,22642,22641,22641,22641,0,0,2124,0,698882960,698883408,4096,4096,0,0,22642,22642,3437610403,3437658793,3437610419,3437658801,0,0,0,0,0,0,0,0,4096,256,131072,4,15|9,0,0,0,0,0,0,0,0,0,0,0,0,0,0,0,0,0,0|46,4240333885,2,54525952,0,33554432,0,33554432,0,17769734,0,7,5,3880798762,0,3880798762,0,2048,3894975135,0,655879395,1,0,0,0,0
1785907552599|1012|degrade_inflight_lane2|rotating|68,1378943233,33558272,23887315,23693157,195566,0,195566,0,4247,0,2124,0,0,0,22641,22641,13568064,0,4096,0,0,0,2124,0,3413484935,0,3413484943,0,0,0,0,0,0,0,0,0,4096,256,131072,4,15|9,0,0,0,0,0,0,0,0,0,0,0,0,0,0,0,0,0,0|46,3500320279,2,33554432,0,54525952,0,54525952,0,48891,0,5,7,3186571283,0,3186571283,0,2048,3195989492,0,3723624719,0,0,0,0,0
1785907560757|1013|degrade_recovery_after_lane2|fixed|72,1378943233,16777471,4431241,4381789,4383059,4381789,4383059,4381789,4190,4189,4188,4188,0,0,523,0,129286263,129286664,4096,4096,0,0,4189,4189,3990466694,3990466731,3990466702,3990466715,0,0,0,0,0,0,0,0,4096,256,131072,4,15|9,0,0,0,0,0,0,0,0,0,0,0,0,0,0,0,0,0,0|48,467467917,3,58707168,0,33554432,0,33554432,0,4427395,0,7,5,4107059031,0,4107059031,0,2069,4122133086,0,950674299,1,0,0,0,0
1785907560757|1013|degrade_recovery_after_lane2|rotating|72,1378943233,33558272,4492226,4441037,48925,0,48925,0,1062,0,531,0,0,0,4246,4245,3391992,0,4096,0,0,0,531,0,3969371798,0,3969371806,0,0,0,0,0,0,0,0,0,4096,256,131072,4,15|9,0,0,0,0,0,0,0,0,0,0,0,0,0,0,0,0,0,0|48,4022623240,2,33554432,0,58720256,0,58720256,0,12231,0,5,8,3186571283,0,3186571283,0,2048,3195989492,0,3920738584,0,0,0,0,0
1785907578927|1014|degrade_inflight_lane3|fixed|76,1378943233,16779861,6089309,6040035,6039373,6040035,6039373,6040035,5779,5779,5778,5778,0,0,542,0,178357915,178356528,4096,4096,0,0,5779,5778,858293643,858277085,858293651,858277093,0,0,0,0,0,0,0,0,4096,256,131072,4,15|9,0,0,0,0,0,0,0,0,0,0,0,0,0,0,0,0,0,0|50,1630461317,3,63035840,0,33554432,0,33554432,0,4565668,0,8,5,136092437,1,136092437,1,2080,152409483,1,1788265899,1,0,0,0,0
1785907578927|1014|degrade_inflight_lane3|rotating|76,1378943233,33558272,6155076,6105244,50489,0,50489,0,1095,0,548,0,0,0,5840,5840,3500576,0,4096,0,0,0,548,0,837254081,0,837254089,0,0,0,0,0,0,0,0,0,4096,256,131072,4,15|9,0,0,0,0,0,0,0,0,0,0,0,0,0,0,0,0,0,0|50,893391216,3,33554432,0,58720256,0,58720256,0,12853,0,5,8,3186571283,0,3186571283,0,2048,3195989492,0,64548565,1,0,0,0,0
1785907583928|1014|degrade_inflight_lane3|fixed|78,1378943233,16779622,12210689,12109542,12110497,12109542,12110497,12109542,11583,11584,11583,11582,0,0,1086,0,357544424,357515841,4096,4096,0,0,11583,11583,1178398562,1178412191,1178398570,1178412199,0,0,0,0,0,0,0,0,4096,256,131072,4,15|9,0,0,0,0,0,0,0,0,0,0,0,0,0,0,0,0,0,0|52,1950456386,3,67335616,0,33554432,0,33554432,0,9116941,0,8,5,455012562,1,455012562,1,2080,472252776,1,1788265899,1,0,0,0,0
1785907583928|1014|degrade_inflight_lane3|rotating|78,1378943233,33558272,12286077,12185185,100838,0,100838,0,2185,0,1093,0,0,0,11654,11654,6982040,0,4096,0,0,0,1093,0,1157854400,0,1157854408,0,0,0,0,0,0,0,0,0,4096,256,131072,4,15|9,0,0,0,0,0,0,0,0,0,0,0,0,0,0,0,0,0,0|52,1210526297,3,33554432,0,58720256,0,58720256,0,25301,0,5,8,3186571283,0,3186571283,0,2048,3195989492,0,64548565,1,0,0,0,0
1785907588929|1014|degrade_inflight_lane3|fixed|80,1378943233,16780339,18329751,18180557,18179399,18180557,18179399,18180557,17387,17388,17386,17386,0,0,1630,0,536691016,536692468,4096,4096,0,0,17387,17387,1498505440,1498505444,1498505448,1498505452,0,0,0,0,0,0,0,0,4096,256,131072,4,15|9,0,0,0,0,0,0,0,0,0,0,0,0,0,0,0,0,0,0|54,2270752202,3,71643296,0,33554432,0,33554432,0,13672057,0,8,5,774231458,1,774231458,1,2080,792396537,1,1788265899,1,0,0,0,0
1785907588929|1014|degrade_inflight_lane3|rotating|80,1378943233,33558272,18395316,18245495,150898,0,150898,0,3271,0,1636,0,0,0,17448,17448,10450784,0,4096,0,0,0,1636,0,1477282402,0,1477282410,0,0,0,0,0,0,0,0,0,4096,256,131072,4,15|9,0,0,0,0,0,0,0,0,0,0,0,0,0,0,0,0,0,0|54,1529709462,3,33554432,0,58720256,0,58720256,0,37814,0,5,8,3186571283,0,3186571283,0,2048,3195989492,0,64548565,1,0,0,0,0
1785907593937|1014|degrade_inflight_lane3|fixed|82,1378943233,16777216,23865146,23669749,23669580,23669749,23669580,23669749,22642,22642,22642,22641,0,0,2124,0,698913032,698883992,4096,4096,0,0,22643,22642,1788313717,1788262092,1788313725,1788262100,0,0,0,0,0,0,0,0,4096,256,131072,4,15|9,0,0,0,0,0,0,0,0,0,0,0,0,0,0,0,0,0,0|56,2593663535,3,75497472,0,33554432,0,33554432,0,17752962,0,9,5,1060132278,1,1060132278,1,2048,1079492505,1,1823940811,1,0,0,0,0
1785907593937|1014|degrade_inflight_lane3|rotating|82,1378943233,33558272,23865146,23669754,195566,0,195566,0,4247,0,2124,0,0,0,22642,22641,13568064,0,4096,0,0,0,2124,0,1764137454,0,1764137462,0,0,0,0,0,0,0,0,0,4096,256,131072,4,15|9,0,0,0,0,0,0,0,0,0,0,0,0,0,0,0,0,0,0|56,1854771575,3,33554432,0,75497472,0,75497472,0,48891,0,5,9,3186571283,0,3186571283,0,2048,3195989492,0,105156510,1,0,0,0,0
1785907602074|1015|degrade_recovery_after_lane3|fixed|86,1378943233,16781056,4425328,4376619,4377239,4376619,4377239,4376619,4184,4183,4183,4183,0,0,522,0,129120792,129120560,4096,4096,0,0,4183,4183,2339622614,2339622923,2339622622,2339622939,0,0,0,0,0,0,0,0,4096,256,131072,4,15|9,0,0,0,0,0,0,0,0,0,0,0,0,0,0,0,0,0,0|58,3113996778,3,79691776,0,33554432,0,33554432,0,4441982,0,10,5,1286859606,1,1286859606,1,2048,1307434006,1,2116179216,1,0,0,0,0
1785907602074|1015|degrade_recovery_after_lane3|rotating|86,1378943233,33558272,4492068,4441458,48925,0,48925,0,1062,0,531,0,0,0,4246,4245,3391992,0,4096,0,0,0,531,0,2318830585,0,2318830593,0,0,0,0,0,0,0,0,0,4096,256,131072,4,15|9,0,0,0,0,0,0,0,0,0,0,0,0,0,0,0,0,0,0|58,2373195417,3,33554432,0,79691776,0,79691776,0,12231,0,5,10,3186571283,0,3186571283,0,2048,3195989492,0,298265398,1,0,0,0,0
