captured_ms|sequence|label|role|data_ro|dirm0|oen0
1785914521400|0|SAFE_BOOT|fixed|1346371075|8193|8193
1785914521400|0|SAFE_BOOT|rotating|1346371075|8193|8193
1785914521782|1001|dma_ring8_terminal|fixed|1350565379|8193|8193
1785914521782|1001|dma_ring8_terminal|rotating|1350565379|8193|8193
1785914522335|1002|dma_ring32_terminal|fixed|1350565379|8193|8193
1785914522335|1002|dma_ring32_terminal|rotating|1346371075|8193|8193
1785914522562|1003|dma_size_1_active|fixed|1346371075|8193|8193
1785914522562|1003|dma_size_1_active|rotating|1346371075|8193|8193
1785914522917|1003|dma_size_1_terminal|fixed|1350565379|8193|8193
1785914522917|1003|dma_size_1_terminal|rotating|1346371075|8193|8193
1785914523511|1004|dma_size_2_terminal|fixed|1350565379|8193|8193
1785914523511|1004|dma_size_2_terminal|rotating|1346371075|8193|8193
1785914523726|1005|dma_size_3_active|fixed|1346371075|8193|8193
1785914523726|1005|dma_size_3_active|rotating|1350565379|8193|8193
1785914524058|1005|dma_size_3_terminal|fixed|1346371075|8193|8193
1785914524058|1005|dma_size_3_terminal|rotating|1346371075|8193|8193
1785914524260|1006|dma_size_4_active|fixed|1350565379|8193|8193
1785914524260|1006|dma_size_4_active|rotating|1350565379|8193|8193
1785914524585|1006|dma_size_4_terminal|fixed|1346371075|8193|8193
1785914524585|1006|dma_size_4_terminal|rotating|1346371075|8193|8193
1785914524850|1007|dma_size_31_active|fixed|1346371075|8193|8193
1785914524850|1007|dma_size_31_active|rotating|1346371075|8193|8193
1785914525211|1007|dma_size_31_terminal|fixed|1350565379|8193|8193
1785914525211|1007|dma_size_31_terminal|rotating|1346371075|8193|8193
1785914525433|1008|dma_size_32_active|fixed|1350565379|8193|8193
1785914525433|1008|dma_size_32_active|rotating|1346371075|8193|8193
1785914525840|1008|dma_size_32_terminal|fixed|1346371075|8193|8193
1785914525840|1008|dma_size_32_terminal|rotating|1346371075|8193|8193
1785914526042|1009|dma_size_63_active|fixed|1350565379|8193|8193
1785914526042|1009|dma_size_63_active|rotating|1346371075|8193|8193
1785914526400|1009|dma_size_63_terminal|fixed|1350565379|8193|8193
1785914526400|1009|dma_size_63_terminal|rotating|1346371075|8193|8193
1785914526634|1010|dma_size_64_active|fixed|1346371075|8193|8193
1785914526634|1010|dma_size_64_active|rotating|1346371075|8193|8193
1785914527016|1010|dma_size_64_terminal|fixed|1350565379|8193|8193
1785914527016|1010|dma_size_64_terminal|rotating|1346371075|8193|8193
1785914527216|1011|dma_size_247_active|fixed|1350565379|8193|8193
1785914527216|1011|dma_size_247_active|rotating|1350565379|8193|8193
1785914527600|1011|dma_size_247_terminal|fixed|1346371075|8193|8193
1785914527600|1011|dma_size_247_terminal|rotating|1346371075|8193|8193
1785914527819|1012|dma_size_256_active|fixed|1346371075|8193|8193
1785914527819|1012|dma_size_256_active|rotating|1350565379|8193|8193
1785914528175|1012|dma_size_256_terminal|fixed|1346371075|8193|8193
1785914528175|1012|dma_size_256_terminal|rotating|1350565379|8193|8193
1785914528426|1013|dma_size_1024_active|fixed|1350565379|8193|8193
1785914528426|1013|dma_size_1024_active|rotating|1346371075|8193|8193
1785914528759|1013|dma_size_1024_terminal|fixed|1350565379|8193|8193
1785914528759|1013|dma_size_1024_terminal|rotating|1346371075|8193|8193
1785914528976|1014|dma_size_4096_active|fixed|1346362883|8193|8193
1785914528976|1014|dma_size_4096_active|rotating|1346371075|8193|8193
1785914529328|1014|dma_size_4096_terminal|fixed|1350565379|8193|8193
1785914529328|1014|dma_size_4096_terminal|rotating|1346371075|8193|8193
1785914529566|1015|dma_size_65536_active|fixed|1346371075|8193|8193
1785914529566|1015|dma_size_65536_active|rotating|1350557187|8193|8193
1785914529997|1015|dma_size_65536_terminal|fixed|1346371075|8193|8193
1785914529997|1015|dma_size_65536_terminal|rotating|1346371075|8193|8193
1785914530612|1016|dma_size_1048576_active|fixed|1346362883|8193|8193
1785914530612|1016|dma_size_1048576_active|rotating|1350565379|8193|8193
1785914532277|1016|dma_size_1048576_terminal|fixed|1350565379|8193|8193
1785914532277|1016|dma_size_1048576_terminal|rotating|1346371075|8193|8193
1785914532511|1017|dma_cache_off_fixed_active|fixed|1346371075|8193|8193
1785914532511|1017|dma_cache_off_fixed_active|rotating|1350557187|8193|8193
1785914532974|1017|dma_cache_off_fixed_terminal|fixed|1350565379|8193|8193
1785914532974|1017|dma_cache_off_fixed_terminal|rotating|1346371075|8193|8193
1785914533232|1018|dma_cache_off_rotating_active|fixed|1346362883|8193|8193
1785914533232|1018|dma_cache_off_rotating_active|rotating|1350565379|8193|8193
1785914533709|1018|dma_cache_off_rotating_terminal|fixed|1346371075|8193|8193
1785914533709|1018|dma_cache_off_rotating_terminal|rotating|1346371075|8193|8193
1785914533967|1019|dma_misaligned_active|fixed|1350565379|8193|8193
1785914533967|1019|dma_misaligned_active|rotating|1350565379|8193|8193
1785914534311|1019|dma_misaligned_terminal|fixed|1346371075|8193|8193
1785914534311|1019|dma_misaligned_terminal|rotating|1350565379|8193|8193
1785914534512|1020|dma_ring32_wrap_00_active|fixed|1350565379|8193|8193
1785914534512|1020|dma_ring32_wrap_00_active|rotating|1350565379|8193|8193
1785914534864|1020|dma_ring32_wrap_00_terminal|fixed|1350565379|8193|8193
1785914534864|1020|dma_ring32_wrap_00_terminal|rotating|1350565379|8193|8193
1785914535420|1021|dma_ring32_wrap_01_terminal|fixed|1350565379|8193|8193
1785914535420|1021|dma_ring32_wrap_01_terminal|rotating|1346371075|8193|8193
1785914535663|1022|dma_ring32_wrap_02_active|fixed|1350565379|8193|8193
1785914535663|1022|dma_ring32_wrap_02_active|rotating|1350565379|8193|8193
1785914536013|1022|dma_ring32_wrap_02_terminal|fixed|1350565379|8193|8193
1785914536013|1022|dma_ring32_wrap_02_terminal|rotating|1350565379|8193|8193
1785914536260|1023|dma_ring32_wrap_03_active|fixed|1350565379|8193|8193
1785914536260|1023|dma_ring32_wrap_03_active|rotating|1346371075|8193|8193
1785914536579|1023|dma_ring32_wrap_03_terminal|fixed|1346371075|8193|8193
1785914536579|1023|dma_ring32_wrap_03_terminal|rotating|1346371075|8193|8193
1785914536783|1024|dma_ring32_wrap_04_active|fixed|1346371075|8193|8193
1785914536783|1024|dma_ring32_wrap_04_active|rotating|1350565379|8193|8193
1785914537126|1024|dma_ring32_wrap_04_terminal|fixed|1346371075|8193|8193
1785914537126|1024|dma_ring32_wrap_04_terminal|rotating|1346371075|8193|8193
1785914537353|1025|dma_ring32_wrap_05_active|fixed|1346371075|8193|8193
1785914537353|1025|dma_ring32_wrap_05_active|rotating|1350565379|8193|8193
1785914537679|1025|dma_ring32_wrap_05_terminal|fixed|1350565379|8193|8193
1785914537679|1025|dma_ring32_wrap_05_terminal|rotating|1350565379|8193|8193
1785914537902|1026|dma_ring32_wrap_06_active|fixed|1346371075|8193|8193
1785914537902|1026|dma_ring32_wrap_06_active|rotating|1350565379|8193|8193
1785914538270|1026|dma_ring32_wrap_06_terminal|fixed|1350565379|8193|8193
1785914538270|1026|dma_ring32_wrap_06_terminal|rotating|1350565379|8193|8193
1785914538505|1027|dma_ring32_wrap_07_active|fixed|1350565379|8193|8193
1785914538505|1027|dma_ring32_wrap_07_active|rotating|1346371075|8193|8193
1785914538842|1027|dma_ring32_wrap_07_terminal|fixed|1350565379|8193|8193
1785914538842|1027|dma_ring32_wrap_07_terminal|rotating|1350565379|8193|8193
1785914539033|1028|dma_ring32_wrap_08_active|fixed|1350565379|8193|8193
1785914539033|1028|dma_ring32_wrap_08_active|rotating|1346371075|8193|8193
1785914539376|1028|dma_ring32_wrap_08_terminal|fixed|1350565379|8193|8193
1785914539376|1028|dma_ring32_wrap_08_terminal|rotating|1346371075|8193|8193
1785914539611|1029|dma_ring32_wrap_09_active|fixed|1346371075|8193|8193
1785914539611|1029|dma_ring32_wrap_09_active|rotating|1350565379|8193|8193
1785914539968|1029|dma_ring32_wrap_09_terminal|fixed|1346371075|8193|8193
1785914539968|1029|dma_ring32_wrap_09_terminal|rotating|1346371075|8193|8193
1785914540188|1030|dma_ring32_wrap_10_active|fixed|1350565379|8193|8193
1785914540188|1030|dma_ring32_wrap_10_active|rotating|1346371075|8193|8193
1785914540547|1030|dma_ring32_wrap_10_terminal|fixed|1346371075|8193|8193
1785914540547|1030|dma_ring32_wrap_10_terminal|rotating|1346371075|8193|8193
1785914540789|1031|dma_ring32_wrap_11_active|fixed|1350565379|8193|8193
1785914540789|1031|dma_ring32_wrap_11_active|rotating|1350565379|8193|8193
1785914541119|1031|dma_ring32_wrap_11_terminal|fixed|1350565379|8193|8193
1785914541119|1031|dma_ring32_wrap_11_terminal|rotating|1346371075|8193|8193
1785914541374|1032|dma_ring32_wrap_12_active|fixed|1350565379|8193|8193
1785914541374|1032|dma_ring32_wrap_12_active|rotating|1346371075|8193|8193
1785914541701|1032|dma_ring32_wrap_12_terminal|fixed|1350565379|8193|8193
1785914541701|1032|dma_ring32_wrap_12_terminal|rotating|1350565379|8193|8193
1785914541919|1033|dma_ring32_wrap_13_active|fixed|1350565379|8193|8193
1785914541919|1033|dma_ring32_wrap_13_active|rotating|1350565379|8193|8193
1785914542264|1033|dma_ring32_wrap_13_terminal|fixed|1350565379|8193|8193
1785914542264|1033|dma_ring32_wrap_13_terminal|rotating|1346371075|8193|8193
1785914542478|1034|dma_ring32_wrap_14_active|fixed|1350565379|8193|8193
1785914542478|1034|dma_ring32_wrap_14_active|rotating|1350565379|8193|8193
1785914542828|1034|dma_ring32_wrap_14_terminal|fixed|1346371075|8193|8193
1785914542828|1034|dma_ring32_wrap_14_terminal|rotating|1346371075|8193|8193
1785914543094|1035|dma_ring32_wrap_15_active|fixed|1346371075|8193|8193
1785914543094|1035|dma_ring32_wrap_15_active|rotating|1350565379|8193|8193
1785914543462|1035|dma_ring32_wrap_15_terminal|fixed|1346371075|8193|8193
1785914543462|1035|dma_ring32_wrap_15_terminal|rotating|1350565379|8193|8193
1785914543680|1036|dma_ring32_wrap_16_active|fixed|1346371075|8193|8193
1785914543680|1036|dma_ring32_wrap_16_active|rotating|1346371075|8193|8193
1785914544044|1036|dma_ring32_wrap_16_terminal|fixed|1350565379|8193|8193
1785914544044|1036|dma_ring32_wrap_16_terminal|rotating|1350565379|8193|8193
1785914544295|1037|dma_ring32_wrap_17_active|fixed|1346371075|8193|8193
1785914544295|1037|dma_ring32_wrap_17_active|rotating|1346371075|8193|8193
1785914544680|1037|dma_ring32_wrap_17_terminal|fixed|1346371075|8193|8193
1785914544680|1037|dma_ring32_wrap_17_terminal|rotating|1346371075|8193|8193
1785914544918|1038|dma_ring32_wrap_18_active|fixed|1346371075|8193|8193
1785914544918|1038|dma_ring32_wrap_18_active|rotating|1346371075|8193|8193
1785914545268|1038|dma_ring32_wrap_18_terminal|fixed|1346371075|8193|8193
1785914545268|1038|dma_ring32_wrap_18_terminal|rotating|1346371075|8193|8193
1785914545490|1039|dma_ring32_wrap_19_active|fixed|1350565379|8193|8193
1785914545490|1039|dma_ring32_wrap_19_active|rotating|1346371075|8193|8193
1785914545830|1039|dma_ring32_wrap_19_terminal|fixed|1346371075|8193|8193
1785914545830|1039|dma_ring32_wrap_19_terminal|rotating|1346371075|8193|8193
1785914546046|1040|dma_ring32_wrap_20_active|fixed|1346371075|8193|8193
1785914546046|1040|dma_ring32_wrap_20_active|rotating|1350565379|8193|8193
1785914546386|1040|dma_ring32_wrap_20_terminal|fixed|1346371075|8193|8193
1785914546386|1040|dma_ring32_wrap_20_terminal|rotating|1346371075|8193|8193
1785914546608|1041|dma_ring32_wrap_21_active|fixed|1350565379|8193|8193
1785914546608|1041|dma_ring32_wrap_21_active|rotating|1350565379|8193|8193
1785914546983|1041|dma_ring32_wrap_21_terminal|fixed|1350565379|8193|8193
1785914546983|1041|dma_ring32_wrap_21_terminal|rotating|1350565379|8193|8193
1785914547216|1042|dma_ring32_wrap_22_active|fixed|1346371075|8193|8193
1785914547216|1042|dma_ring32_wrap_22_active|rotating|1346371075|8193|8193
1785914547578|1042|dma_ring32_wrap_22_terminal|fixed|1346371075|8193|8193
1785914547578|1042|dma_ring32_wrap_22_terminal|rotating|1346371075|8193|8193
1785914547779|1043|dma_ring32_wrap_23_active|fixed|1350565379|8193|8193
1785914547779|1043|dma_ring32_wrap_23_active|rotating|1346371075|8193|8193
1785914548107|1043|dma_ring32_wrap_23_terminal|fixed|1350565379|8193|8193
1785914548107|1043|dma_ring32_wrap_23_terminal|rotating|1350565379|8193|8193
1785914548323|1044|dma_ring32_wrap_24_active|fixed|1346371075|8193|8193
1785914548323|1044|dma_ring32_wrap_24_active|rotating|1350565379|8193|8193
1785914548697|1044|dma_ring32_wrap_24_terminal|fixed|1346371075|8193|8193
1785914548697|1044|dma_ring32_wrap_24_terminal|rotating|1350565379|8193|8193
1785914548931|1045|dma_ring32_wrap_25_active|fixed|1346371075|8193|8193
1785914548931|1045|dma_ring32_wrap_25_active|rotating|1346371075|8193|8193
1785914549272|1045|dma_ring32_wrap_25_terminal|fixed|1350565379|8193|8193
1785914549272|1045|dma_ring32_wrap_25_terminal|rotating|1350565379|8193|8193
1785914549491|1046|dma_ring32_wrap_26_active|fixed|1350565379|8193|8193
1785914549491|1046|dma_ring32_wrap_26_active|rotating|1346371075|8193|8193
1785914549837|1046|dma_ring32_wrap_26_terminal|fixed|1346371075|8193|8193
1785914549837|1046|dma_ring32_wrap_26_terminal|rotating|1346371075|8193|8193
1785914550060|1047|dma_ring32_wrap_27_active|fixed|1350565379|8193|8193
1785914550060|1047|dma_ring32_wrap_27_active|rotating|1346371075|8193|8193
1785914550410|1047|dma_ring32_wrap_27_terminal|fixed|1346371075|8193|8193
1785914550410|1047|dma_ring32_wrap_27_terminal|rotating|1346371075|8193|8193
1785914550646|1048|dma_ring32_wrap_28_active|fixed|1346371075|8193|8193
1785914550646|1048|dma_ring32_wrap_28_active|rotating|1350565379|8193|8193
1785914551051|1048|dma_ring32_wrap_28_terminal|fixed|1350565379|8193|8193
1785914551051|1048|dma_ring32_wrap_28_terminal|rotating|1346371075|8193|8193
1785914551324|1049|dma_ring32_wrap_29_active|fixed|1350565379|8193|8193
1785914551324|1049|dma_ring32_wrap_29_active|rotating|1346371075|8193|8193
1785914551666|1049|dma_ring32_wrap_29_terminal|fixed|1346371075|8193|8193
1785914551666|1049|dma_ring32_wrap_29_terminal|rotating|1346371075|8193|8193
1785914551902|1050|dma_ring32_wrap_30_active|fixed|1350565379|8193|8193
1785914551902|1050|dma_ring32_wrap_30_active|rotating|1350565379|8193|8193
1785914552228|1050|dma_ring32_wrap_30_terminal|fixed|1346371075|8193|8193
1785914552228|1050|dma_ring32_wrap_30_terminal|rotating|1346371075|8193|8193
1785914552564|1051|dma_ring32_wrap_31_active|fixed|1346371075|8193|8193
1785914552564|1051|dma_ring32_wrap_31_active|rotating|1346371075|8193|8193
1785914553189|1051|dma_ring32_wrap_31_terminal|fixed|1346371075|8193|8193
1785914553189|1051|dma_ring32_wrap_31_terminal|rotating|1346371075|8193|8193
1785914553401|1052|dma_ring32_wrap_32_active|fixed|1350565379|8193|8193
1785914553401|1052|dma_ring32_wrap_32_active|rotating|1350565379|8193|8193
1785914553745|1052|dma_ring32_wrap_32_terminal|fixed|1350565379|8193|8193
1785914553745|1052|dma_ring32_wrap_32_terminal|rotating|1346371075|8193|8193
1785914554306|1053|dma_ring32_wrap_33_terminal|fixed|1350565379|8193|8193
1785914554306|1053|dma_ring32_wrap_33_terminal|rotating|1350565379|8193|8193
1785914554537|1054|dma_ring32_wrap_34_active|fixed|1350565379|8193|8193
1785914554537|1054|dma_ring32_wrap_34_active|rotating|1350565379|8193|8193
1785914554929|1054|dma_ring32_wrap_34_terminal|fixed|1346371075|8193|8193
1785914554929|1054|dma_ring32_wrap_34_terminal|rotating|1350565379|8193|8193
1785914555211|1055|dma_ring32_wrap_35_active|fixed|1346371075|8193|8193
1785914555211|1055|dma_ring32_wrap_35_active|rotating|1346371075|8193|8193
1785914555848|1055|dma_ring32_wrap_35_terminal|fixed|1350565379|8193|8193
1785914555848|1055|dma_ring32_wrap_35_terminal|rotating|1350565379|8193|8193
1785914556247|1056|dma_ring32_wrap_36_active|fixed|1350565379|8193|8193
1785914556247|1056|dma_ring32_wrap_36_active|rotating|1350565379|8193|8193
1785914556640|1056|dma_ring32_wrap_36_terminal|fixed|1346371075|8193|8193
1785914556640|1056|dma_ring32_wrap_36_terminal|rotating|1346371075|8193|8193
1785914557260|1057|dma_ring32_wrap_37_terminal|fixed|1346371075|8193|8193
1785914557260|1057|dma_ring32_wrap_37_terminal|rotating|1350565379|8193|8193
1785914557517|1058|dma_ring32_wrap_38_active|fixed|1350565379|8193|8193
1785914557517|1058|dma_ring32_wrap_38_active|rotating|1350565379|8193|8193
1785914558005|1058|dma_ring32_wrap_38_terminal|fixed|1346371075|8193|8193
1785914558005|1058|dma_ring32_wrap_38_terminal|rotating|1346371075|8193|8193
1785914558588|1059|dma_ring32_wrap_39_terminal|fixed|1346371075|8193|8193
1785914558588|1059|dma_ring32_wrap_39_terminal|rotating|1346371075|8193|8193
1785914558799|1060|dma_ring32_wrap_40_active|fixed|1350565379|8193|8193
1785914558799|1060|dma_ring32_wrap_40_active|rotating|1350565379|8193|8193
1785914559177|1060|dma_ring32_wrap_40_terminal|fixed|1346371075|8193|8193
1785914559177|1060|dma_ring32_wrap_40_terminal|rotating|1350565379|8193|8193
1785914559486|1061|dma_ring32_wrap_41_active|fixed|1346371075|8193|8193
1785914559486|1061|dma_ring32_wrap_41_active|rotating|1346371075|8193|8193
1785914559943|1061|dma_ring32_wrap_41_terminal|fixed|1350565379|8193|8193
1785914559943|1061|dma_ring32_wrap_41_terminal|rotating|1346371075|8193|8193
1785914560195|1062|dma_ring32_wrap_42_active|fixed|1346371075|8193|8193
1785914560195|1062|dma_ring32_wrap_42_active|rotating|1346371075|8193|8193
1785914560609|1062|dma_ring32_wrap_42_terminal|fixed|1350565379|8193|8193
1785914560609|1062|dma_ring32_wrap_42_terminal|rotating|1346371075|8193|8193
1785914560892|1063|dma_ring32_wrap_43_active|fixed|1346371075|8193|8193
1785914560892|1063|dma_ring32_wrap_43_active|rotating|1346371075|8193|8193
1785914561351|1063|dma_ring32_wrap_43_terminal|fixed|1346371075|8193|8193
1785914561351|1063|dma_ring32_wrap_43_terminal|rotating|1346371075|8193|8193
1785914561577|1064|dma_ring32_wrap_44_active|fixed|1350565379|8193|8193
1785914561577|1064|dma_ring32_wrap_44_active|rotating|1346371075|8193|8193
1785914561954|1064|dma_ring32_wrap_44_terminal|fixed|1350565379|8193|8193
1785914561954|1064|dma_ring32_wrap_44_terminal|rotating|1346371075|8193|8193
1785914562549|1065|dma_ring32_wrap_45_terminal|fixed|1346371075|8193|8193
1785914562549|1065|dma_ring32_wrap_45_terminal|rotating|1350565379|8193|8193
1785914562854|1066|dma_ring32_wrap_46_active|fixed|1350565379|8193|8193
1785914562854|1066|dma_ring32_wrap_46_active|rotating|1350565379|8193|8193
1785914563206|1066|dma_ring32_wrap_46_terminal|fixed|1346371075|8193|8193
1785914563206|1066|dma_ring32_wrap_46_terminal|rotating|1346371075|8193|8193
1785914563462|1067|dma_ring32_wrap_47_active|fixed|1346371075|8193|8193
1785914563462|1067|dma_ring32_wrap_47_active|rotating|1350565379|8193|8193
1785914563818|1067|dma_ring32_wrap_47_terminal|fixed|1346371075|8193|8193
1785914563818|1067|dma_ring32_wrap_47_terminal|rotating|1346371075|8193|8193
1785914564162|1068|dma_ring32_wrap_48_active|fixed|1346371075|8193|8193
1785914564162|1068|dma_ring32_wrap_48_active|rotating|1350565379|8193|8193
1785914564495|1068|dma_ring32_wrap_48_terminal|fixed|1350565379|8193|8193
1785914564495|1068|dma_ring32_wrap_48_terminal|rotating|1350565379|8193|8193
1785914565163|1069|dma_ring32_wrap_49_terminal|fixed|1350565379|8193|8193
1785914565163|1069|dma_ring32_wrap_49_terminal|rotating|1350565379|8193|8193
1785914565385|1070|dma_ring32_wrap_50_active|fixed|1350565379|8193|8193
1785914565385|1070|dma_ring32_wrap_50_active|rotating|1350565379|8193|8193
1785914565837|1070|dma_ring32_wrap_50_terminal|fixed|1346371075|8193|8193
1785914565837|1070|dma_ring32_wrap_50_terminal|rotating|1346371075|8193|8193
1785914566074|1071|dma_ring32_wrap_51_active|fixed|1350565379|8193|8193
1785914566074|1071|dma_ring32_wrap_51_active|rotating|1350565379|8193|8193
1785914566484|1071|dma_ring32_wrap_51_terminal|fixed|1350565379|8193|8193
1785914566484|1071|dma_ring32_wrap_51_terminal|rotating|1346371075|8193|8193
1785914566699|1072|dma_ring32_wrap_52_active|fixed|1350565379|8193|8193
1785914566699|1072|dma_ring32_wrap_52_active|rotating|1350565379|8193|8193
1785914567058|1072|dma_ring32_wrap_52_terminal|fixed|1346371075|8193|8193
1785914567058|1072|dma_ring32_wrap_52_terminal|rotating|1350565379|8193|8193
1785914567260|1073|dma_ring32_wrap_53_active|fixed|1346371075|8193|8193
1785914567260|1073|dma_ring32_wrap_53_active|rotating|1350565379|8193|8193
1785914567584|1073|dma_ring32_wrap_53_terminal|fixed|1346371075|8193|8193
1785914567584|1073|dma_ring32_wrap_53_terminal|rotating|1350565379|8193|8193
1785914567845|1074|dma_ring32_wrap_54_active|fixed|1350565379|8193|8193
1785914567845|1074|dma_ring32_wrap_54_active|rotating|1350565379|8193|8193
1785914568192|1074|dma_ring32_wrap_54_terminal|fixed|1346371075|8193|8193
1785914568192|1074|dma_ring32_wrap_54_terminal|rotating|1346371075|8193|8193
1785914568411|1075|dma_ring32_wrap_55_active|fixed|1350565379|8193|8193
1785914568411|1075|dma_ring32_wrap_55_active|rotating|1350565379|8193|8193
1785914568803|1075|dma_ring32_wrap_55_terminal|fixed|1346371075|8193|8193
1785914568803|1075|dma_ring32_wrap_55_terminal|rotating|1346371075|8193|8193
1785914569019|1076|dma_ring32_wrap_56_active|fixed|1346371075|8193|8193
1785914569019|1076|dma_ring32_wrap_56_active|rotating|1350565379|8193|8193
1785914569345|1076|dma_ring32_wrap_56_terminal|fixed|1350565379|8193|8193
1785914569345|1076|dma_ring32_wrap_56_terminal|rotating|1346371075|8193|8193
1785914569591|1077|dma_ring32_wrap_57_active|fixed|1350565379|8193|8193
1785914569591|1077|dma_ring32_wrap_57_active|rotating|1350565379|8193|8193
1785914569978|1077|dma_ring32_wrap_57_terminal|fixed|1346371075|8193|8193
1785914569978|1077|dma_ring32_wrap_57_terminal|rotating|1346371075|8193|8193
1785914570209|1078|dma_ring32_wrap_58_active|fixed|1346371075|8193|8193
1785914570209|1078|dma_ring32_wrap_58_active|rotating|1350565379|8193|8193
1785914570531|1078|dma_ring32_wrap_58_terminal|fixed|1350565379|8193|8193
1785914570531|1078|dma_ring32_wrap_58_terminal|rotating|1350565379|8193|8193
1785914570738|1079|dma_ring32_wrap_59_active|fixed|1346371075|8193|8193
1785914570738|1079|dma_ring32_wrap_59_active|rotating|1350565379|8193|8193
1785914571086|1079|dma_ring32_wrap_59_terminal|fixed|1350565379|8193|8193
1785914571086|1079|dma_ring32_wrap_59_terminal|rotating|1350565379|8193|8193
1785914571329|1080|dma_ring32_wrap_60_active|fixed|1346371075|8193|8193
1785914571329|1080|dma_ring32_wrap_60_active|rotating|1350565379|8193|8193
1785914571678|1080|dma_ring32_wrap_60_terminal|fixed|1346371075|8193|8193
1785914571678|1080|dma_ring32_wrap_60_terminal|rotating|1346371075|8193|8193
1785914571921|1081|dma_ring32_wrap_61_active|fixed|1350565379|8193|8193
1785914571921|1081|dma_ring32_wrap_61_active|rotating|1346371075|8193|8193
1785914572267|1081|dma_ring32_wrap_61_terminal|fixed|1346371075|8193|8193
1785914572267|1081|dma_ring32_wrap_61_terminal|rotating|1350565379|8193|8193
1785914572464|1082|dma_ring32_wrap_62_active|fixed|1346371075|8193|8193
1785914572464|1082|dma_ring32_wrap_62_active|rotating|1346371075|8193|8193
1785914572851|1082|dma_ring32_wrap_62_terminal|fixed|1350565379|8193|8193
1785914572851|1082|dma_ring32_wrap_62_terminal|rotating|1350565379|8193|8193
1785914573079|1083|dma_ring32_wrap_63_active|fixed|1350565379|8193|8193
1785914573079|1083|dma_ring32_wrap_63_active|rotating|1346371075|8193|8193
1785914573423|1083|dma_ring32_wrap_63_terminal|fixed|1350565379|8193|8193
1785914573423|1083|dma_ring32_wrap_63_terminal|rotating|1350565379|8193|8193
1785914573678|1084|dma_ring32_wrap_64_active|fixed|1350565379|8193|8193
1785914573678|1084|dma_ring32_wrap_64_active|rotating|1346371075|8193|8193
1785914574046|1084|dma_ring32_wrap_64_terminal|fixed|1350565379|8193|8193
1785914574046|1084|dma_ring32_wrap_64_terminal|rotating|1346371075|8193|8193
1785914574237|1085|dma_ring32_wrap_65_active|fixed|1350565379|8193|8193
1785914574237|1085|dma_ring32_wrap_65_active|rotating|1346371075|8193|8193
1785914574593|1085|dma_ring32_wrap_65_terminal|fixed|1346371075|8193|8193
1785914574593|1085|dma_ring32_wrap_65_terminal|rotating|1346371075|8193|8193
1785914574781|1086|dma_ring32_wrap_66_active|fixed|1350565379|8193|8193
1785914574781|1086|dma_ring32_wrap_66_active|rotating|1350565379|8193|8193
1785914575129|1086|dma_ring32_wrap_66_terminal|fixed|1350565379|8193|8193
1785914575129|1086|dma_ring32_wrap_66_terminal|rotating|1346371075|8193|8193
1785914575360|1087|dma_ring32_wrap_67_active|fixed|1346371075|8193|8193
1785914575360|1087|dma_ring32_wrap_67_active|rotating|1350565379|8193|8193
1785914575703|1087|dma_ring32_wrap_67_terminal|fixed|1350565379|8193|8193
1785914575703|1087|dma_ring32_wrap_67_terminal|rotating|1350565379|8193|8193
1785914575921|1088|dma_ring32_wrap_68_active|fixed|1346371075|8193|8193
1785914575921|1088|dma_ring32_wrap_68_active|rotating|1346371075|8193|8193
1785914576270|1088|dma_ring32_wrap_68_terminal|fixed|1346371075|8193|8193
1785914576270|1088|dma_ring32_wrap_68_terminal|rotating|1350565379|8193|8193
1785914576468|1089|dma_ring32_wrap_69_active|fixed|1350565379|8193|8193
1785914576468|1089|dma_ring32_wrap_69_active|rotating|1350565379|8193|8193
1785914576812|1089|dma_ring32_wrap_69_terminal|fixed|1350565379|8193|8193
1785914576812|1089|dma_ring32_wrap_69_terminal|rotating|1346371075|8193|8193
1785914577043|1090|dma_ring32_wrap_70_active|fixed|1346371075|8193|8193
1785914577043|1090|dma_ring32_wrap_70_active|rotating|1346371075|8193|8193
1785914577377|1090|dma_ring32_wrap_70_terminal|fixed|1346371075|8193|8193
1785914577377|1090|dma_ring32_wrap_70_terminal|rotating|1350565379|8193|8193
1785914577620|1091|dma_ring32_wrap_71_active|fixed|1350565379|8193|8193
1785914577620|1091|dma_ring32_wrap_71_active|rotating|1346371075|8193|8193
1785914577994|1091|dma_ring32_wrap_71_terminal|fixed|1346371075|8193|8193
1785914577994|1091|dma_ring32_wrap_71_terminal|rotating|1350565379|8193|8193
1785914578525|1092|dma_reset_idle_terminal|fixed|1350565379|8193|8193
1785914578525|1092|dma_reset_idle_terminal|rotating|1346371075|8193|8193
1785914579068|1093|dma_reset_queued_terminal|fixed|1346371075|8193|8193
1785914579068|1093|dma_reset_queued_terminal|rotating|1350565379|8193|8193
1785914579613|1094|dma_pl_soft_reset_terminal|fixed|1346371075|8193|8193
1785914579613|1094|dma_pl_soft_reset_terminal|rotating|1350565379|8193|8193
1785914580180|1095|dma_stale_completion_terminal|fixed|1350565379|8193|8193
1785914580180|1095|dma_stale_completion_terminal|rotating|1346371075|8193|8193
1785914580778|1096|dma_post_reset_clean_active|fixed|1346362883|8193|8193
1785914580778|1096|dma_post_reset_clean_active|rotating|1350565379|8193|8193
1785914582482|1096|dma_post_reset_clean_terminal|fixed|1350565379|8193|8193
1785914582482|1096|dma_post_reset_clean_terminal|rotating|1350565379|8193|8193
1785914583014|1097|P10_3F-DMA_endpoint_shutdown_terminal|fixed|1346371075|8193|8193
1785914583014|1097|P10_3F-DMA_endpoint_shutdown_terminal|rotating|1350565379|8193|8193
