captured_ms|sequence|label|role|data_ro|dirm0|oen0
1788086175900|0|SAFE_BOOT|fixed|1346371075|8193|8193
1788086175900|0|SAFE_BOOT|rotating|1350565379|8193|8193
1788086176063|1001|twoplustwo_f3_rC_active|fixed|1350557186|8193|8193
1788086176063|1001|twoplustwo_f3_rC_active|rotating|1350557186|8193|8193
1788086181165|1001|twoplustwo_f3_rC|fixed|1350557186|8193|8193
1788086181165|1001|twoplustwo_f3_rC|rotating|1350557186|8193|8193
1788086186235|1001|twoplustwo_f3_rC|fixed|1350557186|8193|8193
1788086186235|1001|twoplustwo_f3_rC|rotating|1346362882|8193|8193
1788086191215|1001|twoplustwo_f3_rC|fixed|1350557186|8193|8193
1788086191215|1001|twoplustwo_f3_rC|rotating|1346362882|8193|8193
1788086196244|1001|twoplustwo_f3_rC|fixed|1350557186|8193|8193
1788086196244|1001|twoplustwo_f3_rC|rotating|1346362882|8193|8193
1788086201279|1001|twoplustwo_f3_rC|fixed|1350557186|8193|8193
1788086201279|1001|twoplustwo_f3_rC|rotating|1350557186|8193|8193
1788086206351|1001|twoplustwo_f3_rC_terminal|fixed|1346371075|8193|8193
1788086206351|1001|twoplustwo_f3_rC_terminal|rotating|1350565379|8193|8193
1788086206646|1002|twoplustwo_fC_r3_active|fixed|1346362882|8193|8193
1788086206646|1002|twoplustwo_fC_r3_active|rotating|1346362882|8193|8193
1788086211770|1002|twoplustwo_fC_r3|fixed|1346362882|8193|8193
1788086211770|1002|twoplustwo_fC_r3|rotating|1346362882|8193|8193
1788086216781|1002|twoplustwo_fC_r3|fixed|1346362882|8193|8193
1788086216781|1002|twoplustwo_fC_r3|rotating|1346362882|8193|8193
1788086221786|1002|twoplustwo_fC_r3|fixed|1346362882|8193|8193
1788086221786|1002|twoplustwo_fC_r3|rotating|1350557186|8193|8193
1788086226825|1002|twoplustwo_fC_r3|fixed|1350557186|8193|8193
1788086226825|1002|twoplustwo_fC_r3|rotating|1350557186|8193|8193
1788086231831|1002|twoplustwo_fC_r3|fixed|1350557186|8193|8193
1788086231831|1002|twoplustwo_fC_r3|rotating|1350557186|8193|8193
1788086236960|1002|twoplustwo_fC_r3_terminal|fixed|1350565379|8193|8193
1788086236960|1002|twoplustwo_fC_r3_terminal|rotating|1350565379|8193|8193
1788086237230|1003|twoplustwo_f5_rA_active|fixed|1350557186|8193|8193
1788086237230|1003|twoplustwo_f5_rA_active|rotating|1350557186|8193|8193
1788086242395|1003|twoplustwo_f5_rA|fixed|1346362882|8193|8193
1788086242395|1003|twoplustwo_f5_rA|rotating|1346362882|8193|8193
1788086247392|1003|twoplustwo_f5_rA|fixed|1346362882|8193|8193
1788086247392|1003|twoplustwo_f5_rA|rotating|1346362882|8193|8193
1788086252430|1003|twoplustwo_f5_rA|fixed|1350557186|8193|8193
1788086252430|1003|twoplustwo_f5_rA|rotating|1346362882|8193|8193
1788086257412|1003|twoplustwo_f5_rA|fixed|1350557186|8193|8193
1788086257412|1003|twoplustwo_f5_rA|rotating|1346362882|8193|8193
1788086262383|1003|twoplustwo_f5_rA|fixed|1350557186|8193|8193
1788086262383|1003|twoplustwo_f5_rA|rotating|1350557186|8193|8193
1788086267545|1003|twoplustwo_f5_rA_terminal|fixed|1350565379|8193|8193
1788086267545|1003|twoplustwo_f5_rA_terminal|rotating|1350565379|8193|8193
1788086267837|1004|twoplustwo_fA_r5_active|fixed|1346362882|8193|8193
1788086267837|1004|twoplustwo_fA_r5_active|rotating|1346362882|8193|8193
1788086272977|1004|twoplustwo_fA_r5|fixed|1350557186|8193|8193
1788086272977|1004|twoplustwo_fA_r5|rotating|1346362882|8193|8193
1788086277982|1004|twoplustwo_fA_r5|fixed|1346362882|8193|8193
1788086277982|1004|twoplustwo_fA_r5|rotating|1346362882|8193|8193
1788086283013|1004|twoplustwo_fA_r5|fixed|1346362882|8193|8193
1788086283013|1004|twoplustwo_fA_r5|rotating|1350557186|8193|8193
1788086287999|1004|twoplustwo_fA_r5|fixed|1350557186|8193|8193
1788086287999|1004|twoplustwo_fA_r5|rotating|1350557186|8193|8193
1788086292978|1004|twoplustwo_fA_r5|fixed|1346362882|8193|8193
1788086292978|1004|twoplustwo_fA_r5|rotating|1346362882|8193|8193
1788086298148|1004|twoplustwo_fA_r5_terminal|fixed|1346371075|8193|8193
1788086298148|1004|twoplustwo_fA_r5_terminal|rotating|1350565379|8193|8193
1788086298469|1005|twoplustwo_f9_r6_active|fixed|1350557186|8193|8193
1788086298469|1005|twoplustwo_f9_r6_active|rotating|1346362882|8193|8193
1788086303602|1005|twoplustwo_f9_r6|fixed|1346362882|8193|8193
1788086303602|1005|twoplustwo_f9_r6|rotating|1350557186|8193|8193
1788086308606|1005|twoplustwo_f9_r6|fixed|1346362882|8193|8193
1788086308606|1005|twoplustwo_f9_r6|rotating|1350557186|8193|8193
1788086313621|1005|twoplustwo_f9_r6|fixed|1346362882|8193|8193
1788086313621|1005|twoplustwo_f9_r6|rotating|1346362882|8193|8193
1788086318636|1005|twoplustwo_f9_r6|fixed|1346362882|8193|8193
1788086318636|1005|twoplustwo_f9_r6|rotating|1346362882|8193|8193
1788086323694|1005|twoplustwo_f9_r6|fixed|1346362882|8193|8193
1788086323694|1005|twoplustwo_f9_r6|rotating|1350557186|8193|8193
1788086328725|1005|twoplustwo_f9_r6_terminal|fixed|1350565379|8193|8193
1788086328725|1005|twoplustwo_f9_r6_terminal|rotating|1346371075|8193|8193
1788086329024|1006|twoplustwo_f6_r9_active|fixed|1346362882|8193|8193
1788086329024|1006|twoplustwo_f6_r9_active|rotating|1346362882|8193|8193
1788086334123|1006|twoplustwo_f6_r9|fixed|1350557186|8193|8193
1788086334123|1006|twoplustwo_f6_r9|rotating|1346362882|8193|8193
1788086339114|1006|twoplustwo_f6_r9|fixed|1350557186|8193|8193
1788086339114|1006|twoplustwo_f6_r9|rotating|1350557186|8193|8193
1788086344169|1006|twoplustwo_f6_r9|fixed|1350557186|8193|8193
1788086344169|1006|twoplustwo_f6_r9|rotating|1346362882|8193|8193
1788086349179|1006|twoplustwo_f6_r9|fixed|1346362882|8193|8193
1788086349179|1006|twoplustwo_f6_r9|rotating|1350557186|8193|8193
1788086354219|1006|twoplustwo_f6_r9|fixed|1346362882|8193|8193
1788086354219|1006|twoplustwo_f6_r9|rotating|1350557186|8193|8193
1788086359312|1006|twoplustwo_f6_r9_terminal|fixed|1346371075|8193|8193
1788086359312|1006|twoplustwo_f6_r9_terminal|rotating|1350565379|8193|8193
1788086359877|1007|P10_5-TWO_PLUS_TWO_endpoint_shutdown_terminal|fixed|1350565379|8193|8193
1788086359877|1007|P10_5-TWO_PLUS_TWO_endpoint_shutdown_terminal|rotating|1350565379|8193|8193
