sample|module|direction|lane_mask|tail_cycles|sender_raw|sender_raw_while_tx|sender_blanked_raw|sender_blanked_frame|sender_blanked_crc_valid|sender_local_source_reject|sender_accepted_remote|receiver_raw|receiver_accepted_remote|sender_last_txd_rise|sender_last_txd_fall|sender_first_rxd_after_tx|sender_last_rxd_after_tx|sender_overlap_violation|sender_admission_violation|sender_non_target_accepted|sender_cross_lane_accepted|receiver_overlap_violation|receiver_admission_violation|receiver_non_target_accepted|receiver_cross_lane_accepted
0|R1|1|2|0|1|1|1|0|0|0|0|1|0|3200623665|3200623670|0|0|0|0|0|0|0|0|0|0
1|R1|1|2|0|1|1|1|0|0|0|0|1|0|3209149312|3209149317|0|0|0|0|0|0|0|0|0|0
2|R1|1|2|0|1|1|1|0|0|0|0|1|0|3217478989|3217478994|0|0|0|0|0|0|0|0|0|0
3|R1|1|2|0|1|1|1|0|0|0|0|1|0|3225799473|3225799478|0|0|0|0|0|0|0|0|0|0
4|R1|1|2|0|1|1|1|0|0|0|0|1|0|3234875217|3234875222|0|0|0|0|0|0|0|0|0|0
5|R1|1|2|0|1|1|1|0|0|0|0|1|0|3242822547|3242822552|0|0|0|0|0|0|0|0|0|0
6|R1|1|2|0|1|1|1|0|0|0|0|1|0|3249610010|3249610015|0|0|0|0|0|0|0|0|0|0
7|R1|1|2|0|1|1|1|0|0|0|0|1|0|3257515624|3257515629|0|0|0|0|0|0|0|0|0|0
8|R1|1|2|0|1|1|1|0|0|0|0|1|0|3265646396|3265646401|0|0|0|0|0|0|0|0|0|0
9|R1|1|2|0|1|1|1|0|0|0|0|1|0|3272395313|3272395318|0|0|0|0|0|0|0|0|0|0
10|R1|1|2|0|1|1|1|0|0|0|0|1|0|3280660732|3280660737|0|0|0|0|0|0|0|0|0|0
11|R1|1|2|0|1|1|1|0|0|0|0|1|0|3290706958|3290706963|0|0|0|0|0|0|0|0|0|0
12|R1|1|2|0|1|1|1|0|0|0|0|1|0|3300196524|3300196529|0|0|0|0|0|0|0|0|0|0
13|R1|1|2|0|1|1|1|0|0|0|0|1|0|3308102079|3308102084|0|0|0|0|0|0|0|0|0|0
14|R1|1|2|0|1|1|1|0|0|0|0|1|0|3318938533|3318938538|0|0|0|0|0|0|0|0|0|0
15|R1|1|2|0|1|1|1|0|0|0|0|1|0|3326056927|3326056932|0|0|0|0|0|0|0|0|0|0
16|R1|1|2|0|1|1|1|0|0|0|0|1|0|3334239123|3334239128|0|0|0|0|0|0|0|0|0|0
17|R1|1|2|0|1|1|1|0|0|0|0|1|0|3342183532|3342183537|0|0|0|0|0|0|0|0|0|0
18|R1|1|2|0|1|1|1|0|0|0|0|1|0|3351695552|3351695557|0|0|0|0|0|0|0|0|0|0
19|R1|1|2|0|1|1|1|0|0|0|0|1|0|3359026262|3359026267|0|0|0|0|0|0|0|0|0|0
20|R1|1|2|0|1|1|1|0|0|0|0|1|0|3367005720|3367005725|0|0|0|0|0|0|0|0|0|0
21|R1|1|2|0|1|1|1|0|0|0|0|1|0|3375614904|3375614909|0|0|0|0|0|0|0|0|0|0
22|R1|1|2|0|1|1|1|0|0|0|0|1|0|3383617564|3383617569|0|0|0|0|0|0|0|0|0|0
23|R1|1|2|0|1|1|1|0|0|0|0|1|0|3390925518|3390925523|0|0|0|0|0|0|0|0|0|0
24|R1|1|2|0|1|1|1|0|0|0|0|1|0|3399608598|3399608603|0|0|0|0|0|0|0|0|0|0
25|R1|1|2|0|1|1|1|0|0|0|0|1|0|3408350440|3408350445|0|0|0|0|0|0|0|0|0|0
26|R1|1|2|0|1|1|1|0|0|0|0|1|0|3417454373|3417454378|0|0|0|0|0|0|0|0|0|0
27|R1|1|2|0|1|1|1|0|0|0|0|1|0|3425645882|3425645887|0|0|0|0|0|0|0|0|0|0
28|R1|1|2|0|1|1|1|0|0|0|0|1|0|3434348232|3434348237|0|0|0|0|0|0|0|0|0|0
29|R1|1|2|0|1|1|1|0|0|0|0|1|0|3440387081|3440387086|0|0|0|0|0|0|0|0|0|0
30|R1|1|2|0|1|1|1|0|0|0|0|1|0|3449867100|3449867105|0|0|0|0|0|0|0|0|0|0
31|R1|1|2|0|1|1|1|0|0|0|0|1|0|3457438816|3457438821|0|0|0|0|0|0|0|0|0|0
32|R1|1|2|0|1|1|1|0|0|0|0|1|0|3465158161|3465158166|0|0|0|0|0|0|0|0|0|0
33|R1|1|2|0|1|1|1|0|0|0|0|1|0|3473044709|3473044714|0|0|0|0|0|0|0|0|0|0
34|R1|1|2|0|1|1|1|0|0|0|0|1|0|3481985156|3481985161|0|0|0|0|0|0|0|0|0|0
35|R1|1|2|0|1|1|1|0|0|0|0|1|0|3489206350|3489206355|0|0|0|0|0|0|0|0|0|0
36|R1|1|2|0|1|1|1|0|0|0|0|1|0|3495839607|3495839612|0|0|0|0|0|0|0|0|0|0
37|R1|1|2|0|1|1|1|0|0|0|0|1|0|3504635141|3504635146|0|0|0|0|0|0|0|0|0|0
38|R1|1|2|0|1|1|1|0|0|0|0|1|0|3513556086|3513556091|0|0|0|0|0|0|0|0|0|0
39|R1|1|2|0|1|1|1|0|0|0|0|1|0|3520915432|3520915437|0|0|0|0|0|0|0|0|0|0
40|R1|1|2|0|1|1|1|0|0|0|0|1|0|3528004892|3528004897|0|0|0|0|0|0|0|0|0|0
41|R1|1|2|0|1|1|1|0|0|0|0|1|0|3536479148|3536479153|0|0|0|0|0|0|0|0|0|0
42|R1|1|2|0|1|1|1|0|0|0|0|1|0|3546370289|3546370294|0|0|0|0|0|0|0|0|0|0
43|R1|1|2|0|1|1|1|0|0|0|0|1|0|3553713916|3553713921|0|0|0|0|0|0|0|0|0|0
44|R1|1|2|0|1|1|1|0|0|0|0|1|0|3561487881|3561487886|0|0|0|0|0|0|0|0|0|0
45|R1|1|2|0|1|1|1|0|0|0|0|1|0|3568606252|3568606257|0|0|0|0|0|0|0|0|0|0
46|R1|1|2|0|1|1|1|0|0|0|0|1|0|3578911859|3578911864|0|0|0|0|0|0|0|0|0|0
47|R1|1|2|0|1|1|1|0|0|0|0|1|0|3586778815|3586778820|0|0|0|0|0|0|0|0|0|0
48|R1|1|2|0|1|1|1|0|0|0|0|1|0|3594427473|3594427478|0|0|0|0|0|0|0|0|0|0
49|R1|1|2|0|1|1|1|0|0|0|0|1|0|3601423767|3601423772|0|0|0|0|0|0|0|0|0|0
50|R1|1|2|0|1|1|1|0|0|0|0|1|0|3610167917|3610167922|0|0|0|0|0|0|0|0|0|0
51|R1|1|2|0|1|1|1|0|0|0|0|1|0|3617855002|3617855007|0|0|0|0|0|0|0|0|0|0
52|R1|1|2|0|1|1|1|0|0|0|0|1|0|3624812758|3624812763|0|0|0|0|0|0|0|0|0|0
53|R1|1|2|0|1|1|1|0|0|0|0|1|0|3630822824|3630822829|0|0|0|0|0|0|0|0|0|0
54|R1|1|2|0|1|1|1|0|0|0|0|1|0|3636588700|3636588705|0|0|0|0|0|0|0|0|0|0
55|R1|1|2|0|1|1|1|0|0|0|0|1|0|3644478186|3644478191|0|0|0|0|0|0|0|0|0|0
56|R1|1|2|0|1|1|1|0|0|0|0|1|0|3652268083|3652268088|0|0|0|0|0|0|0|0|0|0
57|R1|1|2|0|1|1|1|0|0|0|0|1|0|3660405340|3660405345|0|0|0|0|0|0|0|0|0|0
58|R1|1|2|0|1|1|1|0|0|0|0|1|0|3666887580|3666887585|0|0|0|0|0|0|0|0|0|0
59|R1|1|2|0|1|1|1|0|0|0|0|1|0|3676717676|3676717681|0|0|0|0|0|0|0|0|0|0
60|R1|1|2|0|1|1|1|0|0|0|0|1|0|3683743027|3683743032|0|0|0|0|0|0|0|0|0|0
61|R1|1|2|0|1|1|1|0|0|0|0|1|0|3691404394|3691404399|0|0|0|0|0|0|0|0|0|0
62|R1|1|2|0|1|1|1|0|0|0|0|1|0|3699364581|3699364586|0|0|0|0|0|0|0|0|0|0
63|R1|1|2|0|1|1|1|0|0|0|0|1|0|3708989055|3708989060|0|0|0|0|0|0|0|0|0|0
64|R1|1|2|0|1|1|1|0|0|0|0|1|0|3716338760|3716338765|0|0|0|0|0|0|0|0|0|0
65|R1|1|2|0|1|1|1|0|0|0|0|1|0|3724604447|3724604452|0|0|0|0|0|0|0|0|0|0
66|R1|1|2|0|1|1|1|0|0|0|0|1|0|3733011232|3733011237|0|0|0|0|0|0|0|0|0|0
67|R1|1|2|0|1|1|1|0|0|0|0|1|0|3741341043|3741341048|0|0|0|0|0|0|0|0|0|0
68|R1|1|2|0|1|1|1|0|0|0|0|1|0|3747688631|3747688636|0|0|0|0|0|0|0|0|0|0
69|R1|1|2|0|1|1|1|0|0|0|0|1|0|3755793395|3755793400|0|0|0|0|0|0|0|0|0|0
70|R1|1|2|0|1|1|1|0|0|0|0|1|0|3763329605|3763329610|0|0|0|0|0|0|0|0|0|0
71|R1|1|2|0|1|1|1|0|0|0|0|1|0|3774126796|3774126801|0|0|0|0|0|0|0|0|0|0
72|R1|1|2|0|1|1|1|0|0|0|0|1|0|3781756296|3781756301|0|0|0|0|0|0|0|0|0|0
73|R1|1|2|0|1|1|1|0|0|0|0|1|0|3789552755|3789552760|0|0|0|0|0|0|0|0|0|0
74|R1|1|2|0|1|1|1|0|0|0|0|1|0|3798207561|3798207566|0|0|0|0|0|0|0|0|0|0
75|R1|1|2|0|1|1|1|0|0|0|0|1|0|3805528369|3805528374|0|0|0|0|0|0|0|0|0|0
76|R1|1|2|0|1|1|1|0|0|0|0|1|0|3813369658|3813369663|0|0|0|0|0|0|0|0|0|0
77|R1|1|2|0|1|1|1|0|0|0|0|1|0|3822142700|3822142705|0|0|0|0|0|0|0|0|0|0
78|R1|1|2|0|1|1|1|0|0|0|0|1|0|3828467487|3828467492|0|0|0|0|0|0|0|0|0|0
79|R1|1|2|0|1|1|1|0|0|0|0|1|0|3837725674|3837725679|0|0|0|0|0|0|0|0|0|0
80|R1|1|2|0|1|1|1|0|0|0|0|1|0|3846755813|3846755818|0|0|0|0|0|0|0|0|0|0
81|R1|1|2|0|1|1|1|0|0|0|0|1|0|3854651784|3854651789|0|0|0|0|0|0|0|0|0|0
82|R1|1|2|0|1|1|1|0|0|0|0|1|0|3863023208|3863023213|0|0|0|0|0|0|0|0|0|0
83|R1|1|2|0|1|1|1|0|0|0|0|1|0|3870241439|3870241444|0|0|0|0|0|0|0|0|0|0
84|R1|1|2|0|1|1|1|0|0|0|0|1|0|3879422527|3879422532|0|0|0|0|0|0|0|0|0|0
85|R1|1|2|0|1|1|1|0|0|0|0|1|0|3889089082|3889089087|0|0|0|0|0|0|0|0|0|0
86|R1|1|2|0|1|1|1|0|0|0|0|1|0|3899690743|3899690748|0|0|0|0|0|0|0|0|0|0
87|R1|1|2|0|1|1|1|0|0|0|0|1|0|3907808668|3907808673|0|0|0|0|0|0|0|0|0|0
88|R1|1|2|0|1|1|1|0|0|0|0|1|0|3915698414|3915698419|0|0|0|0|0|0|0|0|0|0
89|R1|1|2|0|1|1|1|0|0|0|0|1|0|3923774568|3923774573|0|0|0|0|0|0|0|0|0|0
90|R1|1|2|0|1|1|1|0|0|0|0|1|0|3933305852|3933305857|0|0|0|0|0|0|0|0|0|0
91|R1|1|2|0|1|1|1|0|0|0|0|1|0|3941580922|3941580927|0|0|0|0|0|0|0|0|0|0
92|R1|1|2|0|1|1|1|0|0|0|0|1|0|3948664115|3948664120|0|0|0|0|0|0|0|0|0|0
93|R1|1|2|0|1|1|1|0|0|0|0|1|0|3955634714|3955634719|0|0|0|0|0|0|0|0|0|0
94|R1|1|2|0|1|1|1|0|0|0|0|1|0|3964928250|3964928255|0|0|0|0|0|0|0|0|0|0
95|R1|1|2|0|1|1|1|0|0|0|0|1|0|3972480415|3972480420|0|0|0|0|0|0|0|0|0|0
96|R1|1|2|0|1|1|1|0|0|0|0|1|0|3980787576|3980787581|0|0|0|0|0|0|0|0|0|0
97|R1|1|2|0|1|1|1|0|0|0|0|1|0|3988150289|3988150294|0|0|0|0|0|0|0|0|0|0
98|R1|1|2|0|1|1|1|0|0|0|0|1|0|3996052616|3996052621|0|0|0|0|0|0|0|0|0|0
99|R1|1|2|0|1|1|1|0|0|0|0|1|0|4004051333|4004051338|0|0|0|0|0|0|0|0|0|0
100|R1|1|2|0|1|1|1|0|0|0|0|1|0|4011481594|4011481599|0|0|0|0|0|0|0|0|0|0
101|R1|1|2|0|1|1|1|0|0|0|0|1|0|4020029737|4020029742|0|0|0|0|0|0|0|0|0|0
102|R1|1|2|0|1|1|1|0|0|0|0|1|0|4026865388|4026865393|0|0|0|0|0|0|0|0|0|0
103|R1|1|2|0|1|1|1|0|0|0|0|1|0|4034951703|4034951708|0|0|0|0|0|0|0|0|0|0
104|R1|1|2|0|1|1|1|0|0|0|0|1|0|4041858024|4041858029|0|0|0|0|0|0|0|0|0|0
105|R1|1|2|0|1|1|1|0|0|0|0|1|0|4047993596|4047993601|0|0|0|0|0|0|0|0|0|0
106|R1|1|2|0|1|1|1|0|0|0|0|1|0|4058006835|4058006840|0|0|0|0|0|0|0|0|0|0
107|R1|1|2|0|1|1|1|0|0|0|0|1|0|4064996704|4064996709|0|0|0|0|0|0|0|0|0|0
108|R1|1|2|0|1|1|1|0|0|0|0|1|0|4072703496|4072703501|0|0|0|0|0|0|0|0|0|0
109|R1|1|2|0|1|1|1|0|0|0|0|1|0|4079870074|4079870079|0|0|0|0|0|0|0|0|0|0
110|R1|1|2|0|1|1|1|0|0|0|0|1|0|4089588401|4089588406|0|0|0|0|0|0|0|0|0|0
111|R1|1|2|0|1|1|1|0|0|0|0|1|0|4095906748|4095906753|0|0|0|0|0|0|0|0|0|0
112|R1|1|2|0|1|1|1|0|0|0|0|1|0|4104480808|4104480813|0|0|0|0|0|0|0|0|0|0
113|R1|1|2|0|1|1|1|0|0|0|0|1|0|4112579432|4112579437|0|0|0|0|0|0|0|0|0|0
114|R1|1|2|0|1|1|1|0|0|0|0|1|0|4123016781|4123016786|0|0|0|0|0|0|0|0|0|0
115|R1|1|2|0|1|1|1|0|0|0|0|1|0|4130157797|4130157802|0|0|0|0|0|0|0|0|0|0
116|R1|1|2|0|1|1|1|0|0|0|0|1|0|4136897347|4136897352|0|0|0|0|0|0|0|0|0|0
117|R1|1|2|0|1|1|1|0|0|0|0|1|0|4144658468|4144658473|0|0|0|0|0|0|0|0|0|0
118|R1|1|2|0|1|1|1|0|0|0|0|1|0|4151776854|4151776859|0|0|0|0|0|0|0|0|0|0
119|R1|1|2|0|1|1|1|0|0|0|0|1|0|4159794852|4159794857|0|0|0|0|0|0|0|0|0|0
120|R1|1|2|0|1|1|1|0|0|0|0|1|0|4167890227|4167890232|0|0|0|0|0|0|0|0|0|0
121|R1|1|2|0|1|1|1|0|0|0|0|1|0|4177074522|4177074527|0|0|0|0|0|0|0|0|0|0
122|R1|1|2|0|1|1|1|0|0|0|0|1|0|4185985715|4185985720|0|0|0|0|0|0|0|0|0|0
123|R1|1|2|0|1|1|1|0|0|0|0|1|0|4193823798|4193823803|0|0|0|0|0|0|0|0|0|0
124|R1|1|2|0|1|1|1|0|0|0|0|1|0|4201600979|4201600984|0|0|0|0|0|0|0|0|0|0
125|R1|1|2|0|1|1|1|0|0|0|0|1|0|4208545869|4208545874|0|0|0|0|0|0|0|0|0|0
126|R1|1|2|0|1|1|1|0|0|0|0|1|0|4217961526|4217961531|0|0|0|0|0|0|0|0|0|0
127|R1|1|2|0|1|1|1|0|0|0|0|1|0|4225346879|4225346884|0|0|0|0|0|0|0|0|0|0
128|R1|1|2|0|1|1|1|0|0|0|0|1|0|4233859853|4233859858|0|0|0|0|0|0|0|0|0|0
129|R1|1|2|0|1|1|1|0|0|0|0|1|0|4241183877|4241183882|0|0|0|0|0|0|0|0|0|0
130|R1|1|2|0|1|1|1|0|0|0|0|1|0|4249366001|4249366006|0|0|0|0|0|0|0|0|0|0
131|R1|1|2|0|1|1|1|0|0|0|0|1|0|4256587320|4256587325|0|0|0|0|0|0|0|0|0|0
132|R1|1|2|0|1|1|1|0|0|0|0|1|0|4264653521|4264653526|0|0|0|0|0|0|0|0|0|0
133|R1|1|2|0|1|1|1|0|0|0|0|1|0|4272555999|4272556004|0|0|0|0|0|0|0|0|0|0
134|R1|1|2|0|1|1|1|0|0|0|0|1|0|4279664924|4279664929|0|0|0|0|0|0|0|0|0|0
135|R1|1|2|0|1|1|1|0|0|0|0|1|0|4287008223|4287008228|0|0|0|0|0|0|0|0|0|0
136|R1|1|2|0|1|1|1|0|0|0|0|1|0|4294852740|4294852745|0|0|0|0|0|0|0|0|0|0
137|R1|1|2|0|1|1|1|0|0|0|0|1|0|8343615|8343620|0|0|0|0|0|0|0|0|0|0
138|R1|1|2|0|1|1|1|0|0|0|0|1|0|15323857|15323862|0|0|0|0|0|0|0|0|0|0
139|R1|1|2|0|1|1|1|0|0|0|0|1|0|23788451|23788456|0|0|0|0|0|0|0|0|0|0
140|R1|1|2|0|1|1|1|0|0|0|0|1|0|31752567|31752572|0|0|0|0|0|0|0|0|0|0
141|R1|1|2|0|1|1|1|0|0|0|0|1|0|40387593|40387598|0|0|0|0|0|0|0|0|0|0
142|R1|1|2|0|1|1|1|0|0|0|0|1|0|49106007|49106012|0|0|0|0|0|0|0|0|0|0
143|R1|1|2|0|1|1|1|0|0|0|0|1|0|56404649|56404654|0|0|0|0|0|0|0|0|0|0
144|R1|1|2|0|1|1|1|0|0|0|0|1|0|64339379|64339384|0|0|0|0|0|0|0|0|0|0
145|R1|1|2|0|1|1|1|0|0|0|0|1|0|72987113|72987118|0|0|0|0|0|0|0|0|0|0
146|R1|1|2|0|1|1|1|0|0|0|0|1|0|81361756|81361761|0|0|0|0|0|0|0|0|0|0
147|R1|1|2|0|1|1|1|0|0|0|0|1|0|89161288|89161293|0|0|0|0|0|0|0|0|0|0
148|R1|1|2|0|1|1|1|0|0|0|0|1|0|96604319|96604324|0|0|0|0|0|0|0|0|0|0
149|R1|1|2|0|1|1|1|0|0|0|0|1|0|104670513|104670518|0|0|0|0|0|0|0|0|0|0
150|R1|1|2|0|1|1|1|0|0|0|0|1|0|112945582|112945587|0|0|0|0|0|0|0|0|0|0
151|R1|1|2|0|1|1|1|0|0|0|0|1|0|121156369|121156374|0|0|0|0|0|0|0|0|0|0
152|R1|1|2|0|1|1|1|0|0|0|0|1|0|130064581|130064586|0|0|0|0|0|0|0|0|0|0
153|R1|1|2|0|1|1|1|0|0|0|0|1|0|139310682|139310687|0|0|0|0|0|0|0|0|0|0
154|R1|1|2|0|1|1|1|0|0|0|0|1|0|145661463|145661468|0|0|0|0|0|0|0|0|0|0
155|R1|1|2|0|1|1|1|0|0|0|0|1|0|154084426|154084431|0|0|0|0|0|0|0|0|0|0
156|R1|1|2|0|1|1|1|0|0|0|0|1|0|160329148|160329153|0|0|0|0|0|0|0|0|0|0
157|R1|1|2|0|1|1|1|0|0|0|0|1|0|168115994|168115999|0|0|0|0|0|0|0|0|0|0
158|R1|1|2|0|1|1|1|0|0|0|0|1|0|178325224|178325229|0|0|0|0|0|0|0|0|0|0
159|R1|1|2|0|1|1|1|0|0|0|0|1|0|184476548|184476553|0|0|0|0|0|0|0|0|0|0
160|R1|1|2|0|1|1|1|0|0|0|0|1|0|192803144|192803149|0|0|0|0|0|0|0|0|0|0
161|R1|1|2|0|1|1|1|0|0|0|0|1|0|200856744|200856749|0|0|0|0|0|0|0|0|0|0
162|R1|1|2|0|1|1|1|0|0|0|0|1|0|210172808|210172813|0|0|0|0|0|0|0|0|0|0
163|R1|1|2|0|1|1|1|0|0|0|0|1|0|217821605|217821610|0|0|0|0|0|0|0|0|0|0
164|R1|1|2|0|1|1|1|0|0|0|0|1|0|226267068|226267073|0|0|0|0|0|0|0|0|0|0
165|R1|1|2|0|1|1|1|0|0|0|0|1|0|233269792|233269797|0|0|0|0|0|0|0|0|0|0
166|R1|1|2|0|1|1|1|0|0|0|0|1|0|242312716|242312721|0|0|0|0|0|0|0|0|0|0
167|R1|1|2|0|1|1|1|0|0|0|0|1|0|250045448|250045453|0|0|0|0|0|0|0|0|0|0
168|R1|1|2|0|1|1|1|0|0|0|0|1|0|257440412|257440417|0|0|0|0|0|0|0|0|0|0
169|R1|1|2|0|1|1|1|0|0|0|0|1|0|264401361|264401366|0|0|0|0|0|0|0|0|0|0
170|R1|1|2|0|1|1|1|0|0|0|0|1|0|272062862|272062867|0|0|0|0|0|0|0|0|0|0
171|R1|1|2|0|1|1|1|0|0|0|0|1|0|281253573|281253578|0|0|0|0|0|0|0|0|0|0
172|R1|1|2|0|1|1|1|0|0|0|0|1|0|288715749|288715754|0|0|0|0|0|0|0|0|0|0
173|R1|1|2|0|1|1|1|0|0|0|0|1|0|295779548|295779553|0|0|0|0|0|0|0|0|0|0
174|R1|1|2|0|1|1|1|0|0|0|0|1|0|304247350|304247355|0|0|0|0|0|0|0|0|0|0
175|R1|1|2|0|1|1|1|0|0|0|0|1|0|311404300|311404305|0|0|0|0|0|0|0|0|0|0
176|R1|1|2|0|1|1|1|0|0|0|0|1|0|319836819|319836824|0|0|0|0|0|0|0|0|0|0
177|R1|1|2|0|1|1|1|0|0|0|0|1|0|326926604|326926609|0|0|0|0|0|0|0|0|0|0
178|R1|1|2|0|1|1|1|0|0|0|0|1|0|336326157|336326162|0|0|0|0|0|0|0|0|0|0
179|R1|1|2|0|1|1|1|0|0|0|0|1|0|344083904|344083909|0|0|0|0|0|0|0|0|0|0
180|R1|1|2|0|1|1|1|0|0|0|0|1|0|352285311|352285316|0|0|0|0|0|0|0|0|0|0
181|R1|1|2|0|1|1|1|0|0|0|0|1|0|359011711|359011716|0|0|0|0|0|0|0|0|0|0
182|R1|1|2|0|1|1|1|0|0|0|0|1|0|368109495|368109500|0|0|0|0|0|0|0|0|0|0
183|R1|1|2|0|1|1|1|0|0|0|0|1|0|376734728|376734733|0|0|0|0|0|0|0|0|0|0
184|R1|1|2|0|1|1|1|0|0|0|0|1|0|384319025|384319030|0|0|0|0|0|0|0|0|0|0
185|R1|1|2|0|1|1|1|0|0|0|0|1|0|393269852|393269857|0|0|0|0|0|0|0|0|0|0
186|R1|1|2|0|1|1|1|0|0|0|0|1|0|400757719|400757724|0|0|0|0|0|0|0|0|0|0
187|R1|1|2|0|1|1|1|0|0|0|0|1|0|410693832|410693837|0|0|0|0|0|0|0|0|0|0
188|R1|1|2|0|1|1|1|0|0|0|0|1|0|418178788|418178793|0|0|0|0|0|0|0|0|0|0
189|R1|1|2|0|1|1|1|0|0|0|0|1|0|427293189|427293194|0|0|0|0|0|0|0|0|0|0
190|R1|1|2|0|1|1|1|0|0|0|0|1|0|433688982|433688987|0|0|0|0|0|0|0|0|0|0
191|R1|1|2|0|1|1|1|0|0|0|0|1|0|441379400|441379405|0|0|0|0|0|0|0|0|0|0
192|R1|1|2|0|1|1|1|0|0|0|0|1|0|448597390|448597395|0|0|0|0|0|0|0|0|0|0
193|R1|1|2|0|1|1|1|0|0|0|0|1|0|456843930|456843935|0|0|0|0|0|0|0|0|0|0
194|R1|1|2|0|1|1|1|0|0|0|0|1|0|465559315|465559320|0|0|0|0|0|0|0|0|0|0
195|R1|1|2|0|1|1|1|0|0|0|0|1|0|472012620|472012625|0|0|0|0|0|0|0|0|0|0
196|R1|1|2|0|1|1|1|0|0|0|0|1|0|480905559|480905564|0|0|0|0|0|0|0|0|0|0
197|R1|1|2|0|1|1|1|0|0|0|0|1|0|488043368|488043373|0|0|0|0|0|0|0|0|0|0
198|R1|1|2|0|1|1|1|0|0|0|0|1|0|496199534|496199539|0|0|0|0|0|0|0|0|0|0
199|R1|1|2|0|1|1|1|0|0|0|0|1|0|502148410|502148415|0|0|0|0|0|0|0|0|0|0
200|R1|1|2|0|1|1|1|0|0|0|0|1|0|508817315|508817320|0|0|0|0|0|0|0|0|0|0
201|R1|1|2|0|1|1|1|0|0|0|0|1|0|515624054|515624059|0|0|0|0|0|0|0|0|0|0
202|R1|1|2|0|1|1|1|0|0|0|0|1|0|524544877|524544882|0|0|0|0|0|0|0|0|0|0
203|R1|1|2|0|1|1|1|0|0|0|0|1|0|532530876|532530881|0|0|0|0|0|0|0|0|0|0
204|R1|1|2|0|1|1|1|0|0|0|0|1|0|539594675|539594680|0|0|0|0|0|0|0|0|0|0
205|R1|1|2|0|1|1|1|0|0|0|0|1|0|547590332|547590337|0|0|0|0|0|0|0|0|0|0
206|R1|1|2|0|1|1|1|0|0|0|0|1|0|555817192|555817197|0|0|0|0|0|0|0|0|0|0
207|R1|1|2|0|1|1|1|0|0|0|0|1|0|563986195|563986200|0|0|0|0|0|0|0|0|0|0
208|R1|1|2|0|1|1|1|0|0|0|0|1|0|570934303|570934308|0|0|0|0|0|0|0|0|0|0
209|R1|1|2|0|1|1|1|0|0|0|0|1|0|578171565|578171570|0|0|0|0|0|0|0|0|0|0
210|R1|1|2|0|1|1|1|0|0|0|0|1|0|588163057|588163062|0|0|0|0|0|0|0|0|0|0
211|R1|1|2|0|1|1|1|0|0|0|0|1|0|594555644|594555649|0|0|0|0|0|0|0|0|0|0
212|R1|1|2|0|1|1|1|0|0|0|0|1|0|602242732|602242737|0|0|0|0|0|0|0|0|0|0
213|R1|1|2|0|1|1|1|0|0|0|0|1|0|609097663|609097668|0|0|0|0|0|0|0|0|0|0
214|R1|1|2|0|1|1|1|0|0|0|0|1|0|616235555|616235560|0|0|0|0|0|0|0|0|0|0
215|R1|1|2|0|1|1|1|0|0|0|0|1|0|627604648|627604653|0|0|0|0|0|0|0|0|0|0
216|R1|1|2|0|1|1|1|0|0|0|0|1|0|637354426|637354431|0|0|0|0|0|0|0|0|0|0
217|R1|1|2|0|1|1|1|0|0|0|0|1|0|644415139|644415144|0|0|0|0|0|0|0|0|0|0
218|R1|1|2|0|1|1|1|0|0|0|0|1|0|651584931|651584936|0|0|0|0|0|0|0|0|0|0
219|R1|1|2|0|1|1|1|0|0|0|0|1|0|659525823|659525828|0|0|0|0|0|0|0|0|0|0
220|R1|1|2|0|1|1|1|0|0|0|0|1|0|668224983|668224988|0|0|0|0|0|0|0|0|0|0
221|R1|1|2|0|1|1|1|0|0|0|0|1|0|676185340|676185345|0|0|0|0|0|0|0|0|0|0
222|R1|1|2|0|1|1|1|0|0|0|0|1|0|683962387|683962392|0|0|0|0|0|0|0|0|0|0
223|R1|1|2|0|1|1|1|0|0|0|0|1|0|694775629|694775634|0|0|0|0|0|0|0|0|0|0
224|R1|1|2|0|1|1|1|0|0|0|0|1|0|703195272|703195277|0|0|0|0|0|0|0|0|0|0
225|R1|1|2|0|1|1|1|0|0|0|0|1|0|712067914|712067919|0|0|0|0|0|0|0|0|0|0
226|R1|1|2|0|1|1|1|0|0|0|0|1|0|719986979|719986984|0|0|0|0|0|0|0|0|0|0
227|R1|1|2|0|1|1|1|0|0|0|0|1|0|727195327|727195332|0|0|0|0|0|0|0|0|0|0
228|R1|1|2|0|1|1|1|0|0|0|0|1|0|734082508|734082513|0|0|0|0|0|0|0|0|0|0
229|R1|1|2|0|1|1|1|0|0|0|0|1|0|741531825|741531830|0|0|0|0|0|0|0|0|0|0
230|R1|1|2|0|1|1|1|0|0|0|0|1|0|748872046|748872051|0|0|0|0|0|0|0|0|0|0
231|R1|1|2|0|1|1|1|0|0|0|0|1|0|758307162|758307167|0|0|0|0|0|0|0|0|0|0
232|R1|1|2|0|1|1|1|0|0|0|0|1|0|765290597|765290602|0|0|0|0|0|0|0|0|0|0
233|R1|1|2|0|1|1|1|0|0|0|0|1|0|772190652|772190657|0|0|0|0|0|0|0|0|0|0
234|R1|1|2|0|1|1|1|0|0|0|0|1|0|778971657|778971662|0|0|0|0|0|0|0|0|0|0
235|R1|1|2|0|1|1|1|0|0|0|0|1|0|788098376|788098381|0|0|0|0|0|0|0|0|0|0
236|R1|1|2|0|1|1|1|0|0|0|0|1|0|796203400|796203405|0|0|0|0|0|0|0|0|0|0
237|R1|1|2|0|1|1|1|0|0|0|0|1|0|804896927|804896932|0|0|0|0|0|0|0|0|0|0
238|R1|1|2|0|1|1|1|0|0|0|0|1|0|813342542|813342547|0|0|0|0|0|0|0|0|0|0
239|R1|1|2|0|1|1|1|0|0|0|0|1|0|824232896|824232901|0|0|0|0|0|0|0|0|0|0
240|R1|1|2|0|1|1|1|0|0|0|0|1|0|830805098|830805103|0|0|0|0|0|0|0|0|0|0
241|R1|1|2|0|1|1|1|0|0|0|0|1|0|837952652|837952657|0|0|0|0|0|0|0|0|0|0
242|R1|1|2|0|1|1|1|0|0|0|0|1|0|845787537|845787542|0|0|0|0|0|0|0|0|0|0
243|R1|1|2|0|1|1|1|0|0|0|0|1|0|855778281|855778286|0|0|0|0|0|0|0|0|0|0
244|R1|1|2|0|1|1|1|0|0|0|0|1|0|864708759|864708764|0|0|0|0|0|0|0|0|0|0
245|R1|1|2|0|1|1|1|0|0|0|0|1|0|874207955|874207960|0|0|0|0|0|0|0|0|0|0
246|R1|1|2|0|1|1|1|0|0|0|0|1|0|884487871|884487876|0|0|0|0|0|0|0|0|0|0
247|R1|1|2|0|1|1|1|0|0|0|0|1|0|892274618|892274623|0|0|0|0|0|0|0|0|0|0
248|R1|1|2|0|1|1|1|0|0|0|0|1|0|899441196|899441201|0|0|0|0|0|0|0|0|0|0
249|R1|1|2|0|1|1|1|0|0|0|0|1|0|907250382|907250387|0|0|0|0|0|0|0|0|0|0
250|R1|1|2|0|1|1|1|0|0|0|0|1|0|915886071|915886076|0|0|0|0|0|0|0|0|0|0
251|R1|1|2|0|1|1|1|0|0|0|0|1|0|922927351|922927356|0|0|0|0|0|0|0|0|0|0
252|R1|1|2|0|1|1|1|0|0|0|0|1|0|929210403|929210408|0|0|0|0|0|0|0|0|0|0
253|R1|1|2|0|1|1|1|0|0|0|0|1|0|936435103|936435108|0|0|0|0|0|0|0|0|0|0
254|R1|1|2|0|1|1|1|0|0|0|0|1|0|944430842|944430847|0|0|0|0|0|0|0|0|0|0
255|R1|1|2|0|1|1|1|0|0|0|0|1|0|954730021|954730026|0|0|0|0|0|0|0|0|0|0
256|R1|1|2|0|1|1|1|0|0|0|0|1|0|962584374|962584379|0|0|0|0|0|0|0|0|0|0
257|R1|1|2|0|1|1|1|0|0|0|0|1|0|971733605|971733610|0|0|0|0|0|0|0|0|0|0
258|R1|1|2|0|1|1|1|0|0|0|0|1|0|982428612|982428617|0|0|0|0|0|0|0|0|0|0
259|R1|1|2|0|1|1|1|0|0|0|0|1|0|989845827|989845832|0|0|0|0|0|0|0|0|0|0
260|R1|1|2|0|1|1|1|0|0|0|0|1|0|997381888|997381893|0|0|0|0|0|0|0|0|0|0
261|R1|1|2|0|1|1|1|0|0|0|0|1|0|1004471359|1004471364|0|0|0|0|0|0|0|0|0|0
262|R1|1|2|0|1|1|1|0|0|0|0|1|0|1012952630|1012952635|0|0|0|0|0|0|0|0|0|0
263|R1|1|2|0|1|1|1|0|0|0|0|1|0|1019435020|1019435025|0|0|0|0|0|0|0|0|0|0
264|R1|1|2|0|1|1|1|0|0|0|0|1|0|1027019288|1027019293|0|0|0|0|0|0|0|0|0|0
265|R1|1|2|0|1|1|1|0|0|0|0|1|0|1034115359|1034115364|0|0|0|0|0|0|0|0|0|0
266|R1|1|2|0|1|1|1|0|0|0|0|1|0|1041066673|1041066678|0|0|0|0|0|0|0|0|0|0
267|R1|1|2|0|1|1|1|0|0|0|0|1|0|1049826865|1049826870|0|0|0|0|0|0|0|0|0|0
268|R1|1|2|0|1|1|1|0|0|0|0|1|0|1057742355|1057742360|0|0|0|0|0|0|0|0|0|0
269|R1|1|2|0|1|1|1|0|0|0|0|1|0|1065641763|1065641768|0|0|0|0|0|0|0|0|0|0
270|R1|1|2|0|1|1|1|0|0|0|0|1|0|1073823621|1073823626|0|0|0|0|0|0|0|0|0|0
271|R1|1|2|0|1|1|1|0|0|0|0|1|0|1082529340|1082529345|0|0|0|0|0|0|0|0|0|0
272|R1|1|2|0|1|1|1|0|0|0|0|1|0|1090531278|1090531283|0|0|0|0|0|0|0|0|0|0
273|R1|1|2|0|1|1|1|0|0|0|0|1|0|1097723876|1097723881|0|0|0|0|0|0|0|0|0|0
274|R1|1|2|0|1|1|1|0|0|0|0|1|0|1105597544|1105597549|0|0|0|0|0|0|0|0|0|0
275|R1|1|2|0|1|1|1|0|0|0|0|1|0|1116028460|1116028465|0|0|0|0|0|0|0|0|0|0
276|R1|1|2|0|1|1|1|0|0|0|0|1|0|1123188905|1123188910|0|0|0|0|0|0|0|0|0|0
277|R1|1|2|0|1|1|1|0|0|0|0|1|0|1131255112|1131255117|0|0|0|0|0|0|0|0|0|0
278|R1|1|2|0|1|1|1|0|0|0|0|1|0|1139980772|1139980777|0|0|0|0|0|0|0|0|0|0
279|R1|1|2|0|1|1|1|0|0|0|0|1|0|1146877468|1146877473|0|0|0|0|0|0|0|0|0|0
280|R1|1|2|0|1|1|1|0|0|0|0|1|0|1155763475|1155763480|0|0|0|0|0|0|0|0|0|0
281|R1|1|2|0|1|1|1|0|0|0|0|1|0|1163473356|1163473361|0|0|0|0|0|0|0|0|0|0
282|R1|1|2|0|1|1|1|0|0|0|0|1|0|1172285754|1172285759|0|0|0|0|0|0|0|0|0|0
283|R1|1|2|0|1|1|1|0|0|0|0|1|0|1178639729|1178639734|0|0|0|0|0|0|0|0|0|0
284|R1|1|2|0|1|1|1|0|0|0|0|1|0|1186368872|1186368877|0|0|0|0|0|0|0|0|0|0
285|R1|1|2|0|1|1|1|0|0|0|0|1|0|1194425459|1194425464|0|0|0|0|0|0|0|0|0|0
286|R1|1|2|0|1|1|1|0|0|0|0|1|0|1200390417|1200390422|0|0|0|0|0|0|0|0|0|0
287|R1|1|2|0|1|1|1|0|0|0|0|1|0|1209452630|1209452635|0|0|0|0|0|0|0|0|0|0
288|R1|1|2|0|1|1|1|0|0|0|0|1|0|1216667676|1216667681|0|0|0|0|0|0|0|0|0|0
289|R1|1|2|0|1|1|1|0|0|0|0|1|0|1226054422|1226054427|0|0|0|0|0|0|0|0|0|0
290|R1|1|2|0|1|1|1|0|0|0|0|1|0|1233680730|1233680735|0|0|0|0|0|0|0|0|0|0
291|R1|1|2|0|1|1|1|0|0|0|0|1|0|1244616083|1244616088|0|0|0|0|0|0|0|0|0|0
292|R1|1|2|0|1|1|1|0|0|0|0|1|0|1251776471|1251776476|0|0|0|0|0|0|0|0|0|0
293|R1|1|2|0|1|1|1|0|0|0|0|1|0|1261314216|1261314221|0|0|0|0|0|0|0|0|0|0
294|R1|1|2|0|1|1|1|0|0|0|0|1|0|1269329800|1269329805|0|0|0|0|0|0|0|0|0|0
295|R1|1|2|0|1|1|1|0|0|0|0|1|0|1275828140|1275828145|0|0|0|0|0|0|0|0|0|0
296|R1|1|2|0|1|1|1|0|0|0|0|1|0|1283560474|1283560479|0|0|0|0|0|0|0|0|0|0
297|R1|1|2|0|1|1|1|0|0|0|0|1|0|1291517427|1291517432|0|0|0|0|0|0|0|0|0|0
298|R1|1|2|0|1|1|1|0|0|0|0|1|0|1300624611|1300624616|0|0|0|0|0|0|0|0|0|0
299|R1|1|2|0|1|1|1|0|0|0|0|1|0|1308851441|1308851446|0|0|0|0|0|0|0|0|0|0
300|R1|1|2|0|1|1|1|0|0|0|0|1|0|1316079336|1316079341|0|0|0|0|0|0|0|0|0|0
301|R1|1|2|0|1|1|1|0|0|0|0|1|0|1324136183|1324136188|0|0|0|0|0|0|0|0|0|0
302|R1|1|2|0|1|1|1|0|0|0|0|1|0|1334240645|1334240650|0|0|0|0|0|0|0|0|0|0
303|R1|1|2|0|1|1|1|0|0|0|0|1|0|1341677251|1341677256|0|0|0|0|0|0|0|0|0|0
304|R1|1|2|0|1|1|1|0|0|0|0|1|0|1348670340|1348670345|0|0|0|0|0|0|0|0|0|0
305|R1|1|2|0|1|1|1|0|0|0|0|1|0|1357367096|1357367101|0|0|0|0|0|0|0|0|0|0
306|R1|1|2|0|1|1|1|0|0|0|0|1|0|1364129596|1364129601|0|0|0|0|0|0|0|0|0|0
307|R1|1|2|0|1|1|1|0|0|0|0|1|0|1370776173|1370776178|0|0|0|0|0|0|0|0|0|0
308|R1|1|2|0|1|1|1|0|0|0|0|1|0|1380487711|1380487716|0|0|0|0|0|0|0|0|0|0
309|R1|1|2|0|1|1|1|0|0|0|0|1|0|1388422451|1388422456|0|0|0|0|0|0|0|0|0|0
310|R1|1|2|0|1|1|1|0|0|0|0|1|0|1398210784|1398210789|0|0|0|0|0|0|0|0|0|0
311|R1|1|2|0|1|1|1|0|0|0|0|1|0|1405968817|1405968822|0|0|0|0|0|0|0|0|0|0
312|R1|1|2|0|1|1|1|0|0|0|0|1|0|1413848908|1413848913|0|0|0|0|0|0|0|0|0|0
313|R1|1|2|0|1|1|1|0|0|0|0|1|0|1421086170|1421086175|0|0|0|0|0|0|0|0|0|0
314|R1|1|2|0|1|1|1|0|0|0|0|1|0|1429181303|1429181308|0|0|0|0|0|0|0|0|0|0
315|R1|1|2|0|1|1|1|0|0|0|0|1|0|1436380019|1436380024|0|0|0|0|0|0|0|0|0|0
316|R1|1|2|0|1|1|1|0|0|0|0|1|0|1443553321|1443553326|0|0|0|0|0|0|0|0|0|0
317|R1|1|2|0|1|1|1|0|0|0|0|1|0|1452442038|1452442043|0|0|0|0|0|0|0|0|0|0
318|R1|1|2|0|1|1|1|0|0|0|0|1|0|1461633523|1461633528|0|0|0|0|0|0|0|0|0|0
319|R1|1|2|0|1|1|1|0|0|0|0|1|0|1468566244|1468566249|0|0|0|0|0|0|0|0|0|0
320|R1|1|2|0|1|1|1|0|0|0|0|1|0|1476491342|1476491347|0|0|0|0|0|0|0|0|0|0
321|R1|1|2|0|1|1|1|0|0|0|0|1|0|1484663560|1484663565|0|0|0|0|0|0|0|0|0|0
322|R1|1|2|0|1|1|1|0|0|0|0|1|0|1493478376|1493478381|0|0|0|0|0|0|0|0|0|0
323|R1|1|2|0|1|1|1|0|0|0|0|1|0|1502479551|1502479556|0|0|0|0|0|0|0|0|0|0
324|R1|1|2|0|1|1|1|0|0|0|0|1|0|1510320876|1510320881|0|0|0|0|0|0|0|0|0|0
325|R1|1|2|0|1|1|1|0|0|0|0|1|0|1517497354|1517497359|0|0|0|0|0|0|0|0|0|0
326|R1|1|2|0|1|1|1|0|0|0|0|1|0|1529110632|1529110637|0|0|0|0|0|0|0|0|0|0
327|R1|1|2|0|1|1|1|0|0|0|0|1|0|1537237891|1537237896|0|0|0|0|0|0|0|0|0|0
328|R1|1|2|0|1|1|1|0|0|0|0|1|0|1545271955|1545271960|0|0|0|0|0|0|0|0|0|0
329|R1|1|2|0|1|1|1|0|0|0|0|1|0|1553212840|1553212845|0|0|0|0|0|0|0|0|0|0
330|R1|1|2|0|1|1|1|0|0|0|0|1|0|1563402774|1563402779|0|0|0|0|0|0|0|0|0|0
331|R1|1|2|0|1|1|1|0|0|0|0|1|0|1571022396|1571022401|0|0|0|0|0|0|0|0|0|0
332|R1|1|2|0|1|1|1|0|0|0|0|1|0|1578073299|1578073304|0|0|0|0|0|0|0|0|0|0
333|R1|1|2|0|1|1|1|0|0|0|0|1|0|1586573247|1586573252|0|0|0|0|0|0|0|0|0|0
334|R1|1|2|0|1|1|1|0|0|0|0|1|0|1594835429|1594835434|0|0|0|0|0|0|0|0|0|0
335|R1|1|2|0|1|1|1|0|0|0|0|1|0|1603161832|1603161837|0|0|0|0|0|0|0|0|0|0
336|R1|1|2|0|1|1|1|0|0|0|0|1|0|1610826422|1610826427|0|0|0|0|0|0|0|0|0|0
337|R1|1|2|0|1|1|1|0|0|0|0|1|0|1617909466|1617909471|0|0|0|0|0|0|0|0|0|0
338|R1|1|2|0|1|1|1|0|0|0|0|1|0|1626814275|1626814280|0|0|0|0|0|0|0|0|0|0
339|R1|1|2|0|1|1|1|0|0|0|0|1|0|1634035752|1634035757|0|0|0|0|0|0|0|0|0|0
340|R1|1|2|0|1|1|1|0|0|0|0|1|0|1643232892|1643232897|0|0|0|0|0|0|0|0|0|0
341|R1|1|2|0|1|1|1|0|0|0|0|1|0|1651344076|1651344081|0|0|0|0|0|0|0|0|0|0
342|R1|1|2|0|1|1|1|0|0|0|0|1|0|1660345265|1660345270|0|0|0|0|0|0|0|0|0|0
343|R1|1|2|0|1|1|1|0|0|0|0|1|0|1667778505|1667778510|0|0|0|0|0|0|0|0|0|0
344|R1|1|2|0|1|1|1|0|0|0|0|1|0|1677223054|1677223059|0|0|0|0|0|0|0|0|0|0
345|R1|1|2|0|1|1|1|0|0|0|0|1|0|1685566547|1685566552|0|0|0|0|0|0|0|0|0|0
346|R1|1|2|0|1|1|1|0|0|0|0|1|0|1695338807|1695338812|0|0|0|0|0|0|0|0|0|0
347|R1|1|2|0|1|1|1|0|0|0|0|1|0|1702724147|1702724152|0|0|0|0|0|0|0|0|0|0
348|R1|1|2|0|1|1|1|0|0|0|0|1|0|1711545655|1711545660|0|0|0|0|0|0|0|0|0|0
349|R1|1|2|0|1|1|1|0|0|0|0|1|0|1720530812|1720530817|0|0|0|0|0|0|0|0|0|0
350|R1|1|2|0|1|1|1|0|0|0|0|1|0|1726958413|1726958418|0|0|0|0|0|0|0|0|0|0
351|R1|1|2|0|1|1|1|0|0|0|0|1|0|1735191941|1735191946|0|0|0|0|0|0|0|0|0|0
352|R1|1|2|0|1|1|1|0|0|0|0|1|0|1742030842|1742030847|0|0|0|0|0|0|0|0|0|0
353|R1|1|2|0|1|1|1|0|0|0|0|1|0|1750781379|1750781384|0|0|0|0|0|0|0|0|0|0
354|R1|1|2|0|1|1|1|0|0|0|0|1|0|1757742536|1757742541|0|0|0|0|0|0|0|0|0|0
355|R1|1|2|0|1|1|1|0|0|0|0|1|0|1765943688|1765943693|0|0|0|0|0|0|0|0|0|0
356|R1|1|2|0|1|1|1|0|0|0|0|1|0|1775340037|1775340042|0|0|0|0|0|0|0|0|0|0
357|R1|1|2|0|1|1|1|0|0|0|0|1|0|1785738948|1785738953|0|0|0|0|0|0|0|0|0|0
358|R1|1|2|0|1|1|1|0|0|0|0|1|0|1793159356|1793159361|0|0|0|0|0|0|0|0|0|0
359|R1|1|2|0|1|1|1|0|0|0|0|1|0|1800779112|1800779117|0|0|0|0|0|0|0|0|0|0
360|R1|1|2|0|1|1|1|0|0|0|0|1|0|1808238067|1808238072|0|0|0|0|0|0|0|0|0|0
361|R1|1|2|0|1|1|1|0|0|0|0|1|0|1816946899|1816946904|0|0|0|0|0|0|0|0|0|0
362|R1|1|2|0|1|1|1|0|0|0|0|1|0|1824640407|1824640412|0|0|0|0|0|0|0|0|0|0
363|R1|1|2|0|1|1|1|0|0|0|0|1|0|1833329911|1833329916|0|0|0|0|0|0|0|0|0|0
364|R1|1|2|0|1|1|1|0|0|0|0|1|0|1841000924|1841000929|0|0|0|0|0|0|0|0|0|0
365|R1|1|2|0|1|1|1|0|0|0|0|1|0|1849102490|1849102495|0|0|0|0|0|0|0|0|0|0
366|R1|1|2|0|1|1|1|0|0|0|0|1|0|1856567877|1856567882|0|0|0|0|0|0|0|0|0|0
367|R1|1|2|0|1|1|1|0|0|0|0|1|0|1864624461|1864624466|0|0|0|0|0|0|0|0|0|0
368|R1|1|2|0|1|1|1|0|0|0|0|1|0|1872318250|1872318255|0|0|0|0|0|0|0|0|0|0
369|R1|1|2|0|1|1|1|0|0|0|0|1|0|1880223834|1880223839|0|0|0|0|0|0|0|0|0|0
370|R1|1|2|0|1|1|1|0|0|0|0|1|0|1887618519|1887618524|0|0|0|0|0|0|0|0|0|0
371|R1|1|2|0|1|1|1|0|0|0|0|1|0|1894113599|1894113604|0|0|0|0|0|0|0|0|0|0
372|R1|1|2|0|1|1|1|0|0|0|0|1|0|1901813816|1901813821|0|0|0|0|0|0|0|0|0|0
373|R1|1|2|0|1|1|1|0|0|0|0|1|0|1913501873|1913501878|0|0|0|0|0|0|0|0|0|0
374|R1|1|2|0|1|1|1|0|0|0|0|1|0|1920719854|1920719859|0|0|0|0|0|0|0|0|0|0
375|R1|1|2|0|1|1|1|0|0|0|0|1|0|1928490460|1928490465|0|0|0|0|0|0|0|0|0|0
376|R1|1|2|0|1|1|1|0|0|0|0|1|0|1936467365|1936467370|0|0|0|0|0|0|0|0|0|0
377|R1|1|2|0|1|1|1|0|0|0|0|1|0|1945552104|1945552109|0|0|0|0|0|0|0|0|0|0
378|R1|1|2|0|1|1|1|0|0|0|0|1|0|1954010280|1954010285|0|0|0|0|0|0|0|0|0|0
379|R1|1|2|0|1|1|1|0|0|0|0|1|0|1962796179|1962796184|0|0|0|0|0|0|0|0|0|0
380|R1|1|2|0|1|1|1|0|0|0|0|1|0|1970078702|1970078707|0|0|0|0|0|0|0|0|0|0
381|R1|1|2|0|1|1|1|0|0|0|0|1|0|1979841326|1979841331|0|0|0|0|0|0|0|0|0|0
382|R1|1|2|0|1|1|1|0|0|0|0|1|0|1987127123|1987127128|0|0|0|0|0|0|0|0|0|0
383|R1|1|2|0|1|1|1|0|0|0|0|1|0|1994981540|1994981545|0|0|0|0|0|0|0|0|0|0
384|R1|1|2|0|1|1|1|0|0|0|0|1|0|2002649632|2002649637|0|0|0|0|0|0|0|0|0|0
385|R1|1|2|0|1|1|1|0|0|0|0|1|0|2009427443|2009427448|0|0|0|0|0|0|0|0|0|0
386|R1|1|2|0|1|1|1|0|0|0|0|1|0|2016655212|2016655217|0|0|0|0|0|0|0|0|0|0
387|R1|1|2|0|1|1|1|0|0|0|0|1|0|2026045125|2026045130|0|0|0|0|0|0|0|0|0|0
388|R1|1|2|0|1|1|1|0|0|0|0|1|0|2033928264|2033928269|0|0|0|0|0|0|0|0|0|0
389|R1|1|2|0|1|1|1|0|0|0|0|1|0|2040269105|2040269110|0|0|0|0|0|0|0|0|0|0
390|R1|1|2|0|1|1|1|0|0|0|0|1|0|2047850175|2047850180|0|0|0|0|0|0|0|0|0|0
391|R1|1|2|0|1|1|1|0|0|0|0|1|0|2054856243|2054856248|0|0|0|0|0|0|0|0|0|0
392|R1|1|2|0|1|1|1|0|0|0|0|1|0|2062116028|2062116033|0|0|0|0|0|0|0|0|0|0
393|R1|1|2|0|1|1|1|0|0|0|0|1|0|2070982240|2070982245|0|0|0|0|0|0|0|0|0|0
394|R1|1|2|0|1|1|1|0|0|0|0|1|0|2079450099|2079450104|0|0|0|0|0|0|0|0|0|0
395|R1|1|2|0|1|1|1|0|0|0|0|1|0|2088284497|2088284502|0|0|0|0|0|0|0|0|0|0
396|R1|1|2|0|1|1|1|0|0|0|0|1|0|2096682227|2096682232|0|0|0|0|0|0|0|0|0|0
397|R1|1|2|0|1|1|1|0|0|0|0|1|0|2106859322|2106859327|0|0|0|0|0|0|0|0|0|0
398|R1|1|2|0|1|1|1|0|0|0|0|1|0|2114061482|2114061487|0|0|0|0|0|0|0|0|0|0
399|R1|1|2|0|1|1|1|0|0|0|0|1|0|2122246559|2122246564|0|0|0|0|0|0|0|0|0|0
400|R1|1|2|0|1|1|1|0|0|0|0|1|0|2131800348|2131800353|0|0|0|0|0|0|0|0|0|0
401|R1|1|2|0|1|1|1|0|0|0|0|1|0|2139728753|2139728758|0|0|0|0|0|0|0|0|0|0
402|R1|1|2|0|1|1|1|0|0|0|0|1|0|2149099372|2149099377|0|0|0|0|0|0|0|0|0|0
403|R1|1|2|0|1|1|1|0|0|0|0|1|0|2157455044|2157455049|0|0|0|0|0|0|0|0|0|0
404|R1|1|2|0|1|1|1|0|0|0|0|1|0|2167191971|2167191976|0|0|0|0|0|0|0|0|0|0
405|R1|1|2|0|1|1|1|0|0|0|0|1|0|2175039693|2175039698|0|0|0|0|0|0|0|0|0|0
406|R1|1|2|0|1|1|1|0|0|0|0|1|0|2182521142|2182521147|0|0|0|0|0|0|0|0|0|0
407|R1|1|2|0|1|1|1|0|0|0|0|1|0|2190562193|2190562198|0|0|0|0|0|0|0|0|0|0
408|R1|1|2|0|1|1|1|0|0|0|0|1|0|2200286263|2200286268|0|0|0|0|0|0|0|0|0|0
409|R1|1|2|0|1|1|1|0|0|0|0|1|0|2208419941|2208419946|0|0|0|0|0|0|0|0|0|0
410|R1|1|2|0|1|1|1|0|0|0|0|1|0|2216389907|2216389912|0|0|0|0|0|0|0|0|0|0
411|R1|1|2|0|1|1|1|0|0|0|0|1|0|2223807103|2223807108|0|0|0|0|0|0|0|0|0|0
412|R1|1|2|0|1|1|1|0|0|0|0|1|0|2231986035|2231986040|0|0|0|0|0|0|0|0|0|0
413|R1|1|2|0|1|1|1|0|0|0|0|1|0|2239814655|2239814660|0|0|0|0|0|0|0|0|0|0
414|R1|1|2|0|1|1|1|0|0|0|0|1|0|2246907328|2246907333|0|0|0|0|0|0|0|0|0|0
415|R1|1|2|0|1|1|1|0|0|0|0|1|0|2255307972|2255307977|0|0|0|0|0|0|0|0|0|0
416|R1|1|2|0|1|1|1|0|0|0|0|1|0|2264733240|2264733245|0|0|0|0|0|0|0|0|0|0
417|R1|1|2|0|1|1|1|0|0|0|0|1|0|2273140017|2273140022|0|0|0|0|0|0|0|0|0|0
418|R1|1|2|0|1|1|1|0|0|0|0|1|0|2280907566|2280907571|0|0|0|0|0|0|0|0|0|0
419|R1|1|2|0|1|1|1|0|0|0|0|1|0|2288594908|2288594913|0|0|0|0|0|0|0|0|0|0
420|R1|1|2|0|1|1|1|0|0|0|0|1|0|2298553512|2298553517|0|0|0|0|0|0|0|0|0|0
421|R1|1|2|0|1|1|1|0|0|0|0|1|0|2307789219|2307789224|0|0|0|0|0|0|0|0|0|0
422|R1|1|2|0|1|1|1|0|0|0|0|1|0|2316430537|2316430542|0|0|0|0|0|0|0|0|0|0
423|R1|1|2|0|1|1|1|0|0|0|0|1|0|2323330495|2323330500|0|0|0|0|0|0|0|0|0|0
424|R1|1|2|0|1|1|1|0|0|0|0|1|0|2332042533|2332042538|0|0|0|0|0|0|0|0|0|0
425|R1|1|2|0|1|1|1|0|0|0|0|1|0|2339292804|2339292809|0|0|0|0|0|0|0|0|0|0
426|R1|1|2|0|1|1|1|0|0|0|0|1|0|2345559908|2345559913|0|0|0|0|0|0|0|0|0|0
427|R1|1|2|0|1|1|1|0|0|0|0|1|0|2354098665|2354098670|0|0|0|0|0|0|0|0|0|0
428|R1|1|2|0|1|1|1|0|0|0|0|1|0|2363206294|2363206299|0|0|0|0|0|0|0|0|0|0
429|R1|1|2|0|1|1|1|0|0|0|0|1|0|2370678545|2370678550|0|0|0|0|0|0|0|0|0|0
430|R1|1|2|0|1|1|1|0|0|0|0|1|0|2378429887|2378429892|0|0|0|0|0|0|0|0|0|0
431|R1|1|2|0|1|1|1|0|0|0|0|1|0|2386984452|2386984457|0|0|0|0|0|0|0|0|0|0
432|R1|1|2|0|1|1|1|0|0|0|0|1|0|2396737508|2396737513|0|0|0|0|0|0|0|0|0|0
433|R1|1|2|0|1|1|1|0|0|0|0|1|0|2403878405|2403878410|0|0|0|0|0|0|0|0|0|0
434|R1|1|2|0|1|1|1|0|0|0|0|1|0|2411713299|2411713304|0|0|0|0|0|0|0|0|0|0
435|R1|1|2|0|1|1|1|0|0|0|0|1|0|2419679908|2419679913|0|0|0|0|0|0|0|0|0|0
436|R1|1|2|0|1|1|1|0|0|0|0|1|0|2427903812|2427903817|0|0|0|0|0|0|0|0|0|0
437|R1|1|2|0|1|1|1|0|0|0|0|1|0|2435854636|2435854641|0|0|0|0|0|0|0|0|0|0
438|R1|1|2|0|1|1|1|0|0|0|0|1|0|2443885507|2443885512|0|0|0|0|0|0|0|0|0|0
439|R1|1|2|0|1|1|1|0|0|0|0|1|0|2451678648|2451678653|0|0|0|0|0|0|0|0|0|0
440|R1|1|2|0|1|1|1|0|0|0|0|1|0|2461795068|2461795073|0|0|0|0|0|0|0|0|0|0
441|R1|1|2|0|1|1|1|0|0|0|0|1|0|2473951406|2473951411|0|0|0|0|0|0|0|0|0|0
442|R1|1|2|0|1|1|1|0|0|0|0|1|0|2482448412|2482448417|0|0|0|0|0|0|0|0|0|0
443|R1|1|2|0|1|1|1|0|0|0|0|1|0|2491838345|2491838350|0|0|0|0|0|0|0|0|0|0
444|R1|1|2|0|1|1|1|0|0|0|0|1|0|2499718993|2499718998|0|0|0|0|0|0|0|0|0|0
445|R1|1|2|0|1|1|1|0|0|0|0|1|0|2507788668|2507788673|0|0|0|0|0|0|0|0|0|0
446|R1|1|2|0|1|1|1|0|0|0|0|1|0|2515614051|2515614056|0|0|0|0|0|0|0|0|0|0
447|R1|1|2|0|1|1|1|0|0|0|0|1|0|2524406538|2524406543|0|0|0|0|0|0|0|0|0|0
448|R1|1|2|0|1|1|1|0|0|0|0|1|0|2530731624|2530731629|0|0|0|0|0|0|0|0|0|0
449|R1|1|2|0|1|1|1|0|0|0|0|1|0|2538672790|2538672795|0|0|0|0|0|0|0|0|0|0
450|R1|1|2|0|1|1|1|0|0|0|0|1|0|2546803235|2546803240|0|0|0|0|0|0|0|0|0|0
451|R1|1|2|0|1|1|1|0|0|0|0|1|0|2554365171|2554365176|0|0|0|0|0|0|0|0|0|0
452|R1|1|2|0|1|1|1|0|0|0|0|1|0|2561072314|2561072319|0|0|0|0|0|0|0|0|0|0
453|R1|1|2|0|1|1|1|0|0|0|0|1|0|2568181306|2568181311|0|0|0|0|0|0|0|0|0|0
454|R1|1|2|0|1|1|1|0|0|0|0|1|0|2576032396|2576032401|0|0|0|0|0|0|0|0|0|0
455|R1|1|2|0|1|1|1|0|0|0|0|1|0|2584066524|2584066529|0|0|0|0|0|0|0|0|0|0
456|R1|1|2|0|1|1|1|0|0|0|0|1|0|2592508645|2592508650|0|0|0|0|0|0|0|0|0|0
457|R1|1|2|0|1|1|1|0|0|0|0|1|0|2599910029|2599910034|0|0|0|0|0|0|0|0|0|0
458|R1|1|2|0|1|1|1|0|0|0|0|1|0|2606935397|2606935402|0|0|0|0|0|0|0|0|0|0
459|R1|1|2|0|1|1|1|0|0|0|0|1|0|2616721367|2616721372|0|0|0|0|0|0|0|0|0|0
460|R1|1|2|0|1|1|1|0|0|0|0|1|0|2624642990|2624642995|0|0|0|0|0|0|0|0|0|0
461|R1|1|2|0|1|1|1|0|0|0|0|1|0|2632108503|2632108508|0|0|0|0|0|0|0|0|0|0
462|R1|1|2|0|1|1|1|0|0|0|0|1|0|2639679964|2639679969|0|0|0|0|0|0|0|0|0|0
463|R1|1|2|0|1|1|1|0|0|0|0|1|0|2647688319|2647688324|0|0|0|0|0|0|0|0|0|0
464|R1|1|2|0|1|1|1|0|0|0|0|1|0|2655642108|2655642113|0|0|0|0|0|0|0|0|0|0
465|R1|1|2|0|1|1|1|0|0|0|0|1|0|2663958916|2663958921|0|0|0|0|0|0|0|0|0|0
466|R1|1|2|0|1|1|1|0|0|0|0|1|0|2671954441|2671954446|0|0|0|0|0|0|0|0|0|0
467|R1|1|2|0|1|1|1|0|0|0|0|1|0|2680220643|2680220648|0|0|0|0|0|0|0|0|0|0
468|R1|1|2|0|1|1|1|0|0|0|0|1|0|2688772000|2688772005|0|0|0|0|0|0|0|0|0|0
469|R1|1|2|0|1|1|1|0|0|0|0|1|0|2696877316|2696877321|0|0|0|0|0|0|0|0|0|0
470|R1|1|2|0|1|1|1|0|0|0|0|1|0|2705088087|2705088092|0|0|0|0|0|0|0|0|0|0
471|R1|1|2|0|1|1|1|0|0|0|0|1|0|2712331788|2712331793|0|0|0|0|0|0|0|0|0|0
472|R1|1|2|0|1|1|1|0|0|0|0|1|0|2720982732|2720982737|0|0|0|0|0|0|0|0|0|0
473|R1|1|2|0|1|1|1|0|0|0|0|1|0|2728638056|2728638061|0|0|0|0|0|0|0|0|0|0
474|R1|1|2|0|1|1|1|0|0|0|0|1|0|2736691767|2736691772|0|0|0|0|0|0|0|0|0|0
475|R1|1|2|0|1|1|1|0|0|0|0|1|0|2745577555|2745577560|0|0|0|0|0|0|0|0|0|0
476|R1|1|2|0|1|1|1|0|0|0|0|1|0|2753643749|2753643754|0|0|0|0|0|0|0|0|0|0
477|R1|1|2|0|1|1|1|0|0|0|0|1|0|2762371831|2762371836|0|0|0|0|0|0|0|0|0|0
478|R1|1|2|0|1|1|1|0|0|0|0|1|0|2770644040|2770644045|0|0|0|0|0|0|0|0|0|0
479|R1|1|2|0|1|1|1|0|0|0|0|1|0|2779462103|2779462108|0|0|0|0|0|0|0|0|0|0
480|R1|1|2|0|1|1|1|0|0|0|0|1|0|2786394147|2786394152|0|0|0|0|0|0|0|0|0|0
481|R1|1|2|0|1|1|1|0|0|0|0|1|0|2793901297|2793901302|0|0|0|0|0|0|0|0|0|0
482|R1|1|2|0|1|1|1|0|0|0|0|1|0|2803082412|2803082417|0|0|0|0|0|0|0|0|0|0
483|R1|1|2|0|1|1|1|0|0|0|0|1|0|2811547011|2811547016|0|0|0|0|0|0|0|0|0|0
484|R1|1|2|0|1|1|1|0|0|0|0|1|0|2819584895|2819584900|0|0|0|0|0|0|0|0|0|0
485|R1|1|2|0|1|1|1|0|0|0|0|1|0|2828175136|2828175141|0|0|0|0|0|0|0|0|0|0
486|R1|1|2|0|1|1|1|0|0|0|0|1|0|2836691936|2836691941|0|0|0|0|0|0|0|0|0|0
487|R1|1|2|0|1|1|1|0|0|0|0|1|0|2844321224|2844321229|0|0|0|0|0|0|0|0|0|0
488|R1|1|2|0|1|1|1|0|0|0|0|1|0|2852130381|2852130386|0|0|0|0|0|0|0|0|0|0
489|R1|1|2|0|1|1|1|0|0|0|0|1|0|2859387196|2859387201|0|0|0|0|0|0|0|0|0|0
490|R1|1|2|0|1|1|1|0|0|0|0|1|0|2868626748|2868626753|0|0|0|0|0|0|0|0|0|0
491|R1|1|2|0|1|1|1|0|0|0|0|1|0|2875970079|2875970084|0|0|0|0|0|0|0|0|0|0
492|R1|1|2|0|1|1|1|0|0|0|0|1|0|2884688489|2884688494|0|0|0|0|0|0|0|0|0|0
493|R1|1|2|0|1|1|1|0|0|0|0|1|0|2890749827|2890749832|0|0|0|0|0|0|0|0|0|0
494|R1|1|2|0|1|1|1|0|0|0|0|1|0|2897248124|2897248129|0|0|0|0|0|0|0|0|0|0
495|R1|1|2|0|1|1|1|0|0|0|0|1|0|2907416328|2907416333|0|0|0|0|0|0|0|0|0|0
496|R1|1|2|0|1|1|1|0|0|0|0|1|0|2914200558|2914200563|0|0|0|0|0|0|0|0|0|0
497|R1|1|2|0|1|1|1|0|0|0|0|1|0|2922546289|2922546294|0|0|0|0|0|0|0|0|0|0
498|R1|1|2|0|1|1|1|0|0|0|0|1|0|2931663191|2931663196|0|0|0|0|0|0|0|0|0|0
499|R1|1|2|0|1|1|1|0|0|0|0|1|0|2941303731|2941303736|0|0|0|0|0|0|0|0|0|0
500|R1|1|2|0|1|1|1|0|0|0|0|1|0|2949138595|2949138600|0|0|0|0|0|0|0|0|0|0
501|R1|1|2|0|1|1|1|0|0|0|0|1|0|2955646670|2955646675|0|0|0|0|0|0|0|0|0|0
502|R1|1|2|0|1|1|1|0|0|0|0|1|0|2965415720|2965415725|0|0|0|0|0|0|0|0|0|0
503|R1|1|2|0|1|1|1|0|0|0|0|1|0|2973356772|2973356777|0|0|0|0|0|0|0|0|0|0
504|R1|1|2|0|1|1|1|0|0|0|0|1|0|2982084831|2982084836|0|0|0|0|0|0|0|0|0|0
505|R1|1|2|0|1|1|1|0|0|0|0|1|0|2991281978|2991281983|0|0|0|0|0|0|0|0|0|0
506|R1|1|2|0|1|1|1|0|0|0|0|1|0|3001308168|3001308173|0|0|0|0|0|0|0|0|0|0
507|R1|1|2|0|1|1|1|0|0|0|0|1|0|3009278120|3009278125|0|0|0|0|0|0|0|0|0|0
508|R1|1|2|0|1|1|1|0|0|0|0|1|0|3016210152|3016210157|0|0|0|0|0|0|0|0|0|0
509|R1|1|2|0|1|1|1|0|0|0|0|1|0|3022268342|3022268347|0|0|0|0|0|0|0|0|0|0
510|R1|1|2|0|1|1|1|0|0|0|0|1|0|3030459845|3030459850|0|0|0|0|0|0|0|0|0|0
511|R1|1|2|0|1|1|1|0|0|0|0|1|0|3038012005|3038012010|0|0|0|0|0|0|0|0|0|0
512|R1|1|2|0|1|1|1|0|0|0|0|1|0|3045734547|3045734552|0|0|0|0|0|0|0|0|0|0
513|R1|1|2|0|1|1|1|0|0|0|0|1|0|3052878647|3052878652|0|0|0|0|0|0|0|0|0|0
514|R1|1|2|0|1|1|1|0|0|0|0|1|0|3060832401|3060832406|0|0|0|0|0|0|0|0|0|0
515|R1|1|2|0|1|1|1|0|0|0|0|1|0|3069043180|3069043185|0|0|0|0|0|0|0|0|0|0
516|R1|1|2|0|1|1|1|0|0|0|0|1|0|3075846707|3075846712|0|0|0|0|0|0|0|0|0|0
517|R1|1|2|0|1|1|1|0|0|0|0|1|0|3082987721|3082987726|0|0|0|0|0|0|0|0|0|0
518|R1|1|2|0|1|1|1|0|0|0|0|1|0|3089710911|3089710916|0|0|0|0|0|0|0|0|0|0
519|R1|1|2|0|1|1|1|0|0|0|0|1|0|3099720936|3099720941|0|0|0|0|0|0|0|0|0|0
520|R1|1|2|0|1|1|1|0|0|0|0|1|0|3108484333|3108484338|0|0|0|0|0|0|0|0|0|0
521|R1|1|2|0|1|1|1|0|0|0|0|1|0|3115802231|3115802236|0|0|0|0|0|0|0|0|0|0
522|R1|1|2|0|1|1|1|0|0|0|0|1|0|3123775537|3123775542|0|0|0|0|0|0|0|0|0|0
523|R1|1|2|0|1|1|1|0|0|0|0|1|0|3131938120|3131938125|0|0|0|0|0|0|0|0|0|0
524|R1|1|2|0|1|1|1|0|0|0|0|1|0|3139037504|3139037509|0|0|0|0|0|0|0|0|0|0
525|R1|1|2|0|1|1|1|0|0|0|0|1|0|3148074024|3148074029|0|0|0|0|0|0|0|0|0|0
526|R1|1|2|0|1|1|1|0|0|0|0|1|0|3156043918|3156043923|0|0|0|0|0|0|0|0|0|0
527|R1|1|2|0|1|1|1|0|0|0|0|1|0|3163159136|3163159141|0|0|0|0|0|0|0|0|0|0
528|R1|1|2|0|1|1|1|0|0|0|0|1|0|3169451799|3169451804|0|0|0|0|0|0|0|0|0|0
529|R1|1|2|0|1|1|1|0|0|0|0|1|0|3176702220|3176702225|0|0|0|0|0|0|0|0|0|0
530|R1|1|2|0|1|1|1|0|0|0|0|1|0|3183467196|3183467201|0|0|0|0|0|0|0|0|0|0
531|R1|1|2|0|1|1|1|0|0|0|0|1|0|3192853930|3192853935|0|0|0|0|0|0|0|0|0|0
532|R1|1|2|0|1|1|1|0|0|0|0|1|0|3201292823|3201292828|0|0|0|0|0|0|0|0|0|0
533|R1|1|2|0|1|1|1|0|0|0|0|1|0|3208491780|3208491785|0|0|0|0|0|0|0|0|0|0
534|R1|1|2|0|1|1|1|0|0|0|0|1|0|3216622257|3216622262|0|0|0|0|0|0|0|0|0|0
535|R1|1|2|0|1|1|1|0|0|0|0|1|0|3226266003|3226266008|0|0|0|0|0|0|0|0|0|0
536|R1|1|2|0|1|1|1|0|0|0|0|1|0|3233391108|3233391113|0|0|0|0|0|0|0|0|0|0
537|R1|1|2|0|1|1|1|0|0|0|0|1|0|3241454435|3241454440|0|0|0|0|0|0|0|0|0|0
538|R1|1|2|0|1|1|1|0|0|0|0|1|0|3248049124|3248049129|0|0|0|0|0|0|0|0|0|0
539|R1|1|2|0|1|1|1|0|0|0|0|1|0|3256452685|3256452690|0|0|0|0|0|0|0|0|0|0
540|R1|1|2|0|1|1|1|0|0|0|0|1|0|3264111144|3264111149|0|0|0|0|0|0|0|0|0|0
541|R1|1|2|0|1|1|1|0|0|0|0|1|0|3271447987|3271447992|0|0|0|0|0|0|0|0|0|0
542|R1|1|2|0|1|1|1|0|0|0|0|1|0|3279922248|3279922253|0|0|0|0|0|0|0|0|0|0
543|R1|1|2|0|1|1|1|0|0|0|0|1|0|3288502547|3288502552|0|0|0|0|0|0|0|0|0|0
544|R1|1|2|0|1|1|1|0|0|0|0|1|0|3296951084|3296951089|0|0|0|0|0|0|0|0|0|0
545|R1|1|2|0|1|1|1|0|0|0|0|1|0|3304689576|3304689581|0|0|0|0|0|0|0|0|0|0
546|R1|1|2|0|1|1|1|0|0|0|0|1|0|3313055341|3313055346|0|0|0|0|0|0|0|0|0|0
547|R1|1|2|0|1|1|1|0|0|0|0|1|0|3320022728|3320022733|0|0|0|0|0|0|0|0|0|0
548|R1|1|2|0|1|1|1|0|0|0|0|1|0|3328076099|3328076104|0|0|0|0|0|0|0|0|0|0
549|R1|1|2|0|1|1|1|0|0|0|0|1|0|3336264397|3336264402|0|0|0|0|0|0|0|0|0|0
550|R1|1|2|0|1|1|1|0|0|0|0|1|0|3344471991|3344471996|0|0|0|0|0|0|0|0|0|0
551|R1|1|2|0|1|1|1|0|0|0|0|1|0|3353032979|3353032984|0|0|0|0|0|0|0|0|0|0
552|R1|1|2|0|1|1|1|0|0|0|0|1|0|3361214838|3361214843|0|0|0|0|0|0|0|0|0|0
553|R1|1|2|0|1|1|1|0|0|0|0|1|0|3370219176|3370219181|0|0|0|0|0|0|0|0|0|0
554|R1|1|2|0|1|1|1|0|0|0|0|1|0|3379914335|3379914340|0|0|0|0|0|0|0|0|0|0
555|R1|1|2|0|1|1|1|0|0|0|0|1|0|3388819260|3388819265|0|0|0|0|0|0|0|0|0|0
556|R1|1|2|0|1|1|1|0|0|0|0|1|0|3395195516|3395195521|0|0|0|0|0|0|0|0|0|0
557|R1|1|2|0|1|1|1|0|0|0|0|1|0|3408829983|3408829988|0|0|0|0|0|0|0|0|0|0
558|R1|1|2|0|1|1|1|0|0|0|0|1|0|3418114112|3418114117|0|0|0|0|0|0|0|0|0|0
559|R1|1|2|0|1|1|1|0|0|0|0|1|0|3429971580|3429971585|0|0|0|0|0|0|0|0|0|0
560|R1|1|2|0|1|1|1|0|0|0|0|1|0|3437732548|3437732553|0|0|0|0|0|0|0|0|0|0
561|R1|1|2|0|1|1|1|0|0|0|0|1|0|3453445244|3453445249|0|0|0|0|0|0|0|0|0|0
562|R1|1|2|0|1|1|1|0|0|0|0|1|0|3462061475|3462061480|0|0|0|0|0|0|0|0|0|0
563|R1|1|2|0|1|1|1|0|0|0|0|1|0|3471046641|3471046646|0|0|0|0|0|0|0|0|0|0
564|R1|1|2|0|1|1|1|0|0|0|0|1|0|3479222207|3479222212|0|0|0|0|0|0|0|0|0|0
565|R1|1|2|0|1|1|1|0|0|0|0|1|0|3487972977|3487972982|0|0|0|0|0|0|0|0|0|0
566|R1|1|2|0|1|1|1|0|0|0|0|1|0|3496395802|3496395807|0|0|0|0|0|0|0|0|0|0
567|R1|1|2|0|1|1|1|0|0|0|0|1|0|3505512625|3505512630|0|0|0|0|0|0|0|0|0|0
568|R1|1|2|0|1|1|1|0|0|0|0|1|0|3520743725|3520743730|0|0|0|0|0|0|0|0|0|0
569|R1|1|2|0|1|1|1|0|0|0|0|1|0|3530419612|3530419617|0|0|0|0|0|0|0|0|0|0
570|R1|1|2|0|1|1|1|0|0|0|0|1|0|3536413481|3536413486|0|0|0|0|0|0|0|0|0|0
571|R1|1|2|0|1|1|1|0|0|0|0|1|0|3544993774|3544993779|0|0|0|0|0|0|0|0|0|0
572|R1|1|2|0|1|1|1|0|0|0|0|1|0|3553976031|3553976036|0|0|0|0|0|0|0|0|0|0
573|R1|1|2|0|1|1|1|0|0|0|0|1|0|3563915388|3563915393|0|0|0|0|0|0|0|0|0|0
574|R1|1|2|0|1|1|1|0|0|0|0|1|0|3571114332|3571114337|0|0|0|0|0|0|0|0|0|0
575|R1|1|2|0|1|1|1|0|0|0|0|1|0|3578056019|3578056024|0|0|0|0|0|0|0|0|0|0
576|R1|1|2|0|1|1|1|0|0|0|0|1|0|3586173948|3586173953|0|0|0|0|0|0|0|0|0|0
577|R1|1|2|0|1|1|1|0|0|0|0|1|0|3599284826|3599284831|0|0|0|0|0|0|0|0|0|0
578|R1|1|2|0|1|1|1|0|0|0|0|1|0|3606734202|3606734207|0|0|0|0|0|0|0|0|0|0
579|R1|1|2|0|1|1|1|0|0|0|0|1|0|3614077486|3614077491|0|0|0|0|0|0|0|0|0|0
580|R1|1|2|0|1|1|1|0|0|0|0|1|0|3623772746|3623772751|0|0|0|0|0|0|0|0|0|0
581|R1|1|2|0|1|1|1|0|0|0|0|1|0|3632568284|3632568289|0|0|0|0|0|0|0|0|0|0
582|R1|1|2|0|1|1|1|0|0|0|0|1|0|3641916522|3641916527|0|0|0|0|0|0|0|0|0|0
583|R1|1|2|0|1|1|1|0|0|0|0|1|0|3649780668|3649780673|0|0|0|0|0|0|0|0|0|0
584|R1|1|2|0|1|1|1|0|0|0|0|1|0|3658602696|3658602701|0|0|0|0|0|0|0|0|0|0
585|R1|1|2|0|1|1|1|0|0|0|0|1|0|3668298012|3668298017|0|0|0|0|0|0|0|0|0|0
586|R1|1|2|0|1|1|1|0|0|0|0|1|0|3675747368|3675747373|0|0|0|0|0|0|0|0|0|0
587|R1|1|2|0|1|1|1|0|0|0|0|1|0|3682325978|3682325983|0|0|0|0|0|0|0|0|0|0
588|R1|1|2|0|1|1|1|0|0|0|0|1|0|3692461322|3692461327|0|0|0|0|0|0|0|0|0|0
589|R1|1|2|0|1|1|1|0|0|0|0|1|0|3700498637|3700498642|0|0|0|0|0|0|0|0|0|0
590|R1|1|2|0|1|1|1|0|0|0|0|1|0|3711093407|3711093412|0|0|0|0|0|0|0|0|0|0
591|R1|1|2|0|1|1|1|0|0|0|0|1|0|3719153193|3719153198|0|0|0|0|0|0|0|0|0|0
592|R1|1|2|0|1|1|1|0|0|0|0|1|0|3730564073|3730564078|0|0|0|0|0|0|0|0|0|0
593|R1|1|2|0|1|1|1|0|0|0|0|1|0|3739067299|3739067304|0|0|0|0|0|0|0|0|0|0
594|R1|1|2|0|1|1|1|0|0|0|0|1|0|3747095296|3747095301|0|0|0|0|0|0|0|0|0|0
595|R1|1|2|0|1|1|1|0|0|0|0|1|0|3756819560|3756819565|0|0|0|0|0|0|0|0|0|0
596|R1|1|2|0|1|1|1|0|0|0|0|1|0|3767491542|3767491547|0|0|0|0|0|0|0|0|0|0
597|R1|1|2|0|1|1|1|0|0|0|0|1|0|3777540113|3777540118|0|0|0|0|0|0|0|0|0|0
598|R1|1|2|0|1|1|1|0|0|0|0|1|0|3784967324|3784967329|0|0|0|0|0|0|0|0|0|0
599|R1|1|2|0|1|1|1|0|0|0|0|1|0|3801502807|3801502812|0|0|0|0|0|0|0|0|0|0
600|R1|1|2|0|1|1|1|0|0|0|0|1|0|3810282504|3810282509|0|0|0|0|0|0|0|0|0|0
601|R1|1|2|0|1|1|1|0|0|0|0|1|0|3817272433|3817272438|0|0|0|0|0|0|0|0|0|0
602|R1|1|2|0|1|1|1|0|0|0|0|1|0|3827703729|3827703734|0|0|0|0|0|0|0|0|0|0
603|R1|1|2|0|1|1|1|0|0|0|0|1|0|3837090609|3837090614|0|0|0|0|0|0|0|0|0|0
604|R1|1|2|0|1|1|1|0|0|0|0|1|0|3845420268|3845420273|0|0|0|0|0|0|0|0|0|0
605|R1|1|2|0|1|1|1|0|0|0|0|1|0|3854434336|3854434341|0|0|0|0|0|0|0|0|0|0
606|R1|1|2|0|1|1|1|0|0|0|0|1|0|3867137472|3867137477|0|0|0|0|0|0|0|0|0|0
607|R1|1|2|0|1|1|1|0|0|0|0|1|0|3873391859|3873391864|0|0|0|0|0|0|0|0|0|0
608|R1|1|2|0|1|1|1|0|0|0|0|1|0|3880954115|3880954120|0|0|0|0|0|0|0|0|0|0
609|R1|1|2|0|1|1|1|0|0|0|0|1|0|3889341948|3889341953|0|0|0|0|0|0|0|0|0|0
610|R1|1|2|0|1|1|1|0|0|0|0|1|0|3899316963|3899316968|0|0|0|0|0|0|0|0|0|0
611|R1|1|2|0|1|1|1|0|0|0|0|1|0|3908334243|3908334248|0|0|0|0|0|0|0|0|0|0
612|R1|1|2|0|1|1|1|0|0|0|0|1|0|3920468019|3920468024|0|0|0|0|0|0|0|0|0|0
613|R1|1|2|0|1|1|1|0|0|0|0|1|0|3930009123|3930009128|0|0|0|0|0|0|0|0|0|0
614|R1|1|2|0|1|1|1|0|0|0|0|1|0|3941744535|3941744540|0|0|0|0|0|0|0|0|0|0
615|R1|1|2|0|1|1|1|0|0|0|0|1|0|3949630819|3949630824|0|0|0|0|0|0|0|0|0|0
616|R1|1|2|0|1|1|1|0|0|0|0|1|0|3957115473|3957115478|0|0|0|0|0|0|0|0|0|0
617|R1|1|2|0|1|1|1|0|0|0|0|1|0|3966126271|3966126276|0|0|0|0|0|0|0|0|0|0
618|R1|1|2|0|1|1|1|0|0|0|0|1|0|3974623144|3974623149|0|0|0|0|0|0|0|0|0|0
619|R1|1|2|0|1|1|1|0|0|0|0|1|0|3983460471|3983460476|0|0|0|0|0|0|0|0|0|0
620|R1|1|2|0|1|1|1|0|0|0|0|1|0|3991333942|3991333947|0|0|0|0|0|0|0|0|0|0
621|R1|1|2|0|1|1|1|0|0|0|0|1|0|4002455776|4002455781|0|0|0|0|0|0|0|0|0|0
622|R1|1|2|0|1|1|1|0|0|0|0|1|0|4011453829|4011453834|0|0|0|0|0|0|0|0|0|0
623|R1|1|2|0|1|1|1|0|0|0|0|1|0|4020358605|4020358610|0|0|0|0|0|0|0|0|0|0
624|R1|1|2|0|1|1|1|0|0|0|0|1|0|4030622472|4030622477|0|0|0|0|0|0|0|0|0|0
625|R1|1|2|0|1|1|1|0|0|0|0|1|0|4041156563|4041156568|0|0|0|0|0|0|0|0|0|0
626|R1|1|2|0|1|1|1|0|0|0|0|1|0|4049984522|4049984527|0|0|0|0|0|0|0|0|0|0
627|R1|1|2|0|1|1|1|0|0|0|0|1|0|4058140918|4058140923|0|0|0|0|0|0|0|0|0|0
628|R1|1|2|0|1|1|1|0|0|0|0|1|0|4068064201|4068064206|0|0|0|0|0|0|0|0|0|0
629|R1|1|2|0|1|1|1|0|0|0|0|1|0|4077914733|4077914738|0|0|0|0|0|0|0|0|0|0
630|R1|1|2|0|1|1|1|0|0|0|0|1|0|4087433436|4087433441|0|0|0|0|0|0|0|0|0|0
631|R1|1|2|0|1|1|1|0|0|0|0|1|0|4096415336|4096415341|0|0|0|0|0|0|0|0|0|0
632|R1|1|2|0|1|1|1|0|0|0|0|1|0|4103347372|4103347377|0|0|0|0|0|0|0|0|0|0
633|R1|1|2|0|1|1|1|0|0|0|0|1|0|4110273299|4110273304|0|0|0|0|0|0|0|0|0|0
634|R1|1|2|0|1|1|1|0|0|0|0|1|0|4118224147|4118224152|0|0|0|0|0|0|0|0|0|0
635|R1|1|2|0|1|1|1|0|0|0|0|1|0|4127713788|4127713793|0|0|0|0|0|0|0|0|0|0
636|R1|1|2|0|1|1|1|0|0|0|0|1|0|4134780767|4134780772|0|0|0|0|0|0|0|0|0|0
637|R1|1|2|0|1|1|1|0|0|0|0|1|0|4141950565|4141950570|0|0|0|0|0|0|0|0|0|0
638|R1|1|2|0|1|1|1|0|0|0|0|1|0|4148811916|4148811921|0|0|0|0|0|0|0|0|0|0
639|R1|1|2|0|1|1|1|0|0|0|0|1|0|4157723116|4157723121|0|0|0|0|0|0|0|0|0|0
640|R1|1|2|0|1|1|1|0|0|0|0|1|0|4167309000|4167309005|0|0|0|0|0|0|0|0|0|0
641|R1|1|2|0|1|1|1|0|0|0|0|1|0|4175561843|4175561848|0|0|0|0|0|0|0|0|0|0
642|R1|1|2|0|1|1|1|0|0|0|0|1|0|4183673043|4183673048|0|0|0|0|0|0|0|0|0|0
643|R1|1|2|0|1|1|1|0|0|0|0|1|0|4193548136|4193548141|0|0|0|0|0|0|0|0|0|0
644|R1|1|2|0|1|1|1|0|0|0|0|1|0|4200978175|4200978180|0|0|0|0|0|0|0|0|0|0
645|R1|1|2|0|1|1|1|0|0|0|0|1|0|4208556170|4208556175|0|0|0|0|0|0|0|0|0|0
646|R1|1|2|0|1|1|1|0|0|0|0|1|0|4215507505|4215507510|0|0|0|0|0|0|0|0|0|0
647|R1|1|2|0|1|1|1|0|0|0|0|1|0|4225433992|4225433997|0|0|0|0|0|0|0|0|0|0
648|R1|1|2|0|1|1|1|0|0|0|0|1|0|4232777713|4232777718|0|0|0|0|0|0|0|0|0|0
649|R1|1|2|0|1|1|1|0|0|0|0|1|0|4242222259|4242222264|0|0|0|0|0|0|0|0|0|0
650|R1|1|2|0|1|1|1|0|0|0|0|1|0|4249282820|4249282825|0|0|0|0|0|0|0|0|0|0
651|R1|1|2|0|1|1|1|0|0|0|0|1|0|4259206081|4259206086|0|0|0|0|0|0|0|0|0|0
652|R1|1|2|0|1|1|1|0|0|0|0|1|0|4266912435|4266912440|0|0|0|0|0|0|0|0|0|0
653|R1|1|2|0|1|1|1|0|0|0|0|1|0|4274034185|4274034190|0|0|0|0|0|0|0|0|0|0
654|R1|1|2|0|1|1|1|0|0|0|0|1|0|4282721164|4282721169|0|0|0|0|0|0|0|0|0|0
655|R1|1|2|0|1|1|1|0|0|0|0|1|0|4292538428|4292538433|0|0|0|0|0|0|0|0|0|0
656|R1|1|2|0|1|1|1|0|0|0|0|1|0|6520908|6520913|0|0|0|0|0|0|0|0|0|0
657|R1|1|2|0|1|1|1|0|0|0|0|1|0|14908392|14908397|0|0|0|0|0|0|0|0|0|0
658|R1|1|2|0|1|1|1|0|0|0|0|1|0|25700051|25700056|0|0|0|0|0|0|0|0|0|0
659|R1|1|2|0|1|1|1|0|0|0|0|1|0|33101180|33101185|0|0|0|0|0|0|0|0|0|0
660|R1|1|2|0|1|1|1|0|0|0|0|1|0|40917046|40917051|0|0|0|0|0|0|0|0|0|0
661|R1|1|2|0|1|1|1|0|0|0|0|1|0|49108553|49108558|0|0|0|0|0|0|0|0|0|0
662|R1|1|2|0|1|1|1|0|0|0|0|1|0|58675196|58675201|0|0|0|0|0|0|0|0|0|0
663|R1|1|2|0|1|1|1|0|0|0|0|1|0|67406478|67406483|0|0|0|0|0|0|0|0|0|0
664|R1|1|2|0|1|1|1|0|0|0|0|1|0|74891135|74891140|0|0|0|0|0|0|0|0|0|0
665|R1|1|2|0|1|1|1|0|0|0|0|1|0|83587098|83587103|0|0|0|0|0|0|0|0|0|0
666|R1|1|2|0|1|1|1|0|0|0|0|1|0|92858998|92859003|0|0|0|0|0|0|0|0|0|0
667|R1|1|2|0|1|1|1|0|0|0|0|1|0|100674856|100674861|0|0|0|0|0|0|0|0|0|0
668|R1|1|2|0|1|1|1|0|0|0|0|1|0|108516300|108516305|0|0|0|0|0|0|0|0|0|0
669|R1|1|2|0|1|1|1|0|0|0|0|1|0|114931109|114931114|0|0|0|0|0|0|0|0|0|0
670|R1|1|2|0|1|1|1|0|0|0|0|1|0|122862364|122862369|0|0|0|0|0|0|0|0|0|0
671|R1|1|2|0|1|1|1|0|0|0|0|1|0|130257343|130257348|0|0|0|0|0|0|0|0|0|0
672|R1|1|2|0|1|1|1|0|0|0|0|1|0|138034515|138034520|0|0|0|0|0|0|0|0|0|0
673|R1|1|2|0|1|1|1|0|0|0|0|1|0|144995475|144995480|0|0|0|0|0|0|0|0|0|0
674|R1|1|2|0|1|1|1|0|0|0|0|1|0|153656366|153656371|0|0|0|0|0|0|0|0|0|0
675|R1|1|2|0|1|1|1|0|0|0|0|1|0|161420700|161420705|0|0|0|0|0|0|0|0|0|0
676|R1|1|2|0|1|1|1|0|0|0|0|1|0|169075651|169075656|0|0|0|0|0|0|0|0|0|0
677|R1|1|2|0|1|1|1|0|0|0|0|1|0|177511345|177511350|0|0|0|0|0|0|0|0|0|0
678|R1|1|2|0|1|1|1|0|0|0|0|1|0|187138993|187138998|0|0|0|0|0|0|0|0|0|0
679|R1|1|2|0|1|1|1|0|0|0|0|1|0|194701041|194701046|0|0|0|0|0|0|0|0|0|0
680|R1|1|2|0|1|1|1|0|0|0|0|1|0|203384470|203384475|0|0|0|0|0|0|0|0|0|0
681|R1|1|2|0|1|1|1|0|0|0|0|1|0|211258172|211258177|0|0|0|0|0|0|0|0|0|0
682|R1|1|2|0|1|1|1|0|0|0|0|1|0|220021713|220021718|0|0|0|0|0|0|0|0|0|0
683|R1|1|2|0|1|1|1|0|0|0|0|1|0|227249340|227249345|0|0|0|0|0|0|0|0|0|0
684|R1|1|2|0|1|1|1|0|0|0|0|1|0|236016069|236016074|0|0|0|0|0|0|0|0|0|0
685|R1|1|2|0|1|1|1|0|0|0|0|1|0|245775491|245775496|0|0|0|0|0|0|0|0|0|0
686|R1|1|2|0|1|1|1|0|0|0|0|1|0|254645055|254645060|0|0|0|0|0|0|0|0|0|0
687|R1|1|2|0|1|1|1|0|0|0|0|1|0|261609215|261609220|0|0|0|0|0|0|0|0|0|0
688|R1|1|2|0|1|1|1|0|0|0|0|1|0|270761384|270761389|0|0|0|0|0|0|0|0|0|0
689|R1|1|2|0|1|1|1|0|0|0|0|1|0|278313644|278313649|0|0|0|0|0|0|0|0|0|0
690|R1|1|2|0|1|1|1|0|0|0|0|1|0|288134400|288134405|0|0|0|0|0|0|0|0|0|0
691|R1|1|2|0|1|1|1|0|0|0|0|1|0|296351885|296351890|0|0|0|0|0|0|0|0|0|0
692|R1|1|2|0|1|1|1|0|0|0|0|1|0|305629366|305629371|0|0|0|0|0|0|0|0|0|0
693|R1|1|2|0|1|1|1|0|0|0|0|1|0|313451391|313451396|0|0|0|0|0|0|0|0|0|0
694|R1|1|2|0|1|1|1|0|0|0|0|1|0|322221459|322221464|0|0|0|0|0|0|0|0|0|0
695|R1|1|2|0|1|1|1|0|0|0|0|1|0|331261491|331261496|0|0|0|0|0|0|0|0|0|0
696|R1|1|2|0|1|1|1|0|0|0|0|1|0|338543761|338543766|0|0|0|0|0|0|0|0|0|0
697|R1|1|2|0|1|1|1|0|0|0|0|1|0|346421189|346421194|0|0|0|0|0|0|0|0|0|0
698|R1|1|2|0|1|1|1|0|0|0|0|1|0|353819113|353819118|0|0|0|0|0|0|0|0|0|0
699|R1|1|2|0|1|1|1|0|0|0|0|1|0|361502954|361502959|0|0|0|0|0|0|0|0|0|0
700|R1|1|2|0|1|1|1|0|0|0|0|1|0|368544265|368544270|0|0|0|0|0|0|0|0|0|0
701|R1|1|2|0|1|1|1|0|0|0|0|1|0|377246618|377246623|0|0|0|0|0|0|0|0|0|0
702|R1|1|2|0|1|1|1|0|0|0|0|1|0|387728942|387728947|0|0|0|0|0|0|0|0|0|0
703|R1|1|2|0|1|1|1|0|0|0|0|1|0|395306953|395306958|0|0|0|0|0|0|0|0|0|0
704|R1|1|2|0|1|1|1|0|0|0|0|1|0|403999955|403999960|0|0|0|0|0|0|0|0|0|0
705|R1|1|2|0|1|1|1|0|0|0|0|1|0|412548735|412548740|0|0|0|0|0|0|0|0|0|0
706|R1|1|2|0|1|1|1|0|0|0|0|1|0|420145837|420145842|0|0|0|0|0|0|0|0|0|0
707|R1|1|2|0|1|1|1|0|0|0|0|1|0|425452168|425452173|0|0|0|0|0|0|0|0|0|0
708|R1|1|2|0|1|1|1|0|0|0|0|1|0|432538436|432538441|0|0|0|0|0|0|0|0|0|0
709|R1|1|2|0|1|1|1|0|0|0|0|1|0|440058455|440058460|0|0|0|0|0|0|0|0|0|0
710|R1|1|2|0|1|1|1|0|0|0|0|1|0|449824593|449824598|0|0|0|0|0|0|0|0|0|0
711|R1|1|2|0|1|1|1|0|0|0|0|1|0|457341390|457341395|0|0|0|0|0|0|0|0|0|0
712|R1|1|2|0|1|1|1|0|0|0|0|1|0|463582655|463582660|0|0|0|0|0|0|0|0|0|0
713|R1|1|2|0|1|1|1|0|0|0|0|1|0|471893160|471893165|0|0|0|0|0|0|0|0|0|0
714|R1|1|2|0|1|1|1|0|0|0|0|1|0|481781964|481781969|0|0|0|0|0|0|0|0|0|0
715|R1|1|2|0|1|1|1|0|0|0|0|1|0|489591263|489591268|0|0|0|0|0|0|0|0|0|0
716|R1|1|2|0|1|1|1|0|0|0|0|1|0|496462266|496462271|0|0|0|0|0|0|0|0|0|0
717|R1|1|2|0|1|1|1|0|0|0|0|1|0|503776913|503776918|0|0|0|0|0|0|0|0|0|0
718|R1|1|2|0|1|1|1|0|0|0|0|1|0|513182911|513182916|0|0|0|0|0|0|0|0|0|0
719|R1|1|2|0|1|1|1|0|0|0|0|1|0|520282157|520282162|0|0|0|0|0|0|0|0|0|0
720|R1|1|2|0|1|1|1|0|0|0|0|1|0|528390394|528390399|0|0|0|0|0|0|0|0|0|0
721|R1|1|2|0|1|1|1|0|0|0|0|1|0|536051903|536051908|0|0|0|0|0|0|0|0|0|0
722|R1|1|2|0|1|1|1|0|0|0|0|1|0|543944640|543944645|0|0|0|0|0|0|0|0|0|0
723|R1|1|2|0|1|1|1|0|0|0|0|1|0|550976429|550976434|0|0|0|0|0|0|0|0|0|0
724|R1|1|2|0|1|1|1|0|0|0|0|1|0|559113572|559113577|0|0|0|0|0|0|0|0|0|0
725|R1|1|2|0|1|1|1|0|0|0|0|1|0|567305436|567305441|0|0|0|0|0|0|0|0|0|0
726|R1|1|2|0|1|1|1|0|0|0|0|1|0|576036895|576036900|0|0|0|0|0|0|0|0|0|0
727|R1|1|2|0|1|1|1|0|0|0|0|1|0|583547318|583547323|0|0|0|0|0|0|0|0|0|0
728|R1|1|2|0|1|1|1|0|0|0|0|1|0|591501066|591501071|0|0|0|0|0|0|0|0|0|0
729|R1|1|2|0|1|1|1|0|0|0|0|1|0|598648631|598648636|0|0|0|0|0|0|0|0|0|0
730|R1|1|2|0|1|1|1|0|0|0|0|1|0|607669366|607669371|0|0|0|0|0|0|0|0|0|0
731|R1|1|2|0|1|1|1|0|0|0|0|1|0|617550876|617550881|0|0|0|0|0|0|0|0|0|0
732|R1|1|2|0|1|1|1|0|0|0|0|1|0|624508748|624508753|0|0|0|0|0|0|0|0|0|0
733|R1|1|2|0|1|1|1|0|0|0|0|1|0|634094652|634094657|0|0|0|0|0|0|0|0|0|0
734|R1|1|2|0|1|1|1|0|0|0|0|1|0|642019480|642019485|0|0|0|0|0|0|0|0|0|0
735|R1|1|2|0|1|1|1|0|0|0|0|1|0|649832147|649832152|0|0|0|0|0|0|0|0|0|0
736|R1|1|2|0|1|1|1|0|0|0|0|1|0|654871768|654871773|0|0|0|0|0|0|0|0|0|0
737|R1|1|2|0|1|1|1|0|0|0|0|1|0|661833005|661833010|0|0|0|0|0|0|0|0|0|0
738|R1|1|2|0|1|1|1|0|0|0|0|1|0|671585987|671585992|0|0|0|0|0|0|0|0|0|0
739|R1|1|2|0|1|1|1|0|0|0|0|1|0|680426496|680426501|0|0|0|0|0|0|0|0|0|0
740|R1|1|2|0|1|1|1|0|0|0|0|1|0|688428447|688428452|0|0|0|0|0|0|0|0|0|0
741|R1|1|2|0|1|1|1|0|0|0|0|1|0|697101937|697101942|0|0|0|0|0|0|0|0|0|0
742|R1|1|2|0|1|1|1|0|0|0|0|1|0|704814856|704814861|0|0|0|0|0|0|0|0|0|0
743|R1|1|2|0|1|1|1|0|0|0|0|1|0|714488200|714488205|0|0|0|0|0|0|0|0|0|0
744|R1|1|2|0|1|1|1|0|0|0|0|1|0|721696547|721696552|0|0|0|0|0|0|0|0|0|0
745|R1|1|2|0|1|1|1|0|0|0|0|1|0|730016620|730016625|0|0|0|0|0|0|0|0|0|0
746|R1|1|2|0|1|1|1|0|0|0|0|1|0|736373540|736373545|0|0|0|0|0|0|0|0|0|0
747|R1|1|2|0|1|1|1|0|0|0|0|1|0|743745769|743745774|0|0|0|0|0|0|0|0|0|0
748|R1|1|2|0|1|1|1|0|0|0|0|1|0|751089193|751089198|0|0|0|0|0|0|0|0|0|0
749|R1|1|2|0|1|1|1|0|0|0|0|1|0|760405215|760405220|0|0|0|0|0|0|0|0|0|0
750|R1|1|2|0|1|1|1|0|0|0|0|1|0|769538099|769538104|0|0|0|0|0|0|0|0|0|0
751|R1|1|2|0|1|1|1|0|0|0|0|1|0|777492138|777492143|0|0|0|0|0|0|0|0|0|0
752|R1|1|2|0|1|1|1|0|0|0|0|1|0|786445084|786445089|0|0|0|0|0|0|0|0|0|0
753|R1|1|2|0|1|1|1|0|0|0|0|1|0|796654504|796654509|0|0|0|0|0|0|0|0|0|0
754|R1|1|2|0|1|1|1|0|0|0|0|1|0|803927135|803927140|0|0|0|0|0|0|0|0|0|0
755|R1|1|2|0|1|1|1|0|0|0|0|1|0|811296424|811296429|0|0|0|0|0|0|0|0|0|0
756|R1|1|2|0|1|1|1|0|0|0|0|1|0|819863982|819863987|0|0|0|0|0|0|0|0|0|0
757|R1|1|2|0|1|1|1|0|0|0|0|1|0|827843441|827843446|0|0|0|0|0|0|0|0|0|0
758|R1|1|2|0|1|1|1|0|0|0|0|1|0|835100131|835100136|0|0|0|0|0|0|0|0|0|0
759|R1|1|2|0|1|1|1|0|0|0|0|1|0|845010550|845010555|0|0|0|0|0|0|0|0|0|0
760|R1|1|2|0|1|1|1|0|0|0|0|1|0|853465820|853465825|0|0|0|0|0|0|0|0|0|0
761|R1|1|2|0|1|1|1|0|0|0|0|1|0|864562052|864562057|0|0|0|0|0|0|0|0|0|0
762|R1|1|2|0|1|1|1|0|0|0|0|1|0|874588156|874588161|0|0|0|0|0|0|0|0|0|0
763|R1|1|2|0|1|1|1|0|0|0|0|1|0|882471240|882471245|0|0|0|0|0|0|0|0|0|0
764|R1|1|2|0|1|1|1|0|0|0|0|1|0|890888512|890888517|0|0|0|0|0|0|0|0|0|0
765|R1|1|2|0|1|1|1|0|0|0|0|1|0|897997262|897997267|0|0|0|0|0|0|0|0|0|0
766|R1|1|2|0|1|1|1|0|0|0|0|1|0|905436942|905436947|0|0|0|0|0|0|0|0|0|0
767|R1|1|2|0|1|1|1|0|0|0|0|1|0|912452511|912452516|0|0|0|0|0|0|0|0|0|0
768|R1|1|2|0|1|1|1|0|0|0|0|1|0|921241619|921241624|0|0|0|0|0|0|0|0|0|0
769|R1|1|2|0|1|1|1|0|0|0|0|1|0|930310262|930310267|0|0|0|0|0|0|0|0|0|0
770|R1|1|2|0|1|1|1|0|0|0|0|1|0|939465640|939465645|0|0|0|0|0|0|0|0|0|0
771|R1|1|2|0|1|1|1|0|0|0|0|1|0|947213747|947213752|0|0|0|0|0|0|0|0|0|0
772|R1|1|2|0|1|1|1|0|0|0|0|1|0|955784396|955784401|0|0|0|0|0|0|0|0|0|0
773|R1|1|2|0|1|1|1|0|0|0|0|1|0|962758207|962758212|0|0|0|0|0|0|0|0|0|0
774|R1|1|2|0|1|1|1|0|0|0|0|1|0|970047164|970047169|0|0|0|0|0|0|0|0|0|0
775|R1|1|2|0|1|1|1|0|0|0|0|1|0|976747868|976747873|0|0|0|0|0|0|0|0|0|0
776|R1|1|2|0|1|1|1|0|0|0|0|1|0|985069075|985069080|0|0|0|0|0|0|0|0|0|0
777|R1|1|2|0|1|1|1|0|0|0|0|1|0|991387676|991387681|0|0|0|0|0|0|0|0|0|0
778|R1|1|2|0|1|1|1|0|0|0|0|1|0|999315708|999315713|0|0|0|0|0|0|0|0|0|0
779|R1|1|2|0|1|1|1|0|0|0|0|1|0|1005691944|1005691949|0|0|0|0|0|0|0|0|0|0
780|R1|1|2|0|1|1|1|0|0|0|0|1|0|1013147683|1013147688|0|0|0|0|0|0|0|0|0|0
781|R1|1|2|0|1|1|1|0|0|0|0|1|0|1021882184|1021882189|0|0|0|0|0|0|0|0|0|0
782|R1|1|2|0|1|1|1|0|0|0|0|1|0|1030016364|1030016369|0|0|0|0|0|0|0|0|0|0
783|R1|1|2|0|1|1|1|0|0|0|0|1|0|1038374940|1038374945|0|0|0|0|0|0|0|0|0|0
784|R1|1|2|0|1|1|1|0|0|0|0|1|0|1047437992|1047437997|0|0|0|0|0|0|0|0|0|0
785|R1|1|2|0|1|1|1|0|0|0|0|1|0|1055404600|1055404605|0|0|0|0|0|0|0|0|0|0
786|R1|1|2|0|1|1|1|0|0|0|0|1|0|1063454776|1063454781|0|0|0|0|0|0|0|0|0|0
787|R1|1|2|0|1|1|1|0|0|0|0|1|0|1071405316|1071405321|0|0|0|0|0|0|0|0|0|0
788|R1|1|2|0|1|1|1|0|0|0|0|1|0|1078951016|1078951021|0|0|0|0|0|0|0|0|0|0
789|R1|1|2|0|1|1|1|0|0|0|0|1|0|1089372284|1089372289|0|0|0|0|0|0|0|0|0|0
790|R1|1|2|0|1|1|1|0|0|0|0|1|0|1096442476|1096442481|0|0|0|0|0|0|0|0|0|0
791|R1|1|2|0|1|1|1|0|0|0|0|1|0|1105199429|1105199434|0|0|0|0|0|0|0|0|0|0
792|R1|1|2|0|1|1|1|0|0|0|0|1|0|1113517028|1113517033|0|0|0|0|0|0|0|0|0|0
793|R1|1|2|0|1|1|1|0|0|0|0|1|0|1121085215|1121085220|0|0|0|0|0|0|0|0|0|0
794|R1|1|2|0|1|1|1|0|0|0|0|1|0|1129354188|1129354193|0|0|0|0|0|0|0|0|0|0
795|R1|1|2|0|1|1|1|0|0|0|0|1|0|1137243936|1137243941|0|0|0|0|0|0|0|0|0|0
796|R1|1|2|0|1|1|1|0|0|0|0|1|0|1146090876|1146090881|0|0|0|0|0|0|0|0|0|0
797|R1|1|2|0|1|1|1|0|0|0|0|1|0|1156451251|1156451256|0|0|0|0|0|0|0|0|0|0
798|R1|1|2|0|1|1|1|0|0|0|0|1|0|1163498990|1163498995|0|0|0|0|0|0|0|0|0|0
799|R1|1|2|0|1|1|1|0|0|0|0|1|0|1172133880|1172133885|0|0|0|0|0|0|0|0|0|0
800|R1|1|2|0|1|1|1|0|0|0|0|1|0|1179815141|1179815146|0|0|0|0|0|0|0|0|0|0
801|R1|1|2|0|1|1|1|0|0|0|0|1|0|1187142385|1187142390|0|0|0|0|0|0|0|0|0|0
802|R1|1|2|0|1|1|1|0|0|0|0|1|0|1195794193|1195794198|0|0|0|0|0|0|0|0|0|0
803|R1|1|2|0|1|1|1|0|0|0|0|1|0|1204040310|1204040315|0|0|0|0|0|0|0|0|0|0
804|R1|1|2|0|1|1|1|0|0|0|0|1|0|1212653540|1212653545|0|0|0|0|0|0|0|0|0|0
805|R1|1|2|0|1|1|1|0|0|0|0|1|0|1219550249|1219550254|0|0|0|0|0|0|0|0|0|0
806|R1|1|2|0|1|1|1|0|0|0|0|1|0|1225627635|1225627640|0|0|0|0|0|0|0|0|0|0
807|R1|1|2|0|1|1|1|0|0|0|0|1|0|1231515452|1231515457|0|0|0|0|0|0|0|0|0|0
808|R1|1|2|0|1|1|1|0|0|0|0|1|0|1240301343|1240301348|0|0|0|0|0|0|0|0|0|0
809|R1|1|2|0|1|1|1|0|0|0|0|1|0|1249202894|1249202899|0|0|0|0|0|0|0|0|0|0
810|R1|1|2|0|1|1|1|0|0|0|0|1|0|1257387999|1257388004|0|0|0|0|0|0|0|0|0|0
811|R1|1|2|0|1|1|1|0|0|0|0|1|0|1264766632|1264766637|0|0|0|0|0|0|0|0|0|0
812|R1|1|2|0|1|1|1|0|0|0|0|1|0|1274596739|1274596744|0|0|0|0|0|0|0|0|0|0
813|R1|1|2|0|1|1|1|0|0|0|0|1|0|1283266999|1283267004|0|0|0|0|0|0|0|0|0|0
814|R1|1|2|0|1|1|1|0|0|0|0|1|0|1291747671|1291747676|0|0|0|0|0|0|0|0|0|0
815|R1|1|2|0|1|1|1|0|0|0|0|1|0|1300356855|1300356860|0|0|0|0|0|0|0|0|0|0
816|R1|1|2|0|1|1|1|0|0|0|0|1|0|1308844726|1308844731|0|0|0|0|0|0|0|0|0|0
817|R1|1|2|0|1|1|1|0|0|0|0|1|0|1315779987|1315779992|0|0|0|0|0|0|0|0|0|0
818|R1|1|2|0|1|1|1|0|0|0|0|1|0|1322252616|1322252621|0|0|0|0|0|0|0|0|0|0
819|R1|1|2|0|1|1|1|0|0|0|0|1|0|1330061783|1330061788|0|0|0|0|0|0|0|0|0|0
820|R1|1|2|0|1|1|1|0|0|0|0|1|0|1337880585|1337880590|0|0|0|0|0|0|0|0|0|0
821|R1|1|2|0|1|1|1|0|0|0|0|1|0|1345933955|1345933960|0|0|0|0|0|0|0|0|0|0
822|R1|1|2|0|1|1|1|0|0|0|0|1|0|1353126376|1353126381|0|0|0|0|0|0|0|0|0|0
823|R1|1|2|0|1|1|1|0|0|0|0|1|0|1362040773|1362040778|0|0|0|0|0|0|0|0|0|0
824|R1|1|2|0|1|1|1|0|0|0|0|1|0|1370270842|1370270847|0|0|0|0|0|0|0|0|0|0
825|R1|1|2|0|1|1|1|0|0|0|0|1|0|1378279377|1378279382|0|0|0|0|0|0|0|0|0|0
826|R1|1|2|0|1|1|1|0|0|0|0|1|0|1385227484|1385227489|0|0|0|0|0|0|0|0|0|0
827|R1|1|2|0|1|1|1|0|0|0|0|1|0|1393081681|1393081686|0|0|0|0|0|0|0|0|0|0
828|R1|1|2|0|1|1|1|0|0|0|0|1|0|1401661946|1401661951|0|0|0|0|0|0|0|0|0|0
829|R1|1|2|0|1|1|1|0|0|0|0|1|0|1410733791|1410733796|0|0|0|0|0|0|0|0|0|0
830|R1|1|2|0|1|1|1|0|0|0|0|1|0|1418571863|1418571868|0|0|0|0|0|0|0|0|0|0
831|R1|1|2|0|1|1|1|0|0|0|0|1|0|1427165265|1427165270|0|0|0|0|0|0|0|0|0|0
832|R1|1|2|0|1|1|1|0|0|0|0|1|0|1435861978|1435861983|0|0|0|0|0|0|0|0|0|0
833|R1|1|2|0|1|1|1|0|0|0|0|1|0|1442826135|1442826140|0|0|0|0|0|0|0|0|0|0
834|R1|1|2|0|1|1|1|0|0|0|0|1|0|1450442705|1450442710|0|0|0|0|0|0|0|0|0|0
835|R1|1|2|0|1|1|1|0|0|0|0|1|0|1457477544|1457477549|0|0|0|0|0|0|0|0|0|0
836|R1|1|2|0|1|1|1|0|0|0|0|1|0|1465328474|1465328479|0|0|0|0|0|0|0|0|0|0
837|R1|1|2|0|1|1|1|0|0|0|0|1|0|1474252627|1474252632|0|0|0|0|0|0|0|0|0|0
838|R1|1|2|0|1|1|1|0|0|0|0|1|0|1481419895|1481419900|0|0|0|0|0|0|0|0|0|0
839|R1|1|2|0|1|1|1|0|0|0|0|1|0|1488544716|1488544721|0|0|0|0|0|0|0|0|0|0
840|R1|1|2|0|1|1|1|0|0|0|0|1|0|1495862298|1495862303|0|0|0|0|0|0|0|0|0|0
841|R1|1|2|0|1|1|1|0|0|0|0|1|0|1505374350|1505374355|0|0|0|0|0|0|0|0|0|0
842|R1|1|2|0|1|1|1|0|0|0|0|1|0|1514889809|1514889814|0|0|0|0|0|0|0|0|0|0
843|R1|1|2|0|1|1|1|0|0|0|0|1|0|1523512095|1523512100|0|0|0|0|0|0|0|0|0|0
844|R1|1|2|0|1|1|1|0|0|0|0|1|0|1531928769|1531928774|0|0|0|0|0|0|0|0|0|0
845|R1|1|2|0|1|1|1|0|0|0|0|1|0|1540325896|1540325901|0|0|0|0|0|0|0|0|0|0
846|R1|1|2|0|1|1|1|0|0|0|0|1|0|1549259583|1549259588|0|0|0|0|0|0|0|0|0|0
847|R1|1|2|0|1|1|1|0|0|0|0|1|0|1558051914|1558051919|0|0|0|0|0|0|0|0|0|0
848|R1|1|2|0|1|1|1|0|0|0|0|1|0|1566651450|1566651455|0|0|0|0|0|0|0|0|0|0
849|R1|1|2|0|1|1|1|0|0|0|0|1|0|1573789271|1573789276|0|0|0|0|0|0|0|0|0|0
850|R1|1|2|0|1|1|1|0|0|0|0|1|0|1581309285|1581309290|0|0|0|0|0|0|0|0|0|0
851|R1|1|2|0|1|1|1|0|0|0|0|1|0|1588334661|1588334666|0|0|0|0|0|0|0|0|0|0
852|R1|1|2|0|1|1|1|0|0|0|0|1|0|1597136581|1597136586|0|0|0|0|0|0|0|0|0|0
853|R1|1|2|0|1|1|1|0|0|0|0|1|0|1605475894|1605475899|0|0|0|0|0|0|0|0|0|0
854|R1|1|2|0|1|1|1|0|0|0|0|1|0|1612655571|1612655576|0|0|0|0|0|0|0|0|0|0
855|R1|1|2|0|1|1|1|0|0|0|0|1|0|1621837321|1621837326|0|0|0|0|0|0|0|0|0|0
856|R1|1|2|0|1|1|1|0|0|0|0|1|0|1630983059|1630983064|0|0|0|0|0|0|0|0|0|0
857|R1|1|2|0|1|1|1|0|0|0|0|1|0|1640353846|1640353851|0|0|0|0|0|0|0|0|0|0
858|R1|1|2|0|1|1|1|0|0|0|0|1|0|1647359784|1647359789|0|0|0|0|0|0|0|0|0|0
859|R1|1|2|0|1|1|1|0|0|0|0|1|0|1654876568|1654876573|0|0|0|0|0|0|0|0|0|0
860|R1|1|2|0|1|1|1|0|0|0|0|1|0|1662383752|1662383757|0|0|0|0|0|0|0|0|0|0
861|R1|1|2|0|1|1|1|0|0|0|0|1|0|1670183369|1670183374|0|0|0|0|0|0|0|0|0|0
862|R1|1|2|0|1|1|1|0|0|0|0|1|0|1678060003|1678060008|0|0|0|0|0|0|0|0|0|0
863|R1|1|2|0|1|1|1|0|0|0|0|1|0|1686376814|1686376819|0|0|0|0|0|0|0|0|0|0
864|R1|1|2|0|1|1|1|0|0|0|0|1|0|1694346865|1694346870|0|0|0|0|0|0|0|0|0|0
865|R1|1|2|0|1|1|1|0|0|0|0|1|0|1700957617|1700957622|0|0|0|0|0|0|0|0|0|0
866|R1|1|2|0|1|1|1|0|0|0|0|1|0|1711613678|1711613683|0|0|0|0|0|0|0|0|0|0
867|R1|1|2|0|1|1|1|0|0|0|0|1|0|1718860599|1718860604|0|0|0|0|0|0|0|0|0|0
868|R1|1|2|0|1|1|1|0|0|0|0|1|0|1727232489|1727232494|0|0|0|0|0|0|0|0|0|0
869|R1|1|2|0|1|1|1|0|0|0|0|1|0|1735931834|1735931839|0|0|0|0|0|0|0|0|0|0
870|R1|1|2|0|1|1|1|0|0|0|0|1|0|1742336963|1742336968|0|0|0|0|0|0|0|0|0|0
871|R1|1|2|0|1|1|1|0|0|0|0|1|0|1749076220|1749076225|0|0|0|0|0|0|0|0|0|0
872|R1|1|2|0|1|1|1|0|0|0|0|1|0|1758266963|1758266968|0|0|0|0|0|0|0|0|0|0
873|R1|1|2|0|1|1|1|0|0|0|0|1|0|1767207094|1767207099|0|0|0|0|0|0|0|0|0|0
874|R1|1|2|0|1|1|1|0|0|0|0|1|0|1774393261|1774393266|0|0|0|0|0|0|0|0|0|0
875|R1|1|2|0|1|1|1|0|0|0|0|1|0|1782552634|1782552639|0|0|0|0|0|0|0|0|0|0
876|R1|1|2|0|1|1|1|0|0|0|0|1|0|1792247811|1792247816|0|0|0|0|0|0|0|0|0|0
877|R1|1|2|0|1|1|1|0|0|0|0|1|0|1801769457|1801769462|0|0|0|0|0|0|0|0|0|0
878|R1|1|2|0|1|1|1|0|0|0|0|1|0|1809295894|1809295899|0|0|0|0|0|0|0|0|0|0
879|R1|1|2|0|1|1|1|0|0|0|0|1|0|1817912307|1817912312|0|0|0|0|0|0|0|0|0|0
880|R1|1|2|0|1|1|1|0|0|0|0|1|0|1824889326|1824889331|0|0|0|0|0|0|0|0|0|0
881|R1|1|2|0|1|1|1|0|0|0|0|1|0|1834131464|1834131469|0|0|0|0|0|0|0|0|0|0
882|R1|1|2|0|1|1|1|0|0|0|0|1|0|1841150396|1841150401|0|0|0|0|0|0|0|0|0|0
883|R1|1|2|0|1|1|1|0|0|0|0|1|0|1848069596|1848069601|0|0|0|0|0|0|0|0|0|0
884|R1|1|2|0|1|1|1|0|0|0|0|1|0|1856013860|1856013865|0|0|0|0|0|0|0|0|0|0
885|R1|1|2|0|1|1|1|0|0|0|0|1|0|1863010161|1863010166|0|0|0|0|0|0|0|0|0|0
886|R1|1|2|0|1|1|1|0|0|0|0|1|0|1870601297|1870601302|0|0|0|0|0|0|0|0|0|0
887|R1|1|2|0|1|1|1|0|0|0|0|1|0|1877809640|1877809645|0|0|0|0|0|0|0|0|0|0
888|R1|1|2|0|1|1|1|0|0|0|0|1|0|1885953193|1885953198|0|0|0|0|0|0|0|0|0|0
889|R1|1|2|0|1|1|1|0|0|0|0|1|0|1892506102|1892506107|0|0|0|0|0|0|0|0|0|0
890|R1|1|2|0|1|1|1|0|0|0|0|1|0|1900386097|1900386102|0|0|0|0|0|0|0|0|0|0
891|R1|1|2|0|1|1|1|0|0|0|0|1|0|1907838632|1907838637|0|0|0|0|0|0|0|0|0|0
892|R1|1|2|0|1|1|1|0|0|0|0|1|0|1915863059|1915863064|0|0|0|0|0|0|0|0|0|0
893|R1|1|2|0|1|1|1|0|0|0|0|1|0|1922814377|1922814382|0|0|0|0|0|0|0|0|0|0
894|R1|1|2|0|1|1|1|0|0|0|0|1|0|1930160895|1930160900|0|0|0|0|0|0|0|0|0|0
895|R1|1|2|0|1|1|1|0|0|0|0|1|0|1937218368|1937218373|0|0|0|0|0|0|0|0|0|0
896|R1|1|2|0|1|1|1|0|0|0|0|1|0|1944989006|1944989011|0|0|0|0|0|0|0|0|0|0
897|R1|1|2|0|1|1|1|0|0|0|0|1|0|1952415817|1952415822|0|0|0|0|0|0|0|0|0|0
898|R1|1|2|0|1|1|1|0|0|0|0|1|0|1960135018|1960135023|0|0|0|0|0|0|0|0|0|0
899|R1|1|2|0|1|1|1|0|0|0|0|1|0|1969772369|1969772374|0|0|0|0|0|0|0|0|0|0
900|R1|1|2|0|1|1|1|0|0|0|0|1|0|1978593649|1978593654|0|0|0|0|0|0|0|0|0|0
901|R1|1|2|0|1|1|1|0|0|0|0|1|0|1986171793|1986171798|0|0|0|0|0|0|0|0|0|0
902|R1|1|2|0|1|1|1|0|0|0|0|1|0|1995131172|1995131177|0|0|0|0|0|0|0|0|0|0
903|R1|1|2|0|1|1|1|0|0|0|0|1|0|2002709407|2002709412|0|0|0|0|0|0|0|0|0|0
904|R1|1|2|0|1|1|1|0|0|0|0|1|0|2010788458|2010788463|0|0|0|0|0|0|0|0|0|0
905|R1|1|2|0|1|1|1|0|0|0|0|1|0|2018694286|2018694291|0|0|0|0|0|0|0|0|0|0
906|R1|1|2|0|1|1|1|0|0|0|0|1|0|2027913919|2027913924|0|0|0|0|0|0|0|0|0|0
907|R1|1|2|0|1|1|1|0|0|0|0|1|0|2036648412|2036648417|0|0|0|0|0|0|0|0|0|0
908|R1|1|2|0|1|1|1|0|0|0|0|1|0|2045286501|2045286506|0|0|0|0|0|0|0|0|0|0
909|R1|1|2|0|1|1|1|0|0|0|0|1|0|2052974003|2052974008|0|0|0|0|0|0|0|0|0|0
910|R1|1|2|0|1|1|1|0|0|0|0|1|0|2061094821|2061094826|0|0|0|0|0|0|0|0|0|0
911|R1|1|2|0|1|1|1|0|0|0|0|1|0|2068939619|2068939624|0|0|0|0|0|0|0|0|0|0
912|R1|1|2|0|1|1|1|0|0|0|0|1|0|2078120707|2078120712|0|0|0|0|0|0|0|0|0|0
913|R1|1|2|0|1|1|1|0|0|0|0|1|0|2085946696|2085946701|0|0|0|0|0|0|0|0|0|0
914|R1|1|2|0|1|1|1|0|0|0|0|1|0|2093884649|2093884654|0|0|0|0|0|0|0|0|0|0
915|R1|1|2|0|1|1|1|0|0|0|0|1|0|2101938332|2101938337|0|0|0|0|0|0|0|0|0|0
916|R1|1|2|0|1|1|1|0|0|0|0|1|0|2111543525|2111543530|0|0|0|0|0|0|0|0|0|0
917|R1|1|2|0|1|1|1|0|0|0|0|1|0|2118890188|2118890193|0|0|0|0|0|0|0|0|0|0
918|R1|1|2|0|1|1|1|0|0|0|0|1|0|2125819016|2125819021|0|0|0|0|0|0|0|0|0|0
919|R1|1|2|0|1|1|1|0|0|0|0|1|0|2132844209|2132844214|0|0|0|0|0|0|0|0|0|0
920|R1|1|2|0|1|1|1|0|0|0|0|1|0|2139747459|2139747464|0|0|0|0|0|0|0|0|0|0
921|R1|1|2|0|1|1|1|0|0|0|0|1|0|2147341361|2147341366|0|0|0|0|0|0|0|0|0|0
922|R1|1|2|0|1|1|1|0|0|0|0|1|0|2155703155|2155703160|0|0|0|0|0|0|0|0|0|0
923|R1|1|2|0|1|1|1|0|0|0|0|1|0|2162914730|2162914735|0|0|0|0|0|0|0|0|0|0
924|R1|1|2|0|1|1|1|0|0|0|0|1|0|2171903025|2171903030|0|0|0|0|0|0|0|0|0|0
925|R1|1|2|0|1|1|1|0|0|0|0|1|0|2179063437|2179063442|0|0|0|0|0|0|0|0|0|0
926|R1|1|2|0|1|1|1|0|0|0|0|1|0|2187823872|2187823877|0|0|0|0|0|0|0|0|0|0
927|R1|1|2|0|1|1|1|0|0|0|0|1|0|2196641920|2196641925|0|0|0|0|0|0|0|0|0|0
928|R1|1|2|0|1|1|1|0|0|0|0|1|0|2205649774|2205649779|0|0|0|0|0|0|0|0|0|0
929|R1|1|2|0|1|1|1|0|0|0|0|1|0|2213439802|2213439807|0|0|0|0|0|0|0|0|0|0
930|R1|1|2|0|1|1|1|0|0|0|0|1|0|2222528017|2222528022|0|0|0|0|0|0|0|0|0|0
931|R1|1|2|0|1|1|1|0|0|0|0|1|0|2230359804|2230359809|0|0|0|0|0|0|0|0|0|0
932|R1|1|2|0|1|1|1|0|0|0|0|1|0|2238265352|2238265357|0|0|0|0|0|0|0|0|0|0
933|R1|1|2|0|1|1|1|0|0|0|0|1|0|2246845873|2246845878|0|0|0|0|0|0|0|0|0|0
934|R1|1|2|0|1|1|1|0|0|0|0|1|0|2254462263|2254462268|0|0|0|0|0|0|0|0|0|0
935|R1|1|2|0|1|1|1|0|0|0|0|1|0|2260655624|2260655629|0|0|0|0|0|0|0|0|0|0
936|R1|1|2|0|1|1|1|0|0|0|0|1|0|2269396570|2269396575|0|0|0|0|0|0|0|0|0|0
937|R1|1|2|0|1|1|1|0|0|0|0|1|0|2276910140|2276910145|0|0|0|0|0|0|0|0|0|0
938|R1|1|2|0|1|1|1|0|0|0|0|1|0|2285268856|2285268861|0|0|0|0|0|0|0|0|0|0
939|R1|1|2|0|1|1|1|0|0|0|0|1|0|2292274803|2292274808|0|0|0|0|0|0|0|0|0|0
940|R1|1|2|0|1|1|1|0|0|0|0|1|0|2300614408|2300614413|0|0|0|0|0|0|0|0|0|0
941|R1|1|2|0|1|1|1|0|0|0|0|1|0|2307498275|2307498280|0|0|0|0|0|0|0|0|0|0
942|R1|1|2|0|1|1|1|0|0|0|0|1|0|2315917892|2315917897|0|0|0|0|0|0|0|0|0|0
943|R1|1|2|0|1|1|1|0|0|0|0|1|0|2324218652|2324218657|0|0|0|0|0|0|0|0|0|0
944|R1|1|2|0|1|1|1|0|0|0|0|1|0|2333676058|2333676063|0|0|0|0|0|0|0|0|0|0
945|R1|1|2|0|1|1|1|0|0|0|0|1|0|2341058047|2341058052|0|0|0|0|0|0|0|0|0|0
946|R1|1|2|0|1|1|1|0|0|0|0|1|0|2348083264|2348083269|0|0|0|0|0|0|0|0|0|0
947|R1|1|2|0|1|1|1|0|0|0|0|1|0|2355250089|2355250094|0|0|0|0|0|0|0|0|0|0
948|R1|1|2|0|1|1|1|0|0|0|0|1|0|2365411141|2365411146|0|0|0|0|0|0|0|0|0|0
949|R1|1|2|0|1|1|1|0|0|0|0|1|0|2373560895|2373560900|0|0|0|0|0|0|0|0|0|0
950|R1|1|2|0|1|1|1|0|0|0|0|1|0|2382687386|2382687391|0|0|0|0|0|0|0|0|0|0
951|R1|1|2|0|1|1|1|0|0|0|0|1|0|2392074108|2392074113|0|0|0|0|0|0|0|0|0|0
952|R1|1|2|0|1|1|1|0|0|0|0|1|0|2400365212|2400365217|0|0|0|0|0|0|0|0|0|0
953|R1|1|2|0|1|1|1|0|0|0|0|1|0|2407962321|2407962326|0|0|0|0|0|0|0|0|0|0
954|R1|1|2|0|1|1|1|0|0|0|0|1|0|2414910412|2414910417|0|0|0|0|0|0|0|0|0|0
955|R1|1|2|0|1|1|1|0|0|0|0|1|0|2422372567|2422372572|0|0|0|0|0|0|0|0|0|0
956|R1|1|2|0|1|1|1|0|0|0|0|1|0|2431476529|2431476534|0|0|0|0|0|0|0|0|0|0
957|R1|1|2|0|1|1|1|0|0|0|0|1|0|2440564424|2440564429|0|0|0|0|0|0|0|0|0|0
958|R1|1|2|0|1|1|1|0|0|0|0|1|0|2448466765|2448466770|0|0|0|0|0|0|0|0|0|0
959|R1|1|2|0|1|1|1|0|0|0|0|1|0|2457480776|2457480781|0|0|0|0|0|0|0|0|0|0
960|R1|1|2|0|1|1|1|0|0|0|0|1|0|2465161704|2465161709|0|0|0|0|0|0|0|0|0|0
961|R1|1|2|0|1|1|1|0|0|0|0|1|0|2472700977|2472700982|0|0|0|0|0|0|0|0|0|0
962|R1|1|2|0|1|1|1|0|0|0|0|1|0|2479822583|2479822588|0|0|0|0|0|0|0|0|0|0
963|R1|1|2|0|1|1|1|0|0|0|0|1|0|2487741064|2487741069|0|0|0|0|0|0|0|0|0|0
964|R1|1|2|0|1|1|1|0|0|0|0|1|0|2494570277|2494570282|0|0|0|0|0|0|0|0|0|0
965|R1|1|2|0|1|1|1|0|0|0|0|1|0|2502183674|2502183679|0|0|0|0|0|0|0|0|0|0
966|R1|1|2|0|1|1|1|0|0|0|0|1|0|2510037815|2510037820|0|0|0|0|0|0|0|0|0|0
967|R1|1|2|0|1|1|1|0|0|0|0|1|0|2520683996|2520684001|0|0|0|0|0|0|0|0|0|0
968|R1|1|2|0|1|1|1|0|0|0|0|1|0|2529453791|2529453796|0|0|0|0|0|0|0|0|0|0
969|R1|1|2|0|1|1|1|0|0|0|0|1|0|2536196265|2536196270|0|0|0|0|0|0|0|0|0|0
970|R1|1|2|0|1|1|1|0|0|0|0|1|0|2544266504|2544266509|0|0|0|0|0|0|0|0|0|0
971|R1|1|2|0|1|1|1|0|0|0|0|1|0|2551282111|2551282116|0|0|0|0|0|0|0|0|0|0
972|R1|1|2|0|1|1|1|0|0|0|0|1|0|2559248718|2559248723|0|0|0|0|0|0|0|0|0|0
973|R1|1|2|0|1|1|1|0|0|0|0|1|0|2567080380|2567080385|0|0|0|0|0|0|0|0|0|0
974|R1|1|2|0|1|1|1|0|0|0|0|1|0|2577524156|2577524161|0|0|0|0|0|0|0|0|0|0
975|R1|1|2|0|1|1|1|0|0|0|0|1|0|2585709230|2585709235|0|0|0|0|0|0|0|0|0|0
976|R1|1|2|0|1|1|1|0|0|0|0|1|0|2594295912|2594295917|0|0|0|0|0|0|0|0|0|0
977|R1|1|2|0|1|1|1|0|0|0|0|1|0|2601709882|2601709887|0|0|0|0|0|0|0|0|0|0
978|R1|1|2|0|1|1|1|0|0|0|0|1|0|2609997768|2609997773|0|0|0|0|0|0|0|0|0|0
979|R1|1|2|0|1|1|1|0|0|0|0|1|0|2619060051|2619060056|0|0|0|0|0|0|0|0|0|0
980|R1|1|2|0|1|1|1|0|0|0|0|1|0|2628106216|2628106221|0|0|0|0|0|0|0|0|0|0
981|R1|1|2|0|1|1|1|0|0|0|0|1|0|2634829427|2634829432|0|0|0|0|0|0|0|0|0|0
982|R1|1|2|0|1|1|1|0|0|0|0|1|0|2643637815|2643637820|0|0|0|0|0|0|0|0|0|0
983|R1|1|2|0|1|1|1|0|0|0|0|1|0|2651720104|2651720109|0|0|0|0|0|0|0|0|0|0
984|R1|1|2|0|1|1|1|0|0|0|0|1|0|2660358190|2660358195|0|0|0|0|0|0|0|0|0|0
985|R1|1|2|0|1|1|1|0|0|0|0|1|0|2668508168|2668508173|0|0|0|0|0|0|0|0|0|0
986|R1|1|2|0|1|1|1|0|0|0|0|1|0|2676593905|2676593910|0|0|0|0|0|0|0|0|0|0
987|R1|1|2|0|1|1|1|0|0|0|0|1|0|2687082646|2687082651|0|0|0|0|0|0|0|0|0|0
988|R1|1|2|0|1|1|1|0|0|0|0|1|0|2692305407|2692305412|0|0|0|0|0|0|0|0|0|0
989|R1|1|2|0|1|1|1|0|0|0|0|1|0|2700413649|2700413654|0|0|0|0|0|0|0|0|0|0
990|R1|1|2|0|1|1|1|0|0|0|0|1|0|2708872095|2708872100|0|0|0|0|0|0|0|0|0|0
991|R1|1|2|0|1|1|1|0|0|0|0|1|0|2718133508|2718133513|0|0|0|0|0|0|0|0|0|0
992|R1|1|2|0|1|1|1|0|0|0|0|1|0|2724946661|2724946666|0|0|0|0|0|0|0|0|0|0
993|R1|1|2|0|1|1|1|0|0|0|0|1|0|2733096659|2733096664|0|0|0|0|0|0|0|0|0|0
994|R1|1|2|0|1|1|1|0|0|0|0|1|0|2741641882|2741641887|0|0|0|0|0|0|0|0|0|0
995|R1|1|2|0|1|1|1|0|0|0|0|1|0|2751401289|2751401294|0|0|0|0|0|0|0|0|0|0
996|R1|1|2|0|1|1|1|0|0|0|0|1|0|2758992270|2758992275|0|0|0|0|0|0|0|0|0|0
997|R1|1|2|0|1|1|1|0|0|0|0|1|0|2767100241|2767100246|0|0|0|0|0|0|0|0|0|0
998|R1|1|2|0|1|1|1|0|0|0|0|1|0|2775156791|2775156796|0|0|0|0|0|0|0|0|0|0
999|R1|1|2|0|1|1|1|0|0|0|0|1|0|2784765193|2784765198|0|0|0|0|0|0|0|0|0|0
