sample|module|direction|lane_mask|tail_cycles|sender_raw|sender_raw_while_tx|sender_blanked_raw|sender_blanked_frame|sender_blanked_crc_valid|sender_local_source_reject|sender_accepted_remote|receiver_raw|receiver_accepted_remote|sender_last_txd_rise|sender_last_txd_fall|sender_first_rxd_after_tx|sender_last_rxd_after_tx|sender_overlap_violation|sender_admission_violation|sender_non_target_accepted|sender_cross_lane_accepted|receiver_overlap_violation|receiver_admission_violation|receiver_non_target_accepted|receiver_cross_lane_accepted
0|F1|0|2|0|1|1|1|0|0|0|0|1|0|3901129614|3901129619|0|0|0|0|0|0|0|0|0|0
1|F1|0|2|0|1|1|1|0|0|0|0|1|0|3908868146|3908868151|0|0|0|0|0|0|0|0|0|0
2|F1|0|2|0|1|1|1|0|0|0|0|1|0|3918508837|3918508842|0|0|0|0|0|0|0|0|0|0
3|F1|0|2|0|1|1|1|0|0|0|0|1|0|3925971064|3925971069|0|0|0|0|0|0|0|0|0|0
4|F1|0|2|0|1|1|1|0|0|0|0|1|0|3934133710|3934133715|0|0|0|0|0|0|0|0|0|0
5|F1|0|2|0|1|1|1|0|0|0|0|1|0|3942842589|3942842594|0|0|0|0|0|0|0|0|0|0
6|F1|0|2|0|1|1|1|0|0|0|0|1|0|3952120125|3952120130|0|0|0|0|0|0|0|0|0|0
7|F1|0|2|0|1|1|1|0|0|0|0|1|0|3959286775|3959286780|0|0|0|0|0|0|0|0|0|0
8|F1|0|2|0|1|1|1|0|0|0|0|1|0|3967296041|3967296046|0|0|0|0|0|0|0|0|0|0
9|F1|0|2|0|1|1|1|0|0|0|0|1|0|3975468375|3975468380|0|0|0|0|0|0|0|0|0|0
10|F1|0|2|0|1|1|1|0|0|0|0|1|0|3981818949|3981818954|0|0|0|0|0|0|0|0|0|0
11|F1|0|2|0|1|1|1|0|0|0|0|1|0|3991440439|3991440444|0|0|0|0|0|0|0|0|0|0
12|F1|0|2|0|1|1|1|0|0|0|0|1|0|3997601761|3997601766|0|0|0|0|0|0|0|0|0|0
13|F1|0|2|0|1|1|1|0|0|0|0|1|0|4006324293|4006324298|0|0|0|0|0|0|0|0|0|0
14|F1|0|2|0|1|1|1|0|0|0|0|1|0|4013622804|4013622809|0|0|0|0|0|0|0|0|0|0
15|F1|0|2|0|1|1|1|0|0|0|0|1|0|4022466852|4022466857|0|0|0|0|0|0|0|0|0|0
16|F1|0|2|0|1|1|1|0|0|0|0|1|0|4031355617|4031355622|0|0|0|0|0|0|0|0|0|0
17|F1|0|2|0|1|1|1|0|0|0|0|1|0|4038120646|4038120651|0|0|0|0|0|0|0|0|0|0
18|F1|0|2|0|1|1|1|0|0|0|0|1|0|4047648795|4047648800|0|0|0|0|0|0|0|0|0|0
19|F1|0|2|0|1|1|1|0|0|0|0|1|0|4055756832|4055756837|0|0|0|0|0|0|0|0|0|0
20|F1|0|2|0|1|1|1|0|0|0|0|1|0|4064472110|4064472115|0|0|0|0|0|0|0|0|0|0
21|F1|0|2|0|1|1|1|0|0|0|0|1|0|4072862871|4072862876|0|0|0|0|0|0|0|0|0|0
22|F1|0|2|0|1|1|1|0|0|0|0|1|0|4080768527|4080768532|0|0|0|0|0|0|0|0|0|0
23|F1|0|2|0|1|1|1|0|0|0|0|1|0|4088745143|4088745148|0|0|0|0|0|0|0|0|0|0
24|F1|0|2|0|1|1|1|0|0|0|0|1|0|4096908036|4096908041|0|0|0|0|0|0|0|0|0|0
25|F1|0|2|0|1|1|1|0|0|0|0|1|0|4104527709|4104527714|0|0|0|0|0|0|0|0|0|0
26|F1|0|2|0|1|1|1|0|0|0|0|1|0|4111652728|4111652733|0|0|0|0|0|0|0|0|0|0
27|F1|0|2|0|1|1|1|0|0|0|0|1|0|4117974418|4117974423|0|0|0|0|0|0|0|0|0|0
28|F1|0|2|0|1|1|1|0|0|0|0|1|0|4126394895|4126394900|0|0|0|0|0|0|0|0|0|0
29|F1|0|2|0|1|1|1|0|0|0|0|1|0|4132838619|4132838624|0|0|0|0|0|0|0|0|0|0
30|F1|0|2|0|1|1|1|0|0|0|0|1|0|4142173940|4142173945|0|0|0|0|0|0|0|0|0|0
31|F1|0|2|0|1|1|1|0|0|0|0|1|0|4148363846|4148363851|0|0|0|0|0|0|0|0|0|0
32|F1|0|2|0|1|1|1|0|0|0|0|1|0|4156103197|4156103202|0|0|0|0|0|0|0|0|0|0
33|F1|0|2|0|1|1|1|0|0|0|0|1|0|4163587909|4163587914|0|0|0|0|0|0|0|0|0|0
34|F1|0|2|0|1|1|1|0|0|0|0|1|0|4172704782|4172704787|0|0|0|0|0|0|0|0|0|0
35|F1|0|2|0|1|1|1|0|0|0|0|1|0|4180896345|4180896350|0|0|0|0|0|0|0|0|0|0
36|F1|0|2|0|1|1|1|0|0|0|0|1|0|4188696207|4188696212|0|0|0|0|0|0|0|0|0|0
37|F1|0|2|0|1|1|1|0|0|0|0|1|0|4196560297|4196560302|0|0|0|0|0|0|0|0|0|0
38|F1|0|2|0|1|1|1|0|0|0|0|1|0|4206975223|4206975228|0|0|0|0|0|0|0|0|0|0
39|F1|0|2|0|1|1|1|0|0|0|0|1|0|4214572408|4214572413|0|0|0|0|0|0|0|0|0|0
40|F1|0|2|0|1|1|1|0|0|0|0|1|0|4223551174|4223551179|0|0|0|0|0|0|0|0|0|0
41|F1|0|2|0|1|1|1|0|0|0|0|1|0|4233949977|4233949982|0|0|0|0|0|0|0|0|0|0
42|F1|0|2|0|1|1|1|0|0|0|0|1|0|4243471695|4243471700|0|0|0|0|0|0|0|0|0|0
43|F1|0|2|0|1|1|1|0|0|0|0|1|0|4252456855|4252456860|0|0|0|0|0|0|0|0|0|0
44|F1|0|2|0|1|1|1|0|0|0|0|1|0|4259553006|4259553011|0|0|0|0|0|0|0|0|0|0
45|F1|0|2|0|1|1|1|0|0|0|0|1|0|4268811282|4268811287|0|0|0|0|0|0|0|0|0|0
46|F1|0|2|0|1|1|1|0|0|0|0|1|0|4276505126|4276505131|0|0|0|0|0|0|0|0|0|0
47|F1|0|2|0|1|1|1|0|0|0|0|1|0|4286463794|4286463799|0|0|0|0|0|0|0|0|0|0
48|F1|0|2|0|1|1|1|0|0|0|0|1|0|4293707831|4293707836|0|0|0|0|0|0|0|0|0|0
49|F1|0|2|0|1|1|1|0|0|0|0|1|0|7536270|7536275|0|0|0|0|0|0|0|0|0|0
50|F1|0|2|0|1|1|1|0|0|0|0|1|0|15955982|15955987|0|0|0|0|0|0|0|0|0|0
51|F1|0|2|0|1|1|1|0|0|0|0|1|0|26827127|26827132|0|0|0|0|0|0|0|0|0|0
52|F1|0|2|0|1|1|1|0|0|0|0|1|0|34867677|34867682|0|0|0|0|0|0|0|0|0|0
53|F1|0|2|0|1|1|1|0|0|0|0|1|0|43409455|43409460|0|0|0|0|0|0|0|0|0|0
54|F1|0|2|0|1|1|1|0|0|0|0|1|0|51350447|51350452|0|0|0|0|0|0|0|0|0|0
55|F1|0|2|0|1|1|1|0|0|0|0|1|0|58170365|58170370|0|0|0|0|0|0|0|0|0|0
56|F1|0|2|0|1|1|1|0|0|0|0|1|0|65426967|65426972|0|0|0|0|0|0|0|0|0|0
57|F1|0|2|0|1|1|1|0|0|0|0|1|0|74389646|74389651|0|0|0|0|0|0|0|0|0|0
58|F1|0|2|0|1|1|1|0|0|0|0|1|0|82003087|82003092|0|0|0|0|0|0|0|0|0|0
59|F1|0|2|0|1|1|1|0|0|0|0|1|0|90586885|90586890|0|0|0|0|0|0|0|0|0|0
60|F1|0|2|0|1|1|1|0|0|0|0|1|0|99023476|99023481|0|0|0|0|0|0|0|0|0|0
61|F1|0|2|0|1|1|1|0|0|0|0|1|0|107009417|107009422|0|0|0|0|0|0|0|0|0|0
62|F1|0|2|0|1|1|1|0|0|0|0|1|0|114625865|114625870|0|0|0|0|0|0|0|0|0|0
63|F1|0|2|0|1|1|1|0|0|0|0|1|0|122055973|122055978|0|0|0|0|0|0|0|0|0|0
64|F1|0|2|0|1|1|1|0|0|0|0|1|0|129987325|129987330|0|0|0|0|0|0|0|0|0|0
65|F1|0|2|0|1|1|1|0|0|0|0|1|0|138686533|138686538|0|0|0|0|0|0|0|0|0|0
66|F1|0|2|0|1|1|1|0|0|0|0|1|0|146364029|146364034|0|0|0|0|0|0|0|0|0|0
67|F1|0|2|0|1|1|1|0|0|0|0|1|0|154301760|154301765|0|0|0|0|0|0|0|0|0|0
68|F1|0|2|0|1|1|1|0|0|0|0|1|0|161863741|161863746|0|0|0|0|0|0|0|0|0|0
69|F1|0|2|0|1|1|1|0|0|0|0|1|0|170668960|170668965|0|0|0|0|0|0|0|0|0|0
70|F1|0|2|0|1|1|1|0|0|0|0|1|0|178642182|178642187|0|0|0|0|0|0|0|0|0|0
71|F1|0|2|0|1|1|1|0|0|0|0|1|0|185628966|185628971|0|0|0|0|0|0|0|0|0|0
72|F1|0|2|0|1|1|1|0|0|0|0|1|0|194321746|194321751|0|0|0|0|0|0|0|0|0|0
73|F1|0|2|0|1|1|1|0|0|0|0|1|0|203342237|203342242|0|0|0|0|0|0|0|0|0|0
74|F1|0|2|0|1|1|1|0|0|0|0|1|0|211679264|211679269|0|0|0|0|0|0|0|0|0|0
75|F1|0|2|0|1|1|1|0|0|0|0|1|0|219954373|219954378|0|0|0|0|0|0|0|0|0|0
76|F1|0|2|0|1|1|1|0|0|0|0|1|0|228541894|228541899|0|0|0|0|0|0|0|0|0|0
77|F1|0|2|0|1|1|1|0|0|0|0|1|0|236225838|236225843|0|0|0|0|0|0|0|0|0|0
78|F1|0|2|0|1|1|1|0|0|0|0|1|0|245191726|245191731|0|0|0|0|0|0|0|0|0|0
79|F1|0|2|0|1|1|1|0|0|0|0|1|0|252413257|252413262|0|0|0|0|0|0|0|0|0|0
80|F1|0|2|0|1|1|1|0|0|0|0|1|0|260759812|260759817|0|0|0|0|0|0|0|0|0|0
81|F1|0|2|0|1|1|1|0|0|0|0|1|0|267566606|267566611|0|0|0|0|0|0|0|0|0|0
82|F1|0|2|0|1|1|1|0|0|0|0|1|0|274293065|274293070|0|0|0|0|0|0|0|0|0|0
83|F1|0|2|0|1|1|1|0|0|0|0|1|0|281636696|281636701|0|0|0|0|0|0|0|0|0|0
84|F1|0|2|0|1|1|1|0|0|0|0|1|0|289603625|289603630|0|0|0|0|0|0|0|0|0|0
85|F1|0|2|0|1|1|1|0|0|0|0|1|0|299086799|299086804|0|0|0|0|0|0|0|0|0|0
86|F1|0|2|0|1|1|1|0|0|0|0|1|0|306783831|306783836|0|0|0|0|0|0|0|0|0|0
87|F1|0|2|0|1|1|1|0|0|0|0|1|0|313735209|313735214|0|0|0|0|0|0|0|0|0|0
88|F1|0|2|0|1|1|1|0|0|0|0|1|0|321316308|321316313|0|0|0|0|0|0|0|0|0|0
89|F1|0|2|0|1|1|1|0|0|0|0|1|0|328405838|328405843|0|0|0|0|0|0|0|0|0|0
90|F1|0|2|0|1|1|1|0|0|0|0|1|0|335678781|335678786|0|0|0|0|0|0|0|0|0|0
91|F1|0|2|0|1|1|1|0|0|0|0|1|0|344551474|344551479|0|0|0|0|0|0|0|0|0|0
92|F1|0|2|0|1|1|1|0|0|0|0|1|0|351438597|351438602|0|0|0|0|0|0|0|0|0|0
93|F1|0|2|0|1|1|1|0|0|0|0|1|0|358977958|358977963|0|0|0|0|0|0|0|0|0|0
94|F1|0|2|0|1|1|1|0|0|0|0|1|0|366427598|366427603|0|0|0|0|0|0|0|0|0|0
95|F1|0|2|0|1|1|1|0|0|0|0|1|0|374304413|374304418|0|0|0|0|0|0|0|0|0|0
96|F1|0|2|0|1|1|1|0|0|0|0|1|0|381361810|381361815|0|0|0|0|0|0|0|0|0|0
97|F1|0|2|0|1|1|1|0|0|0|0|1|0|389829687|389829692|0|0|0|0|0|0|0|0|0|0
98|F1|0|2|0|1|1|1|0|0|0|0|1|0|398252590|398252595|0|0|0|0|0|0|0|0|0|0
99|F1|0|2|0|1|1|1|0|0|0|0|1|0|405638009|405638014|0|0|0|0|0|0|0|0|0|0
100|F1|0|2|0|1|1|1|0|0|0|0|1|0|413389565|413389570|0|0|0|0|0|0|0|0|0|0
101|F1|0|2|0|1|1|1|0|0|0|0|1|0|422136965|422136970|0|0|0|0|0|0|0|0|0|0
102|F1|0|2|0|1|1|1|0|0|0|0|1|0|429644169|429644174|0|0|0|0|0|0|0|0|0|0
103|F1|0|2|0|1|1|1|0|0|0|0|1|0|439050213|439050218|0|0|0|0|0|0|0|0|0|0
104|F1|0|2|0|1|1|1|0|0|0|0|1|0|446538514|446538519|0|0|0|0|0|0|0|0|0|0
105|F1|0|2|0|1|1|1|0|0|0|0|1|0|457271526|457271531|0|0|0|0|0|0|0|0|0|0
106|F1|0|2|0|1|1|1|0|0|0|0|1|0|465903255|465903260|0|0|0|0|0|0|0|0|0|0
107|F1|0|2|0|1|1|1|0|0|0|0|1|0|474088637|474088642|0|0|0|0|0|0|0|0|0|0
108|F1|0|2|0|1|1|1|0|0|0|0|1|0|482942959|482942964|0|0|0|0|0|0|0|0|0|0
109|F1|0|2|0|1|1|1|0|0|0|0|1|0|491857780|491857785|0|0|0|0|0|0|0|0|0|0
110|F1|0|2|0|1|1|1|0|0|0|0|1|0|499586676|499586681|0|0|0|0|0|0|0|0|0|0
111|F1|0|2|0|1|1|1|0|0|0|0|1|0|507961673|507961678|0|0|0|0|0|0|0|0|0|0
112|F1|0|2|0|1|1|1|0|0|0|0|1|0|516433396|516433401|0|0|0|0|0|0|0|0|0|0
113|F1|0|2|0|1|1|1|0|0|0|0|1|0|525563150|525563155|0|0|0|0|0|0|0|0|0|0
114|F1|0|2|0|1|1|1|0|0|0|0|1|0|532032573|532032578|0|0|0|0|0|0|0|0|0|0
115|F1|0|2|0|1|1|1|0|0|0|0|1|0|537968651|537968656|0|0|0|0|0|0|0|0|0|0
116|F1|0|2|0|1|1|1|0|0|0|0|1|0|544152143|544152148|0|0|0|0|0|0|0|0|0|0
117|F1|0|2|0|1|1|1|0|0|0|0|1|0|553548567|553548572|0|0|0|0|0|0|0|0|0|0
118|F1|0|2|0|1|1|1|0|0|0|0|1|0|562318465|562318470|0|0|0|0|0|0|0|0|0|0
119|F1|0|2|0|1|1|1|0|0|0|0|1|0|570911741|570911746|0|0|0|0|0|0|0|0|0|0
120|F1|0|2|0|1|1|1|0|0|0|0|1|0|578672777|578672782|0|0|0|0|0|0|0|0|0|0
121|F1|0|2|0|1|1|1|0|0|0|0|1|0|587240468|587240473|0|0|0|0|0|0|0|0|0|0
122|F1|0|2|0|1|1|1|0|0|0|0|1|0|595377684|595377689|0|0|0|0|0|0|0|0|0|0
123|F1|0|2|0|1|1|1|0|0|0|0|1|0|604803005|604803010|0|0|0|0|0|0|0|0|0|0
124|F1|0|2|0|1|1|1|0|0|0|0|1|0|613483812|613483817|0|0|0|0|0|0|0|0|0|0
125|F1|0|2|0|1|1|1|0|0|0|0|1|0|623146894|623146899|0|0|0|0|0|0|0|0|0|0
126|F1|0|2|0|1|1|1|0|0|0|0|1|0|630670511|630670516|0|0|0|0|0|0|0|0|0|0
127|F1|0|2|0|1|1|1|0|0|0|0|1|0|637654021|637654026|0|0|0|0|0|0|0|0|0|0
128|F1|0|2|0|1|1|1|0|0|0|0|1|0|645396516|645396521|0|0|0|0|0|0|0|0|0|0
129|F1|0|2|0|1|1|1|0|0|0|0|1|0|653642820|653642825|0|0|0|0|0|0|0|0|0|0
130|F1|0|2|0|1|1|1|0|0|0|0|1|0|661471314|661471319|0|0|0|0|0|0|0|0|0|0
131|F1|0|2|0|1|1|1|0|0|0|0|1|0|668226688|668226693|0|0|0|0|0|0|0|0|0|0
132|F1|0|2|0|1|1|1|0|0|0|0|1|0|675856637|675856642|0|0|0|0|0|0|0|0|0|0
133|F1|0|2|0|1|1|1|0|0|0|0|1|0|682110820|682110825|0|0|0|0|0|0|0|0|0|0
134|F1|0|2|0|1|1|1|0|0|0|0|1|0|689036518|689036523|0|0|0|0|0|0|0|0|0|0
135|F1|0|2|0|1|1|1|0|0|0|0|1|0|697462584|697462589|0|0|0|0|0|0|0|0|0|0
136|F1|0|2|0|1|1|1|0|0|0|0|1|0|705641437|705641442|0|0|0|0|0|0|0|0|0|0
137|F1|0|2|0|1|1|1|0|0|0|0|1|0|715356197|715356202|0|0|0|0|0|0|0|0|0|0
138|F1|0|2|0|1|1|1|0|0|0|0|1|0|723743744|723743749|0|0|0|0|0|0|0|0|0|0
139|F1|0|2|0|1|1|1|0|0|0|0|1|0|731826062|731826067|0|0|0|0|0|0|0|0|0|0
140|F1|0|2|0|1|1|1|0|0|0|0|1|0|740265021|740265026|0|0|0|0|0|0|0|0|0|0
141|F1|0|2|0|1|1|1|0|0|0|0|1|0|748537403|748537408|0|0|0|0|0|0|0|0|0|0
142|F1|0|2|0|1|1|1|0|0|0|0|1|0|756462501|756462506|0|0|0|0|0|0|0|0|0|0
143|F1|0|2|0|1|1|1|0|0|0|0|1|0|764612293|764612298|0|0|0|0|0|0|0|0|0|0
144|F1|0|2|0|1|1|1|0|0|0|0|1|0|774887142|774887147|0|0|0|0|0|0|0|0|0|0
145|F1|0|2|0|1|1|1|0|0|0|0|1|0|782934427|782934432|0|0|0|0|0|0|0|0|0|0
146|F1|0|2|0|1|1|1|0|0|0|0|1|0|790817669|790817674|0|0|0|0|0|0|0|0|0|0
147|F1|0|2|0|1|1|1|0|0|0|0|1|0|800969121|800969126|0|0|0|0|0|0|0|0|0|0
148|F1|0|2|0|1|1|1|0|0|0|0|1|0|808977710|808977715|0|0|0|0|0|0|0|0|0|0
149|F1|0|2|0|1|1|1|0|0|0|0|1|0|817599822|817599827|0|0|0|0|0|0|0|0|0|0
150|F1|0|2|0|1|1|1|0|0|0|0|1|0|823744751|823744756|0|0|0|0|0|0|0|0|0|0
151|F1|0|2|0|1|1|1|0|0|0|0|1|0|831779172|831779177|0|0|0|0|0|0|0|0|0|0
152|F1|0|2|0|1|1|1|0|0|0|0|1|0|840722697|840722702|0|0|0|0|0|0|0|0|0|0
153|F1|0|2|0|1|1|1|0|0|0|0|1|0|847638711|847638716|0|0|0|0|0|0|0|0|0|0
154|F1|0|2|0|1|1|1|0|0|0|0|1|0|854998132|854998137|0|0|0|0|0|0|0|0|0|0
155|F1|0|2|0|1|1|1|0|0|0|0|1|0|863225074|863225079|0|0|0|0|0|0|0|0|0|0
156|F1|0|2|0|1|1|1|0|0|0|0|1|0|872162077|872162082|0|0|0|0|0|0|0|0|0|0
157|F1|0|2|0|1|1|1|0|0|0|0|1|0|880793807|880793812|0|0|0|0|0|0|0|0|0|0
158|F1|0|2|0|1|1|1|0|0|0|0|1|0|888349204|888349209|0|0|0|0|0|0|0|0|0|0
159|F1|0|2|0|1|1|1|0|0|0|0|1|0|895933669|895933674|0|0|0|0|0|0|0|0|0|0
160|F1|0|2|0|1|1|1|0|0|0|0|1|0|903868253|903868258|0|0|0|0|0|0|0|0|0|0
161|F1|0|2|0|1|1|1|0|0|0|0|1|0|911031933|911031938|0|0|0|0|0|0|0|0|0|0
162|F1|0|2|0|1|1|1|0|0|0|0|1|0|918751375|918751380|0|0|0|0|0|0|0|0|0|0
163|F1|0|2|0|1|1|1|0|0|0|0|1|0|925686702|925686707|0|0|0|0|0|0|0|0|0|0
164|F1|0|2|0|1|1|1|0|0|0|0|1|0|933695142|933695147|0|0|0|0|0|0|0|0|0|0
165|F1|0|2|0|1|1|1|0|0|0|0|1|0|939753309|939753314|0|0|0|0|0|0|0|0|0|0
166|F1|0|2|0|1|1|1|0|0|0|0|1|0|948150500|948150505|0|0|0|0|0|0|0|0|0|0
167|F1|0|2|0|1|1|1|0|0|0|0|1|0|956480224|956480229|0|0|0|0|0|0|0|0|0|0
168|F1|0|2|0|1|1|1|0|0|0|0|1|0|965783460|965783465|0|0|0|0|0|0|0|0|0|0
169|F1|0|2|0|1|1|1|0|0|0|0|1|0|974678653|974678658|0|0|0|0|0|0|0|0|0|0
170|F1|0|2|0|1|1|1|0|0|0|0|1|0|981919453|981919458|0|0|0|0|0|0|0|0|0|0
171|F1|0|2|0|1|1|1|0|0|0|0|1|0|989879922|989879927|0|0|0|0|0|0|0|0|0|0
172|F1|0|2|0|1|1|1|0|0|0|0|1|0|998697963|998697968|0|0|0|0|0|0|0|0|0|0
173|F1|0|2|0|1|1|1|0|0|0|0|1|0|1006211602|1006211607|0|0|0|0|0|0|0|0|0|0
174|F1|0|2|0|1|1|1|0|0|0|0|1|0|1013249705|1013249710|0|0|0|0|0|0|0|0|0|0
175|F1|0|2|0|1|1|1|0|0|0|0|1|0|1021608340|1021608345|0|0|0|0|0|0|0|0|0|0
176|F1|0|2|0|1|1|1|0|0|0|0|1|0|1030253225|1030253230|0|0|0|0|0|0|0|0|0|0
177|F1|0|2|0|1|1|1|0|0|0|0|1|0|1038403328|1038403333|0|0|0|0|0|0|0|0|0|0
178|F1|0|2|0|1|1|1|0|0|0|0|1|0|1046447387|1046447392|0|0|0|0|0|0|0|0|0|0
179|F1|0|2|0|1|1|1|0|0|0|0|1|0|1054067026|1054067031|0|0|0|0|0|0|0|0|0|0
180|F1|0|2|0|1|1|1|0|0|0|0|1|0|1063020037|1063020042|0|0|0|0|0|0|0|0|0|0
181|F1|0|2|0|1|1|1|0|0|0|0|1|0|1070112916|1070112921|0|0|0|0|0|0|0|0|0|0
182|F1|0|2|0|1|1|1|0|0|0|0|1|0|1077106057|1077106062|0|0|0|0|0|0|0|0|0|0
183|F1|0|2|0|1|1|1|0|0|0|0|1|0|1083103191|1083103196|0|0|0|0|0|0|0|0|0|0
184|F1|0|2|0|1|1|1|0|0|0|0|1|0|1091008824|1091008829|0|0|0|0|0|0|0|0|0|0
185|F1|0|2|0|1|1|1|0|0|0|0|1|0|1098702519|1098702524|0|0|0|0|0|0|0|0|0|0
186|F1|0|2|0|1|1|1|0|0|0|0|1|0|1106216166|1106216171|0|0|0|0|0|0|0|0|0|0
187|F1|0|2|0|1|1|1|0|0|0|0|1|0|1114363805|1114363810|0|0|0|0|0|0|0|0|0|0
188|F1|0|2|0|1|1|1|0|0|0|0|1|0|1124338816|1124338821|0|0|0|0|0|0|0|0|0|0
189|F1|0|2|0|1|1|1|0|0|0|0|1|0|1130875717|1130875722|0|0|0|0|0|0|0|0|0|0
190|F1|0|2|0|1|1|1|0|0|0|0|1|0|1138958244|1138958249|0|0|0|0|0|0|0|0|0|0
191|F1|0|2|0|1|1|1|0|0|0|0|1|0|1147522534|1147522539|0|0|0|0|0|0|0|0|0|0
192|F1|0|2|0|1|1|1|0|0|0|0|1|0|1157584102|1157584107|0|0|0|0|0|0|0|0|0|0
193|F1|0|2|0|1|1|1|0|0|0|0|1|0|1165907389|1165907394|0|0|0|0|0|0|0|0|0|0
194|F1|0|2|0|1|1|1|0|0|0|0|1|0|1173848302|1173848307|0|0|0|0|0|0|0|0|0|0
195|F1|0|2|0|1|1|1|0|0|0|0|1|0|1181416640|1181416645|0|0|0|0|0|0|0|0|0|0
196|F1|0|2|0|1|1|1|0|0|0|0|1|0|1190016324|1190016329|0|0|0|0|0|0|0|0|0|0
197|F1|0|2|0|1|1|1|0|0|0|0|1|0|1197137993|1197137998|0|0|0|0|0|0|0|0|0|0
198|F1|0|2|0|1|1|1|0|0|0|0|1|0|1206364119|1206364124|0|0|0|0|0|0|0|0|0|0
199|F1|0|2|0|1|1|1|0|0|0|0|1|0|1213755666|1213755671|0|0|0|0|0|0|0|0|0|0
200|F1|0|2|0|1|1|1|0|0|0|0|1|0|1224424430|1224424435|0|0|0|0|0|0|0|0|0|0
201|F1|0|2|0|1|1|1|0|0|0|0|1|0|1233412841|1233412846|0|0|0|0|0|0|0|0|0|0
202|F1|0|2|0|1|1|1|0|0|0|0|1|0|1241443800|1241443805|0|0|0|0|0|0|0|0|0|0
203|F1|0|2|0|1|1|1|0|0|0|0|1|0|1249394400|1249394405|0|0|0|0|0|0|0|0|0|0
204|F1|0|2|0|1|1|1|0|0|0|0|1|0|1258344229|1258344234|0|0|0|0|0|0|0|0|0|0
205|F1|0|2|0|1|1|1|0|0|0|0|1|0|1266972754|1266972759|0|0|0|0|0|0|0|0|0|0
206|F1|0|2|0|1|1|1|0|0|0|0|1|0|1274908134|1274908139|0|0|0|0|0|0|0|0|0|0
207|F1|0|2|0|1|1|1|0|0|0|0|1|0|1283067525|1283067530|0|0|0|0|0|0|0|0|0|0
208|F1|0|2|0|1|1|1|0|0|0|0|1|0|1292284292|1292284297|0|0|0|0|0|0|0|0|0|0
209|F1|0|2|0|1|1|1|0|0|0|0|1|0|1300411854|1300411859|0|0|0|0|0|0|0|0|0|0
210|F1|0|2|0|1|1|1|0|0|0|0|1|0|1307765135|1307765140|0|0|0|0|0|0|0|0|0|0
211|F1|0|2|0|1|1|1|0|0|0|0|1|0|1315041057|1315041062|0|0|0|0|0|0|0|0|0|0
212|F1|0|2|0|1|1|1|0|0|0|0|1|0|1323226470|1323226475|0|0|0|0|0|0|0|0|0|0
213|F1|0|2|0|1|1|1|0|0|0|0|1|0|1330389906|1330389911|0|0|0|0|0|0|0|0|0|0
214|F1|0|2|0|1|1|1|0|0|0|0|1|0|1337518123|1337518128|0|0|0|0|0|0|0|0|0|0
215|F1|0|2|0|1|1|1|0|0|0|0|1|0|1344553042|1344553047|0|0|0|0|0|0|0|0|0|0
216|F1|0|2|0|1|1|1|0|0|0|0|1|0|1353689208|1353689213|0|0|0|0|0|0|0|0|0|0
217|F1|0|2|0|1|1|1|0|0|0|0|1|0|1362494441|1362494446|0|0|0|0|0|0|0|0|0|0
218|F1|0|2|0|1|1|1|0|0|0|0|1|0|1370377554|1370377559|0|0|0|0|0|0|0|0|0|0
219|F1|0|2|0|1|1|1|0|0|0|0|1|0|1378399078|1378399083|0|0|0|0|0|0|0|0|0|0
220|F1|0|2|0|1|1|1|0|0|0|0|1|0|1387242880|1387242885|0|0|0|0|0|0|0|0|0|0
221|F1|0|2|0|1|1|1|0|0|0|0|1|0|1394342057|1394342062|0|0|0|0|0|0|0|0|0|0
222|F1|0|2|0|1|1|1|0|0|0|0|1|0|1400927177|1400927182|0|0|0|0|0|0|0|0|0|0
223|F1|0|2|0|1|1|1|0|0|0|0|1|0|1407862770|1407862775|0|0|0|0|0|0|0|0|0|0
224|F1|0|2|0|1|1|1|0|0|0|0|1|0|1415900119|1415900124|0|0|0|0|0|0|0|0|0|0
225|F1|0|2|0|1|1|1|0|0|0|0|1|0|1424901364|1424901369|0|0|0|0|0|0|0|0|0|0
226|F1|0|2|0|1|1|1|0|0|0|0|1|0|1431332253|1431332258|0|0|0|0|0|0|0|0|0|0
227|F1|0|2|0|1|1|1|0|0|0|0|1|0|1438283773|1438283778|0|0|0|0|0|0|0|0|0|0
228|F1|0|2|0|1|1|1|0|0|0|0|1|0|1446937961|1446937966|0|0|0|0|0|0|0|0|0|0
229|F1|0|2|0|1|1|1|0|0|0|0|1|0|1454123876|1454123881|0|0|0|0|0|0|0|0|0|0
230|F1|0|2|0|1|1|1|0|0|0|0|1|0|1463052142|1463052147|0|0|0|0|0|0|0|0|0|0
231|F1|0|2|0|1|1|1|0|0|0|0|1|0|1472348933|1472348938|0|0|0|0|0|0|0|0|0|0
232|F1|0|2|0|1|1|1|0|0|0|0|1|0|1481539790|1481539795|0|0|0|0|0|0|0|0|0|0
233|F1|0|2|0|1|1|1|0|0|0|0|1|0|1489210848|1489210853|0|0|0|0|0|0|0|0|0|0
234|F1|0|2|0|1|1|1|0|0|0|0|1|0|1497316434|1497316439|0|0|0|0|0|0|0|0|0|0
235|F1|0|2|0|1|1|1|0|0|0|0|1|0|1504666254|1504666259|0|0|0|0|0|0|0|0|0|0
236|F1|0|2|0|1|1|1|0|0|0|0|1|0|1514236390|1514236395|0|0|0|0|0|0|0|0|0|0
237|F1|0|2|0|1|1|1|0|0|0|0|1|0|1521354798|1521354803|0|0|0|0|0|0|0|0|0|0
238|F1|0|2|0|1|1|1|0|0|0|0|1|0|1527856353|1527856358|0|0|0|0|0|0|0|0|0|0
239|F1|0|2|0|1|1|1|0|0|0|0|1|0|1534798205|1534798210|0|0|0|0|0|0|0|0|0|0
240|F1|0|2|0|1|1|1|0|0|0|0|1|0|1544394117|1544394122|0|0|0|0|0|0|0|0|0|0
241|F1|0|2|0|1|1|1|0|0|0|0|1|0|1552544189|1552544194|0|0|0|0|0|0|0|0|0|0
242|F1|0|2|0|1|1|1|0|0|0|0|1|0|1561359933|1561359938|0|0|0|0|0|0|0|0|0|0
243|F1|0|2|0|1|1|1|0|0|0|0|1|0|1570827017|1570827022|0|0|0|0|0|0|0|0|0|0
244|F1|0|2|0|1|1|1|0|0|0|0|1|0|1578954557|1578954562|0|0|0|0|0|0|0|0|0|0
245|F1|0|2|0|1|1|1|0|0|0|0|1|0|1587127108|1587127113|0|0|0|0|0|0|0|0|0|0
246|F1|0|2|0|1|1|1|0|0|0|0|1|0|1595891453|1595891458|0|0|0|0|0|0|0|0|0|0
247|F1|0|2|0|1|1|1|0|0|0|0|1|0|1603778089|1603778094|0|0|0|0|0|0|0|0|0|0
248|F1|0|2|0|1|1|1|0|0|0|0|1|0|1612907817|1612907822|0|0|0|0|0|0|0|0|0|0
249|F1|0|2|0|1|1|1|0|0|0|0|1|0|1621684133|1621684138|0|0|0|0|0|0|0|0|0|0
250|F1|0|2|0|1|1|1|0|0|0|0|1|0|1629094949|1629094954|0|0|0|0|0|0|0|0|0|0
251|F1|0|2|0|1|1|1|0|0|0|0|1|0|1637797373|1637797378|0|0|0|0|0|0|0|0|0|0
252|F1|0|2|0|1|1|1|0|0|0|0|1|0|1646371268|1646371273|0|0|0|0|0|0|0|0|0|0
253|F1|0|2|0|1|1|1|0|0|0|0|1|0|1655394958|1655394963|0|0|0|0|0|0|0|0|0|0
254|F1|0|2|0|1|1|1|0|0|0|0|1|0|1662282337|1662282342|0|0|0|0|0|0|0|0|0|0
255|F1|0|2|0|1|1|1|0|0|0|0|1|0|1670461051|1670461056|0|0|0|0|0|0|0|0|0|0
256|F1|0|2|0|1|1|1|0|0|0|0|1|0|1676715250|1676715255|0|0|0|0|0|0|0|0|0|0
257|F1|0|2|0|1|1|1|0|0|0|0|1|0|1684280539|1684280544|0|0|0|0|0|0|0|0|0|0
258|F1|0|2|0|1|1|1|0|0|0|0|1|0|1691630322|1691630327|0|0|0|0|0|0|0|0|0|0
259|F1|0|2|0|1|1|1|0|0|0|0|1|0|1698781188|1698781193|0|0|0|0|0|0|0|0|0|0
260|F1|0|2|0|1|1|1|0|0|0|0|1|0|1707695927|1707695932|0|0|0|0|0|0|0|0|0|0
261|F1|0|2|0|1|1|1|0|0|0|0|1|0|1715990318|1715990323|0|0|0|0|0|0|0|0|0|0
262|F1|0|2|0|1|1|1|0|0|0|0|1|0|1723516814|1723516819|0|0|0|0|0|0|0|0|0|0
263|F1|0|2|0|1|1|1|0|0|0|0|1|0|1731663703|1731663708|0|0|0|0|0|0|0|0|0|0
264|F1|0|2|0|1|1|1|0|0|0|0|1|0|1739084165|1739084170|0|0|0|0|0|0|0|0|0|0
265|F1|0|2|0|1|1|1|0|0|0|0|1|0|1746469268|1746469273|0|0|0|0|0|0|0|0|0|0
266|F1|0|2|0|1|1|1|0|0|0|0|1|0|1754217586|1754217591|0|0|0|0|0|0|0|0|0|0
267|F1|0|2|0|1|1|1|0|0|0|0|1|0|1761901550|1761901555|0|0|0|0|0|0|0|0|0|0
268|F1|0|2|0|1|1|1|0|0|0|0|1|0|1769906982|1769906987|0|0|0|0|0|0|0|0|0|0
269|F1|0|2|0|1|1|1|0|0|0|0|1|0|1777745179|1777745184|0|0|0|0|0|0|0|0|0|0
270|F1|0|2|0|1|1|1|0|0|0|0|1|0|1786631133|1786631138|0|0|0|0|0|0|0|0|0|0
271|F1|0|2|0|1|1|1|0|0|0|0|1|0|1795096548|1795096553|0|0|0|0|0|0|0|0|0|0
272|F1|0|2|0|1|1|1|0|0|0|0|1|0|1802285673|1802285678|0|0|0|0|0|0|0|0|0|0
273|F1|0|2|0|1|1|1|0|0|0|0|1|0|1809490900|1809490905|0|0|0|0|0|0|0|0|0|0
274|F1|0|2|0|1|1|1|0|0|0|0|1|0|1818277149|1818277154|0|0|0|0|0|0|0|0|0|0
275|F1|0|2|0|1|1|1|0|0|0|0|1|0|1827249464|1827249469|0|0|0|0|0|0|0|0|0|0
276|F1|0|2|0|1|1|1|0|0|0|0|1|0|1835694862|1835694867|0|0|0|0|0|0|0|0|0|0
277|F1|0|2|0|1|1|1|0|0|0|0|1|0|1845116983|1845116988|0|0|0|0|0|0|0|0|0|0
278|F1|0|2|0|1|1|1|0|0|0|0|1|0|1852951913|1852951918|0|0|0|0|0|0|0|0|0|0
279|F1|0|2|0|1|1|1|0|0|0|0|1|0|1860491256|1860491261|0|0|0|0|0|0|0|0|0|0
280|F1|0|2|0|1|1|1|0|0|0|0|1|0|1867947378|1867947383|0|0|0|0|0|0|0|0|0|0
281|F1|0|2|0|1|1|1|0|0|0|0|1|0|1877261565|1877261570|0|0|0|0|0|0|0|0|0|0
282|F1|0|2|0|1|1|1|0|0|0|0|1|0|1884707730|1884707735|0|0|0|0|0|0|0|0|0|0
283|F1|0|2|0|1|1|1|0|0|0|0|1|0|1893930671|1893930676|0|0|0|0|0|0|0|0|0|0
284|F1|0|2|0|1|1|1|0|0|0|0|1|0|1899500500|1899500505|0|0|0|0|0|0|0|0|0|0
285|F1|0|2|0|1|1|1|0|0|0|0|1|0|1907187773|1907187778|0|0|0|0|0|0|0|0|0|0
286|F1|0|2|0|1|1|1|0|0|0|0|1|0|1914203415|1914203420|0|0|0|0|0|0|0|0|0|0
287|F1|0|2|0|1|1|1|0|0|0|0|1|0|1921232032|1921232037|0|0|0|0|0|0|0|0|0|0
288|F1|0|2|0|1|1|1|0|0|0|0|1|0|1928684622|1928684627|0|0|0|0|0|0|0|0|0|0
289|F1|0|2|0|1|1|1|0|0|0|0|1|0|1936063575|1936063580|0|0|0|0|0|0|0|0|0|0
290|F1|0|2|0|1|1|1|0|0|0|0|1|0|1943911364|1943911369|0|0|0|0|0|0|0|0|0|0
291|F1|0|2|0|1|1|1|0|0|0|0|1|0|1951858747|1951858752|0|0|0|0|0|0|0|0|0|0
292|F1|0|2|0|1|1|1|0|0|0|0|1|0|1959812567|1959812572|0|0|0|0|0|0|0|0|0|0
293|F1|0|2|0|1|1|1|0|0|0|0|1|0|1968576125|1968576130|0|0|0|0|0|0|0|0|0|0
294|F1|0|2|0|1|1|1|0|0|0|0|1|0|1976459261|1976459266|0|0|0|0|0|0|0|0|0|0
295|F1|0|2|0|1|1|1|0|0|0|0|1|0|1983635826|1983635831|0|0|0|0|0|0|0|0|0|0
296|F1|0|2|0|1|1|1|0|0|0|0|1|0|1992592338|1992592343|0|0|0|0|0|0|0|0|0|0
297|F1|0|2|0|1|1|1|0|0|0|0|1|0|2001863497|2001863502|0|0|0|0|0|0|0|0|0|0
298|F1|0|2|0|1|1|1|0|0|0|0|1|0|2008519302|2008519307|0|0|0|0|0|0|0|0|0|0
299|F1|0|2|0|1|1|1|0|0|0|0|1|0|2015213632|2015213637|0|0|0|0|0|0|0|0|0|0
300|F1|0|2|0|1|1|1|0|0|0|0|1|0|2025554653|2025554658|0|0|0|0|0|0|0|0|0|0
301|F1|0|2|0|1|1|1|0|0|0|0|1|0|2033598414|2033598419|0|0|0|0|0|0|0|0|0|0
302|F1|0|2|0|1|1|1|0|0|0|0|1|0|2041079924|2041079929|0|0|0|0|0|0|0|0|0|0
303|F1|0|2|0|1|1|1|0|0|0|0|1|0|2047873853|2047873858|0|0|0|0|0|0|0|0|0|0
304|F1|0|2|0|1|1|1|0|0|0|0|1|0|2056566630|2056566635|0|0|0|0|0|0|0|0|0|0
305|F1|0|2|0|1|1|1|0|0|0|0|1|0|2063742980|2063742985|0|0|0|0|0|0|0|0|0|0
306|F1|0|2|0|1|1|1|0|0|0|0|1|0|2072079415|2072079420|0|0|0|0|0|0|0|0|0|0
307|F1|0|2|0|1|1|1|0|0|0|0|1|0|2079972413|2079972418|0|0|0|0|0|0|0|0|0|0
308|F1|0|2|0|1|1|1|0|0|0|0|1|0|2091026683|2091026688|0|0|0|0|0|0|0|0|0|0
309|F1|0|2|0|1|1|1|0|0|0|0|1|0|2098273729|2098273734|0|0|0|0|0|0|0|0|0|0
310|F1|0|2|0|1|1|1|0|0|0|0|1|0|2108039627|2108039632|0|0|0|0|0|0|0|0|0|0
311|F1|0|2|0|1|1|1|0|0|0|0|1|0|2117593481|2117593486|0|0|0|0|0|0|0|0|0|0
312|F1|0|2|0|1|1|1|0|0|0|0|1|0|2125595749|2125595754|0|0|0|0|0|0|0|0|0|0
313|F1|0|2|0|1|1|1|0|0|0|0|1|0|2134115028|2134115033|0|0|0|0|0|0|0|0|0|0
314|F1|0|2|0|1|1|1|0|0|0|0|1|0|2143000558|2143000563|0|0|0|0|0|0|0|0|0|0
315|F1|0|2|0|1|1|1|0|0|0|0|1|0|2149845893|2149845898|0|0|0|0|0|0|0|0|0|0
316|F1|0|2|0|1|1|1|0|0|0|0|1|0|2155794827|2155794832|0|0|0|0|0|0|0|0|0|0
317|F1|0|2|0|1|1|1|0|0|0|0|1|0|2164918144|2164918149|0|0|0|0|0|0|0|0|0|0
318|F1|0|2|0|1|1|1|0|0|0|0|1|0|2172399662|2172399667|0|0|0|0|0|0|0|0|0|0
319|F1|0|2|0|1|1|1|0|0|0|0|1|0|2180703677|2180703682|0|0|0|0|0|0|0|0|0|0
320|F1|0|2|0|1|1|1|0|0|0|0|1|0|2188773284|2188773289|0|0|0|0|0|0|0|0|0|0
321|F1|0|2|0|1|1|1|0|0|0|0|1|0|2195891732|2195891737|0|0|0|0|0|0|0|0|0|0
322|F1|0|2|0|1|1|1|0|0|0|0|1|0|2204765117|2204765122|0|0|0|0|0|0|0|0|0|0
323|F1|0|2|0|1|1|1|0|0|0|0|1|0|2212783188|2212783193|0|0|0|0|0|0|0|0|0|0
324|F1|0|2|0|1|1|1|0|0|0|0|1|0|2222221501|2222221506|0|0|0|0|0|0|0|0|0|0
325|F1|0|2|0|1|1|1|0|0|0|0|1|0|2229609829|2229609834|0|0|0|0|0|0|0|0|0|0
326|F1|0|2|0|1|1|1|0|0|0|0|1|0|2237653588|2237653593|0|0|0|0|0|0|0|0|0|0
327|F1|0|2|0|1|1|1|0|0|0|0|1|0|2247950080|2247950085|0|0|0|0|0|0|0|0|0|0
328|F1|0|2|0|1|1|1|0|0|0|0|1|0|2255470414|2255470419|0|0|0|0|0|0|0|0|0|0
329|F1|0|2|0|1|1|1|0|0|0|0|1|0|2263527032|2263527037|0|0|0|0|0|0|0|0|0|0
330|F1|0|2|0|1|1|1|0|0|0|0|1|0|2272608576|2272608581|0|0|0|0|0|0|0|0|0|0
331|F1|0|2|0|1|1|1|0|0|0|0|1|0|2280980069|2280980074|0|0|0|0|0|0|0|0|0|0
332|F1|0|2|0|1|1|1|0|0|0|0|1|0|2288426537|2288426542|0|0|0|0|0|0|0|0|0|0
333|F1|0|2|0|1|1|1|0|0|0|0|1|0|2295882487|2295882492|0|0|0|0|0|0|0|0|0|0
334|F1|0|2|0|1|1|1|0|0|0|0|1|0|2303052352|2303052357|0|0|0|0|0|0|0|0|0|0
335|F1|0|2|0|1|1|1|0|0|0|0|1|0|2312137152|2312137157|0|0|0|0|0|0|0|0|0|0
336|F1|0|2|0|1|1|1|0|0|0|0|1|0|2319901390|2319901395|0|0|0|0|0|0|0|0|0|0
337|F1|0|2|0|1|1|1|0|0|0|0|1|0|2327283301|2327283306|0|0|0|0|0|0|0|0|0|0
338|F1|0|2|0|1|1|1|0|0|0|0|1|0|2335163383|2335163388|0|0|0|0|0|0|0|0|0|0
339|F1|0|2|0|1|1|1|0|0|0|0|1|0|2343184669|2343184674|0|0|0|0|0|0|0|0|0|0
340|F1|0|2|0|1|1|1|0|0|0|0|1|0|2350550775|2350550780|0|0|0|0|0|0|0|0|0|0
341|F1|0|2|0|1|1|1|0|0|0|0|1|0|2360297376|2360297381|0|0|0|0|0|0|0|0|0|0
342|F1|0|2|0|1|1|1|0|0|0|0|1|0|2368058420|2368058425|0|0|0|0|0|0|0|0|0|0
343|F1|0|2|0|1|1|1|0|0|0|0|1|0|2377400358|2377400363|0|0|0|0|0|0|0|0|0|0
344|F1|0|2|0|1|1|1|0|0|0|0|1|0|2384419204|2384419209|0|0|0|0|0|0|0|0|0|0
345|F1|0|2|0|1|1|1|0|0|0|0|1|0|2391534734|2391534739|0|0|0|0|0|0|0|0|0|0
346|F1|0|2|0|1|1|1|0|0|0|0|1|0|2398977675|2398977680|0|0|0|0|0|0|0|0|0|0
347|F1|0|2|0|1|1|1|0|0|0|0|1|0|2407811864|2407811869|0|0|0|0|0|0|0|0|0|0
348|F1|0|2|0|1|1|1|0|0|0|0|1|0|2416958356|2416958361|0|0|0|0|0|0|0|0|0|0
349|F1|0|2|0|1|1|1|0|0|0|0|1|0|2424822237|2424822242|0|0|0|0|0|0|0|0|0|0
350|F1|0|2|0|1|1|1|0|0|0|0|1|0|2432596111|2432596116|0|0|0|0|0|0|0|0|0|0
351|F1|0|2|0|1|1|1|0|0|0|0|1|0|2440518418|2440518423|0|0|0|0|0|0|0|0|0|0
352|F1|0|2|0|1|1|1|0|0|0|0|1|0|2447476221|2447476226|0|0|0|0|0|0|0|0|0|0
353|F1|0|2|0|1|1|1|0|0|0|0|1|0|2455089495|2455089500|0|0|0|0|0|0|0|0|0|0
354|F1|0|2|0|1|1|1|0|0|0|0|1|0|2463955800|2463955805|0|0|0|0|0|0|0|0|0|0
355|F1|0|2|0|1|1|1|0|0|0|0|1|0|2474727378|2474727383|0|0|0|0|0|0|0|0|0|0
356|F1|0|2|0|1|1|1|0|0|0|0|1|0|2482376101|2482376106|0|0|0|0|0|0|0|0|0|0
357|F1|0|2|0|1|1|1|0|0|0|0|1|0|2489150766|2489150771|0|0|0|0|0|0|0|0|0|0
358|F1|0|2|0|1|1|1|0|0|0|0|1|0|2497053230|2497053235|0|0|0|0|0|0|0|0|0|0
359|F1|0|2|0|1|1|1|0|0|0|0|1|0|2507841216|2507841221|0|0|0|0|0|0|0|0|0|0
360|F1|0|2|0|1|1|1|0|0|0|0|1|0|2514969350|2514969355|0|0|0|0|0|0|0|0|0|0
361|F1|0|2|0|1|1|1|0|0|0|0|1|0|2522358004|2522358009|0|0|0|0|0|0|0|0|0|0
362|F1|0|2|0|1|1|1|0|0|0|0|1|0|2530751974|2530751979|0|0|0|0|0|0|0|0|0|0
363|F1|0|2|0|1|1|1|0|0|0|0|1|0|2539596000|2539596005|0|0|0|0|0|0|0|0|0|0
364|F1|0|2|0|1|1|1|0|0|0|0|1|0|2547170676|2547170681|0|0|0|0|0|0|0|0|0|0
365|F1|0|2|0|1|1|1|0|0|0|0|1|0|2554778027|2554778032|0|0|0|0|0|0|0|0|0|0
366|F1|0|2|0|1|1|1|0|0|0|0|1|0|2564135909|2564135914|0|0|0|0|0|0|0|0|0|0
367|F1|0|2|0|1|1|1|0|0|0|0|1|0|2572607003|2572607008|0|0|0|0|0|0|0|0|0|0
368|F1|0|2|0|1|1|1|0|0|0|0|1|0|2580120654|2580120659|0|0|0|0|0|0|0|0|0|0
369|F1|0|2|0|1|1|1|0|0|0|0|1|0|2588418822|2588418827|0|0|0|0|0|0|0|0|0|0
370|F1|0|2|0|1|1|1|0|0|0|0|1|0|2596915625|2596915630|0|0|0|0|0|0|0|0|0|0
371|F1|0|2|0|1|1|1|0|0|0|0|1|0|2606257417|2606257422|0|0|0|0|0|0|0|0|0|0
372|F1|0|2|0|1|1|1|0|0|0|0|1|0|2615676317|2615676322|0|0|0|0|0|0|0|0|0|0
373|F1|0|2|0|1|1|1|0|0|0|0|1|0|2623081001|2623081006|0|0|0|0|0|0|0|0|0|0
374|F1|0|2|0|1|1|1|0|0|0|0|1|0|2631752036|2631752041|0|0|0|0|0|0|0|0|0|0
375|F1|0|2|0|1|1|1|0|0|0|0|1|0|2639455365|2639455370|0|0|0|0|0|0|0|0|0|0
376|F1|0|2|0|1|1|1|0|0|0|0|1|0|2648418333|2648418338|0|0|0|0|0|0|0|0|0|0
377|F1|0|2|0|1|1|1|0|0|0|0|1|0|2657075983|2657075988|0|0|0|0|0|0|0|0|0|0
378|F1|0|2|0|1|1|1|0|0|0|0|1|0|2666292705|2666292710|0|0|0|0|0|0|0|0|0|0
379|F1|0|2|0|1|1|1|0|0|0|0|1|0|2674381860|2674381865|0|0|0|0|0|0|0|0|0|0
380|F1|0|2|0|1|1|1|0|0|0|0|1|0|2683165143|2683165148|0|0|0|0|0|0|0|0|0|0
381|F1|0|2|0|1|1|1|0|0|0|0|1|0|2692551924|2692551929|0|0|0|0|0|0|0|0|0|0
382|F1|0|2|0|1|1|1|0|0|0|0|1|0|2701533874|2701533879|0|0|0|0|0|0|0|0|0|0
383|F1|0|2|0|1|1|1|0|0|0|0|1|0|2708771383|2708771388|0|0|0|0|0|0|0|0|0|0
384|F1|0|2|0|1|1|1|0|0|0|0|1|0|2715857751|2715857756|0|0|0|0|0|0|0|0|0|0
385|F1|0|2|0|1|1|1|0|0|0|0|1|0|2723454935|2723454940|0|0|0|0|0|0|0|0|0|0
386|F1|0|2|0|1|1|1|0|0|0|0|1|0|2731485860|2731485865|0|0|0|0|0|0|0|0|0|0
387|F1|0|2|0|1|1|1|0|0|0|0|1|0|2739864037|2739864042|0|0|0|0|0|0|0|0|0|0
388|F1|0|2|0|1|1|1|0|0|0|0|1|0|2748370468|2748370473|0|0|0|0|0|0|0|0|0|0
389|F1|0|2|0|1|1|1|0|0|0|0|1|0|2756382116|2756382121|0|0|0|0|0|0|0|0|0|0
390|F1|0|2|0|1|1|1|0|0|0|0|1|0|2766437221|2766437226|0|0|0|0|0|0|0|0|0|0
391|F1|0|2|0|1|1|1|0|0|0|0|1|0|2774384591|2774384596|0|0|0|0|0|0|0|0|0|0
392|F1|0|2|0|1|1|1|0|0|0|0|1|0|2782110281|2782110286|0|0|0|0|0|0|0|0|0|0
393|F1|0|2|0|1|1|1|0|0|0|0|1|0|2791468910|2791468915|0|0|0|0|0|0|0|0|0|0
394|F1|0|2|0|1|1|1|0|0|0|0|1|0|2800650077|2800650082|0|0|0|0|0|0|0|0|0|0
395|F1|0|2|0|1|1|1|0|0|0|0|1|0|2808224765|2808224770|0|0|0|0|0|0|0|0|0|0
396|F1|0|2|0|1|1|1|0|0|0|0|1|0|2816156093|2816156098|0|0|0|0|0|0|0|0|0|0
397|F1|0|2|0|1|1|1|0|0|0|0|1|0|2825093060|2825093065|0|0|0|0|0|0|0|0|0|0
398|F1|0|2|0|1|1|1|0|0|0|0|1|0|2833519460|2833519465|0|0|0|0|0|0|0|0|0|0
399|F1|0|2|0|1|1|1|0|0|0|0|1|0|2843442913|2843442918|0|0|0|0|0|0|0|0|0|0
400|F1|0|2|0|1|1|1|0|0|0|0|1|0|2851923762|2851923767|0|0|0|0|0|0|0|0|0|0
401|F1|0|2|0|1|1|1|0|0|0|0|1|0|2868356527|2868356532|0|0|0|0|0|0|0|0|0|0
402|F1|0|2|0|1|1|1|0|0|0|0|1|0|2876606405|2876606410|0|0|0|0|0|0|0|0|0|0
403|F1|0|2|0|1|1|1|0|0|0|0|1|0|2885973966|2885973971|0|0|0|0|0|0|0|0|0|0
404|F1|0|2|0|1|1|1|0|0|0|0|1|0|2898278420|2898278425|0|0|0|0|0|0|0|0|0|0
405|F1|0|2|0|1|1|1|0|0|0|0|1|0|2905522217|2905522222|0|0|0|0|0|0|0|0|0|0
406|F1|0|2|0|1|1|1|0|0|0|0|1|0|2916747822|2916747827|0|0|0|0|0|0|0|0|0|0
407|F1|0|2|0|1|1|1|0|0|0|0|1|0|2925431284|2925431289|0|0|0|0|0|0|0|0|0|0
408|F1|0|2|0|1|1|1|0|0|0|0|1|0|2937070368|2937070373|0|0|0|0|0|0|0|0|0|0
409|F1|0|2|0|1|1|1|0|0|0|0|1|0|2944169824|2944169829|0|0|0|0|0|0|0|0|0|0
410|F1|0|2|0|1|1|1|0|0|0|0|1|0|2951330049|2951330054|0|0|0|0|0|0|0|0|0|0
411|F1|0|2|0|1|1|1|0|0|0|0|1|0|2958468006|2958468011|0|0|0|0|0|0|0|0|0|0
412|F1|0|2|0|1|1|1|0|0|0|0|1|0|2969548020|2969548025|0|0|0|0|0|0|0|0|0|0
413|F1|0|2|0|1|1|1|0|0|0|0|1|0|2977492192|2977492197|0|0|0|0|0|0|0|0|0|0
414|F1|0|2|0|1|1|1|0|0|0|0|1|0|2985674420|2985674425|0|0|0|0|0|0|0|0|0|0
415|F1|0|2|0|1|1|1|0|0|0|0|1|0|2994768846|2994768851|0|0|0|0|0|0|0|0|0|0
416|F1|0|2|0|1|1|1|0|0|0|0|1|0|3003779950|3003779955|0|0|0|0|0|0|0|0|0|0
417|F1|0|2|0|1|1|1|0|0|0|0|1|0|3012919447|3012919452|0|0|0|0|0|0|0|0|0|0
418|F1|0|2|0|1|1|1|0|0|0|0|1|0|3020288750|3020288755|0|0|0|0|0|0|0|0|0|0
419|F1|0|2|0|1|1|1|0|0|0|0|1|0|3029360868|3029360873|0|0|0|0|0|0|0|0|0|0
420|F1|0|2|0|1|1|1|0|0|0|0|1|0|3035570084|3035570089|0|0|0|0|0|0|0|0|0|0
421|F1|0|2|0|1|1|1|0|0|0|0|1|0|3047942048|3047942053|0|0|0|0|0|0|0|0|0|0
422|F1|0|2|0|1|1|1|0|0|0|0|1|0|3055250080|3055250085|0|0|0|0|0|0|0|0|0|0
423|F1|0|2|0|1|1|1|0|0|0|0|1|0|3064074598|3064074603|0|0|0|0|0|0|0|0|0|0
424|F1|0|2|0|1|1|1|0|0|0|0|1|0|3071035749|3071035754|0|0|0|0|0|0|0|0|0|0
425|F1|0|2|0|1|1|1|0|0|0|0|1|0|3079593629|3079593634|0|0|0|0|0|0|0|0|0|0
426|F1|0|2|0|1|1|1|0|0|0|0|1|0|3087069015|3087069020|0|0|0|0|0|0|0|0|0|0
427|F1|0|2|0|1|1|1|0|0|0|0|1|0|3096472073|3096472078|0|0|0|0|0|0|0|0|0|0
428|F1|0|2|0|1|1|1|0|0|0|0|1|0|3107295630|3107295635|0|0|0|0|0|0|0|0|0|0
429|F1|0|2|0|1|1|1|0|0|0|0|1|0|3115047095|3115047100|0|0|0|0|0|0|0|0|0|0
430|F1|0|2|0|1|1|1|0|0|0|0|1|0|3124960804|3124960809|0|0|0|0|0|0|0|0|0|0
431|F1|0|2|0|1|1|1|0|0|0|0|1|0|3133258662|3133258667|0|0|0|0|0|0|0|0|0|0
432|F1|0|2|0|1|1|1|0|0|0|0|1|0|3145730077|3145730082|0|0|0|0|0|0|0|0|0|0
433|F1|0|2|0|1|1|1|0|0|0|0|1|0|3151987579|3151987584|0|0|0|0|0|0|0|0|0|0
434|F1|0|2|0|1|1|1|0|0|0|0|1|0|3161464317|3161464322|0|0|0|0|0|0|0|0|0|0
435|F1|0|2|0|1|1|1|0|0|0|0|1|0|3169029573|3169029578|0|0|0|0|0|0|0|0|0|0
436|F1|0|2|0|1|1|1|0|0|0|0|1|0|3179046135|3179046140|0|0|0|0|0|0|0|0|0|0
437|F1|0|2|0|1|1|1|0|0|0|0|1|0|3192601134|3192601139|0|0|0|0|0|0|0|0|0|0
438|F1|0|2|0|1|1|1|0|0|0|0|1|0|3203154269|3203154274|0|0|0|0|0|0|0|0|0|0
439|F1|0|2|0|1|1|1|0|0|0|0|1|0|3214828683|3214828688|0|0|0|0|0|0|0|0|0|0
440|F1|0|2|0|1|1|1|0|0|0|0|1|0|3228736777|3228736782|0|0|0|0|0|0|0|0|0|0
441|F1|0|2|0|1|1|1|0|0|0|0|1|0|3237291438|3237291443|0|0|0|0|0|0|0|0|0|0
442|F1|0|2|0|1|1|1|0|0|0|0|1|0|3246903142|3246903147|0|0|0|0|0|0|0|0|0|0
443|F1|0|2|0|1|1|1|0|0|0|0|1|0|3256945623|3256945628|0|0|0|0|0|0|0|0|0|0
444|F1|0|2|0|1|1|1|0|0|0|0|1|0|3271871524|3271871529|0|0|0|0|0|0|0|0|0|0
445|F1|0|2|0|1|1|1|0|0|0|0|1|0|3279738674|3279738679|0|0|0|0|0|0|0|0|0|0
446|F1|0|2|0|1|1|1|0|0|0|0|1|0|3288959008|3288959013|0|0|0|0|0|0|0|0|0|0
447|F1|0|2|0|1|1|1|0|0|0|0|1|0|3298018085|3298018090|0|0|0|0|0|0|0|0|0|0
448|F1|0|2|0|1|1|1|0|0|0|0|1|0|3305178697|3305178702|0|0|0|0|0|0|0|0|0|0
449|F1|0|2|0|1|1|1|0|0|0|0|1|0|3313077902|3313077907|0|0|0|0|0|0|0|0|0|0
450|F1|0|2|0|1|1|1|0|0|0|0|1|0|3321060740|3321060745|0|0|0|0|0|0|0|0|0|0
451|F1|0|2|0|1|1|1|0|0|0|0|1|0|3330872224|3330872229|0|0|0|0|0|0|0|0|0|0
452|F1|0|2|0|1|1|1|0|0|0|0|1|0|3338697533|3338697538|0|0|0|0|0|0|0|0|0|0
453|F1|0|2|0|1|1|1|0|0|0|0|1|0|3346828605|3346828610|0|0|0|0|0|0|0|0|0|0
454|F1|0|2|0|1|1|1|0|0|0|0|1|0|3355123278|3355123283|0|0|0|0|0|0|0|0|0|0
455|F1|0|2|0|1|1|1|0|0|0|0|1|0|3366348183|3366348188|0|0|0|0|0|0|0|0|0|0
456|F1|0|2|0|1|1|1|0|0|0|0|1|0|3374112440|3374112445|0|0|0|0|0|0|0|0|0|0
457|F1|0|2|0|1|1|1|0|0|0|0|1|0|3382417163|3382417168|0|0|0|0|0|0|0|0|0|0
458|F1|0|2|0|1|1|1|0|0|0|0|1|0|3392369428|3392369433|0|0|0|0|0|0|0|0|0|0
459|F1|0|2|0|1|1|1|0|0|0|0|1|0|3402556238|3402556243|0|0|0|0|0|0|0|0|0|0
460|F1|0|2|0|1|1|1|0|0|0|0|1|0|3409761714|3409761719|0|0|0|0|0|0|0|0|0|0
461|F1|0|2|0|1|1|1|0|0|0|0|1|0|3417808964|3417808969|0|0|0|0|0|0|0|0|0|0
462|F1|0|2|0|1|1|1|0|0|0|0|1|0|3425926633|3425926638|0|0|0|0|0|0|0|0|0|0
463|F1|0|2|0|1|1|1|0|0|0|0|1|0|3434574583|3434574588|0|0|0|0|0|0|0|0|0|0
464|F1|0|2|0|1|1|1|0|0|0|0|1|0|3441689824|3441689829|0|0|0|0|0|0|0|0|0|0
465|F1|0|2|0|1|1|1|0|0|0|0|1|0|3451510539|3451510544|0|0|0|0|0|0|0|0|0|0
466|F1|0|2|0|1|1|1|0|0|0|0|1|0|3460065188|3460065193|0|0|0|0|0|0|0|0|0|0
467|F1|0|2|0|1|1|1|0|0|0|0|1|0|3468960377|3468960382|0|0|0|0|0|0|0|0|0|0
468|F1|0|2|0|1|1|1|0|0|0|0|1|0|3476882039|3476882044|0|0|0|0|0|0|0|0|0|0
469|F1|0|2|0|1|1|1|0|0|0|0|1|0|3486395657|3486395662|0|0|0|0|0|0|0|0|0|0
470|F1|0|2|0|1|1|1|0|0|0|0|1|0|3497533702|3497533707|0|0|0|0|0|0|0|0|0|0
471|F1|0|2|0|1|1|1|0|0|0|0|1|0|3505802409|3505802414|0|0|0|0|0|0|0|0|0|0
472|F1|0|2|0|1|1|1|0|0|0|0|1|0|3515086415|3515086420|0|0|0|0|0|0|0|0|0|0
473|F1|0|2|0|1|1|1|0|0|0|0|1|0|3522992032|3522992037|0|0|0|0|0|0|0|0|0|0
474|F1|0|2|0|1|1|1|0|0|0|0|1|0|3533863186|3533863191|0|0|0|0|0|0|0|0|0|0
475|F1|0|2|0|1|1|1|0|0|0|0|1|0|3541457177|3541457182|0|0|0|0|0|0|0|0|0|0
476|F1|0|2|0|1|1|1|0|0|0|0|1|0|3551753444|3551753449|0|0|0|0|0|0|0|0|0|0
477|F1|0|2|0|1|1|1|0|0|0|0|1|0|3562235869|3562235874|0|0|0|0|0|0|0|0|0|0
478|F1|0|2|0|1|1|1|0|0|0|0|1|0|3572249309|3572249314|0|0|0|0|0|0|0|0|0|0
479|F1|0|2|0|1|1|1|0|0|0|0|1|0|3581006557|3581006562|0|0|0|0|0|0|0|0|0|0
480|F1|0|2|0|1|1|1|0|0|0|0|1|0|3590711649|3590711654|0|0|0|0|0|0|0|0|0|0
481|F1|0|2|0|1|1|1|0|0|0|0|1|0|3598941765|3598941770|0|0|0|0|0|0|0|0|0|0
482|F1|0|2|0|1|1|1|0|0|0|0|1|0|3608228961|3608228966|0|0|0|0|0|0|0|0|0|0
483|F1|0|2|0|1|1|1|0|0|0|0|1|0|3615598283|3615598288|0|0|0|0|0|0|0|0|0|0
484|F1|0|2|0|1|1|1|0|0|0|0|1|0|3625402822|3625402827|0|0|0|0|0|0|0|0|0|0
485|F1|0|2|0|1|1|1|0|0|0|0|1|0|3632383133|3632383138|0|0|0|0|0|0|0|0|0|0
486|F1|0|2|0|1|1|1|0|0|0|0|1|0|3640773894|3640773899|0|0|0|0|0|0|0|0|0|0
487|F1|0|2|0|1|1|1|0|0|0|0|1|0|3652259154|3652259159|0|0|0|0|0|0|0|0|0|0
488|F1|0|2|0|1|1|1|0|0|0|0|1|0|3660264358|3660264363|0|0|0|0|0|0|0|0|0|0
489|F1|0|2|0|1|1|1|0|0|0|0|1|0|3669140562|3669140567|0|0|0|0|0|0|0|0|0|0
490|F1|0|2|0|1|1|1|0|0|0|0|1|0|3677316357|3677316362|0|0|0|0|0|0|0|0|0|0
491|F1|0|2|0|1|1|1|0|0|0|0|1|0|3685700760|3685700765|0|0|0|0|0|0|0|0|0|0
492|F1|0|2|0|1|1|1|0|0|0|0|1|0|3696492521|3696492526|0|0|0|0|0|0|0|0|0|0
493|F1|0|2|0|1|1|1|0|0|0|0|1|0|3705593358|3705593363|0|0|0|0|0|0|0|0|0|0
494|F1|0|2|0|1|1|1|0|0|0|0|1|0|3716956073|3716956078|0|0|0|0|0|0|0|0|0|0
495|F1|0|2|0|1|1|1|0|0|0|0|1|0|3724556481|3724556486|0|0|0|0|0|0|0|0|0|0
496|F1|0|2|0|1|1|1|0|0|0|0|1|0|3738692132|3738692137|0|0|0|0|0|0|0|0|0|0
497|F1|0|2|0|1|1|1|0|0|0|0|1|0|3747516645|3747516650|0|0|0|0|0|0|0|0|0|0
498|F1|0|2|0|1|1|1|0|0|0|0|1|0|3754683566|3754683571|0|0|0|0|0|0|0|0|0|0
499|F1|0|2|0|1|1|1|0|0|0|0|1|0|3763328161|3763328166|0|0|0|0|0|0|0|0|0|0
500|F1|0|2|0|1|1|1|0|0|0|0|1|0|3772833812|3772833817|0|0|0|0|0|0|0|0|0|0
501|F1|0|2|0|1|1|1|0|0|0|0|1|0|3783412649|3783412654|0|0|0|0|0|0|0|0|0|0
502|F1|0|2|0|1|1|1|0|0|0|0|1|0|3793560961|3793560966|0|0|0|0|0|0|0|0|0|0
503|F1|0|2|0|1|1|1|0|0|0|0|1|0|3803574308|3803574313|0|0|0|0|0|0|0|0|0|0
504|F1|0|2|0|1|1|1|0|0|0|0|1|0|3810583671|3810583676|0|0|0|0|0|0|0|0|0|0
505|F1|0|2|0|1|1|1|0|0|0|0|1|0|3817400151|3817400156|0|0|0|0|0|0|0|0|0|0
506|F1|0|2|0|1|1|1|0|0|0|0|1|0|3825074452|3825074457|0|0|0|0|0|0|0|0|0|0
507|F1|0|2|0|1|1|1|0|0|0|0|1|0|3835865646|3835865651|0|0|0|0|0|0|0|0|0|0
508|F1|0|2|0|1|1|1|0|0|0|0|1|0|3843212262|3843212267|0|0|0|0|0|0|0|0|0|0
509|F1|0|2|0|1|1|1|0|0|0|0|1|0|3852113883|3852113888|0|0|0|0|0|0|0|0|0|0
510|F1|0|2|0|1|1|1|0|0|0|0|1|0|3860107092|3860107097|0|0|0|0|0|0|0|0|0|0
511|F1|0|2|0|1|1|1|0|0|0|0|1|0|3871576292|3871576297|0|0|0|0|0|0|0|0|0|0
512|F1|0|2|0|1|1|1|0|0|0|0|1|0|3879437012|3879437017|0|0|0|0|0|0|0|0|0|0
513|F1|0|2|0|1|1|1|0|0|0|0|1|0|3887220708|3887220713|0|0|0|0|0|0|0|0|0|0
514|F1|0|2|0|1|1|1|0|0|0|0|1|0|3896935275|3896935280|0|0|0|0|0|0|0|0|0|0
515|F1|0|2|0|1|1|1|0|0|0|0|1|0|3906527718|3906527723|0|0|0|0|0|0|0|0|0|0
516|F1|0|2|0|1|1|1|0|0|0|0|1|0|3917226315|3917226320|0|0|0|0|0|0|0|0|0|0
517|F1|0|2|0|1|1|1|0|0|0|0|1|0|3927553147|3927553152|0|0|0|0|0|0|0|0|0|0
518|F1|0|2|0|1|1|1|0|0|0|0|1|0|3941467677|3941467682|0|0|0|0|0|0|0|0|0|0
519|F1|0|2|0|1|1|1|0|0|0|0|1|0|3951468133|3951468138|0|0|0|0|0|0|0|0|0|0
520|F1|0|2|0|1|1|1|0|0|0|0|1|0|3959836462|3959836467|0|0|0|0|0|0|0|0|0|0
521|F1|0|2|0|1|1|1|0|0|0|0|1|0|3966681860|3966681865|0|0|0|0|0|0|0|0|0|0
522|F1|0|2|0|1|1|1|0|0|0|0|1|0|3977848841|3977848846|0|0|0|0|0|0|0|0|0|0
523|F1|0|2|0|1|1|1|0|0|0|0|1|0|3985169697|3985169702|0|0|0|0|0|0|0|0|0|0
524|F1|0|2|0|1|1|1|0|0|0|0|1|0|3994100247|3994100252|0|0|0|0|0|0|0|0|0|0
525|F1|0|2|0|1|1|1|0|0|0|0|1|0|4003461318|4003461323|0|0|0|0|0|0|0|0|0|0
526|F1|0|2|0|1|1|1|0|0|0|0|1|0|4012469230|4012469235|0|0|0|0|0|0|0|0|0|0
527|F1|0|2|0|1|1|1|0|0|0|0|1|0|4020796669|4020796674|0|0|0|0|0|0|0|0|0|0
528|F1|0|2|0|1|1|1|0|0|0|0|1|0|4028737696|4028737701|0|0|0|0|0|0|0|0|0|0
529|F1|0|2|0|1|1|1|0|0|0|0|1|0|4039202086|4039202091|0|0|0|0|0|0|0|0|0|0
530|F1|0|2|0|1|1|1|0|0|0|0|1|0|4047599657|4047599662|0|0|0|0|0|0|0|0|0|0
531|F1|0|2|0|1|1|1|0|0|0|0|1|0|4056420937|4056420942|0|0|0|0|0|0|0|0|0|0
532|F1|0|2|0|1|1|1|0|0|0|0|1|0|4064494081|4064494086|0|0|0|0|0|0|0|0|0|0
533|F1|0|2|0|1|1|1|0|0|0|0|1|0|4076335995|4076336000|0|0|0|0|0|0|0|0|0|0
534|F1|0|2|0|1|1|1|0|0|0|0|1|0|4085231429|4085231434|0|0|0|0|0|0|0|0|0|0
535|F1|0|2|0|1|1|1|0|0|0|0|1|0|4093355799|4093355804|0|0|0|0|0|0|0|0|0|0
536|F1|0|2|0|1|1|1|0|0|0|0|1|0|4101968247|4101968252|0|0|0|0|0|0|0|0|0|0
537|F1|0|2|0|1|1|1|0|0|0|0|1|0|4110812143|4110812148|0|0|0|0|0|0|0|0|0|0
538|F1|0|2|0|1|1|1|0|0|0|0|1|0|4118451238|4118451243|0|0|0|0|0|0|0|0|0|0
539|F1|0|2|0|1|1|1|0|0|0|0|1|0|4126250894|4126250899|0|0|0|0|0|0|0|0|0|0
540|F1|0|2|0|1|1|1|0|0|0|0|1|0|4137113486|4137113491|0|0|0|0|0|0|0|0|0|0
541|F1|0|2|0|1|1|1|0|0|0|0|1|0|4146680271|4146680276|0|0|0|0|0|0|0|0|0|0
542|F1|0|2|0|1|1|1|0|0|0|0|1|0|4157586738|4157586743|0|0|0|0|0|0|0|0|0|0
543|F1|0|2|0|1|1|1|0|0|0|0|1|0|4163889092|4163889097|0|0|0|0|0|0|0|0|0|0
544|F1|0|2|0|1|1|1|0|0|0|0|1|0|4176651685|4176651690|0|0|0|0|0|0|0|0|0|0
545|F1|0|2|0|1|1|1|0|0|0|0|1|0|4186231264|4186231269|0|0|0|0|0|0|0|0|0|0
546|F1|0|2|0|1|1|1|0|0|0|0|1|0|4194583479|4194583484|0|0|0|0|0|0|0|0|0|0
547|F1|0|2|0|1|1|1|0|0|0|0|1|0|4201939677|4201939682|0|0|0|0|0|0|0|0|0|0
548|F1|0|2|0|1|1|1|0|0|0|0|1|0|4212672827|4212672832|0|0|0|0|0|0|0|0|0|0
549|F1|0|2|0|1|1|1|0|0|0|0|1|0|4223087877|4223087882|0|0|0|0|0|0|0|0|0|0
550|F1|0|2|0|1|1|1|0|0|0|0|1|0|4230019977|4230019982|0|0|0|0|0|0|0|0|0|0
551|F1|0|2|0|1|1|1|0|0|0|0|1|0|4237578606|4237578611|0|0|0|0|0|0|0|0|0|0
552|F1|0|2|0|1|1|1|0|0|0|0|1|0|4244928366|4244928371|0|0|0|0|0|0|0|0|0|0
553|F1|0|2|0|1|1|1|0|0|0|0|1|0|4252105266|4252105271|0|0|0|0|0|0|0|0|0|0
554|F1|0|2|0|1|1|1|0|0|0|0|1|0|4260479972|4260479977|0|0|0|0|0|0|0|0|0|0
555|F1|0|2|0|1|1|1|0|0|0|0|1|0|4267682272|4267682277|0|0|0|0|0|0|0|0|0|0
556|F1|0|2|0|1|1|1|0|0|0|0|1|0|4277008006|4277008011|0|0|0|0|0|0|0|0|0|0
557|F1|0|2|0|1|1|1|0|0|0|0|1|0|4284335544|4284335549|0|0|0|0|0|0|0|0|0|0
558|F1|0|2|0|1|1|1|0|0|0|0|1|0|4293176078|4293176083|0|0|0|0|0|0|0|0|0|0
559|F1|0|2|0|1|1|1|0|0|0|0|1|0|5918423|5918428|0|0|0|0|0|0|0|0|0|0
560|F1|0|2|0|1|1|1|0|0|0|0|1|0|15838717|15838722|0|0|0|0|0|0|0|0|0|0
561|F1|0|2|0|1|1|1|0|0|0|0|1|0|23169216|23169221|0|0|0|0|0|0|0|0|0|0
562|F1|0|2|0|1|1|1|0|0|0|0|1|0|30924096|30924101|0|0|0|0|0|0|0|0|0|0
563|F1|0|2|0|1|1|1|0|0|0|0|1|0|38903887|38903892|0|0|0|0|0|0|0|0|0|0
564|F1|0|2|0|1|1|1|0|0|0|0|1|0|48477350|48477355|0|0|0|0|0|0|0|0|0|0
565|F1|0|2|0|1|1|1|0|0|0|0|1|0|55676125|55676130|0|0|0|0|0|0|0|0|0|0
566|F1|0|2|0|1|1|1|0|0|0|0|1|0|62984366|62984371|0|0|0|0|0|0|0|0|0|0
567|F1|0|2|0|1|1|1|0|0|0|0|1|0|71491041|71491046|0|0|0|0|0|0|0|0|0|0
568|F1|0|2|0|1|1|1|0|0|0|0|1|0|82069806|82069811|0|0|0|0|0|0|0|0|0|0
569|F1|0|2|0|1|1|1|0|0|0|0|1|0|89821492|89821497|0|0|0|0|0|0|0|0|0|0
570|F1|0|2|0|1|1|1|0|0|0|0|1|0|98421112|98421117|0|0|0|0|0|0|0|0|0|0
571|F1|0|2|0|1|1|1|0|0|0|0|1|0|107859293|107859298|0|0|0|0|0|0|0|0|0|0
572|F1|0|2|0|1|1|1|0|0|0|0|1|0|116205917|116205922|0|0|0|0|0|0|0|0|0|0
573|F1|0|2|0|1|1|1|0|0|0|0|1|0|123385422|123385427|0|0|0|0|0|0|0|0|0|0
574|F1|0|2|0|1|1|1|0|0|0|0|1|0|129848436|129848441|0|0|0|0|0|0|0|0|0|0
575|F1|0|2|0|1|1|1|0|0|0|0|1|0|136096184|136096189|0|0|0|0|0|0|0|0|0|0
576|F1|0|2|0|1|1|1|0|0|0|0|1|0|144853259|144853264|0|0|0|0|0|0|0|0|0|0
577|F1|0|2|0|1|1|1|0|0|0|0|1|0|152437874|152437879|0|0|0|0|0|0|0|0|0|0
578|F1|0|2|0|1|1|1|0|0|0|0|1|0|161294548|161294553|0|0|0|0|0|0|0|0|0|0
579|F1|0|2|0|1|1|1|0|0|0|0|1|0|169511773|169511778|0|0|0|0|0|0|0|0|0|0
580|F1|0|2|0|1|1|1|0|0|0|0|1|0|180395780|180395785|0|0|0|0|0|0|0|0|0|0
581|F1|0|2|0|1|1|1|0|0|0|0|1|0|187992951|187992956|0|0|0|0|0|0|0|0|0|0
582|F1|0|2|0|1|1|1|0|0|0|0|1|0|194982885|194982890|0|0|0|0|0|0|0|0|0|0
583|F1|0|2|0|1|1|1|0|0|0|0|1|0|203888471|203888476|0|0|0|0|0|0|0|0|0|0
584|F1|0|2|0|1|1|1|0|0|0|0|1|0|211077618|211077623|0|0|0|0|0|0|0|0|0|0
585|F1|0|2|0|1|1|1|0|0|0|0|1|0|218523771|218523776|0|0|0|0|0|0|0|0|0|0
586|F1|0|2|0|1|1|1|0|0|0|0|1|0|226779593|226779598|0|0|0|0|0|0|0|0|0|0
587|F1|0|2|0|1|1|1|0|0|0|0|1|0|237329656|237329661|0|0|0|0|0|0|0|0|0|0
588|F1|0|2|0|1|1|1|0|0|0|0|1|0|245248128|245248133|0|0|0|0|0|0|0|0|0|0
589|F1|0|2|0|1|1|1|0|0|0|0|1|0|250763328|250763333|0|0|0|0|0|0|0|0|0|0
590|F1|0|2|0|1|1|1|0|0|0|0|1|0|256464873|256464878|0|0|0|0|0|0|0|0|0|0
591|F1|0|2|0|1|1|1|0|0|0|0|1|0|262966441|262966446|0|0|0|0|0|0|0|0|0|0
592|F1|0|2|0|1|1|1|0|0|0|0|1|0|270994388|270994393|0|0|0|0|0|0|0|0|0|0
593|F1|0|2|0|1|1|1|0|0|0|0|1|0|280336443|280336448|0|0|0|0|0|0|0|0|0|0
594|F1|0|2|0|1|1|1|0|0|0|0|1|0|288891332|288891337|0|0|0|0|0|0|0|0|0|0
595|F1|0|2|0|1|1|1|0|0|0|0|1|0|297475630|297475635|0|0|0|0|0|0|0|0|0|0
596|F1|0|2|0|1|1|1|0|0|0|0|1|0|304642272|304642277|0|0|0|0|0|0|0|0|0|0
597|F1|0|2|0|1|1|1|0|0|0|0|1|0|312567165|312567170|0|0|0|0|0|0|0|0|0|0
598|F1|0|2|0|1|1|1|0|0|0|0|1|0|320665867|320665872|0|0|0|0|0|0|0|0|0|0
599|F1|0|2|0|1|1|1|0|0|0|0|1|0|328848535|328848540|0|0|0|0|0|0|0|0|0|0
600|F1|0|2|0|1|1|1|0|0|0|0|1|0|337506254|337506259|0|0|0|0|0|0|0|0|0|0
601|F1|0|2|0|1|1|1|0|0|0|0|1|0|345418566|345418571|0|0|0|0|0|0|0|0|0|0
602|F1|0|2|0|1|1|1|0|0|0|0|1|0|353427291|353427296|0|0|0|0|0|0|0|0|0|0
603|F1|0|2|0|1|1|1|0|0|0|0|1|0|362746574|362746579|0|0|0|0|0|0|0|0|0|0
604|F1|0|2|0|1|1|1|0|0|0|0|1|0|371089167|371089172|0|0|0|0|0|0|0|0|0|0
605|F1|0|2|0|1|1|1|0|0|0|0|1|0|378936964|378936969|0|0|0|0|0|0|0|0|0|0
606|F1|0|2|0|1|1|1|0|0|0|0|1|0|386469883|386469888|0|0|0|0|0|0|0|0|0|0
607|F1|0|2|0|1|1|1|0|0|0|0|1|0|394285524|394285529|0|0|0|0|0|0|0|0|0|0
608|F1|0|2|0|1|1|1|0|0|0|0|1|0|402705225|402705230|0|0|0|0|0|0|0|0|0|0
609|F1|0|2|0|1|1|1|0|0|0|0|1|0|410578749|410578754|0|0|0|0|0|0|0|0|0|0
610|F1|0|2|0|1|1|1|0|0|0|0|1|0|417748916|417748921|0|0|0|0|0|0|0|0|0|0
611|F1|0|2|0|1|1|1|0|0|0|0|1|0|428064238|428064243|0|0|0|0|0|0|0|0|0|0
612|F1|0|2|0|1|1|1|0|0|0|0|1|0|435526533|435526538|0|0|0|0|0|0|0|0|0|0
613|F1|0|2|0|1|1|1|0|0|0|0|1|0|443718094|443718099|0|0|0|0|0|0|0|0|0|0
614|F1|0|2|0|1|1|1|0|0|0|0|1|0|451039099|451039104|0|0|0|0|0|0|0|0|0|0
615|F1|0|2|0|1|1|1|0|0|0|0|1|0|461155214|461155219|0|0|0|0|0|0|0|0|0|0
616|F1|0|2|0|1|1|1|0|0|0|0|1|0|469652009|469652014|0|0|0|0|0|0|0|0|0|0
617|F1|0|2|0|1|1|1|0|0|0|0|1|0|477531909|477531914|0|0|0|0|0|0|0|0|0|0
618|F1|0|2|0|1|1|1|0|0|0|0|1|0|486164421|486164426|0|0|0|0|0|0|0|0|0|0
619|F1|0|2|0|1|1|1|0|0|0|0|1|0|494256381|494256386|0|0|0|0|0|0|0|0|0|0
620|F1|0|2|0|1|1|1|0|0|0|0|1|0|503919462|503919467|0|0|0|0|0|0|0|0|0|0
621|F1|0|2|0|1|1|1|0|0|0|0|1|0|510986647|510986652|0|0|0|0|0|0|0|0|0|0
622|F1|0|2|0|1|1|1|0|0|0|0|1|0|517623165|517623170|0|0|0|0|0|0|0|0|0|0
623|F1|0|2|0|1|1|1|0|0|0|0|1|0|525660660|525660665|0|0|0|0|0|0|0|0|0|0
624|F1|0|2|0|1|1|1|0|0|0|0|1|0|533797620|533797625|0|0|0|0|0|0|0|0|0|0
625|F1|0|2|0|1|1|1|0|0|0|0|1|0|541706487|541706492|0|0|0|0|0|0|0|0|0|0
626|F1|0|2|0|1|1|1|0|0|0|0|1|0|547854688|547854693|0|0|0|0|0|0|0|0|0|0
627|F1|0|2|0|1|1|1|0|0|0|0|1|0|556804489|556804494|0|0|0|0|0|0|0|0|0|0
628|F1|0|2|0|1|1|1|0|0|0|0|1|0|563968196|563968201|0|0|0|0|0|0|0|0|0|0
629|F1|0|2|0|1|1|1|0|0|0|0|1|0|572211168|572211173|0|0|0|0|0|0|0|0|0|0
630|F1|0|2|0|1|1|1|0|0|0|0|1|0|581225271|581225276|0|0|0|0|0|0|0|0|0|0
631|F1|0|2|0|1|1|1|0|0|0|0|1|0|589108532|589108537|0|0|0|0|0|0|0|0|0|0
632|F1|0|2|0|1|1|1|0|0|0|0|1|0|598096900|598096905|0|0|0|0|0|0|0|0|0|0
633|F1|0|2|0|1|1|1|0|0|0|0|1|0|605832228|605832233|0|0|0|0|0|0|0|0|0|0
634|F1|0|2|0|1|1|1|0|0|0|0|1|0|613201611|613201616|0|0|0|0|0|0|0|0|0|0
635|F1|0|2|0|1|1|1|0|0|0|0|1|0|622826149|622826154|0|0|0|0|0|0|0|0|0|0
636|F1|0|2|0|1|1|1|0|0|0|0|1|0|630735686|630735691|0|0|0|0|0|0|0|0|0|0
637|F1|0|2|0|1|1|1|0|0|0|0|1|0|637793138|637793143|0|0|0|0|0|0|0|0|0|0
638|F1|0|2|0|1|1|1|0|0|0|0|1|0|646595165|646595170|0|0|0|0|0|0|0|0|0|0
639|F1|0|2|0|1|1|1|0|0|0|0|1|0|655683168|655683173|0|0|0|0|0|0|0|0|0|0
640|F1|0|2|0|1|1|1|0|0|0|0|1|0|663026510|663026515|0|0|0|0|0|0|0|0|0|0
641|F1|0|2|0|1|1|1|0|0|0|0|1|0|672085563|672085568|0|0|0|0|0|0|0|0|0|0
642|F1|0|2|0|1|1|1|0|0|0|0|1|0|679824102|679824107|0|0|0|0|0|0|0|0|0|0
643|F1|0|2|0|1|1|1|0|0|0|0|1|0|687424494|687424499|0|0|0|0|0|0|0|0|0|0
644|F1|0|2|0|1|1|1|0|0|0|0|1|0|695154054|695154059|0|0|0|0|0|0|0|0|0|0
645|F1|0|2|0|1|1|1|0|0|0|0|1|0|702799421|702799426|0|0|0|0|0|0|0|0|0|0
646|F1|0|2|0|1|1|1|0|0|0|0|1|0|709885998|709886003|0|0|0|0|0|0|0|0|0|0
647|F1|0|2|0|1|1|1|0|0|0|0|1|0|720840727|720840732|0|0|0|0|0|0|0|0|0|0
648|F1|0|2|0|1|1|1|0|0|0|0|1|0|728392919|728392924|0|0|0|0|0|0|0|0|0|0
649|F1|0|2|0|1|1|1|0|0|0|0|1|0|735533856|735533861|0|0|0|0|0|0|0|0|0|0
650|F1|0|2|0|1|1|1|0|0|0|0|1|0|742931965|742931970|0|0|0|0|0|0|0|0|0|0
651|F1|0|2|0|1|1|1|0|0|0|0|1|0|752839492|752839497|0|0|0|0|0|0|0|0|0|0
652|F1|0|2|0|1|1|1|0|0|0|0|1|0|760918921|760918926|0|0|0|0|0|0|0|0|0|0
653|F1|0|2|0|1|1|1|0|0|0|0|1|0|768773138|768773143|0|0|0|0|0|0|0|0|0|0
654|F1|0|2|0|1|1|1|0|0|0|0|1|0|777579150|777579155|0|0|0|0|0|0|0|0|0|0
655|F1|0|2|0|1|1|1|0|0|0|0|1|0|785774066|785774071|0|0|0|0|0|0|0|0|0|0
656|F1|0|2|0|1|1|1|0|0|0|0|1|0|793991351|793991356|0|0|0|0|0|0|0|0|0|0
657|F1|0|2|0|1|1|1|0|0|0|0|1|0|802995799|802995804|0|0|0|0|0|0|0|0|0|0
658|F1|0|2|0|1|1|1|0|0|0|0|1|0|811402638|811402643|0|0|0|0|0|0|0|0|0|0
659|F1|0|2|0|1|1|1|0|0|0|0|1|0|819848064|819848069|0|0|0|0|0|0|0|0|0|0
660|F1|0|2|0|1|1|1|0|0|0|0|1|0|827978597|827978602|0|0|0|0|0|0|0|0|0|0
661|F1|0|2|0|1|1|1|0|0|0|0|1|0|837063406|837063411|0|0|0|0|0|0|0|0|0|0
662|F1|0|2|0|1|1|1|0|0|0|0|1|0|846199607|846199612|0|0|0|0|0|0|0|0|0|0
663|F1|0|2|0|1|1|1|0|0|0|0|1|0|853620228|853620233|0|0|0|0|0|0|0|0|0|0
664|F1|0|2|0|1|1|1|0|0|0|0|1|0|862171933|862171938|0|0|0|0|0|0|0|0|0|0
665|F1|0|2|0|1|1|1|0|0|0|0|1|0|871513700|871513705|0|0|0|0|0|0|0|0|0|0
666|F1|0|2|0|1|1|1|0|0|0|0|1|0|881430565|881430570|0|0|0|0|0|0|0|0|0|0
667|F1|0|2|0|1|1|1|0|0|0|0|1|0|889657465|889657470|0|0|0|0|0|0|0|0|0|0
668|F1|0|2|0|1|1|1|0|0|0|0|1|0|897720692|897720697|0|0|0|0|0|0|0|0|0|0
669|F1|0|2|0|1|1|1|0|0|0|0|1|0|905568635|905568640|0|0|0|0|0|0|0|0|0|0
670|F1|0|2|0|1|1|1|0|0|0|0|1|0|913795540|913795545|0|0|0|0|0|0|0|0|0|0
671|F1|0|2|0|1|1|1|0|0|0|0|1|0|920808100|920808105|0|0|0|0|0|0|0|0|0|0
672|F1|0|2|0|1|1|1|0|0|0|0|1|0|927913710|927913715|0|0|0|0|0|0|0|0|0|0
673|F1|0|2|0|1|1|1|0|0|0|0|1|0|935822542|935822547|0|0|0|0|0|0|0|0|0|0
674|F1|0|2|0|1|1|1|0|0|0|0|1|0|944239293|944239298|0|0|0|0|0|0|0|0|0|0
675|F1|0|2|0|1|1|1|0|0|0|0|1|0|951075022|951075027|0|0|0|0|0|0|0|0|0|0
676|F1|0|2|0|1|1|1|0|0|0|0|1|0|959697149|959697154|0|0|0|0|0|0|0|0|0|0
677|F1|0|2|0|1|1|1|0|0|0|0|1|0|968460613|968460618|0|0|0|0|0|0|0|0|0|0
678|F1|0|2|0|1|1|1|0|0|0|0|1|0|977458612|977458617|0|0|0|0|0|0|0|0|0|0
679|F1|0|2|0|1|1|1|0|0|0|0|1|0|984557787|984557792|0|0|0|0|0|0|0|0|0|0
680|F1|0|2|0|1|1|1|0|0|0|0|1|0|991534894|991534899|0|0|0|0|0|0|0|0|0|0
681|F1|0|2|0|1|1|1|0|0|0|0|1|0|999369819|999369824|0|0|0|0|0|0|0|0|0|0
682|F1|0|2|0|1|1|1|0|0|0|0|1|0|1008072541|1008072546|0|0|0|0|0|0|0|0|0|0
683|F1|0|2|0|1|1|1|0|0|0|0|1|0|1016890615|1016890620|0|0|0|0|0|0|0|0|0|0
684|F1|0|2|0|1|1|1|0|0|0|0|1|0|1026068549|1026068554|0|0|0|0|0|0|0|0|0|0
685|F1|0|2|0|1|1|1|0|0|0|0|1|0|1033983782|1033983787|0|0|0|0|0|0|0|0|0|0
686|F1|0|2|0|1|1|1|0|0|0|0|1|0|1041381903|1041381908|0|0|0|0|0|0|0|0|0|0
687|F1|0|2|0|1|1|1|0|0|0|0|1|0|1051324507|1051324512|0|0|0|0|0|0|0|0|0|0
688|F1|0|2|0|1|1|1|0|0|0|0|1|0|1058597437|1058597442|0|0|0|0|0|0|0|0|0|0
689|F1|0|2|0|1|1|1|0|0|0|0|1|0|1066943844|1066943849|0|0|0|0|0|0|0|0|0|0
690|F1|0|2|0|1|1|1|0|0|0|0|1|0|1075636660|1075636665|0|0|0|0|0|0|0|0|0|0
691|F1|0|2|0|1|1|1|0|0|0|0|1|0|1083561588|1083561593|0|0|0|0|0|0|0|0|0|0
692|F1|0|2|0|1|1|1|0|0|0|0|1|0|1091933092|1091933097|0|0|0|0|0|0|0|0|0|0
693|F1|0|2|0|1|1|1|0|0|0|0|1|0|1100719232|1100719237|0|0|0|0|0|0|0|0|0|0
694|F1|0|2|0|1|1|1|0|0|0|0|1|0|1109360617|1109360622|0|0|0|0|0|0|0|0|0|0
695|F1|0|2|0|1|1|1|0|0|0|0|1|0|1117099499|1117099504|0|0|0|0|0|0|0|0|0|0
696|F1|0|2|0|1|1|1|0|0|0|0|1|0|1125544873|1125544878|0|0|0|0|0|0|0|0|0|0
697|F1|0|2|0|1|1|1|0|0|0|0|1|0|1135493917|1135493922|0|0|0|0|0|0|0|0|0|0
698|F1|0|2|0|1|1|1|0|0|0|0|1|0|1143360983|1143360988|0|0|0|0|0|0|0|0|0|0
699|F1|0|2|0|1|1|1|0|0|0|0|1|0|1150434597|1150434602|0|0|0|0|0|0|0|0|0|0
700|F1|0|2|0|1|1|1|0|0|0|0|1|0|1157453454|1157453459|0|0|0|0|0|0|0|0|0|0
701|F1|0|2|0|1|1|1|0|0|0|0|1|0|1166708494|1166708499|0|0|0|0|0|0|0|0|0|0
702|F1|0|2|0|1|1|1|0|0|0|0|1|0|1174704105|1174704110|0|0|0|0|0|0|0|0|0|0
703|F1|0|2|0|1|1|1|0|0|0|0|1|0|1182343357|1182343362|0|0|0|0|0|0|0|0|0|0
704|F1|0|2|0|1|1|1|0|0|0|0|1|0|1190804814|1190804819|0|0|0|0|0|0|0|0|0|0
705|F1|0|2|0|1|1|1|0|0|0|0|1|0|1200092000|1200092005|0|0|0|0|0|0|0|0|0|0
706|F1|0|2|0|1|1|1|0|0|0|0|1|0|1207422487|1207422492|0|0|0|0|0|0|0|0|0|0
707|F1|0|2|0|1|1|1|0|0|0|0|1|0|1213438900|1213438905|0|0|0|0|0|0|0|0|0|0
708|F1|0|2|0|1|1|1|0|0|0|0|1|0|1220535041|1220535046|0|0|0|0|0|0|0|0|0|0
709|F1|0|2|0|1|1|1|0|0|0|0|1|0|1230130660|1230130665|0|0|0|0|0|0|0|0|0|0
710|F1|0|2|0|1|1|1|0|0|0|0|1|0|1236397691|1236397696|0|0|0|0|0|0|0|0|0|0
711|F1|0|2|0|1|1|1|0|0|0|0|1|0|1243654603|1243654608|0|0|0|0|0|0|0|0|0|0
712|F1|0|2|0|1|1|1|0|0|0|0|1|0|1251309897|1251309902|0|0|0|0|0|0|0|0|0|0
713|F1|0|2|0|1|1|1|0|0|0|0|1|0|1260622779|1260622784|0|0|0|0|0|0|0|0|0|0
714|F1|0|2|0|1|1|1|0|0|0|0|1|0|1269640216|1269640221|0|0|0|0|0|0|0|0|0|0
715|F1|0|2|0|1|1|1|0|0|0|0|1|0|1277603819|1277603824|0|0|0|0|0|0|0|0|0|0
716|F1|0|2|0|1|1|1|0|0|0|0|1|0|1284529501|1284529506|0|0|0|0|0|0|0|0|0|0
717|F1|0|2|0|1|1|1|0|0|0|0|1|0|1294912902|1294912907|0|0|0|0|0|0|0|0|0|0
718|F1|0|2|0|1|1|1|0|0|0|0|1|0|1302542342|1302542347|0|0|0|0|0|0|0|0|0|0
719|F1|0|2|0|1|1|1|0|0|0|0|1|0|1309413396|1309413401|0|0|0|0|0|0|0|0|0|0
720|F1|0|2|0|1|1|1|0|0|0|0|1|0|1317810583|1317810588|0|0|0|0|0|0|0|0|0|0
721|F1|0|2|0|1|1|1|0|0|0|0|1|0|1326539012|1326539017|0|0|0|0|0|0|0|0|0|0
722|F1|0|2|0|1|1|1|0|0|0|0|1|0|1334187851|1334187856|0|0|0|0|0|0|0|0|0|0
723|F1|0|2|0|1|1|1|0|0|0|0|1|0|1342093469|1342093474|0|0|0|0|0|0|0|0|0|0
724|F1|0|2|0|1|1|1|0|0|0|0|1|0|1349706685|1349706690|0|0|0|0|0|0|0|0|0|0
725|F1|0|2|0|1|1|1|0|0|0|0|1|0|1360411026|1360411031|0|0|0|0|0|0|0|0|0|0
726|F1|0|2|0|1|1|1|0|0|0|0|1|0|1369858840|1369858845|0|0|0|0|0|0|0|0|0|0
727|F1|0|2|0|1|1|1|0|0|0|0|1|0|1375817409|1375817414|0|0|0|0|0|0|0|0|0|0
728|F1|0|2|0|1|1|1|0|0|0|0|1|0|1384204969|1384204974|0|0|0|0|0|0|0|0|0|0
729|F1|0|2|0|1|1|1|0|0|0|0|1|0|1392261723|1392261728|0|0|0|0|0|0|0|0|0|0
730|F1|0|2|0|1|1|1|0|0|0|0|1|0|1399711095|1399711100|0|0|0|0|0|0|0|0|0|0
731|F1|0|2|0|1|1|1|0|0|0|0|1|0|1407009614|1407009619|0|0|0|0|0|0|0|0|0|0
732|F1|0|2|0|1|1|1|0|0|0|0|1|0|1414577870|1414577875|0|0|0|0|0|0|0|0|0|0
733|F1|0|2|0|1|1|1|0|0|0|0|1|0|1423572811|1423572816|0|0|0|0|0|0|0|0|0|0
734|F1|0|2|0|1|1|1|0|0|0|0|1|0|1430562743|1430562748|0|0|0|0|0|0|0|0|0|0
735|F1|0|2|0|1|1|1|0|0|0|0|1|0|1440061976|1440061981|0|0|0|0|0|0|0|0|0|0
736|F1|0|2|0|1|1|1|0|0|0|0|1|0|1447871214|1447871219|0|0|0|0|0|0|0|0|0|0
737|F1|0|2|0|1|1|1|0|0|0|0|1|0|1456718365|1456718370|0|0|0|0|0|0|0|0|0|0
738|F1|0|2|0|1|1|1|0|0|0|0|1|0|1464717166|1464717171|0|0|0|0|0|0|0|0|0|0
739|F1|0|2|0|1|1|1|0|0|0|0|1|0|1472680658|1472680663|0|0|0|0|0|0|0|0|0|0
740|F1|0|2|0|1|1|1|0|0|0|0|1|0|1479931092|1479931097|0|0|0|0|0|0|0|0|0|0
741|F1|0|2|0|1|1|1|0|0|0|0|1|0|1490509853|1490509858|0|0|0|0|0|0|0|0|0|0
742|F1|0|2|0|1|1|1|0|0|0|0|1|0|1497830738|1497830743|0|0|0|0|0|0|0|0|0|0
743|F1|0|2|0|1|1|1|0|0|0|0|1|0|1506369339|1506369344|0|0|0|0|0|0|0|0|0|0
744|F1|0|2|0|1|1|1|0|0|0|0|1|0|1514818021|1514818026|0|0|0|0|0|0|0|0|0|0
745|F1|0|2|0|1|1|1|0|0|0|0|1|0|1523729317|1523729322|0|0|0|0|0|0|0|0|0|0
746|F1|0|2|0|1|1|1|0|0|0|0|1|0|1533167502|1533167507|0|0|0|0|0|0|0|0|0|0
747|F1|0|2|0|1|1|1|0|0|0|0|1|0|1541089184|1541089189|0|0|0|0|0|0|0|0|0|0
748|F1|0|2|0|1|1|1|0|0|0|0|1|0|1548031005|1548031010|0|0|0|0|0|0|0|0|0|0
749|F1|0|2|0|1|1|1|0|0|0|0|1|0|1556068358|1556068363|0|0|0|0|0|0|0|0|0|0
750|F1|0|2|0|1|1|1|0|0|0|0|1|0|1564192509|1564192514|0|0|0|0|0|0|0|0|0|0
751|F1|0|2|0|1|1|1|0|0|0|0|1|0|1571365716|1571365721|0|0|0|0|0|0|0|0|0|0
752|F1|0|2|0|1|1|1|0|0|0|0|1|0|1579068928|1579068933|0|0|0|0|0|0|0|0|0|0
753|F1|0|2|0|1|1|1|0|0|0|0|1|0|1586467173|1586467178|0|0|0|0|0|0|0|0|0|0
754|F1|0|2|0|1|1|1|0|0|0|0|1|0|1593849477|1593849482|0|0|0|0|0|0|0|0|0|0
755|F1|0|2|0|1|1|1|0|0|0|0|1|0|1601462711|1601462716|0|0|0|0|0|0|0|0|0|0
756|F1|0|2|0|1|1|1|0|0|0|0|1|0|1609827781|1609827786|0|0|0|0|0|0|0|0|0|0
757|F1|0|2|0|1|1|1|0|0|0|0|1|0|1618270269|1618270274|0|0|0|0|0|0|0|0|0|0
758|F1|0|2|0|1|1|1|0|0|0|0|1|0|1624945321|1624945326|0|0|0|0|0|0|0|0|0|0
759|F1|0|2|0|1|1|1|0|0|0|0|1|0|1633438894|1633438899|0|0|0|0|0|0|0|0|0|0
760|F1|0|2|0|1|1|1|0|0|0|0|1|0|1642587896|1642587901|0|0|0|0|0|0|0|0|0|0
761|F1|0|2|0|1|1|1|0|0|0|0|1|0|1650162871|1650162876|0|0|0|0|0|0|0|0|0|0
762|F1|0|2|0|1|1|1|0|0|0|0|1|0|1658521760|1658521765|0|0|0|0|0|0|0|0|0|0
763|F1|0|2|0|1|1|1|0|0|0|0|1|0|1667021801|1667021806|0|0|0|0|0|0|0|0|0|0
764|F1|0|2|0|1|1|1|0|0|0|0|1|0|1676283364|1676283369|0|0|0|0|0|0|0|0|0|0
765|F1|0|2|0|1|1|1|0|0|0|0|1|0|1684224619|1684224624|0|0|0|0|0|0|0|0|0|0
766|F1|0|2|0|1|1|1|0|0|0|0|1|0|1692078968|1692078973|0|0|0|0|0|0|0|0|0|0
767|F1|0|2|0|1|1|1|0|0|0|0|1|0|1700717419|1700717424|0|0|0|0|0|0|0|0|0|0
768|F1|0|2|0|1|1|1|0|0|0|0|1|0|1710817458|1710817463|0|0|0|0|0|0|0|0|0|0
769|F1|0|2|0|1|1|1|0|0|0|0|1|0|1717919965|1717919970|0|0|0|0|0|0|0|0|0|0
770|F1|0|2|0|1|1|1|0|0|0|0|1|0|1724903497|1724903502|0|0|0|0|0|0|0|0|0|0
771|F1|0|2|0|1|1|1|0|0|0|0|1|0|1732121853|1732121858|0|0|0|0|0|0|0|0|0|0
772|F1|0|2|0|1|1|1|0|0|0|0|1|0|1742115855|1742115860|0|0|0|0|0|0|0|0|0|0
773|F1|0|2|0|1|1|1|0|0|0|0|1|0|1749195886|1749195891|0|0|0|0|0|0|0|0|0|0
774|F1|0|2|0|1|1|1|0|0|0|0|1|0|1756153693|1756153698|0|0|0|0|0|0|0|0|0|0
775|F1|0|2|0|1|1|1|0|0|0|0|1|0|1763314039|1763314044|0|0|0|0|0|0|0|0|0|0
776|F1|0|2|0|1|1|1|0|0|0|0|1|0|1772016733|1772016738|0|0|0|0|0|0|0|0|0|0
777|F1|0|2|0|1|1|1|0|0|0|0|1|0|1779488609|1779488614|0|0|0|0|0|0|0|0|0|0
778|F1|0|2|0|1|1|1|0|0|0|0|1|0|1785183732|1785183737|0|0|0|0|0|0|0|0|0|0
779|F1|0|2|0|1|1|1|0|0|0|0|1|0|1793625908|1793625913|0|0|0|0|0|0|0|0|0|0
780|F1|0|2|0|1|1|1|0|0|0|0|1|0|1804024750|1804024755|0|0|0|0|0|0|0|0|0|0
781|F1|0|2|0|1|1|1|0|0|0|0|1|0|1811207700|1811207705|0|0|0|0|0|0|0|0|0|0
782|F1|0|2|0|1|1|1|0|0|0|0|1|0|1818815028|1818815033|0|0|0|0|0|0|0|0|0|0
783|F1|0|2|0|1|1|1|0|0|0|0|1|0|1826081298|1826081303|0|0|0|0|0|0|0|0|0|0
784|F1|0|2|0|1|1|1|0|0|0|0|1|0|1835834388|1835834393|0|0|0|0|0|0|0|0|0|0
785|F1|0|2|0|1|1|1|0|0|0|0|1|0|1843251639|1843251644|0|0|0|0|0|0|0|0|0|0
786|F1|0|2|0|1|1|1|0|0|0|0|1|0|1851347133|1851347138|0|0|0|0|0|0|0|0|0|0
787|F1|0|2|0|1|1|1|0|0|0|0|1|0|1860039901|1860039906|0|0|0|0|0|0|0|0|0|0
788|F1|0|2|0|1|1|1|0|0|0|0|1|0|1868533446|1868533451|0|0|0|0|0|0|0|0|0|0
789|F1|0|2|0|1|1|1|0|0|0|0|1|0|1877207232|1877207237|0|0|0|0|0|0|0|0|0|0
790|F1|0|2|0|1|1|1|0|0|0|0|1|0|1885999621|1885999626|0|0|0|0|0|0|0|0|0|0
791|F1|0|2|0|1|1|1|0|0|0|0|1|0|1894088622|1894088627|0|0|0|0|0|0|0|0|0|0
792|F1|0|2|0|1|1|1|0|0|0|0|1|0|1903494674|1903494679|0|0|0|0|0|0|0|0|0|0
793|F1|0|2|0|1|1|1|0|0|0|0|1|0|1910873399|1910873404|0|0|0|0|0|0|0|0|0|0
794|F1|0|2|0|1|1|1|0|0|0|0|1|0|1918798569|1918798574|0|0|0|0|0|0|0|0|0|0
795|F1|0|2|0|1|1|1|0|0|0|0|1|0|1926916274|1926916279|0|0|0|0|0|0|0|0|0|0
796|F1|0|2|0|1|1|1|0|0|0|0|1|0|1935600093|1935600098|0|0|0|0|0|0|0|0|0|0
797|F1|0|2|0|1|1|1|0|0|0|0|1|0|1943332206|1943332211|0|0|0|0|0|0|0|0|0|0
798|F1|0|2|0|1|1|1|0|0|0|0|1|0|1950987360|1950987365|0|0|0|0|0|0|0|0|0|0
799|F1|0|2|0|1|1|1|0|0|0|0|1|0|1958970109|1958970114|0|0|0|0|0|0|0|0|0|0
800|F1|0|2|0|1|1|1|0|0|0|0|1|0|1968568939|1968568944|0|0|0|0|0|0|0|0|0|0
801|F1|0|2|0|1|1|1|0|0|0|0|1|0|1975831982|1975831987|0|0|0|0|0|0|0|0|0|0
802|F1|0|2|0|1|1|1|0|0|0|0|1|0|1983538525|1983538530|0|0|0|0|0|0|0|0|0|0
803|F1|0|2|0|1|1|1|0|0|0|0|1|0|1993134950|1993134955|0|0|0|0|0|0|0|0|0|0
804|F1|0|2|0|1|1|1|0|0|0|0|1|0|1999639726|1999639731|0|0|0|0|0|0|0|0|0|0
805|F1|0|2|0|1|1|1|0|0|0|0|1|0|2006591108|2006591113|0|0|0|0|0|0|0|0|0|0
806|F1|0|2|0|1|1|1|0|0|0|0|1|0|2013548907|2013548912|0|0|0|0|0|0|0|0|0|0
807|F1|0|2|0|1|1|1|0|0|0|0|1|0|2019832308|2019832313|0|0|0|0|0|0|0|0|0|0
808|F1|0|2|0|1|1|1|0|0|0|0|1|0|2029582459|2029582464|0|0|0|0|0|0|0|0|0|0
809|F1|0|2|0|1|1|1|0|0|0|0|1|0|2037504422|2037504427|0|0|0|0|0|0|0|0|0|0
810|F1|0|2|0|1|1|1|0|0|0|0|1|0|2045239895|2045239900|0|0|0|0|0|0|0|0|0|0
811|F1|0|2|0|1|1|1|0|0|0|0|1|0|2053312622|2053312627|0|0|0|0|0|0|0|0|0|0
812|F1|0|2|0|1|1|1|0|0|0|0|1|0|2065369344|2065369349|0|0|0|0|0|0|0|0|0|0
813|F1|0|2|0|1|1|1|0|0|0|0|1|0|2072613362|2072613367|0|0|0|0|0|0|0|0|0|0
814|F1|0|2|0|1|1|1|0|0|0|0|1|0|2081955188|2081955193|0|0|0|0|0|0|0|0|0|0
815|F1|0|2|0|1|1|1|0|0|0|0|1|0|2091504105|2091504110|0|0|0|0|0|0|0|0|0|0
816|F1|0|2|0|1|1|1|0|0|0|0|1|0|2099252294|2099252299|0|0|0|0|0|0|0|0|0|0
817|F1|0|2|0|1|1|1|0|0|0|0|1|0|2105451851|2105451856|0|0|0|0|0|0|0|0|0|0
818|F1|0|2|0|1|1|1|0|0|0|0|1|0|2113235384|2113235389|0|0|0|0|0|0|0|0|0|0
819|F1|0|2|0|1|1|1|0|0|0|0|1|0|2121079965|2121079970|0|0|0|0|0|0|0|0|0|0
820|F1|0|2|0|1|1|1|0|0|0|0|1|0|2131144699|2131144704|0|0|0|0|0|0|0|0|0|0
821|F1|0|2|0|1|1|1|0|0|0|0|1|0|2139982086|2139982091|0|0|0|0|0|0|0|0|0|0
822|F1|0|2|0|1|1|1|0|0|0|0|1|0|2146988221|2146988226|0|0|0|0|0|0|0|0|0|0
823|F1|0|2|0|1|1|1|0|0|0|0|1|0|2154297006|2154297011|0|0|0|0|0|0|0|0|0|0
824|F1|0|2|0|1|1|1|0|0|0|0|1|0|2164079092|2164079097|0|0|0|0|0|0|0|0|0|0
825|F1|0|2|0|1|1|1|0|0|0|0|1|0|2172084349|2172084354|0|0|0|0|0|0|0|0|0|0
826|F1|0|2|0|1|1|1|0|0|0|0|1|0|2179051826|2179051831|0|0|0|0|0|0|0|0|0|0
827|F1|0|2|0|1|1|1|0|0|0|0|1|0|2186067709|2186067714|0|0|0|0|0|0|0|0|0|0
828|F1|0|2|0|1|1|1|0|0|0|0|1|0|2194715508|2194715513|0|0|0|0|0|0|0|0|0|0
829|F1|0|2|0|1|1|1|0|0|0|0|1|0|2202357972|2202357977|0|0|0|0|0|0|0|0|0|0
830|F1|0|2|0|1|1|1|0|0|0|0|1|0|2210543639|2210543644|0|0|0|0|0|0|0|0|0|0
831|F1|0|2|0|1|1|1|0|0|0|0|1|0|2218307895|2218307900|0|0|0|0|0|0|0|0|0|0
832|F1|0|2|0|1|1|1|0|0|0|0|1|0|2226454473|2226454478|0|0|0|0|0|0|0|0|0|0
833|F1|0|2|0|1|1|1|0|0|0|0|1|0|2233933025|2233933030|0|0|0|0|0|0|0|0|0|0
834|F1|0|2|0|1|1|1|0|0|0|0|1|0|2242416937|2242416942|0|0|0|0|0|0|0|0|0|0
835|F1|0|2|0|1|1|1|0|0|0|0|1|0|2251354519|2251354524|0|0|0|0|0|0|0|0|0|0
836|F1|0|2|0|1|1|1|0|0|0|0|1|0|2261085093|2261085098|0|0|0|0|0|0|0|0|0|0
837|F1|0|2|0|1|1|1|0|0|0|0|1|0|2268705024|2268705029|0|0|0|0|0|0|0|0|0|0
838|F1|0|2|0|1|1|1|0|0|0|0|1|0|2277160046|2277160051|0|0|0|0|0|0|0|0|0|0
839|F1|0|2|0|1|1|1|0|0|0|0|1|0|2285984558|2285984563|0|0|0|0|0|0|0|0|0|0
840|F1|0|2|0|1|1|1|0|0|0|0|1|0|2294176596|2294176601|0|0|0|0|0|0|0|0|0|0
841|F1|0|2|0|1|1|1|0|0|0|0|1|0|2301982843|2301982848|0|0|0|0|0|0|0|0|0|0
842|F1|0|2|0|1|1|1|0|0|0|0|1|0|2309162337|2309162342|0|0|0|0|0|0|0|0|0|0
843|F1|0|2|0|1|1|1|0|0|0|0|1|0|2317871209|2317871214|0|0|0|0|0|0|0|0|0|0
844|F1|0|2|0|1|1|1|0|0|0|0|1|0|2325561541|2325561546|0|0|0|0|0|0|0|0|0|0
845|F1|0|2|0|1|1|1|0|0|0|0|1|0|2333483215|2333483220|0|0|0|0|0|0|0|0|0|0
846|F1|0|2|0|1|1|1|0|0|0|0|1|0|2342095680|2342095685|0|0|0|0|0|0|0|0|0|0
847|F1|0|2|0|1|1|1|0|0|0|0|1|0|2350171579|2350171584|0|0|0|0|0|0|0|0|0|0
848|F1|0|2|0|1|1|1|0|0|0|0|1|0|2358703716|2358703721|0|0|0|0|0|0|0|0|0|0
849|F1|0|2|0|1|1|1|0|0|0|0|1|0|2365404471|2365404476|0|0|0|0|0|0|0|0|0|0
850|F1|0|2|0|1|1|1|0|0|0|0|1|0|2372831689|2372831694|0|0|0|0|0|0|0|0|0|0
851|F1|0|2|0|1|1|1|0|0|0|0|1|0|2383124644|2383124649|0|0|0|0|0|0|0|0|0|0
852|F1|0|2|0|1|1|1|0|0|0|0|1|0|2390757188|2390757193|0|0|0|0|0|0|0|0|0|0
853|F1|0|2|0|1|1|1|0|0|0|0|1|0|2398756261|2398756266|0|0|0|0|0|0|0|0|0|0
854|F1|0|2|0|1|1|1|0|0|0|0|1|0|2406748865|2406748870|0|0|0|0|0|0|0|0|0|0
855|F1|0|2|0|1|1|1|0|0|0|0|1|0|2417176631|2417176636|0|0|0|0|0|0|0|0|0|0
856|F1|0|2|0|1|1|1|0|0|0|0|1|0|2424876882|2424876887|0|0|0|0|0|0|0|0|0|0
857|F1|0|2|0|1|1|1|0|0|0|0|1|0|2432818007|2432818012|0|0|0|0|0|0|0|0|0|0
858|F1|0|2|0|1|1|1|0|0|0|0|1|0|2442333300|2442333305|0|0|0|0|0|0|0|0|0|0
859|F1|0|2|0|1|1|1|0|0|0|0|1|0|2450900788|2450900793|0|0|0|0|0|0|0|0|0|0
860|F1|0|2|0|1|1|1|0|0|0|0|1|0|2459063799|2459063804|0|0|0|0|0|0|0|0|0|0
861|F1|0|2|0|1|1|1|0|0|0|0|1|0|2466301175|2466301180|0|0|0|0|0|0|0|0|0|0
862|F1|0|2|0|1|1|1|0|0|0|0|1|0|2474679092|2474679097|0|0|0|0|0|0|0|0|0|0
863|F1|0|2|0|1|1|1|0|0|0|0|1|0|2482279471|2482279476|0|0|0|0|0|0|0|0|0|0
864|F1|0|2|0|1|1|1|0|0|0|0|1|0|2490798772|2490798777|0|0|0|0|0|0|0|0|0|0
865|F1|0|2|0|1|1|1|0|0|0|0|1|0|2497962487|2497962492|0|0|0|0|0|0|0|0|0|0
866|F1|0|2|0|1|1|1|0|0|0|0|1|0|2504811049|2504811054|0|0|0|0|0|0|0|0|0|0
867|F1|0|2|0|1|1|1|0|0|0|0|1|0|2511213024|2511213029|0|0|0|0|0|0|0|0|0|0
868|F1|0|2|0|1|1|1|0|0|0|0|1|0|2518916500|2518916505|0|0|0|0|0|0|0|0|0|0
869|F1|0|2|0|1|1|1|0|0|0|0|1|0|2527092485|2527092490|0|0|0|0|0|0|0|0|0|0
870|F1|0|2|0|1|1|1|0|0|0|0|1|0|2535377225|2535377230|0|0|0|0|0|0|0|0|0|0
871|F1|0|2|0|1|1|1|0|0|0|0|1|0|2544157021|2544157026|0|0|0|0|0|0|0|0|0|0
872|F1|0|2|0|1|1|1|0|0|0|0|1|0|2553016887|2553016892|0|0|0|0|0|0|0|0|0|0
873|F1|0|2|0|1|1|1|0|0|0|0|1|0|2560019931|2560019936|0|0|0|0|0|0|0|0|0|0
874|F1|0|2|0|1|1|1|0|0|0|0|1|0|2568198630|2568198635|0|0|0|0|0|0|0|0|0|0
875|F1|0|2|0|1|1|1|0|0|0|0|1|0|2575779749|2575779754|0|0|0|0|0|0|0|0|0|0
876|F1|0|2|0|1|1|1|0|0|0|0|1|0|2584315063|2584315068|0|0|0|0|0|0|0|0|0|0
877|F1|0|2|0|1|1|1|0|0|0|0|1|0|2591369253|2591369258|0|0|0|0|0|0|0|0|0|0
878|F1|0|2|0|1|1|1|0|0|0|0|1|0|2598988916|2598988921|0|0|0|0|0|0|0|0|0|0
879|F1|0|2|0|1|1|1|0|0|0|0|1|0|2608028686|2608028691|0|0|0|0|0|0|0|0|0|0
880|F1|0|2|0|1|1|1|0|0|0|0|1|0|2614931973|2614931978|0|0|0|0|0|0|0|0|0|0
881|F1|0|2|0|1|1|1|0|0|0|0|1|0|2622677085|2622677090|0|0|0|0|0|0|0|0|0|0
882|F1|0|2|0|1|1|1|0|0|0|0|1|0|2629750542|2629750547|0|0|0|0|0|0|0|0|0|0
883|F1|0|2|0|1|1|1|0|0|0|0|1|0|2637916617|2637916622|0|0|0|0|0|0|0|0|0|0
884|F1|0|2|0|1|1|1|0|0|0|0|1|0|2644787677|2644787682|0|0|0|0|0|0|0|0|0|0
885|F1|0|2|0|1|1|1|0|0|0|0|1|0|2654168029|2654168034|0|0|0|0|0|0|0|0|0|0
886|F1|0|2|0|1|1|1|0|0|0|0|1|0|2661238414|2661238419|0|0|0|0|0|0|0|0|0|0
887|F1|0|2|0|1|1|1|0|0|0|0|1|0|2669246840|2669246845|0|0|0|0|0|0|0|0|0|0
888|F1|0|2|0|1|1|1|0|0|0|0|1|0|2677104270|2677104275|0|0|0|0|0|0|0|0|0|0
889|F1|0|2|0|1|1|1|0|0|0|0|1|0|2685578612|2685578617|0|0|0|0|0|0|0|0|0|0
890|F1|0|2|0|1|1|1|0|0|0|0|1|0|2693269252|2693269257|0|0|0|0|0|0|0|0|0|0
891|F1|0|2|0|1|1|1|0|0|0|0|1|0|2701271412|2701271417|0|0|0|0|0|0|0|0|0|0
892|F1|0|2|0|1|1|1|0|0|0|0|1|0|2708380228|2708380233|0|0|0|0|0|0|0|0|0|0
893|F1|0|2|0|1|1|1|0|0|0|0|1|0|2715479630|2715479635|0|0|0|0|0|0|0|0|0|0
894|F1|0|2|0|1|1|1|0|0|0|0|1|0|2723270053|2723270058|0|0|0|0|0|0|0|0|0|0
895|F1|0|2|0|1|1|1|0|0|0|0|1|0|2731699534|2731699539|0|0|0|0|0|0|0|0|0|0
896|F1|0|2|0|1|1|1|0|0|0|0|1|0|2739711241|2739711246|0|0|0|0|0|0|0|0|0|0
897|F1|0|2|0|1|1|1|0|0|0|0|1|0|2747517556|2747517561|0|0|0|0|0|0|0|0|0|0
898|F1|0|2|0|1|1|1|0|0|0|0|1|0|2756416224|2756416229|0|0|0|0|0|0|0|0|0|0
899|F1|0|2|0|1|1|1|0|0|0|0|1|0|2765504212|2765504217|0|0|0|0|0|0|0|0|0|0
900|F1|0|2|0|1|1|1|0|0|0|0|1|0|2773168989|2773168994|0|0|0|0|0|0|0|0|0|0
901|F1|0|2|0|1|1|1|0|0|0|0|1|0|2780178194|2780178199|0|0|0|0|0|0|0|0|0|0
902|F1|0|2|0|1|1|1|0|0|0|0|1|0|2787736805|2787736810|0|0|0|0|0|0|0|0|0|0
903|F1|0|2|0|1|1|1|0|0|0|0|1|0|2796487677|2796487682|0|0|0|0|0|0|0|0|0|0
904|F1|0|2|0|1|1|1|0|0|0|0|1|0|2803776486|2803776491|0|0|0|0|0|0|0|0|0|0
905|F1|0|2|0|1|1|1|0|0|0|0|1|0|2811107133|2811107138|0|0|0|0|0|0|0|0|0|0
906|F1|0|2|0|1|1|1|0|0|0|0|1|0|2818791104|2818791109|0|0|0|0|0|0|0|0|0|0
907|F1|0|2|0|1|1|1|0|0|0|0|1|0|2827756980|2827756985|0|0|0|0|0|0|0|0|0|0
908|F1|0|2|0|1|1|1|0|0|0|0|1|0|2836838580|2836838585|0|0|0|0|0|0|0|0|0|0
909|F1|0|2|0|1|1|1|0|0|0|0|1|0|2844750662|2844750667|0|0|0|0|0|0|0|0|0|0
910|F1|0|2|0|1|1|1|0|0|0|0|1|0|2852225771|2852225776|0|0|0|0|0|0|0|0|0|0
911|F1|0|2|0|1|1|1|0|0|0|0|1|0|2860687384|2860687389|0|0|0|0|0|0|0|0|0|0
912|F1|0|2|0|1|1|1|0|0|0|0|1|0|2868972215|2868972220|0|0|0|0|0|0|0|0|0|0
913|F1|0|2|0|1|1|1|0|0|0|0|1|0|2878767045|2878767050|0|0|0|0|0|0|0|0|0|0
914|F1|0|2|0|1|1|1|0|0|0|0|1|0|2888568320|2888568325|0|0|0|0|0|0|0|0|0|0
915|F1|0|2|0|1|1|1|0|0|0|0|1|0|2897068317|2897068322|0|0|0|0|0|0|0|0|0|0
916|F1|0|2|0|1|1|1|0|0|0|0|1|0|2906554689|2906554694|0|0|0|0|0|0|0|0|0|0
917|F1|0|2|0|1|1|1|0|0|0|0|1|0|2912902030|2912902035|0|0|0|0|0|0|0|0|0|0
918|F1|0|2|0|1|1|1|0|0|0|0|1|0|2920425300|2920425305|0|0|0|0|0|0|0|0|0|0
919|F1|0|2|0|1|1|1|0|0|0|0|1|0|2928202391|2928202396|0|0|0|0|0|0|0|0|0|0
920|F1|0|2|0|1|1|1|0|0|0|0|1|0|2935292183|2935292188|0|0|0|0|0|0|0|0|0|0
921|F1|0|2|0|1|1|1|0|0|0|0|1|0|2943644678|2943644683|0|0|0|0|0|0|0|0|0|0
922|F1|0|2|0|1|1|1|0|0|0|0|1|0|2951537684|2951537689|0|0|0|0|0|0|0|0|0|0
923|F1|0|2|0|1|1|1|0|0|0|0|1|0|2961319645|2961319650|0|0|0|0|0|0|0|0|0|0
924|F1|0|2|0|1|1|1|0|0|0|0|1|0|2968797943|2968797948|0|0|0|0|0|0|0|0|0|0
925|F1|0|2|0|1|1|1|0|0|0|0|1|0|2976301952|2976301957|0|0|0|0|0|0|0|0|0|0
926|F1|0|2|0|1|1|1|0|0|0|0|1|0|2983246898|2983246903|0|0|0|0|0|0|0|0|0|0
927|F1|0|2|0|1|1|1|0|0|0|0|1|0|2991454845|2991454850|0|0|0|0|0|0|0|0|0|0
928|F1|0|2|0|1|1|1|0|0|0|0|1|0|3000183908|3000183913|0|0|0|0|0|0|0|0|0|0
929|F1|0|2|0|1|1|1|0|0|0|0|1|0|3007530484|3007530489|0|0|0|0|0|0|0|0|0|0
930|F1|0|2|0|1|1|1|0|0|0|0|1|0|3015821664|3015821669|0|0|0|0|0|0|0|0|0|0
931|F1|0|2|0|1|1|1|0|0|0|0|1|0|3025231218|3025231223|0|0|0|0|0|0|0|0|0|0
932|F1|0|2|0|1|1|1|0|0|0|0|1|0|3033756932|3033756937|0|0|0|0|0|0|0|0|0|0
933|F1|0|2|0|1|1|1|0|0|0|0|1|0|3041865289|3041865294|0|0|0|0|0|0|0|0|0|0
934|F1|0|2|0|1|1|1|0|0|0|0|1|0|3052321975|3052321980|0|0|0|0|0|0|0|0|0|0
935|F1|0|2|0|1|1|1|0|0|0|0|1|0|3059553166|3059553171|0|0|0|0|0|0|0|0|0|0
936|F1|0|2|0|1|1|1|0|0|0|0|1|0|3066456357|3066456362|0|0|0|0|0|0|0|0|0|0
937|F1|0|2|0|1|1|1|0|0|0|0|1|0|3075200532|3075200537|0|0|0|0|0|0|0|0|0|0
938|F1|0|2|0|1|1|1|0|0|0|0|1|0|3083347913|3083347918|0|0|0|0|0|0|0|0|0|0
939|F1|0|2|0|1|1|1|0|0|0|0|1|0|3090456718|3090456723|0|0|0|0|0|0|0|0|0|0
940|F1|0|2|0|1|1|1|0|0|0|0|1|0|3097337719|3097337724|0|0|0|0|0|0|0|0|0|0
941|F1|0|2|0|1|1|1|0|0|0|0|1|0|3104970237|3104970242|0|0|0|0|0|0|0|0|0|0
942|F1|0|2|0|1|1|1|0|0|0|0|1|0|3112284974|3112284979|0|0|0|0|0|0|0|0|0|0
943|F1|0|2|0|1|1|1|0|0|0|0|1|0|3121235022|3121235027|0|0|0|0|0|0|0|0|0|0
944|F1|0|2|0|1|1|1|0|0|0|0|1|0|3129314404|3129314409|0|0|0|0|0|0|0|0|0|0
945|F1|0|2|0|1|1|1|0|0|0|0|1|0|3137101317|3137101322|0|0|0|0|0|0|0|0|0|0
946|F1|0|2|0|1|1|1|0|0|0|0|1|0|3145881597|3145881602|0|0|0|0|0|0|0|0|0|0
947|F1|0|2|0|1|1|1|0|0|0|0|1|0|3154869957|3154869962|0|0|0|0|0|0|0|0|0|0
948|F1|0|2|0|1|1|1|0|0|0|0|1|0|3162827008|3162827013|0|0|0|0|0|0|0|0|0|0
949|F1|0|2|0|1|1|1|0|0|0|0|1|0|3171301339|3171301344|0|0|0|0|0|0|0|0|0|0
950|F1|0|2|0|1|1|1|0|0|0|0|1|0|3181154150|3181154155|0|0|0|0|0|0|0|0|0|0
951|F1|0|2|0|1|1|1|0|0|0|0|1|0|3190255278|3190255283|0|0|0|0|0|0|0|0|0|0
952|F1|0|2|0|1|1|1|0|0|0|0|1|0|3196878921|3196878926|0|0|0|0|0|0|0|0|0|0
953|F1|0|2|0|1|1|1|0|0|0|0|1|0|3203904331|3203904336|0|0|0|0|0|0|0|0|0|0
954|F1|0|2|0|1|1|1|0|0|0|0|1|0|3211890313|3211890318|0|0|0|0|0|0|0|0|0|0
955|F1|0|2|0|1|1|1|0|0|0|0|1|0|3220335657|3220335662|0|0|0|0|0|0|0|0|0|0
956|F1|0|2|0|1|1|1|0|0|0|0|1|0|3228206214|3228206219|0|0|0|0|0|0|0|0|0|0
957|F1|0|2|0|1|1|1|0|0|0|0|1|0|3236587598|3236587603|0|0|0|0|0|0|0|0|0|0
958|F1|0|2|0|1|1|1|0|0|0|0|1|0|3245537705|3245537710|0|0|0|0|0|0|0|0|0|0
959|F1|0|2|0|1|1|1|0|0|0|0|1|0|3253527168|3253527173|0|0|0|0|0|0|0|0|0|0
960|F1|0|2|0|1|1|1|0|0|0|0|1|0|3261824937|3261824942|0|0|0|0|0|0|0|0|0|0
961|F1|0|2|0|1|1|1|0|0|0|0|1|0|3270508389|3270508394|0|0|0|0|0|0|0|0|0|0
962|F1|0|2|0|1|1|1|0|0|0|0|1|0|3279249510|3279249515|0|0|0|0|0|0|0|0|0|0
963|F1|0|2|0|1|1|1|0|0|0|0|1|0|3286207342|3286207347|0|0|0|0|0|0|0|0|0|0
964|F1|0|2|0|1|1|1|0|0|0|0|1|0|3293380715|3293380720|0|0|0|0|0|0|0|0|0|0
965|F1|0|2|0|1|1|1|0|0|0|0|1|0|3301379799|3301379804|0|0|0|0|0|0|0|0|0|0
966|F1|0|2|0|1|1|1|0|0|0|0|1|0|3311846272|3311846277|0|0|0|0|0|0|0|0|0|0
967|F1|0|2|0|1|1|1|0|0|0|0|1|0|3318842624|3318842629|0|0|0|0|0|0|0|0|0|0
968|F1|0|2|0|1|1|1|0|0|0|0|1|0|3327095238|3327095243|0|0|0|0|0|0|0|0|0|0
969|F1|0|2|0|1|1|1|0|0|0|0|1|0|3335824128|3335824133|0|0|0|0|0|0|0|0|0|0
970|F1|0|2|0|1|1|1|0|0|0|0|1|0|3343042180|3343042185|0|0|0|0|0|0|0|0|0|0
971|F1|0|2|0|1|1|1|0|0|0|0|1|0|3354147869|3354147874|0|0|0|0|0|0|0|0|0|0
972|F1|0|2|0|1|1|1|0|0|0|0|1|0|3361427250|3361427255|0|0|0|0|0|0|0|0|0|0
973|F1|0|2|0|1|1|1|0|0|0|0|1|0|3370846251|3370846256|0|0|0|0|0|0|0|0|0|0
974|F1|0|2|0|1|1|1|0|0|0|0|1|0|3378623360|3378623365|0|0|0|0|0|0|0|0|0|0
975|F1|0|2|0|1|1|1|0|0|0|0|1|0|3387968370|3387968375|0|0|0|0|0|0|0|0|0|0
976|F1|0|2|0|1|1|1|0|0|0|0|1|0|3396500797|3396500802|0|0|0|0|0|0|0|0|0|0
977|F1|0|2|0|1|1|1|0|0|0|0|1|0|3405184125|3405184130|0|0|0|0|0|0|0|0|0|0
978|F1|0|2|0|1|1|1|0|0|0|0|1|0|3412058391|3412058396|0|0|0|0|0|0|0|0|0|0
979|F1|0|2|0|1|1|1|0|0|0|0|1|0|3422566487|3422566492|0|0|0|0|0|0|0|0|0|0
980|F1|0|2|0|1|1|1|0|0|0|0|1|0|3428631140|3428631145|0|0|0|0|0|0|0|0|0|0
981|F1|0|2|0|1|1|1|0|0|0|0|1|0|3437095790|3437095795|0|0|0|0|0|0|0|0|0|0
982|F1|0|2|0|1|1|1|0|0|0|0|1|0|3445207035|3445207040|0|0|0|0|0|0|0|0|0|0
983|F1|0|2|0|1|1|1|0|0|0|0|1|0|3455236389|3455236394|0|0|0|0|0|0|0|0|0|0
984|F1|0|2|0|1|1|1|0|0|0|0|1|0|3463813531|3463813536|0|0|0|0|0|0|0|0|0|0
985|F1|0|2|0|1|1|1|0|0|0|0|1|0|3472121061|3472121066|0|0|0|0|0|0|0|0|0|0
986|F1|0|2|0|1|1|1|0|0|0|0|1|0|3480126565|3480126570|0|0|0|0|0|0|0|0|0|0
987|F1|0|2|0|1|1|1|0|0|0|0|1|0|3488067785|3488067790|0|0|0|0|0|0|0|0|0|0
988|F1|0|2|0|1|1|1|0|0|0|0|1|0|3496436055|3496436060|0|0|0|0|0|0|0|0|0|0
989|F1|0|2|0|1|1|1|0|0|0|0|1|0|3505752142|3505752147|0|0|0|0|0|0|0|0|0|0
990|F1|0|2|0|1|1|1|0|0|0|0|1|0|3512925437|3512925442|0|0|0|0|0|0|0|0|0|0
991|F1|0|2|0|1|1|1|0|0|0|0|1|0|3522688123|3522688128|0|0|0|0|0|0|0|0|0|0
992|F1|0|2|0|1|1|1|0|0|0|0|1|0|3530626679|3530626684|0|0|0|0|0|0|0|0|0|0
993|F1|0|2|0|1|1|1|0|0|0|0|1|0|3539007817|3539007822|0|0|0|0|0|0|0|0|0|0
994|F1|0|2|0|1|1|1|0|0|0|0|1|0|3546646909|3546646914|0|0|0|0|0|0|0|0|0|0
995|F1|0|2|0|1|1|1|0|0|0|0|1|0|3553627200|3553627205|0|0|0|0|0|0|0|0|0|0
996|F1|0|2|0|1|1|1|0|0|0|0|1|0|3562403525|3562403530|0|0|0|0|0|0|0|0|0|0
997|F1|0|2|0|1|1|1|0|0|0|0|1|0|3569718117|3569718122|0|0|0|0|0|0|0|0|0|0
998|F1|0|2|0|1|1|1|0|0|0|0|1|0|3578986030|3578986035|0|0|0|0|0|0|0|0|0|0
999|F1|0|2|0|1|1|1|0|0|0|0|1|0|3586798479|3586798484|0|0|0|0|0|0|0|0|0|0
