captured_ms|sequence|label|role|data_ro|dirm0|oen0
1786003047191|0|SAFE_BOOT|fixed|1346371075|8193|8193
1786003047191|0|SAFE_BOOT|rotating|1346371075|8193|8193
1786003047316|1001|sustained_300s_f2r_00000_4194304_active|fixed|1350565379|8193|8193
1786003047316|1001|sustained_300s_f2r_00000_4194304_active|rotating|1350557187|8193|8193
1786003051454|1001|sustained_300s_f2r_00000_4194304_terminal|fixed|1350565379|8193|8193
1786003051454|1001|sustained_300s_f2r_00000_4194304_terminal|rotating|1346371075|8193|8193
1786003051886|1002|sustained_300s_f2r_00001_16777216_active|fixed|1346371075|8193|8193
1786003051886|1002|sustained_300s_f2r_00001_16777216_active|rotating|1350557187|8193|8193
1786003057577|1002|sustained_300s_f2r_00001_16777216|fixed|1350565378|8193|8193
1786003057577|1002|sustained_300s_f2r_00001_16777216|rotating|1346362883|8193|8193
1786003062051|1002|sustained_300s_f2r_00001_16777216|fixed|1350565378|8193|8193
1786003062051|1002|sustained_300s_f2r_00001_16777216|rotating|1350557187|8193|8193
1786003066871|1002|sustained_300s_f2r_00001_16777216_terminal|fixed|1346371075|8193|8193
1786003066871|1002|sustained_300s_f2r_00001_16777216_terminal|rotating|1350565379|8193|8193
1786003067442|1003|sustained_300s_f2r_00002_67108864_active|fixed|1350565379|8193|8193
1786003067442|1003|sustained_300s_f2r_00002_67108864_active|rotating|1346362883|8193|8193
1786003072607|1003|sustained_300s_f2r_00002_67108864|fixed|1346371074|8193|8193
1786003072607|1003|sustained_300s_f2r_00002_67108864|rotating|1350557187|8193|8193
1786003077709|1003|sustained_300s_f2r_00002_67108864|fixed|1346371074|8193|8193
1786003077709|1003|sustained_300s_f2r_00002_67108864|rotating|1350557187|8193|8193
1786003082802|1003|sustained_300s_f2r_00002_67108864|fixed|1350565378|8193|8193
1786003082802|1003|sustained_300s_f2r_00002_67108864|rotating|1350557187|8193|8193
1786003087867|1003|sustained_300s_f2r_00002_67108864|fixed|1346371074|8193|8193
1786003087867|1003|sustained_300s_f2r_00002_67108864|rotating|1346362883|8193|8193
1786003092919|1003|sustained_300s_f2r_00002_67108864|fixed|1350565378|8193|8193
1786003092919|1003|sustained_300s_f2r_00002_67108864|rotating|1350557187|8193|8193
1786003097894|1003|sustained_300s_f2r_00002_67108864|fixed|1346371074|8193|8193
1786003097894|1003|sustained_300s_f2r_00002_67108864|rotating|1346362883|8193|8193
1786003102753|1003|sustained_300s_f2r_00002_67108864|fixed|1346371074|8193|8193
1786003102753|1003|sustained_300s_f2r_00002_67108864|rotating|1346362883|8193|8193
1786003107994|1003|sustained_300s_f2r_00002_67108864|fixed|1350565378|8193|8193
1786003107994|1003|sustained_300s_f2r_00002_67108864|rotating|1346362883|8193|8193
1786003112845|1003|sustained_300s_f2r_00002_67108864|fixed|1346371074|8193|8193
1786003112845|1003|sustained_300s_f2r_00002_67108864|rotating|1346362883|8193|8193
1786003117803|1003|sustained_300s_f2r_00002_67108864|fixed|1346371074|8193|8193
1786003117803|1003|sustained_300s_f2r_00002_67108864|rotating|1350557187|8193|8193
1786003122929|1003|sustained_300s_f2r_00002_67108864|fixed|1350565378|8193|8193
1786003122929|1003|sustained_300s_f2r_00002_67108864|rotating|1350557187|8193|8193
1786003125842|1003|sustained_300s_f2r_00002_67108864_terminal|fixed|1350565379|8193|8193
1786003125842|1003|sustained_300s_f2r_00002_67108864_terminal|rotating|1350565379|8193|8193
1786003126124|1004|sustained_300s_f2r_00003_4194304_active|fixed|1350565379|8193|8193
1786003126124|1004|sustained_300s_f2r_00003_4194304_active|rotating|1350557187|8193|8193
1786003130273|1004|sustained_300s_f2r_00003_4194304_terminal|fixed|1350565379|8193|8193
1786003130273|1004|sustained_300s_f2r_00003_4194304_terminal|rotating|1346371075|8193|8193
1786003130636|1005|sustained_300s_f2r_00004_16777216_active|fixed|1346371075|8193|8193
1786003130636|1005|sustained_300s_f2r_00004_16777216_active|rotating|1350557187|8193|8193
1786003135867|1005|sustained_300s_f2r_00004_16777216|fixed|1350565378|8193|8193
1786003135867|1005|sustained_300s_f2r_00004_16777216|rotating|1346362883|8193|8193
1786003140801|1005|sustained_300s_f2r_00004_16777216|fixed|1350565378|8193|8193
1786003140801|1005|sustained_300s_f2r_00004_16777216|rotating|1346362883|8193|8193
1786003145555|1005|sustained_300s_f2r_00004_16777216_terminal|fixed|1350565379|8193|8193
1786003145555|1005|sustained_300s_f2r_00004_16777216_terminal|rotating|1350565379|8193|8193
1786003145844|1006|sustained_300s_f2r_00005_67108864_active|fixed|1350565379|8193|8193
1786003145844|1006|sustained_300s_f2r_00005_67108864_active|rotating|1346362883|8193|8193
1786003151053|1006|sustained_300s_f2r_00005_67108864|fixed|1350565378|8193|8193
1786003151053|1006|sustained_300s_f2r_00005_67108864|rotating|1350557187|8193|8193
1786003156032|1006|sustained_300s_f2r_00005_67108864|fixed|1350565378|8193|8193
1786003156032|1006|sustained_300s_f2r_00005_67108864|rotating|1346362883|8193|8193
1786003161068|1006|sustained_300s_f2r_00005_67108864|fixed|1346371074|8193|8193
1786003161068|1006|sustained_300s_f2r_00005_67108864|rotating|1346362883|8193|8193
1786003166198|1006|sustained_300s_f2r_00005_67108864|fixed|1346371074|8193|8193
1786003166198|1006|sustained_300s_f2r_00005_67108864|rotating|1350557187|8193|8193
1786003171083|1006|sustained_300s_f2r_00005_67108864|fixed|1346371074|8193|8193
1786003171083|1006|sustained_300s_f2r_00005_67108864|rotating|1350557187|8193|8193
1786003176207|1006|sustained_300s_f2r_00005_67108864|fixed|1350565378|8193|8193
1786003176207|1006|sustained_300s_f2r_00005_67108864|rotating|1346362883|8193|8193
1786003181138|1006|sustained_300s_f2r_00005_67108864|fixed|1346371074|8193|8193
1786003181138|1006|sustained_300s_f2r_00005_67108864|rotating|1346362883|8193|8193
1786003186123|1006|sustained_300s_f2r_00005_67108864|fixed|1346371074|8193|8193
1786003186123|1006|sustained_300s_f2r_00005_67108864|rotating|1350557187|8193|8193
1786003191125|1006|sustained_300s_f2r_00005_67108864|fixed|1346371074|8193|8193
1786003191125|1006|sustained_300s_f2r_00005_67108864|rotating|1346362883|8193|8193
1786003196165|1006|sustained_300s_f2r_00005_67108864|fixed|1350565378|8193|8193
1786003196165|1006|sustained_300s_f2r_00005_67108864|rotating|1346362883|8193|8193
1786003201321|1006|sustained_300s_f2r_00005_67108864|fixed|1350565378|8193|8193
1786003201321|1006|sustained_300s_f2r_00005_67108864|rotating|1350557187|8193|8193
1786003203981|1006|sustained_300s_f2r_00005_67108864_terminal|fixed|1350565379|8193|8193
1786003203981|1006|sustained_300s_f2r_00005_67108864_terminal|rotating|1346371075|8193|8193
1786003204418|1007|sustained_300s_f2r_00006_4194304_active|fixed|1350565379|8193|8193
1786003204418|1007|sustained_300s_f2r_00006_4194304_active|rotating|1346362883|8193|8193
1786003208549|1007|sustained_300s_f2r_00006_4194304_terminal|fixed|1350565379|8193|8193
1786003208549|1007|sustained_300s_f2r_00006_4194304_terminal|rotating|1350565379|8193|8193
1786003208961|1008|sustained_300s_f2r_00007_16777216_active|fixed|1350565379|8193|8193
1786003208961|1008|sustained_300s_f2r_00007_16777216_active|rotating|1346362883|8193|8193
1786003214135|1008|sustained_300s_f2r_00007_16777216|fixed|1350565378|8193|8193
1786003214135|1008|sustained_300s_f2r_00007_16777216|rotating|1350557187|8193|8193
1786003219132|1008|sustained_300s_f2r_00007_16777216|fixed|1350565378|8193|8193
1786003219132|1008|sustained_300s_f2r_00007_16777216|rotating|1346362883|8193|8193
1786003223999|1008|sustained_300s_f2r_00007_16777216_terminal|fixed|1350565379|8193|8193
1786003223999|1008|sustained_300s_f2r_00007_16777216_terminal|rotating|1346371075|8193|8193
1786003224402|1009|sustained_300s_f2r_00008_16777216_active|fixed|1350565379|8193|8193
1786003224402|1009|sustained_300s_f2r_00008_16777216_active|rotating|1346362883|8193|8193
1786003229609|1009|sustained_300s_f2r_00008_16777216|fixed|1350565378|8193|8193
1786003229609|1009|sustained_300s_f2r_00008_16777216|rotating|1346362883|8193|8193
1786003234570|1009|sustained_300s_f2r_00008_16777216|fixed|1350565378|8193|8193
1786003234570|1009|sustained_300s_f2r_00008_16777216|rotating|1346362883|8193|8193
1786003239389|1009|sustained_300s_f2r_00008_16777216_terminal|fixed|1346371075|8193|8193
1786003239389|1009|sustained_300s_f2r_00008_16777216_terminal|rotating|1350565379|8193|8193
1786003239695|1010|sustained_300s_f2r_00009_4194304_active|fixed|1350565379|8193|8193
1786003239695|1010|sustained_300s_f2r_00009_4194304_active|rotating|1350557187|8193|8193
1786003243779|1010|sustained_300s_f2r_00009_4194304_terminal|fixed|1346371075|8193|8193
1786003243779|1010|sustained_300s_f2r_00009_4194304_terminal|rotating|1346371075|8193|8193
1786003244276|1011|sustained_300s_f2r_00010_16777216_active|fixed|1346371075|8193|8193
1786003244276|1011|sustained_300s_f2r_00010_16777216_active|rotating|1350557187|8193|8193
1786003249381|1011|sustained_300s_f2r_00010_16777216|fixed|1346371074|8193|8193
1786003249381|1011|sustained_300s_f2r_00010_16777216|rotating|1350557187|8193|8193
1786003254527|1011|sustained_300s_f2r_00010_16777216|fixed|1346371074|8193|8193
1786003254527|1011|sustained_300s_f2r_00010_16777216|rotating|1346362883|8193|8193
1786003259217|1011|sustained_300s_f2r_00010_16777216_terminal|fixed|1346371075|8193|8193
1786003259217|1011|sustained_300s_f2r_00010_16777216_terminal|rotating|1350565379|8193|8193
1786003259599|1012|sustained_300s_f2r_00011_16777216_active|fixed|1350565379|8193|8193
1786003259599|1012|sustained_300s_f2r_00011_16777216_active|rotating|1350557187|8193|8193
1786003264751|1012|sustained_300s_f2r_00011_16777216|fixed|1350565378|8193|8193
1786003264751|1012|sustained_300s_f2r_00011_16777216|rotating|1350557187|8193|8193
1786003269758|1012|sustained_300s_f2r_00011_16777216|fixed|1350565378|8193|8193
1786003269758|1012|sustained_300s_f2r_00011_16777216|rotating|1350557187|8193|8193
1786003274727|1012|sustained_300s_f2r_00011_16777216_terminal|fixed|1346371075|8193|8193
1786003274727|1012|sustained_300s_f2r_00011_16777216_terminal|rotating|1346371075|8193|8193
1786003275069|1013|sustained_300s_f2r_00012_4194304_active|fixed|1346371075|8193|8193
1786003275069|1013|sustained_300s_f2r_00012_4194304_active|rotating|1346362883|8193|8193
1786003279472|1013|sustained_300s_f2r_00012_4194304_terminal|fixed|1346371075|8193|8193
1786003279472|1013|sustained_300s_f2r_00012_4194304_terminal|rotating|1346371075|8193|8193
1786003279953|1014|sustained_300s_f2r_00013_16777216_active|fixed|1350565379|8193|8193
1786003279953|1014|sustained_300s_f2r_00013_16777216_active|rotating|1350557187|8193|8193
1786003285112|1014|sustained_300s_f2r_00013_16777216|fixed|1346371074|8193|8193
1786003285112|1014|sustained_300s_f2r_00013_16777216|rotating|1350557187|8193|8193
1786003290152|1014|sustained_300s_f2r_00013_16777216|fixed|1346371074|8193|8193
1786003290152|1014|sustained_300s_f2r_00013_16777216|rotating|1350557187|8193|8193
1786003294900|1014|sustained_300s_f2r_00013_16777216_terminal|fixed|1350565379|8193|8193
1786003294900|1014|sustained_300s_f2r_00013_16777216_terminal|rotating|1346371075|8193|8193
1786003295230|1015|sustained_300s_f2r_00014_16777216_active|fixed|1350565379|8193|8193
1786003295230|1015|sustained_300s_f2r_00014_16777216_active|rotating|1350557187|8193|8193
1786003300415|1015|sustained_300s_f2r_00014_16777216|fixed|1350565378|8193|8193
1786003300415|1015|sustained_300s_f2r_00014_16777216|rotating|1346362883|8193|8193
1786003305569|1015|sustained_300s_f2r_00014_16777216|fixed|1346371074|8193|8193
1786003305569|1015|sustained_300s_f2r_00014_16777216|rotating|1346362883|8193|8193
1786003310125|1015|sustained_300s_f2r_00014_16777216_terminal|fixed|1346371075|8193|8193
1786003310125|1015|sustained_300s_f2r_00014_16777216_terminal|rotating|1346371075|8193|8193
1786003310442|1016|sustained_300s_f2r_00015_4194304_active|fixed|1350565379|8193|8193
1786003310442|1016|sustained_300s_f2r_00015_4194304_active|rotating|1350557187|8193|8193
1786003314541|1016|sustained_300s_f2r_00015_4194304_terminal|fixed|1350565379|8193|8193
1786003314541|1016|sustained_300s_f2r_00015_4194304_terminal|rotating|1346371075|8193|8193
1786003314997|1017|sustained_300s_f2r_00016_4194304_active|fixed|1350565379|8193|8193
1786003314997|1017|sustained_300s_f2r_00016_4194304_active|rotating|1346362883|8193|8193
1786003319144|1017|sustained_300s_f2r_00016_4194304_terminal|fixed|1346371075|8193|8193
1786003319144|1017|sustained_300s_f2r_00016_4194304_terminal|rotating|1346371075|8193|8193
1786003319697|1018|sustained_300s_f2r_00017_4194304_active|fixed|1350565379|8193|8193
1786003319697|1018|sustained_300s_f2r_00017_4194304_active|rotating|1346362883|8193|8193
1786003324105|1018|sustained_300s_f2r_00017_4194304_terminal|fixed|1350565379|8193|8193
1786003324105|1018|sustained_300s_f2r_00017_4194304_terminal|rotating|1346371075|8193|8193
1786003324575|1019|sustained_300s_f2r_00018_4194304_active|fixed|1346371075|8193|8193
1786003324575|1019|sustained_300s_f2r_00018_4194304_active|rotating|1346362883|8193|8193
1786003328720|1019|sustained_300s_f2r_00018_4194304_terminal|fixed|1350565379|8193|8193
1786003328720|1019|sustained_300s_f2r_00018_4194304_terminal|rotating|1346371075|8193|8193
1786003329175|1020|sustained_300s_f2r_00019_4194304_active|fixed|1350565379|8193|8193
1786003329175|1020|sustained_300s_f2r_00019_4194304_active|rotating|1346362883|8193|8193
1786003333349|1020|sustained_300s_f2r_00019_4194304_terminal|fixed|1346371075|8193|8193
1786003333349|1020|sustained_300s_f2r_00019_4194304_terminal|rotating|1346371075|8193|8193
1786003333775|1021|sustained_300s_f2r_00020_1048576_active|fixed|1350565379|8193|8193
1786003333775|1021|sustained_300s_f2r_00020_1048576_active|rotating|1350557187|8193|8193
1786003335231|1021|sustained_300s_f2r_00020_1048576_terminal|fixed|1350565379|8193|8193
1786003335231|1021|sustained_300s_f2r_00020_1048576_terminal|rotating|1346371075|8193|8193
1786003335799|1022|sustained_300s_f2r_00021_1048576_active|fixed|1350565379|8193|8193
1786003335799|1022|sustained_300s_f2r_00021_1048576_active|rotating|1346362883|8193|8193
1786003337274|1022|sustained_300s_f2r_00021_1048576_terminal|fixed|1350565379|8193|8193
1786003337274|1022|sustained_300s_f2r_00021_1048576_terminal|rotating|1346371075|8193|8193
1786003337768|1023|sustained_300s_f2r_00022_1048576_active|fixed|1346371075|8193|8193
1786003337768|1023|sustained_300s_f2r_00022_1048576_active|rotating|1346362883|8193|8193
1786003339203|1023|sustained_300s_f2r_00022_1048576_terminal|fixed|1350565379|8193|8193
1786003339203|1023|sustained_300s_f2r_00022_1048576_terminal|rotating|1350565379|8193|8193
1786003339567|1024|sustained_300s_f2r_00023_1048576_active|fixed|1350565379|8193|8193
1786003339567|1024|sustained_300s_f2r_00023_1048576_active|rotating|1350557187|8193|8193
1786003341076|1024|sustained_300s_f2r_00023_1048576_terminal|fixed|1350565379|8193|8193
1786003341076|1024|sustained_300s_f2r_00023_1048576_terminal|rotating|1346371075|8193|8193
1786003347293|1025|sustained_300s_r2f_00000_4194304_active|fixed|1350557187|8193|8193
1786003347293|1025|sustained_300s_r2f_00000_4194304_active|rotating|1346371075|8193|8193
1786003351353|1025|sustained_300s_r2f_00000_4194304_terminal|fixed|1350565379|8193|8193
1786003351353|1025|sustained_300s_r2f_00000_4194304_terminal|rotating|1346371075|8193|8193
1786003351647|1026|sustained_300s_r2f_00001_16777216_active|fixed|1346362883|8193|8193
1786003351647|1026|sustained_300s_r2f_00001_16777216_active|rotating|1346371075|8193|8193
1786003356938|1026|sustained_300s_r2f_00001_16777216|fixed|1350557187|8193|8193
1786003356938|1026|sustained_300s_r2f_00001_16777216|rotating|1350565378|8193|8193
1786003361803|1026|sustained_300s_r2f_00001_16777216|fixed|1350557187|8193|8193
1786003361803|1026|sustained_300s_r2f_00001_16777216|rotating|1346371074|8193|8193
1786003366683|1026|sustained_300s_r2f_00001_16777216_terminal|fixed|1346371075|8193|8193
1786003366683|1026|sustained_300s_r2f_00001_16777216_terminal|rotating|1350565379|8193|8193
1786003367027|1027|sustained_300s_r2f_00002_67108864_active|fixed|1346362883|8193|8193
1786003367027|1027|sustained_300s_r2f_00002_67108864_active|rotating|1346371075|8193|8193
1786003372208|1027|sustained_300s_r2f_00002_67108864|fixed|1346362883|8193|8193
1786003372208|1027|sustained_300s_r2f_00002_67108864|rotating|1350565378|8193|8193
1786003377172|1027|sustained_300s_r2f_00002_67108864|fixed|1350557187|8193|8193
1786003377172|1027|sustained_300s_r2f_00002_67108864|rotating|1350565378|8193|8193
1786003382136|1027|sustained_300s_r2f_00002_67108864|fixed|1350557187|8193|8193
1786003382136|1027|sustained_300s_r2f_00002_67108864|rotating|1346371074|8193|8193
1786003387204|1027|sustained_300s_r2f_00002_67108864|fixed|1346362883|8193|8193
1786003387204|1027|sustained_300s_r2f_00002_67108864|rotating|1350565378|8193|8193
1786003392147|1027|sustained_300s_r2f_00002_67108864|fixed|1350557187|8193|8193
1786003392147|1027|sustained_300s_r2f_00002_67108864|rotating|1346371074|8193|8193
1786003397299|1027|sustained_300s_r2f_00002_67108864|fixed|1346362883|8193|8193
1786003397299|1027|sustained_300s_r2f_00002_67108864|rotating|1350565378|8193|8193
1786003402193|1027|sustained_300s_r2f_00002_67108864|fixed|1350557187|8193|8193
1786003402193|1027|sustained_300s_r2f_00002_67108864|rotating|1346371074|8193|8193
1786003407212|1027|sustained_300s_r2f_00002_67108864|fixed|1346362883|8193|8193
1786003407212|1027|sustained_300s_r2f_00002_67108864|rotating|1350565378|8193|8193
1786003412333|1027|sustained_300s_r2f_00002_67108864|fixed|1350557187|8193|8193
1786003412333|1027|sustained_300s_r2f_00002_67108864|rotating|1346371074|8193|8193
1786003417310|1027|sustained_300s_r2f_00002_67108864|fixed|1350557187|8193|8193
1786003417310|1027|sustained_300s_r2f_00002_67108864|rotating|1350565378|8193|8193
1786003422287|1027|sustained_300s_r2f_00002_67108864|fixed|1350557187|8193|8193
1786003422287|1027|sustained_300s_r2f_00002_67108864|rotating|1346371074|8193|8193
1786003425303|1027|sustained_300s_r2f_00002_67108864_terminal|fixed|1346371075|8193|8193
1786003425303|1027|sustained_300s_r2f_00002_67108864_terminal|rotating|1346371075|8193|8193
1786003425606|1028|sustained_300s_r2f_00003_4194304_active|fixed|1350557187|8193|8193
1786003425606|1028|sustained_300s_r2f_00003_4194304_active|rotating|1346371075|8193|8193
1786003429675|1028|sustained_300s_r2f_00003_4194304_terminal|fixed|1350565379|8193|8193
1786003429675|1028|sustained_300s_r2f_00003_4194304_terminal|rotating|1346371075|8193|8193
1786003430045|1029|sustained_300s_r2f_00004_16777216_active|fixed|1350557187|8193|8193
1786003430045|1029|sustained_300s_r2f_00004_16777216_active|rotating|1346371074|8193|8193
1786003435210|1029|sustained_300s_r2f_00004_16777216|fixed|1346362883|8193|8193
1786003435210|1029|sustained_300s_r2f_00004_16777216|rotating|1346371074|8193|8193
1786003440185|1029|sustained_300s_r2f_00004_16777216|fixed|1350557187|8193|8193
1786003440185|1029|sustained_300s_r2f_00004_16777216|rotating|1346371074|8193|8193
1786003445038|1029|sustained_300s_r2f_00004_16777216_terminal|fixed|1346371075|8193|8193
1786003445038|1029|sustained_300s_r2f_00004_16777216_terminal|rotating|1346371075|8193|8193
1786003445419|1030|sustained_300s_r2f_00005_67108864_active|fixed|1346362883|8193|8193
1786003445419|1030|sustained_300s_r2f_00005_67108864_active|rotating|1350565379|8193|8193
1786003450642|1030|sustained_300s_r2f_00005_67108864|fixed|1350557187|8193|8193
1786003450642|1030|sustained_300s_r2f_00005_67108864|rotating|1346371074|8193|8193
1786003455664|1030|sustained_300s_r2f_00005_67108864|fixed|1350557187|8193|8193
1786003455664|1030|sustained_300s_r2f_00005_67108864|rotating|1346371074|8193|8193
1786003460797|1030|sustained_300s_r2f_00005_67108864|fixed|1350557187|8193|8193
1786003460797|1030|sustained_300s_r2f_00005_67108864|rotating|1350565378|8193|8193
1786003465629|1030|sustained_300s_r2f_00005_67108864|fixed|1346362883|8193|8193
1786003465629|1030|sustained_300s_r2f_00005_67108864|rotating|1350565378|8193|8193
1786003470693|1030|sustained_300s_r2f_00005_67108864|fixed|1350557187|8193|8193
1786003470693|1030|sustained_300s_r2f_00005_67108864|rotating|1346371074|8193|8193
1786003475631|1030|sustained_300s_r2f_00005_67108864|fixed|1346362883|8193|8193
1786003475631|1030|sustained_300s_r2f_00005_67108864|rotating|1346371074|8193|8193
1786003480647|1030|sustained_300s_r2f_00005_67108864|fixed|1346362883|8193|8193
1786003480647|1030|sustained_300s_r2f_00005_67108864|rotating|1346371074|8193|8193
1786003485689|1030|sustained_300s_r2f_00005_67108864|fixed|1346362883|8193|8193
1786003485689|1030|sustained_300s_r2f_00005_67108864|rotating|1350565378|8193|8193
1786003490698|1030|sustained_300s_r2f_00005_67108864|fixed|1346362883|8193|8193
1786003490698|1030|sustained_300s_r2f_00005_67108864|rotating|1346371074|8193|8193
1786003495637|1030|sustained_300s_r2f_00005_67108864|fixed|1346362883|8193|8193
1786003495637|1030|sustained_300s_r2f_00005_67108864|rotating|1346371074|8193|8193
1786003500687|1030|sustained_300s_r2f_00005_67108864|fixed|1350557187|8193|8193
1786003500687|1030|sustained_300s_r2f_00005_67108864|rotating|1346371074|8193|8193
1786003503781|1030|sustained_300s_r2f_00005_67108864_terminal|fixed|1350565379|8193|8193
1786003503781|1030|sustained_300s_r2f_00005_67108864_terminal|rotating|1346371075|8193|8193
1786003504096|1031|sustained_300s_r2f_00006_4194304_active|fixed|1346362883|8193|8193
1786003504096|1031|sustained_300s_r2f_00006_4194304_active|rotating|1346371075|8193|8193
1786003508312|1031|sustained_300s_r2f_00006_4194304_terminal|fixed|1350565379|8193|8193
1786003508312|1031|sustained_300s_r2f_00006_4194304_terminal|rotating|1346371075|8193|8193
1786003508578|1032|sustained_300s_r2f_00007_16777216_active|fixed|1350557187|8193|8193
1786003508578|1032|sustained_300s_r2f_00007_16777216_active|rotating|1350565379|8193|8193
1786003513704|1032|sustained_300s_r2f_00007_16777216|fixed|1346362883|8193|8193
1786003513704|1032|sustained_300s_r2f_00007_16777216|rotating|1350565378|8193|8193
1786003518717|1032|sustained_300s_r2f_00007_16777216|fixed|1350557187|8193|8193
1786003518717|1032|sustained_300s_r2f_00007_16777216|rotating|1346371074|8193|8193
1786003523633|1032|sustained_300s_r2f_00007_16777216_terminal|fixed|1350565379|8193|8193
1786003523633|1032|sustained_300s_r2f_00007_16777216_terminal|rotating|1346371075|8193|8193
1786003523956|1033|sustained_300s_r2f_00008_16777216_active|fixed|1350557187|8193|8193
1786003523956|1033|sustained_300s_r2f_00008_16777216_active|rotating|1350565378|8193|8193
1786003529124|1033|sustained_300s_r2f_00008_16777216|fixed|1346362883|8193|8193
1786003529124|1033|sustained_300s_r2f_00008_16777216|rotating|1346371074|8193|8193
1786003534151|1033|sustained_300s_r2f_00008_16777216|fixed|1346362883|8193|8193
1786003534151|1033|sustained_300s_r2f_00008_16777216|rotating|1350565378|8193|8193
1786003538906|1033|sustained_300s_r2f_00008_16777216_terminal|fixed|1350565379|8193|8193
1786003538906|1033|sustained_300s_r2f_00008_16777216_terminal|rotating|1346371075|8193|8193
1786003539339|1034|sustained_300s_r2f_00009_4194304_active|fixed|1350557187|8193|8193
1786003539339|1034|sustained_300s_r2f_00009_4194304_active|rotating|1350565379|8193|8193
1786003543465|1034|sustained_300s_r2f_00009_4194304_terminal|fixed|1346371075|8193|8193
1786003543465|1034|sustained_300s_r2f_00009_4194304_terminal|rotating|1350565379|8193|8193
1786003543900|1035|sustained_300s_r2f_00010_16777216_active|fixed|1350557187|8193|8193
1786003543900|1035|sustained_300s_r2f_00010_16777216_active|rotating|1350565379|8193|8193
1786003549016|1035|sustained_300s_r2f_00010_16777216|fixed|1346362883|8193|8193
1786003549016|1035|sustained_300s_r2f_00010_16777216|rotating|1350565378|8193|8193
1786003554110|1035|sustained_300s_r2f_00010_16777216|fixed|1350557187|8193|8193
1786003554110|1035|sustained_300s_r2f_00010_16777216|rotating|1346371074|8193|8193
1786003558750|1035|sustained_300s_r2f_00010_16777216_terminal|fixed|1346371075|8193|8193
1786003558750|1035|sustained_300s_r2f_00010_16777216_terminal|rotating|1346371075|8193|8193
1786003559066|1036|sustained_300s_r2f_00011_16777216_active|fixed|1346362883|8193|8193
1786003559066|1036|sustained_300s_r2f_00011_16777216_active|rotating|1346371075|8193|8193
1786003564399|1036|sustained_300s_r2f_00011_16777216|fixed|1346362883|8193|8193
1786003564399|1036|sustained_300s_r2f_00011_16777216|rotating|1350565378|8193|8193
1786003569210|1036|sustained_300s_r2f_00011_16777216|fixed|1350557187|8193|8193
1786003569210|1036|sustained_300s_r2f_00011_16777216|rotating|1346371074|8193|8193
1786003574290|1036|sustained_300s_r2f_00011_16777216_terminal|fixed|1350565379|8193|8193
1786003574290|1036|sustained_300s_r2f_00011_16777216_terminal|rotating|1346371075|8193|8193
1786003574579|1037|sustained_300s_r2f_00012_4194304_active|fixed|1350557187|8193|8193
1786003574579|1037|sustained_300s_r2f_00012_4194304_active|rotating|1346371075|8193|8193
1786003578626|1037|sustained_300s_r2f_00012_4194304_terminal|fixed|1346371075|8193|8193
1786003578626|1037|sustained_300s_r2f_00012_4194304_terminal|rotating|1350565379|8193|8193
1786003578974|1038|sustained_300s_r2f_00013_16777216_active|fixed|1346362883|8193|8193
1786003578974|1038|sustained_300s_r2f_00013_16777216_active|rotating|1346371075|8193|8193
1786003584111|1038|sustained_300s_r2f_00013_16777216|fixed|1350557187|8193|8193
1786003584111|1038|sustained_300s_r2f_00013_16777216|rotating|1346371074|8193|8193
1786003589151|1038|sustained_300s_r2f_00013_16777216|fixed|1346362883|8193|8193
1786003589151|1038|sustained_300s_r2f_00013_16777216|rotating|1350565378|8193|8193
1786003594011|1038|sustained_300s_r2f_00013_16777216_terminal|fixed|1350565379|8193|8193
1786003594011|1038|sustained_300s_r2f_00013_16777216_terminal|rotating|1346371075|8193|8193
1786003594343|1039|sustained_300s_r2f_00014_16777216_active|fixed|1350557187|8193|8193
1786003594343|1039|sustained_300s_r2f_00014_16777216_active|rotating|1350565379|8193|8193
1786003599563|1039|sustained_300s_r2f_00014_16777216|fixed|1346362883|8193|8193
1786003599563|1039|sustained_300s_r2f_00014_16777216|rotating|1350565378|8193|8193
1786003604468|1039|sustained_300s_r2f_00014_16777216|fixed|1350557187|8193|8193
1786003604468|1039|sustained_300s_r2f_00014_16777216|rotating|1346371074|8193|8193
1786003609469|1039|sustained_300s_r2f_00014_16777216_terminal|fixed|1346371075|8193|8193
1786003609469|1039|sustained_300s_r2f_00014_16777216_terminal|rotating|1346371075|8193|8193
1786003609812|1040|sustained_300s_r2f_00015_4194304_active|fixed|1350557187|8193|8193
1786003609812|1040|sustained_300s_r2f_00015_4194304_active|rotating|1346371075|8193|8193
1786003613932|1040|sustained_300s_r2f_00015_4194304_terminal|fixed|1346371075|8193|8193
1786003613932|1040|sustained_300s_r2f_00015_4194304_terminal|rotating|1350565379|8193|8193
1786003614432|1041|sustained_300s_r2f_00016_4194304_active|fixed|1346362883|8193|8193
1786003614432|1041|sustained_300s_r2f_00016_4194304_active|rotating|1350565378|8193|8193
1786003618610|1041|sustained_300s_r2f_00016_4194304_terminal|fixed|1350565379|8193|8193
1786003618610|1041|sustained_300s_r2f_00016_4194304_terminal|rotating|1350565379|8193|8193
1786003618899|1042|sustained_300s_r2f_00017_4194304_active|fixed|1346362883|8193|8193
1786003618899|1042|sustained_300s_r2f_00017_4194304_active|rotating|1346371075|8193|8193
1786003623060|1042|sustained_300s_r2f_00017_4194304_terminal|fixed|1346371075|8193|8193
1786003623060|1042|sustained_300s_r2f_00017_4194304_terminal|rotating|1350565379|8193|8193
1786003623437|1043|sustained_300s_r2f_00018_4194304_active|fixed|1350557187|8193|8193
1786003623437|1043|sustained_300s_r2f_00018_4194304_active|rotating|1346371075|8193|8193
1786003627707|1043|sustained_300s_r2f_00018_4194304_terminal|fixed|1346371075|8193|8193
1786003627707|1043|sustained_300s_r2f_00018_4194304_terminal|rotating|1350565379|8193|8193
1786003628031|1044|sustained_300s_r2f_00019_4194304_active|fixed|1346362883|8193|8193
1786003628031|1044|sustained_300s_r2f_00019_4194304_active|rotating|1346371075|8193|8193
1786003632119|1044|sustained_300s_r2f_00019_4194304_terminal|fixed|1350565379|8193|8193
1786003632119|1044|sustained_300s_r2f_00019_4194304_terminal|rotating|1346371075|8193|8193
1786003632602|1045|sustained_300s_r2f_00020_1048576_active|fixed|1350557187|8193|8193
1786003632602|1045|sustained_300s_r2f_00020_1048576_active|rotating|1350565379|8193|8193
1786003634130|1045|sustained_300s_r2f_00020_1048576_terminal|fixed|1350565379|8193|8193
1786003634130|1045|sustained_300s_r2f_00020_1048576_terminal|rotating|1346371075|8193|8193
1786003634463|1046|sustained_300s_r2f_00021_1048576_active|fixed|1346362883|8193|8193
1786003634463|1046|sustained_300s_r2f_00021_1048576_active|rotating|1346371075|8193|8193
1786003635830|1046|sustained_300s_r2f_00021_1048576_terminal|fixed|1346371075|8193|8193
1786003635830|1046|sustained_300s_r2f_00021_1048576_terminal|rotating|1350565379|8193|8193
1786003636179|1047|sustained_300s_r2f_00022_1048576_active|fixed|1350557187|8193|8193
1786003636179|1047|sustained_300s_r2f_00022_1048576_active|rotating|1350565379|8193|8193
1786003637596|1047|sustained_300s_r2f_00022_1048576_terminal|fixed|1350565379|8193|8193
1786003637596|1047|sustained_300s_r2f_00022_1048576_terminal|rotating|1350565379|8193|8193
1786003638066|1048|sustained_300s_r2f_00023_1048576_active|fixed|1346362883|8193|8193
1786003638066|1048|sustained_300s_r2f_00023_1048576_active|rotating|1346371075|8193|8193
1786003639523|1048|sustained_300s_r2f_00023_1048576_terminal|fixed|1346371075|8193|8193
1786003639523|1048|sustained_300s_r2f_00023_1048576_terminal|rotating|1346371075|8193|8193
1786003639857|1049|sustained_300s_r2f_00024_1048576_active|fixed|1346362883|8193|8193
1786003639857|1049|sustained_300s_r2f_00024_1048576_active|rotating|1350565379|8193|8193
1786003641196|1049|sustained_300s_r2f_00024_1048576_terminal|fixed|1350565379|8193|8193
1786003641196|1049|sustained_300s_r2f_00024_1048576_terminal|rotating|1346371075|8193|8193
1786003647717|1050|P10_4-HALF_DUPLEX_endpoint_shutdown_terminal|fixed|1346371075|8193|8193
1786003647717|1050|P10_4-HALF_DUPLEX_endpoint_shutdown_terminal|rotating|1350565379|8193|8193
