captured_ms|sequence|label|role|admission_snapshot_words_csv|ps_runtime_words_csv|pl_perf_snapshot_words_csv
1785974926370|1001|pl_reset_rotating_1_clean64|fixed|2,1378943233,16781056,6135174,6050629,69643,0,69643,0,1478,0,739,0,0,0,5786,5786,4721392,4721392,4096,4096,0,0,739,739,367324394,367324394,367324402,367324402,0,0,0,0,0,0,0,0,4096,256,131072,4,15|4,0,67108864,262144,256,0,0,0,0,96,0,84,0,24,21,0,1,96,0|4,1151938766,0,0,0,5505024,0,5505024,0,17551,0,0,21,0,0,0,0,0,0,0,6891146,0,0,0,0,0
1785974926370|1001|pl_reset_rotating_1_clean64|rotating|2,1378943233,33554687,6201661,6116518,6131361,6116518,6131361,6116518,5872,5850,5849,5849,0,0,746,0,180552019,180208390,4096,4096,0,0,5850,5850,348563068,348563049,348563076,348563057,0,0,0,0,0,0,0,0,4096,256,131072,4,15|4,0,67108864,262144,256,0,0,0,0,100,0,88,0,25,22,0,1,100,0|4,405172495,0,5798784,0,0,0,0,0,6151714,0,22,0,322546097,0,322546097,0,2080,315647126,0,9775322,0,0,0,0,0
1785974931385|1001|pl_reset_rotating_1_clean64|fixed|4,1378943233,16781056,12411322,12239054,140976,0,140976,0,2992,0,1496,0,0,0,11704,11704,9557856,9557856,4096,4096,0,0,1496,1496,687991644,687991644,687991652,687991652,0,0,0,0,0,0,0,0,4096,256,131072,4,15|4,0,67108864,262144,256,0,0,0,0,188,0,176,0,47,44,0,1,188,0|6,1473205041,0,0,0,11534336,0,11534336,0,35409,0,0,44,0,0,0,0,0,0,0,6940779,0,0,0,0,0
1785974931385|1001|pl_reset_rotating_1_clean64|rotating|4,1378943233,33554687,12501415,12328026,12359495,12328026,12359495,12328026,11835,11790,11789,11789,0,0,1506,0,363905657,363184836,4096,4096,0,0,11790,11790,670534281,670534270,670534289,670534278,0,0,0,0,0,0,0,0,4096,256,131072,4,15|4,0,67108864,262144,256,0,0,0,0,188,0,176,0,47,44,0,1,188,0|6,727946294,0,11676608,0,0,0,0,0,12381804,0,44,0,643850440,0,643850440,0,2080,635259543,0,12628494,0,0,0,0,0
1785974936397|1001|pl_reset_rotating_1_clean64|fixed|6,1378943233,16781056,18691320,18432991,212219,0,212219,0,4504,0,2252,0,0,0,17624,17624,14387912,14387912,4096,4096,0,0,2252,2252,1008673732,1008673732,1008673740,1008673740,0,0,0,0,0,0,0,0,4096,256,131072,4,15|4,0,67108864,262144,256,0,0,0,0,276,0,264,0,69,66,0,1,276,0|8,1793495306,0,0,0,17301504,0,17301504,0,53196,0,0,66,0,0,0,0,0,0,0,6988696,0,0,0,0,0
1785974936397|1001|pl_reset_rotating_1_clean64|rotating|6,1378943233,33558272,18766700,18507615,18553632,18507615,18553632,18507615,17763,17696,17696,17696,0,0,2261,0,546242184,545161744,4096,4096,0,0,17696,17696,990586462,990586803,990586470,990586811,0,0,0,0,0,0,0,0,4096,256,131072,4,15|4,0,67108864,262144,256,0,0,0,0,276,0,264,0,69,66,0,1,276,0|8,1047936662,0,17491200,0,0,0,0,0,18558706,0,66,0,962387160,0,962387160,0,2080,952095307,0,15477120,0,0,0,0,0
1785974941409|1001|pl_reset_rotating_1_clean64|fixed|8,1378943233,16781056,24970687,24625544,283556,0,283556,0,6018,0,3009,0,0,0,23545,23545,19224344,19224344,4096,4096,0,0,3009,3009,1329662110,1329662110,1329662118,1329662118,0,0,0,0,0,0,0,0,4096,256,131072,4,15|4,0,67108864,262144,256,0,0,0,0,364,0,352,0,91,88,0,1,364,0|10,2114311524,0,0,0,23068672,0,23068672,0,71031,0,0,88,0,0,0,0,0,0,0,7029014,0,0,0,0,0
1785974941409|1001|pl_reset_rotating_1_clean64|rotating|8,1378943233,33554687,25044288,24698268,24759977,24698268,24759977,24698268,23706,23616,23615,23615,0,0,3017,0,728960030,727520016,4096,4096,0,0,23616,23616,1311337922,1311337959,1311337930,1311337935,0,0,0,0,0,0,0,0,4096,256,131072,4,15|4,0,67108864,262144,256,0,0,0,0,364,0,352,0,91,88,0,1,364,0|10,1368017335,0,23313696,0,0,0,0,0,24736135,0,88,0,1281012209,0,1281012209,0,2080,1269018539,0,18328304,0,0,0,0,0
1785974946417|1001|pl_reset_rotating_1_clean64|fixed|10,1378943233,16781056,31248150,30815889,354799,0,354799,0,7530,0,3765,0,0,0,29464,29464,24054328,24054328,4096,4096,0,0,3765,3765,1650221490,1650221490,1650221498,1650221498,0,0,0,0,0,0,0,0,4096,256,131072,4,15|4,0,67108864,262144,256,0,0,0,0,452,0,440,0,113,110,0,1,452,0|12,2434904149,0,0,0,28835840,0,28835840,0,88840,0,0,110,0,0,0,0,0,0,0,7074607,0,0,0,0,0
1785974946417|1001|pl_reset_rotating_1_clean64|rotating|10,1378943233,33558272,31313274,30879465,30957630,30879465,30957630,30879465,29638,29526,29526,29526,0,0,3774,0,911411224,909595176,4096,4096,0,0,29526,29526,1631597265,1631575830,1631597273,1631575838,0,0,0,0,0,0,0,0,4096,256,131072,4,15|4,0,67108864,262144,256,0,0,0,0,456,0,444,0,114,111,0,1,456,0|12,1688003941,0,29129600,0,0,0,0,0,30909715,0,111,0,1599544839,0,1599544839,0,2080,1585713220,0,21309626,0,0,0,0,0
1785974951430|1001|pl_reset_rotating_1_clean64|fixed|12,1378943233,16781056,37525848,37006521,426132,0,426132,0,9044,0,4522,0,0,0,35383,35383,28890792,28890792,4096,4096,0,0,4522,4522,1970885292,1970885292,1970885300,1970885300,0,0,0,0,0,0,0,0,4096,256,131072,4,15|4,0,67108864,262144,256,0,0,0,0,544,0,532,0,136,133,0,1,544,0|14,2755762163,0,0,0,34865152,0,34865152,0,106674,0,0,133,0,0,0,0,0,0,0,7123218,0,0,0,0,0
1785974951430|1001|pl_reset_rotating_1_clean64|rotating|12,1378943233,33554687,37591809,37071743,37164922,37071743,37164922,37071743,35581,35446,35445,35445,0,0,4530,0,1094130486,1091953857,4096,4096,0,0,35446,35446,1952474354,1952474367,1952474362,1952474375,0,0,0,0,0,0,0,0,4096,256,131072,4,15|4,0,67108864,262144,256,0,0,0,0,544,0,532,0,136,133,0,1,544,0|14,2009052407,0,34967904,0,0,0,0,0,37107579,0,133,0,1919133729,0,1919133729,0,2080,1903603975,0,24160522,0,0,0,0,0
1785974956442|1001|pl_reset_rotating_1_clean64|fixed|14,1378943233,16781056,43804101,43196737,497470,0,497470,0,10558,0,5279,0,0,0,41303,41303,33727248,33727248,4096,4096,0,0,5279,5279,2292002958,2292002958,2292002966,2292002966,0,0,0,0,0,0,0,0,4096,256,131072,4,15|4,0,67108864,262144,256,0,0,0,0,632,0,620,0,158,155,0,1,632,0|16,3076468885,0,0,0,40632320,0,40632320,0,124485,0,0,155,0,0,0,0,0,0,0,7165920,0,0,0,0,0
1785974956442|1001|pl_reset_rotating_1_clean64|rotating|14,1378943233,33558272,43865612,43257567,43367483,43257567,43367483,43257567,41519,41361,41361,41361,0,0,5286,0,1276736048,1274199296,4096,4096,0,0,41361,41361,2273002864,2273003205,2273002872,2273003213,0,0,0,0,0,0,0,0,4096,256,131072,4,15|4,0,67108864,262144,256,0,0,0,0,632,0,620,0,158,155,0,1,632,0|16,2332407811,0,40853632,0,0,0,0,0,43348998,0,155,0,2241017701,0,2241017701,0,2080,2223796970,0,27014442,0,0,0,0,0
1785974961442|1001|pl_reset_rotating_1_clean64|fixed|16,1378943233,16781056,50066030,49370756,568524,0,568524,0,12066,0,6033,0,0,0,47206,47206,38544480,38544480,4096,4096,0,0,6033,6033,2611703185,2611703185,2611703193,2611703193,0,0,0,0,0,0,0,0,4096,256,131072,4,15|4,0,67108864,262144,256,0,0,0,0,720,0,708,0,180,177,0,1,720,0|18,3396568412,0,0,0,46399488,0,46399488,0,142272,0,0,177,0,0,0,0,0,0,0,7214153,0,0,0,0,0
1785974961442|1001|pl_reset_rotating_1_clean64|rotating|16,1378943233,33554687,50156339,49459978,49586778,49459978,49586778,49459978,47472,47292,47291,47291,0,0,6044,0,1459786008,1456891075,4096,4096,0,0,47292,47292,2594336342,2594336339,2594336350,2594336347,0,0,0,0,0,0,0,0,4096,256,131072,4,15|4,0,67108864,262144,256,0,0,0,0,720,0,708,0,180,177,0,1,720,0|18,2651560635,0,46660320,0,0,0,0,0,49509322,0,177,0,2558718853,0,2558718853,0,2080,2539791746,0,29866791,0,0,0,0,0
1785974966443|1001|pl_reset_rotating_1_clean64|fixed|18,1378943233,16781056,56331581,55550626,639673,0,639673,0,13576,0,6788,0,0,0,53113,53113,43368128,43368128,4096,4096,0,0,6788,6788,2931836423,2931836423,2931836431,2931836431,0,0,0,0,0,0,0,0,4096,256,131072,4,15|4,0,67108864,262144,256,0,0,0,0,808,0,796,0,202,199,0,1,808,0|20,3716663072,0,0,0,52166656,0,52166656,0,160059,0,0,199,0,0,0,0,0,0,0,7257493,0,0,0,0,0
1785974966443|1001|pl_reset_rotating_1_clean64|rotating|18,1378943233,33558272,56417323,55635419,55776711,55635419,55776711,55635419,53397,53194,53194,53194,0,0,6798,0,1641997008,1638745208,4096,4096,0,0,53194,53194,2914179577,2914179894,2914179585,2914179902,0,0,0,0,0,0,0,0,4096,256,131072,4,15|4,0,67108864,262144,256,0,0,0,0,812,0,800,0,203,200,0,1,812,0|20,2972120586,0,52484128,0,0,0,0,0,55694768,0,200,0,2877822852,0,2877822852,0,2080,2857055105,0,32852501,0,0,0,0,0
1785974971445|1001|pl_reset_rotating_1_clean64|fixed|20,1378943233,16781056,62601987,61734163,710818,0,710818,0,15086,0,7543,0,0,0,59020,59020,48191760,48191760,4096,4096,0,0,7543,7543,3251966781,3251966781,3251966789,3251966789,0,0,0,0,0,0,0,0,4096,256,131072,4,15|5,0,67108864,262144,256,0,0,0,0,900,0,888,0,225,222,0,1,900,0|22,4036754074,0,0,0,58195968,0,58195968,0,177845,0,0,222,0,0,0,0,0,0,0,7302569,0,0,0,0,0
1785974971445|1001|pl_reset_rotating_1_clean64|rotating|20,1378943233,33558272,62693692,61824166,61981838,61824166,61981838,61824166,59333,59107,59107,59107,0,0,7554,0,1824518696,1820892904,4096,4096,0,0,59107,59107,3234703261,3234703602,3234703269,3234703610,0,0,0,0,0,0,0,0,4096,256,131072,4,15|4,0,67108864,262144,256,0,0,0,0,900,0,888,0,225,222,0,1,900,0|22,3292778586,0,58314528,0,0,0,0,0,61888766,0,222,0,3197023252,0,3197023252,0,2080,3174554597,0,35704473,0,0,0,0,0
1785974976466|1001|pl_reset_rotating_1_clean64|fixed|22,1378943233,16781056,68897149,67942040,782249,0,782249,0,16602,0,8301,0,0,0,64950,64950,53034600,53034600,4096,4096,0,0,8301,8301,3573187886,3573187886,3573187894,3573187894,0,0,0,0,0,0,0,0,4096,256,131072,4,15|4,0,67108864,262144,256,0,0,0,0,988,0,976,0,247,244,0,1,988,0|24,64055638,1,0,0,63963136,0,63963136,0,195750,0,0,244,0,0,0,0,0,0,0,7348579,0,0,0,0,0
1785974976466|1001|pl_reset_rotating_1_clean64|rotating|22,1378943233,33558272,68987369,68031115,68204084,68031115,68204084,68031115,65283,65035,65035,65035,0,0,8312,0,2007504256,2003519592,4096,4096,0,0,65035,65035,3555907253,3555907594,3555907261,3555907602,0,0,0,0,0,0,0,0,4096,256,131072,4,15|4,0,67108864,262144,256,0,0,0,0,988,0,976,0,247,244,0,1,988,0|24,3612568517,0,64137024,0,0,0,0,0,68067747,0,244,0,3515357559,0,3515357559,0,2068,3491186449,0,38556295,0,0,0,0,0
