captured_ms|sequence|label|role|admission_snapshot_words_csv|ps_runtime_words_csv|pl_perf_snapshot_words_csv
1788088308836|1011|fault_abort_r2f|fixed|22,1378943233,16777216,0,0,0,0,0,0,0,0,0,0,0,0,0,0,0,0,0,0,0,0,0,0,0,0,0,0,0,0,0,0,0,0,0,0,4096,256,131072,4,15|8,260,262144,262144,1,0,0,0,0,8,0,0,0,1,0,0,1,8,0|64,2323384881,0,12844,0,0,0,0,0,0,0,0,0,32557053,0,32557053,0,2048,32558418,0,292912806,0,1,2,0,0
1788088308836|1011|fault_abort_r2f|rotating|22,1378943233,33558272,154008,154001,0,0,0,0,0,0,0,0,0,0,138,138,0,0,0,0,0,0,0,0,0,0,0,0,0,0,0,0,0,0,0,0,4096,256,131072,4,15|4,0,262144,262144,1,0,0,0,0,8,0,0,0,1,0,0,1,8,0|64,1624785719,0,12844,0,0,0,0,0,9419,0,0,0,326590218,0,326590218,0,2048,640011,0,1764997,0,0,0,0,0
1788088313849|1011|fault_abort_r2f|fixed|24,1378943233,16777216,0,0,0,0,0,0,0,0,0,0,0,0,0,0,0,0,0,0,0,0,0,0,0,0,0,0,0,0,0,0,0,0,0,0,4096,256,131072,4,15|8,260,262144,262144,1,0,0,0,0,8,0,0,0,1,0,0,1,8,0|66,2643941352,0,12844,0,0,0,0,0,0,0,0,0,32557053,0,32557053,0,2048,32558418,0,613469277,0,1,2,0,0
1788088313849|1011|fault_abort_r2f|rotating|24,1378943233,33558272,154008,154001,0,0,0,0,0,0,0,0,0,0,138,138,0,0,0,0,0,0,0,0,0,0,0,0,0,0,0,0,0,0,0,0,4096,256,131072,4,15|4,0,262144,262144,1,0,0,0,0,8,0,0,0,1,0,0,1,8,0|66,1945707072,0,12844,0,0,0,0,0,9419,0,0,0,647511571,0,647511571,0,2048,640011,0,1764997,0,0,0,0,0
1788088318849|1011|fault_abort_r2f|fixed|26,1378943233,16777216,0,0,0,0,0,0,0,0,0,0,0,0,0,0,0,0,0,0,0,0,0,0,0,0,0,0,0,0,0,0,0,0,0,0,4096,256,131072,4,15|8,260,262144,262144,1,0,0,0,0,8,0,0,0,1,0,0,1,8,0|68,2964918191,0,12844,0,0,0,0,0,0,0,0,0,32557053,0,32557053,0,2048,32558418,0,934446116,0,1,2,0,0
1788088318849|1011|fault_abort_r2f|rotating|26,1378943233,33558272,154008,154001,0,0,0,0,0,0,0,0,0,0,138,138,0,0,0,0,0,0,0,0,0,0,0,0,0,0,0,0,0,0,0,0,4096,256,131072,4,15|4,0,262144,262144,1,0,0,0,0,8,0,0,0,1,0,0,1,8,0|68,2267047200,0,12844,0,0,0,0,0,9419,0,0,0,968851699,0,968851699,0,2048,640011,0,1764997,0,0,0,0,0
1788088323863|1011|fault_abort_r2f|fixed|28,1378943233,16777216,0,0,0,0,0,0,0,0,0,0,0,0,0,0,0,0,0,0,0,0,0,0,0,0,0,0,0,0,0,0,0,0,0,0,4096,256,131072,4,15|8,260,262144,262144,1,0,0,0,0,8,0,0,0,1,0,0,1,8,0|70,3285733748,0,12844,0,0,0,0,0,0,0,0,0,32557053,0,32557053,0,2048,32558418,0,1255261673,0,1,2,0,0
1788088323863|1011|fault_abort_r2f|rotating|28,1378943233,33558272,154008,154001,0,0,0,0,0,0,0,0,0,0,138,138,0,0,0,0,0,0,0,0,0,0,0,0,0,0,0,0,0,0,0,0,4096,256,131072,4,15|4,0,262144,262144,1,0,0,0,0,8,0,0,0,1,0,0,1,8,0|70,2587071060,0,12844,0,0,0,0,0,9419,0,0,0,1288875559,0,1288875559,0,2048,640011,0,1764997,0,0,0,0,0
1788088328872|1011|fault_abort_r2f|fixed|30,1378943233,16777216,0,0,0,0,0,0,0,0,0,0,0,0,0,0,0,0,0,0,0,0,0,0,0,0,0,0,0,0,0,0,0,0,0,0,4096,256,131072,4,15|8,260,262144,262144,1,0,0,0,0,8,0,0,0,1,0,0,1,8,0|72,3605488624,0,12844,0,0,0,0,0,0,0,0,0,32557053,0,32557053,0,2048,32558418,0,1575016549,0,1,2,0,0
1788088328872|1011|fault_abort_r2f|rotating|30,1378943233,33558272,154008,154001,0,0,0,0,0,0,0,0,0,0,138,138,0,0,0,0,0,0,0,0,0,0,0,0,0,0,0,0,0,0,0,0,4096,256,131072,4,15|4,0,262144,262144,1,0,0,0,0,8,0,0,0,1,0,0,1,8,0|72,2910365764,0,12844,0,0,0,0,0,9419,0,0,0,1612170263,0,1612170263,0,2048,640011,0,1764997,0,0,0,0,0
1788088333885|1011|fault_abort_r2f|fixed|32,1378943233,16777216,0,0,0,0,0,0,0,0,0,0,0,0,0,0,0,0,0,0,0,0,0,0,0,0,0,0,0,0,0,0,0,0,0,0,4096,256,131072,4,15|8,260,262144,262144,1,0,0,0,0,8,0,0,0,1,0,0,1,8,0|74,3925556948,0,12844,0,0,0,0,0,0,0,0,0,32557053,0,32557053,0,2048,32558418,0,1895084873,0,1,2,0,0
1788088333885|1011|fault_abort_r2f|rotating|32,1378943233,33558272,154008,154001,0,0,0,0,0,0,0,0,0,0,138,138,0,0,0,0,0,0,0,0,0,0,0,0,0,0,0,0,0,0,0,0,4096,256,131072,4,15|4,0,262144,262144,1,0,0,0,0,8,0,0,0,1,0,0,1,8,0|74,3226907783,0,12844,0,0,0,0,0,9419,0,0,0,1928712282,0,1928712282,0,2048,640011,0,1764997,0,0,0,0,0
1788088338888|1011|fault_abort_r2f|fixed|34,1378943233,16777216,0,0,0,0,0,0,0,0,0,0,0,0,0,0,0,0,0,0,0,0,0,0,0,0,0,0,0,0,0,0,0,0,0,0,4096,256,131072,4,15|8,260,262144,262144,1,0,0,0,0,8,0,0,0,1,0,0,1,8,0|76,4245865251,0,12844,0,0,0,0,0,0,0,0,0,32557053,0,32557053,0,2048,32558418,0,2215393176,0,1,2,0,0
1788088338888|1011|fault_abort_r2f|rotating|34,1378943233,33558272,154008,154001,0,0,0,0,0,0,0,0,0,0,138,138,0,0,0,0,0,0,0,0,0,0,0,0,0,0,0,0,0,0,0,0,4096,256,131072,4,15|4,0,262144,262144,1,0,0,0,0,8,0,0,0,1,0,0,1,8,0|76,3548173669,0,12844,0,0,0,0,0,9419,0,0,0,2249978168,0,2249978168,0,2048,640011,0,1764997,0,0,0,0,0
1788088343891|1011|fault_abort_r2f|fixed|36,1378943233,16777216,0,0,0,0,0,0,0,0,0,0,0,0,0,0,0,0,0,0,0,0,0,0,0,0,0,0,0,0,0,0,0,0,0,0,4096,256,131072,4,15|8,260,262144,262144,1,0,0,0,0,8,0,0,0,1,0,0,1,8,0|78,271772307,1,12844,0,0,0,0,0,0,0,0,0,32557053,0,32557053,0,2048,32558418,0,2536267528,0,1,2,0,0
1788088343891|1011|fault_abort_r2f|rotating|36,1378943233,33558272,154008,154001,0,0,0,0,0,0,0,0,0,0,138,138,0,0,0,0,0,0,0,0,0,0,0,0,0,0,0,0,0,0,0,0,4096,256,131072,4,15|4,0,262144,262144,1,0,0,0,0,8,0,0,0,1,0,0,1,8,0|78,3868218644,0,12844,0,0,0,0,0,9419,0,0,0,2570023143,0,2570023143,0,2048,640011,0,1764997,0,0,0,0,0
1788088348891|1011|fault_abort_r2f|fixed|38,1378943233,16777216,0,0,0,0,0,0,0,0,0,0,0,0,0,0,0,0,0,0,0,0,0,0,0,0,0,0,0,0,0,0,0,0,0,0,4096,256,131072,4,15|8,260,262144,262144,1,0,0,0,0,8,0,0,0,1,0,0,1,8,0|80,592550612,1,12844,0,0,0,0,0,0,0,0,0,32557053,0,32557053,0,2048,32558418,0,2857045833,0,1,2,0,0
1788088348891|1011|fault_abort_r2f|rotating|38,1378943233,33558272,154008,154001,0,0,0,0,0,0,0,0,0,0,138,138,0,0,0,0,0,0,0,0,0,0,0,0,0,0,0,0,0,0,0,0,4096,256,131072,4,15|4,0,262144,262144,1,0,0,0,0,8,0,0,0,1,0,0,1,8,0|80,4189195966,0,12844,0,0,0,0,0,9419,0,0,0,2891000465,0,2891000465,0,2048,640011,0,1764997,0,0,0,0,0
1788088353891|1011|fault_abort_r2f|fixed|40,1378943233,16777216,0,0,0,0,0,0,0,0,0,0,0,0,0,0,0,0,0,0,0,0,0,0,0,0,0,0,0,0,0,0,0,0,0,0,4096,256,131072,4,15|8,260,262144,262144,1,0,0,0,0,8,0,0,0,1,0,0,1,8,0|82,912037489,1,12844,0,0,0,0,0,0,0,0,0,32557053,0,32557053,0,2048,32558418,0,3176532710,0,1,2,0,0
1788088353891|1011|fault_abort_r2f|rotating|40,1378943233,33558272,154008,154001,0,0,0,0,0,0,0,0,0,0,138,138,0,0,0,0,0,0,0,0,0,0,0,0,0,0,0,0,0,0,0,0,4096,256,131072,4,15|4,0,262144,262144,1,0,0,0,0,8,0,0,0,1,0,0,1,8,0|82,213407330,1,12844,0,0,0,0,0,9419,0,0,0,3210179125,0,3210179125,0,2048,640011,0,1764997,0,0,0,0,0
1788088358891|1011|fault_abort_r2f|fixed|42,1378943233,16777216,0,0,0,0,0,0,0,0,0,0,0,0,0,0,0,0,0,0,0,0,0,0,0,0,0,0,0,0,0,0,0,0,0,0,4096,256,131072,4,15|8,260,262144,262144,1,0,0,0,0,8,0,0,0,1,0,0,1,8,0|84,1232894449,1,12844,0,0,0,0,0,0,0,0,0,32557053,0,32557053,0,2048,32558418,0,3497389670,0,1,2,0,0
1788088358891|1011|fault_abort_r2f|rotating|42,1378943233,33558272,154008,154001,0,0,0,0,0,0,0,0,0,0,138,138,0,0,0,0,0,0,0,0,0,0,0,0,0,0,0,0,0,0,0,0,4096,256,131072,4,15|4,0,262144,262144,1,0,0,0,0,8,0,0,0,1,0,0,1,8,0|84,534854166,1,12844,0,0,0,0,0,9419,0,0,0,3531625961,0,3531625961,0,2048,640011,0,1764997,0,0,0,0,0
1788088363897|1011|fault_abort_r2f|fixed|44,1378943233,16777216,0,0,0,0,0,0,0,0,0,0,0,0,0,0,0,0,0,0,0,0,0,0,0,0,0,0,0,0,0,0,0,0,0,0,4096,256,131072,4,15|8,260,262144,262144,1,0,0,0,0,8,0,0,0,1,0,0,1,8,0|86,1552135617,1,12844,0,0,0,0,0,0,0,0,0,32557053,0,32557053,0,2048,32558418,0,3816630838,0,1,2,0,0
1788088363897|1011|fault_abort_r2f|rotating|44,1378943233,33558272,154008,154001,0,0,0,0,0,0,0,0,0,0,138,138,0,0,0,0,0,0,0,0,0,0,0,0,0,0,0,0,0,0,0,0,4096,256,131072,4,15|4,0,262144,262144,1,0,0,0,0,8,0,0,0,1,0,0,1,8,0|86,855309124,1,12844,0,0,0,0,0,9419,0,0,0,3852080919,0,3852080919,0,2048,640011,0,1764997,0,0,0,0,0
1788088368907|1011|fault_abort_r2f|fixed|46,1378943233,16777216,0,0,0,0,0,0,0,0,0,0,0,0,0,0,0,0,0,0,0,0,0,0,0,0,0,0,0,0,0,0,0,0,0,0,4096,256,131072,4,15|8,260,262144,262144,1,0,0,0,0,8,0,0,0,1,0,0,1,8,0|88,1873645684,1,12844,0,0,0,0,0,0,0,0,0,32557053,0,32557053,0,2048,32558418,0,4138140905,0,1,2,0,0
1788088368907|1011|fault_abort_r2f|rotating|46,1378943233,33558272,154008,154001,0,0,0,0,0,0,0,0,0,0,138,138,0,0,0,0,0,0,0,0,0,0,0,0,0,0,0,0,0,0,0,0,4096,256,131072,4,15|4,0,262144,262144,1,0,0,0,0,8,0,0,0,1,0,0,1,8,0|88,1174957912,1,12844,0,0,0,0,0,9419,0,0,0,4171729707,0,4171729707,0,2048,640011,0,1764997,0,0,0,0,0
1788088373912|1011|fault_abort_r2f|fixed|48,1378943233,16777216,0,0,0,0,0,0,0,0,0,0,0,0,0,0,0,0,0,0,0,0,0,0,0,0,0,0,0,0,0,0,0,0,0,0,4096,256,131072,4,15|8,260,262144,262144,1,0,0,0,0,8,0,0,0,1,0,0,1,8,0|90,2193167137,1,12844,0,0,0,0,0,0,0,0,0,32557053,0,32557053,0,2048,32558418,0,162695062,1,1,2,0,0
1788088373912|1011|fault_abort_r2f|rotating|48,1378943233,33558272,154008,154001,0,0,0,0,0,0,0,0,0,0,138,138,0,0,0,0,0,0,0,0,0,0,0,0,0,0,0,0,0,0,0,0,4096,256,131072,4,15|4,0,262144,262144,1,0,0,0,0,8,0,0,0,1,0,0,1,8,0|90,1495696313,1,12844,0,0,0,0,0,9419,0,0,0,197500812,1,197500812,1,2048,640011,0,1764997,0,0,0,0,0
1788088378914|1011|fault_abort_r2f|fixed|50,1378943233,16777216,0,0,0,0,0,0,0,0,0,0,0,0,0,0,0,0,0,0,0,0,0,0,0,0,0,0,0,0,0,0,0,0,0,0,4096,256,131072,4,15|8,260,262144,262144,1,0,0,0,0,8,0,0,0,1,0,0,1,8,0|92,2512547576,1,12844,0,0,0,0,0,0,0,0,0,32557053,0,32557053,0,2048,32558418,0,482075501,1,1,2,0,0
1788088378914|1011|fault_abort_r2f|rotating|50,1378943233,33558272,154008,154001,0,0,0,0,0,0,0,0,0,0,138,138,0,0,0,0,0,0,0,0,0,0,0,0,0,0,0,0,0,0,0,0,4096,256,131072,4,15|4,0,262144,262144,1,0,0,0,0,8,0,0,0,1,0,0,1,8,0|92,1813738387,1,12844,0,0,0,0,0,9419,0,0,0,515542886,1,515542886,1,2048,640011,0,1764997,0,0,0,0,0
1788088383925|1011|fault_abort_r2f|fixed|52,1378943233,16777216,0,0,0,0,0,0,0,0,0,0,0,0,0,0,0,0,0,0,0,0,0,0,0,0,0,0,0,0,0,0,0,0,0,0,4096,256,131072,4,15|8,260,262144,262144,1,0,0,0,0,8,0,0,0,1,0,0,1,8,0|94,2834092486,1,12844,0,0,0,0,0,0,0,0,0,32557053,0,32557053,0,2048,32558418,0,803620411,1,1,2,0,0
1788088383925|1011|fault_abort_r2f|rotating|52,1378943233,33558272,154008,154001,0,0,0,0,0,0,0,0,0,0,138,138,0,0,0,0,0,0,0,0,0,0,0,0,0,0,0,0,0,0,0,0,4096,256,131072,4,15|4,0,262144,262144,1,0,0,0,0,8,0,0,0,1,0,0,1,8,0|94,2136289366,1,12844,0,0,0,0,0,9419,0,0,0,838093865,1,838093865,1,2048,640011,0,1764997,0,0,0,0,0
1788088388938|1011|fault_abort_r2f|fixed|54,1378943233,16777216,0,0,0,0,0,0,0,0,0,0,0,0,0,0,0,0,0,0,0,0,0,0,0,0,0,0,0,0,0,0,0,0,0,0,4096,256,131072,4,15|8,260,262144,262144,1,0,0,0,0,8,0,0,0,1,0,0,1,8,0|96,3155097606,1,12844,0,0,0,0,0,0,0,0,0,32557053,0,32557053,0,2048,32558418,0,1124625531,1,1,2,0,0
1788088388938|1011|fault_abort_r2f|rotating|54,1378943233,33558272,154008,154001,0,0,0,0,0,0,0,0,0,0,138,138,0,0,0,0,0,0,0,0,0,0,0,0,0,0,0,0,0,0,0,0,4096,256,131072,4,15|4,0,262144,262144,1,0,0,0,0,8,0,0,0,1,0,0,1,8,0|96,2456499705,1,12844,0,0,0,0,0,9419,0,0,0,1158304204,1,1158304204,1,2048,640011,0,1764997,0,0,0,0,0
1788088393951|1011|fault_abort_r2f|fixed|56,1378943233,16777216,0,0,0,0,0,0,0,0,0,0,0,0,0,0,0,0,0,0,0,0,0,0,0,0,0,0,0,0,0,0,0,0,0,0,4096,256,131072,4,15|8,260,262144,262144,1,0,0,0,0,8,0,0,0,1,0,0,1,8,0|98,3477008321,1,12844,0,0,0,0,0,0,0,0,0,32557053,0,32557053,0,2048,32558418,0,1446536246,1,1,2,0,0
1788088393951|1011|fault_abort_r2f|rotating|56,1378943233,33558272,154008,154001,0,0,0,0,0,0,0,0,0,0,138,138,0,0,0,0,0,0,0,0,0,0,0,0,0,0,0,0,0,0,0,0,4096,256,131072,4,15|4,0,262144,262144,1,0,0,0,0,8,0,0,0,1,0,0,1,8,0|98,2779816000,1,12844,0,0,0,0,0,9419,0,0,0,1481620499,1,1481620499,1,2048,640011,0,1764997,0,0,0,0,0
1788088398958|1011|fault_abort_r2f|fixed|58,1378943233,16777216,0,0,0,0,0,0,0,0,0,0,0,0,0,0,0,0,0,0,0,0,0,0,0,0,0,0,0,0,0,0,0,0,0,0,4096,256,131072,4,15|8,260,262144,262144,1,0,0,0,0,8,0,0,0,1,0,0,1,8,0|100,3796575678,1,12844,0,0,0,0,0,0,0,0,0,32557053,0,32557053,0,2048,32558418,0,1766103603,1,1,2,0,0
1788088398958|1011|fault_abort_r2f|rotating|58,1378943233,33558272,154008,154001,0,0,0,0,0,0,0,0,0,0,138,138,0,0,0,0,0,0,0,0,0,0,0,0,0,0,0,0,0,0,0,0,4096,256,131072,4,15|4,0,262144,262144,1,0,0,0,0,8,0,0,0,1,0,0,1,8,0|100,3097819302,1,12844,0,0,0,0,0,9419,0,0,0,1799623801,1,1799623801,1,2048,640011,0,1764997,0,0,0,0,0
1788088403964|1011|fault_abort_r2f|fixed|60,1378943233,16777216,0,0,0,0,0,0,0,0,0,0,0,0,0,0,0,0,0,0,0,0,0,0,0,0,0,0,0,0,0,0,0,0,0,0,4096,256,131072,4,15|8,260,262144,262144,1,0,0,0,0,8,0,0,0,1,0,0,1,8,0|102,4116846865,1,12844,0,0,0,0,0,0,0,0,0,32557053,0,32557053,0,2048,32558418,0,2086374790,1,1,2,0,0
1788088403964|1011|fault_abort_r2f|rotating|60,1378943233,33558272,154008,154001,0,0,0,0,0,0,0,0,0,0,138,138,0,0,0,0,0,0,0,0,0,0,0,0,0,0,0,0,0,0,0,0,4096,256,131072,4,15|4,0,262144,262144,1,0,0,0,0,8,0,0,0,1,0,0,1,8,0|102,3418259690,1,12844,0,0,0,0,0,9419,0,0,0,2120064189,1,2120064189,1,2048,640011,0,1764997,0,0,0,0,0
1788088408978|1011|fault_abort_r2f|fixed|62,1378943233,16777216,0,0,0,0,0,0,0,0,0,0,0,0,0,0,0,0,0,0,0,0,0,0,0,0,0,0,0,0,0,0,0,0,0,0,4096,256,131072,4,15|8,260,262144,262144,1,0,0,0,0,8,0,0,0,1,0,0,1,8,0|104,142782869,2,12844,0,0,0,0,0,0,0,0,0,32557053,0,32557053,0,2048,32558418,0,2407278090,1,1,2,0,0
1788088408978|1011|fault_abort_r2f|rotating|62,1378943233,33558272,154008,154001,0,0,0,0,0,0,0,0,0,0,138,138,0,0,0,0,0,0,0,0,0,0,0,0,0,0,0,0,0,0,0,0,4096,256,131072,4,15|4,0,262144,262144,1,0,0,0,0,8,0,0,0,1,0,0,1,8,0|104,3739100955,1,12844,0,0,0,0,0,9419,0,0,0,2440905454,1,2440905454,1,2048,640011,0,1764997,0,0,0,0,0
1788088413990|1011|fault_abort_r2f|fixed|64,1378943233,16777216,0,0,0,0,0,0,0,0,0,0,0,0,0,0,0,0,0,0,0,0,0,0,0,0,0,0,0,0,0,0,0,0,0,0,4096,256,131072,4,15|8,260,262144,262144,1,0,0,0,0,8,0,0,0,1,0,0,1,8,0|106,465148767,2,12844,0,0,0,0,0,0,0,0,0,32557053,0,32557053,0,2048,32558418,0,2729643988,1,1,2,0,0
1788088413990|1011|fault_abort_r2f|rotating|64,1378943233,33558272,154008,154001,0,0,0,0,0,0,0,0,0,0,138,138,0,0,0,0,0,0,0,0,0,0,0,0,0,0,0,0,0,0,0,0,4096,256,131072,4,15|4,0,262144,262144,1,0,0,0,0,8,0,0,0,1,0,0,1,8,0|106,4061644708,1,12844,0,0,0,0,0,9419,0,0,0,2763449207,1,2763449207,1,2048,640011,0,1764997,0,0,0,0,0
1788088419015|1011|fault_abort_r2f|fixed|66,1378943233,16777216,0,0,0,0,0,0,0,0,0,0,0,0,0,0,0,0,0,0,0,0,0,0,0,0,0,0,0,0,0,0,0,0,0,0,4096,256,131072,4,15|8,260,262144,262144,1,0,0,0,0,8,0,0,0,1,0,0,1,8,0|108,785184980,2,12844,0,0,0,0,0,0,0,0,0,32557053,0,32557053,0,2048,32558418,0,3049680201,1,1,2,0,0
1788088419015|1011|fault_abort_r2f|rotating|66,1378943233,33558272,154008,154001,0,0,0,0,0,0,0,0,0,0,138,138,0,0,0,0,0,0,0,0,0,0,0,0,0,0,0,0,0,0,0,0,4096,256,131072,4,15|4,0,262144,262144,1,0,0,0,0,8,0,0,0,1,0,0,1,8,0|108,86433639,2,12844,0,0,0,0,0,9419,0,0,0,3083205434,1,3083205434,1,2048,640011,0,1764997,0,0,0,0,0
1788088424023|1011|fault_abort_r2f|fixed|68,1378943233,16777216,0,0,0,0,0,0,0,0,0,0,0,0,0,0,0,0,0,0,0,0,0,0,0,0,0,0,0,0,0,0,0,0,0,0,4096,256,131072,4,15|8,260,262144,262144,1,0,0,0,0,8,0,0,0,1,0,0,1,8,0|110,1106521127,2,12844,0,0,0,0,0,0,0,0,0,32557053,0,32557053,0,2048,32558418,0,3371016348,1,1,2,0,0
1788088424023|1011|fault_abort_r2f|rotating|68,1378943233,33558272,154008,154001,0,0,0,0,0,0,0,0,0,0,138,138,0,0,0,0,0,0,0,0,0,0,0,0,0,0,0,0,0,0,0,0,4096,256,131072,4,15|4,0,262144,262144,1,0,0,0,0,8,0,0,0,1,0,0,1,8,0|110,408197400,2,12844,0,0,0,0,0,9419,0,0,0,3404969195,1,3404969195,1,2048,640011,0,1764997,0,0,0,0,0
1788088429035|1011|fault_abort_r2f|fixed|70,1378943233,16777216,0,0,0,0,0,0,0,0,0,0,0,0,0,0,0,0,0,0,0,0,0,0,0,0,0,0,0,0,0,0,0,0,0,0,4096,256,131072,4,15|8,260,262144,262144,1,0,0,0,0,8,0,0,0,1,0,0,1,8,0|112,1425973423,2,12844,0,0,0,0,0,0,0,0,0,32557053,0,32557053,0,2048,32558418,0,3690468644,1,1,2,0,0
1788088429035|1011|fault_abort_r2f|rotating|70,1378943233,33558272,154008,154001,0,0,0,0,0,0,0,0,0,0,138,138,0,0,0,0,0,0,0,0,0,0,0,0,0,0,0,0,0,0,0,0,4096,256,131072,4,15|4,0,262144,262144,1,0,0,0,0,8,0,0,0,1,0,0,1,8,0|112,728002987,2,12844,0,0,0,0,0,9419,0,0,0,3724774782,1,3724774782,1,2048,640011,0,1764997,0,0,0,0,0
1788088434049|1011|fault_abort_r2f|fixed|72,1378943233,16777216,0,0,0,0,0,0,0,0,0,0,0,0,0,0,0,0,0,0,0,0,0,0,0,0,0,0,0,0,0,0,0,0,0,0,4096,256,131072,4,15|8,260,262144,262144,1,0,0,0,0,8,0,0,0,1,0,0,1,8,0|114,1748219368,2,12844,0,0,0,0,0,0,0,0,0,32557053,0,32557053,0,2048,32558418,0,4012714589,1,1,2,0,0
1788088434049|1011|fault_abort_r2f|rotating|72,1378943233,33558272,154008,154001,0,0,0,0,0,0,0,0,0,0,138,138,0,0,0,0,0,0,0,0,0,0,0,0,0,0,0,0,0,0,0,0,4096,256,131072,4,15|4,0,262144,262144,1,0,0,0,0,8,0,0,0,1,0,0,1,8,0|114,1049774779,2,12844,0,0,0,0,0,9419,0,0,0,4046546574,1,4046546574,1,2048,640011,0,1764997,0,0,0,0,0
1788088439062|1011|fault_abort_r2f|fixed|74,1378943233,16777216,0,0,0,0,0,0,0,0,0,0,0,0,0,0,0,0,0,0,0,0,0,0,0,0,0,0,0,0,0,0,0,0,0,0,4096,256,131072,4,15|8,260,262144,262144,1,0,0,0,0,8,0,0,0,1,0,0,1,8,0|116,2068019176,2,12844,0,0,0,0,0,0,0,0,0,32557053,0,32557053,0,2048,32558418,0,37547101,2,1,2,0,0
1788088439062|1011|fault_abort_r2f|rotating|74,1378943233,33558272,154008,154001,0,0,0,0,0,0,0,0,0,0,138,138,0,0,0,0,0,0,0,0,0,0,0,0,0,0,0,0,0,0,0,0,4096,256,131072,4,15|4,0,262144,262144,1,0,0,0,0,8,0,0,0,1,0,0,1,8,0|116,1370234282,2,12844,0,0,0,0,0,9419,0,0,0,72038781,2,72038781,2,2048,640011,0,1764997,0,0,0,0,0
1788088444077|1011|fault_abort_r2f|fixed|76,1378943233,16777216,0,0,0,0,0,0,0,0,0,0,0,0,0,0,0,0,0,0,0,0,0,0,0,0,0,0,0,0,0,0,0,0,0,0,4096,256,131072,4,15|8,260,262144,262144,1,0,0,0,0,8,0,0,0,1,0,0,1,8,0|118,2388940486,2,12844,0,0,0,0,0,0,0,0,0,32557053,0,32557053,0,2048,32558418,0,358468411,2,1,2,0,0
1788088444077|1011|fault_abort_r2f|rotating|76,1378943233,33558272,154008,154001,0,0,0,0,0,0,0,0,0,0,138,138,0,0,0,0,0,0,0,0,0,0,0,0,0,0,0,0,0,0,0,0,4096,256,131072,4,15|4,0,262144,262144,1,0,0,0,0,8,0,0,0,1,0,0,1,8,0|118,1691633679,2,12844,0,0,0,0,0,9419,0,0,0,393438178,2,393438178,2,2048,640011,0,1764997,0,0,0,0,0
1788088449092|1011|fault_abort_r2f|fixed|78,1378943233,16777216,0,0,0,0,0,0,0,0,0,0,0,0,0,0,0,0,0,0,0,0,0,0,0,0,0,0,0,0,0,0,0,0,0,0,4096,256,131072,4,15|8,260,262144,262144,1,0,0,0,0,8,0,0,0,1,0,0,1,8,0|120,2709938949,2,12844,0,0,0,0,0,0,0,0,0,32557053,0,32557053,0,2048,32558418,0,679466874,2,1,2,0,0
1788088449092|1011|fault_abort_r2f|rotating|78,1378943233,33558272,154008,154001,0,0,0,0,0,0,0,0,0,0,138,138,0,0,0,0,0,0,0,0,0,0,0,0,0,0,0,0,0,0,0,0,4096,256,131072,4,15|4,0,262144,262144,1,0,0,0,0,8,0,0,0,1,0,0,1,8,0|120,2011861783,2,12844,0,0,0,0,0,9419,0,0,0,713666282,2,713666282,2,2048,640011,0,1764997,0,0,0,0,0
1788088454103|1011|fault_abort_r2f|fixed|80,1378943233,16777216,0,0,0,0,0,0,0,0,0,0,0,0,0,0,0,0,0,0,0,0,0,0,0,0,0,0,0,0,0,0,0,0,0,0,4096,256,131072,4,15|8,260,262144,262144,1,0,0,0,0,8,0,0,0,1,0,0,1,8,0|122,3030934562,2,12844,0,0,0,0,0,0,0,0,0,32557053,0,32557053,0,2048,32558418,0,1000462487,2,1,2,0,0
1788088454103|1011|fault_abort_r2f|rotating|80,1378943233,33558272,154008,154001,0,0,0,0,0,0,0,0,0,0,138,138,0,0,0,0,0,0,0,0,0,0,0,0,0,0,0,0,0,0,0,0,4096,256,131072,4,15|4,0,262144,262144,1,0,0,0,0,8,0,0,0,1,0,0,1,8,0|122,2333978678,2,12844,0,0,0,0,0,9419,0,0,0,1035783177,2,1035783177,2,2048,640011,0,1764997,0,0,0,0,0
1788088459111|1011|fault_abort_r2f|fixed|82,1378943233,16777216,0,0,0,0,0,0,0,0,0,0,0,0,0,0,0,0,0,0,0,0,0,0,0,0,0,0,0,0,0,0,0,0,0,0,4096,256,131072,4,15|8,260,262144,262144,1,0,0,0,0,8,0,0,0,1,0,0,1,8,0|124,3350252542,2,12844,0,0,0,0,0,0,0,0,0,32557053,0,32557053,0,2048,32558418,0,1319780467,2,1,2,0,0
1788088459111|1011|fault_abort_r2f|rotating|82,1378943233,33558272,154008,154001,0,0,0,0,0,0,0,0,0,0,138,138,0,0,0,0,0,0,0,0,0,0,0,0,0,0,0,0,0,0,0,0,4096,256,131072,4,15|4,0,262144,262144,1,0,0,0,0,8,0,0,0,1,0,0,1,8,0|124,2653053099,2,12844,0,0,0,0,0,9419,0,0,0,1354857598,2,1354857598,2,2048,640011,0,1764997,0,0,0,0,0
1788088464121|1011|fault_abort_r2f|fixed|84,1378943233,16777216,0,0,0,0,0,0,0,0,0,0,0,0,0,0,0,0,0,0,0,0,0,0,0,0,0,0,0,0,0,0,0,0,0,0,4096,256,131072,4,15|8,260,262144,262144,1,0,0,0,0,8,0,0,0,1,0,0,1,8,0|126,3671007756,2,12844,0,0,0,0,0,0,0,0,0,32557053,0,32557053,0,2048,32558418,0,1640535681,2,1,2,0,0
1788088464121|1011|fault_abort_r2f|rotating|84,1378943233,33558272,154008,154001,0,0,0,0,0,0,0,0,0,0,138,138,0,0,0,0,0,0,0,0,0,0,0,0,0,0,0,0,0,0,0,0,4096,256,131072,4,15|4,0,262144,262144,1,0,0,0,0,8,0,0,0,1,0,0,1,8,0|126,2972589867,2,12844,0,0,0,0,0,9419,0,0,0,1674394366,2,1674394366,2,2048,640011,0,1764997,0,0,0,0,0
1788088469136|1011|fault_abort_r2f|fixed|86,1378943233,16777216,0,0,0,0,0,0,0,0,0,0,0,0,0,0,0,0,0,0,0,0,0,0,0,0,0,0,0,0,0,0,0,0,0,0,4096,256,131072,4,15|8,260,262144,262144,1,0,0,0,0,8,0,0,0,1,0,0,1,8,0|128,3992895275,2,12844,0,0,0,0,0,0,0,0,0,32557053,0,32557053,0,2048,32558418,0,1962423200,2,1,2,0,0
1788088469136|1011|fault_abort_r2f|rotating|86,1378943233,33558272,154008,154001,0,0,0,0,0,0,0,0,0,0,138,138,0,0,0,0,0,0,0,0,0,0,0,0,0,0,0,0,0,0,0,0,4096,256,131072,4,15|4,0,262144,262144,1,0,0,0,0,8,0,0,0,1,0,0,1,8,0|128,3296434031,2,12844,0,0,0,0,0,9419,0,0,0,1998238530,2,1998238530,2,2048,640011,0,1764997,0,0,0,0,0
1788088474137|1011|fault_abort_r2f|fixed|88,1378943233,16777216,0,0,0,0,0,0,0,0,0,0,0,0,0,0,0,0,0,0,0,0,0,0,0,0,0,0,0,0,0,0,0,0,0,0,4096,256,131072,4,15|8,260,262144,262144,1,0,0,0,0,8,0,0,0,1,0,0,1,8,0|130,19118346,3,12844,0,0,0,0,0,0,0,0,0,32557053,0,32557053,0,2048,32558418,0,2283613567,2,1,2,0,0
1788088474137|1011|fault_abort_r2f|rotating|88,1378943233,33558272,154008,154001,0,0,0,0,0,0,0,0,0,0,138,138,0,0,0,0,0,0,0,0,0,0,0,0,0,0,0,0,0,0,0,0,4096,256,131072,4,15|4,0,262144,262144,1,0,0,0,0,8,0,0,0,1,0,0,1,8,0|130,3617861463,2,12844,0,0,0,0,0,9419,0,0,0,2319665962,2,2319665962,2,2048,640011,0,1764997,0,0,0,0,0
1788088479158|1011|fault_abort_r2f|fixed|90,1378943233,16777216,0,0,0,0,0,0,0,0,0,0,0,0,0,0,0,0,0,0,0,0,0,0,0,0,0,0,0,0,0,0,0,0,0,0,4096,256,131072,4,15|8,260,262144,262144,1,0,0,0,0,8,0,0,0,1,0,0,1,8,0|132,339269374,3,12844,0,0,0,0,0,0,0,0,0,32557053,0,32557053,0,2048,32558418,0,2603764595,2,1,2,0,0
1788088479158|1011|fault_abort_r2f|rotating|90,1378943233,33558272,154008,154001,0,0,0,0,0,0,0,0,0,0,138,138,0,0,0,0,0,0,0,0,0,0,0,0,0,0,0,0,0,0,0,0,4096,256,131072,4,15|4,0,262144,262144,1,0,0,0,0,8,0,0,0,1,0,0,1,8,0|132,3936862727,2,12844,0,0,0,0,0,9419,0,0,0,2638667226,2,2638667226,2,2048,640011,0,1764997,0,0,0,0,0
1788088484169|1011|fault_abort_r2f|fixed|92,1378943233,16777216,0,0,0,0,0,0,0,0,0,0,0,0,0,0,0,0,0,0,0,0,0,0,0,0,0,0,0,0,0,0,0,0,0,0,4096,256,131072,4,15|8,260,262144,262144,1,0,0,0,0,8,0,0,0,1,0,0,1,8,0|134,661307032,3,12844,0,0,0,0,0,0,0,0,0,32557053,0,32557053,0,2048,32558418,0,2925802253,2,1,2,0,0
1788088484169|1011|fault_abort_r2f|rotating|92,1378943233,33558272,154008,154001,0,0,0,0,0,0,0,0,0,0,138,138,0,0,0,0,0,0,0,0,0,0,0,0,0,0,0,0,0,0,0,0,4096,256,131072,4,15|4,0,262144,262144,1,0,0,0,0,8,0,0,0,1,0,0,1,8,0|134,4257568765,2,12844,0,0,0,0,0,9419,0,0,0,2959373264,2,2959373264,2,2048,640011,0,1764997,0,0,0,0,0
1788088489189|1011|fault_abort_r2f|fixed|94,1378943233,16777216,0,0,0,0,0,0,0,0,0,0,0,0,0,0,0,0,0,0,0,0,0,0,0,0,0,0,0,0,0,0,0,0,0,0,4096,256,131072,4,15|8,260,262144,262144,1,0,0,0,0,8,0,0,0,1,0,0,1,8,0|136,982460053,3,12844,0,0,0,0,0,0,0,0,0,32557053,0,32557053,0,2048,32558418,0,3246955274,2,1,2,0,0
1788088489189|1011|fault_abort_r2f|rotating|94,1378943233,33558272,154008,154001,0,0,0,0,0,0,0,0,0,0,138,138,0,0,0,0,0,0,0,0,0,0,0,0,0,0,0,0,0,0,0,0,4096,256,131072,4,15|4,0,262144,262144,1,0,0,0,0,8,0,0,0,1,0,0,1,8,0|136,283858635,3,12844,0,0,0,0,0,9419,0,0,0,3280630430,2,3280630430,2,2048,640011,0,1764997,0,0,0,0,0
1788088494190|1011|fault_abort_r2f|fixed|96,1378943233,16777216,0,0,0,0,0,0,0,0,0,0,0,0,0,0,0,0,0,0,0,0,0,0,0,0,0,0,0,0,0,0,0,0,0,0,4096,256,131072,4,15|8,260,262144,262144,1,0,0,0,0,8,0,0,0,1,0,0,1,8,0|138,1302718160,3,12844,0,0,0,0,0,0,0,0,0,32557053,0,32557053,0,2048,32558418,0,3567213381,2,1,2,0,0
1788088494190|1011|fault_abort_r2f|rotating|96,1378943233,33558272,154008,154001,0,0,0,0,0,0,0,0,0,0,138,138,0,0,0,0,0,0,0,0,0,0,0,0,0,0,0,0,0,0,0,0,4096,256,131072,4,15|4,0,262144,262144,1,0,0,0,0,8,0,0,0,1,0,0,1,8,0|138,605353541,3,12844,0,0,0,0,0,9419,0,0,0,3602125336,2,3602125336,2,2048,640011,0,1764997,0,0,0,0,0
1788088499196|1011|fault_abort_r2f|fixed|98,1378943233,16777216,0,0,0,0,0,0,0,0,0,0,0,0,0,0,0,0,0,0,0,0,0,0,0,0,0,0,0,0,0,0,0,0,0,0,4096,256,131072,4,15|8,260,262144,262144,1,0,0,0,0,8,0,0,0,1,0,0,1,8,0|140,1623525163,3,12844,0,0,0,0,0,0,0,0,0,32557053,0,32557053,0,2048,32558418,0,3888020384,2,1,2,0,0
1788088499196|1011|fault_abort_r2f|rotating|98,1378943233,33558272,154008,154001,0,0,0,0,0,0,0,0,0,0,138,138,0,0,0,0,0,0,0,0,0,0,0,0,0,0,0,0,0,0,0,0,4096,256,131072,4,15|4,0,262144,262144,1,0,0,0,0,8,0,0,0,1,0,0,1,8,0|140,925844430,3,12844,0,0,0,0,0,9419,0,0,0,3922616225,2,3922616225,2,2048,640011,0,1764997,0,0,0,0,0
1788088504206|1011|fault_abort_r2f|fixed|100,1378943233,16777216,0,0,0,0,0,0,0,0,0,0,0,0,0,0,0,0,0,0,0,0,0,0,0,0,0,0,0,0,0,0,0,0,0,0,4096,256,131072,4,15|8,260,262144,262144,1,0,0,0,0,8,0,0,0,1,0,0,1,8,0|142,1942661896,3,12844,0,0,0,0,0,0,0,0,0,32557053,0,32557053,0,2048,32558418,0,4207157117,2,1,2,0,0
1788088504206|1011|fault_abort_r2f|rotating|100,1378943233,33558272,154008,154001,0,0,0,0,0,0,0,0,0,0,138,138,0,0,0,0,0,0,0,0,0,0,0,0,0,0,0,0,0,0,0,0,4096,256,131072,4,15|4,0,262144,262144,1,0,0,0,0,8,0,0,0,1,0,0,1,8,0|142,1244745778,3,12844,0,0,0,0,0,9419,0,0,0,4241517573,2,4241517573,2,2048,640011,0,1764997,0,0,0,0,0
1788088509208|1011|fault_abort_r2f|fixed|102,1378943233,16777216,0,0,0,0,0,0,0,0,0,0,0,0,0,0,0,0,0,0,0,0,0,0,0,0,0,0,0,0,0,0,0,0,0,0,4096,256,131072,4,15|8,260,262144,262144,1,0,0,0,0,8,0,0,0,1,0,0,1,8,0|144,2262823269,3,12844,0,0,0,0,0,0,0,0,0,32557053,0,32557053,0,2048,32558418,0,232351194,3,1,2,0,0
1788088509208|1011|fault_abort_r2f|rotating|102,1378943233,33558272,154008,154001,0,0,0,0,0,0,0,0,0,0,138,138,0,0,0,0,0,0,0,0,0,0,0,0,0,0,0,0,0,0,0,0,4096,256,131072,4,15|4,0,262144,262144,1,0,0,0,0,8,0,0,0,1,0,0,1,8,0|144,1564783367,3,12844,0,0,0,0,0,9419,0,0,0,266587866,3,266587866,3,2048,640011,0,1764997,0,0,0,0,0
1788088514215|1011|fault_abort_r2f|fixed|104,1378943233,16777216,0,0,0,0,0,0,0,0,0,0,0,0,0,0,0,0,0,0,0,0,0,0,0,0,0,0,0,0,0,0,0,0,0,0,4096,256,131072,4,15|8,260,262144,262144,1,0,0,0,0,8,0,0,0,1,0,0,1,8,0|146,2583570058,3,12844,0,0,0,0,0,0,0,0,0,32557053,0,32557053,0,2048,32558418,0,553097983,3,1,2,0,0
1788088514215|1011|fault_abort_r2f|rotating|104,1378943233,33558272,154008,154001,0,0,0,0,0,0,0,0,0,0,138,138,0,0,0,0,0,0,0,0,0,0,0,0,0,0,0,0,0,0,0,0,4096,256,131072,4,15|4,0,262144,262144,1,0,0,0,0,8,0,0,0,1,0,0,1,8,0|146,1886496491,3,12844,0,0,0,0,0,9419,0,0,0,588300990,3,588300990,3,2048,640011,0,1764997,0,0,0,0,0
1788088519227|1011|fault_abort_r2f|fixed|106,1378943233,16777216,0,0,0,0,0,0,0,0,0,0,0,0,0,0,0,0,0,0,0,0,0,0,0,0,0,0,0,0,0,0,0,0,0,0,4096,256,131072,4,15|8,260,262144,262144,1,0,0,0,0,8,0,0,0,1,0,0,1,8,0|148,2903432798,3,12844,0,0,0,0,0,0,0,0,0,32557053,0,32557053,0,2048,32558418,0,872960723,3,1,2,0,0
1788088519227|1011|fault_abort_r2f|rotating|106,1378943233,33558272,154008,154001,0,0,0,0,0,0,0,0,0,0,138,138,0,0,0,0,0,0,0,0,0,0,0,0,0,0,0,0,0,0,0,0,4096,256,131072,4,15|4,0,262144,262144,1,0,0,0,0,8,0,0,0,1,0,0,1,8,0|148,2207421575,3,12844,0,0,0,0,0,9419,0,0,0,909226074,3,909226074,3,2048,640011,0,1764997,0,0,0,0,0
1788088524241|1011|fault_abort_r2f|fixed|108,1378943233,16777216,0,0,0,0,0,0,0,0,0,0,0,0,0,0,0,0,0,0,0,0,0,0,0,0,0,0,0,0,0,0,0,0,0,0,4096,256,131072,4,15|8,260,262144,262144,1,0,0,0,0,8,0,0,0,1,0,0,1,8,0|150,3225828532,3,12844,0,0,0,0,0,0,0,0,0,32557053,0,32557053,0,2048,32558418,0,1195356457,3,1,2,0,0
1788088524241|1011|fault_abort_r2f|rotating|108,1378943233,33558272,154008,154001,0,0,0,0,0,0,0,0,0,0,138,138,0,0,0,0,0,0,0,0,0,0,0,0,0,0,0,0,0,0,0,0,4096,256,131072,4,15|4,0,262144,262144,1,0,0,0,0,8,0,0,0,1,0,0,1,8,0|150,2528911438,3,12844,0,0,0,0,0,9419,0,0,0,1230715937,3,1230715937,3,2048,640011,0,1764997,0,0,0,0,0
1788088529268|1011|fault_abort_r2f|fixed|110,1378943233,16777216,0,0,0,0,0,0,0,0,0,0,0,0,0,0,0,0,0,0,0,0,0,0,0,0,0,0,0,0,0,0,0,0,0,0,4096,256,131072,4,15|8,260,262144,262144,1,0,0,0,0,8,0,0,0,1,0,0,1,8,0|152,3546501619,3,12844,0,0,0,0,0,0,0,0,0,32557053,0,32557053,0,2048,32558418,0,1516029544,3,1,2,0,0
1788088529268|1011|fault_abort_r2f|rotating|110,1378943233,33558272,154008,154001,0,0,0,0,0,0,0,0,0,0,138,138,0,0,0,0,0,0,0,0,0,0,0,0,0,0,0,0,0,0,0,0,4096,256,131072,4,15|4,0,262144,262144,1,0,0,0,0,8,0,0,0,1,0,0,1,8,0|152,2849204806,3,12844,0,0,0,0,0,9419,0,0,0,1551009305,3,1551009305,3,2048,640011,0,1764997,0,0,0,0,0
1788088534270|1011|fault_abort_r2f|fixed|112,1378943233,16777216,0,0,0,0,0,0,0,0,0,0,0,0,0,0,0,0,0,0,0,0,0,0,0,0,0,0,0,0,0,0,0,0,0,0,4096,256,131072,4,15|8,260,262144,262144,1,0,0,0,0,8,0,0,0,1,0,0,1,8,0|154,3866967672,3,12844,0,0,0,0,0,0,0,0,0,32557053,0,32557053,0,2048,32558418,0,1836495597,3,1,2,0,0
1788088534270|1011|fault_abort_r2f|rotating|112,1378943233,33558272,154008,154001,0,0,0,0,0,0,0,0,0,0,138,138,0,0,0,0,0,0,0,0,0,0,0,0,0,0,0,0,0,0,0,0,4096,256,131072,4,15|4,0,262144,262144,1,0,0,0,0,8,0,0,0,1,0,0,1,8,0|154,3168305010,3,12844,0,0,0,0,0,9419,0,0,0,1870109509,3,1870109509,3,2048,640011,0,1764997,0,0,0,0,0
1788088539285|1011|fault_abort_r2f|fixed|114,1378943233,16777216,0,0,0,0,0,0,0,0,0,0,0,0,0,0,0,0,0,0,0,0,0,0,0,0,0,0,0,0,0,0,0,0,0,0,4096,256,131072,4,15|8,260,262144,262144,1,0,0,0,0,8,0,0,0,1,0,0,1,8,0|156,4187651775,3,12844,0,0,0,0,0,0,0,0,0,32557053,0,32557053,0,2048,32558418,0,2157179700,3,1,2,0,0
1788088539285|1011|fault_abort_r2f|rotating|114,1378943233,33558272,154008,154001,0,0,0,0,0,0,0,0,0,0,138,138,0,0,0,0,0,0,0,0,0,0,0,0,0,0,0,0,0,0,0,0,4096,256,131072,4,15|4,0,262144,262144,1,0,0,0,0,8,0,0,0,1,0,0,1,8,0|156,3489267302,3,12844,0,0,0,0,0,9419,0,0,0,2191071801,3,2191071801,3,2048,640011,0,1764997,0,0,0,0,0
1788088544300|1011|fault_abort_r2f|fixed|116,1378943233,16777216,0,0,0,0,0,0,0,0,0,0,0,0,0,0,0,0,0,0,0,0,0,0,0,0,0,0,0,0,0,0,0,0,0,0,4096,256,131072,4,15|8,260,262144,262144,1,0,0,0,0,8,0,0,0,1,0,0,1,8,0|158,213644912,4,12844,0,0,0,0,0,0,0,0,0,32557053,0,32557053,0,2048,32558418,0,2478140133,3,1,2,0,0
1788088544300|1011|fault_abort_r2f|rotating|116,1378943233,33558272,154008,154001,0,0,0,0,0,0,0,0,0,0,138,138,0,0,0,0,0,0,0,0,0,0,0,0,0,0,0,0,0,0,0,0,4096,256,131072,4,15|4,0,262144,262144,1,0,0,0,0,8,0,0,0,1,0,0,1,8,0|158,3811128054,3,12844,0,0,0,0,0,9419,0,0,0,2512932553,3,2512932553,3,2048,640011,0,1764997,0,0,0,0,0
1788088549306|1011|fault_abort_r2f|fixed|118,1378943233,16777216,0,0,0,0,0,0,0,0,0,0,0,0,0,0,0,0,0,0,0,0,0,0,0,0,0,0,0,0,0,0,0,0,0,0,4096,256,131072,4,15|8,260,262144,262144,1,0,0,0,0,8,0,0,0,1,0,0,1,8,0|160,534092087,4,12844,0,0,0,0,0,0,0,0,0,32557053,0,32557053,0,2048,32558418,0,2798587308,3,1,2,0,0
1788088549306|1011|fault_abort_r2f|rotating|118,1378943233,33558272,154008,154001,0,0,0,0,0,0,0,0,0,0,138,138,0,0,0,0,0,0,0,0,0,0,0,0,0,0,0,0,0,0,0,0,4096,256,131072,4,15|4,0,262144,262144,1,0,0,0,0,8,0,0,0,1,0,0,1,8,0|160,4131431973,3,12844,0,0,0,0,0,9419,0,0,0,2833236472,3,2833236472,3,2048,640011,0,1764997,0,0,0,0,0
1788088554307|1011|fault_abort_r2f|fixed|120,1378943233,16777216,0,0,0,0,0,0,0,0,0,0,0,0,0,0,0,0,0,0,0,0,0,0,0,0,0,0,0,0,0,0,0,0,0,0,4096,256,131072,4,15|8,260,262144,262144,1,0,0,0,0,8,0,0,0,1,0,0,1,8,0|162,854381495,4,12844,0,0,0,0,0,0,0,0,0,32557053,0,32557053,0,2048,32558418,0,3118876716,3,1,2,0,0
1788088554307|1011|fault_abort_r2f|rotating|120,1378943233,33558272,154008,154001,0,0,0,0,0,0,0,0,0,0,138,138,0,0,0,0,0,0,0,0,0,0,0,0,0,0,0,0,0,0,0,0,4096,256,131072,4,15|4,0,262144,262144,1,0,0,0,0,8,0,0,0,1,0,0,1,8,0|162,155758972,4,12844,0,0,0,0,0,9419,0,0,0,3152530767,3,3152530767,3,2048,640011,0,1764997,0,0,0,0,0
1788088559315|1011|fault_abort_r2f|fixed|122,1378943233,16777216,0,0,0,0,0,0,0,0,0,0,0,0,0,0,0,0,0,0,0,0,0,0,0,0,0,0,0,0,0,0,0,0,0,0,4096,256,131072,4,15|8,260,262144,262144,1,0,0,0,0,8,0,0,0,1,0,0,1,8,0|164,1174044564,4,12844,0,0,0,0,0,0,0,0,0,32557053,0,32557053,0,2048,32558418,0,3438539785,3,1,2,0,0
1788088559315|1011|fault_abort_r2f|rotating|122,1378943233,33558272,154008,154001,0,0,0,0,0,0,0,0,0,0,138,138,0,0,0,0,0,0,0,0,0,0,0,0,0,0,0,0,0,0,0,0,4096,256,131072,4,15|4,0,262144,262144,1,0,0,0,0,8,0,0,0,1,0,0,1,8,0|164,476389627,4,12844,0,0,0,0,0,9419,0,0,0,3473161422,3,3473161422,3,2048,640011,0,1764997,0,0,0,0,0
1788088564317|1011|fault_abort_r2f|fixed|124,1378943233,16777216,0,0,0,0,0,0,0,0,0,0,0,0,0,0,0,0,0,0,0,0,0,0,0,0,0,0,0,0,0,0,0,0,0,0,4096,256,131072,4,15|8,260,262144,262144,1,0,0,0,0,8,0,0,0,1,0,0,1,8,0|166,1495924325,4,12844,0,0,0,0,0,0,0,0,0,32557053,0,32557053,0,2048,32558418,0,3760419546,3,1,2,0,0
1788088564317|1011|fault_abort_r2f|rotating|124,1378943233,33558272,154008,154001,0,0,0,0,0,0,0,0,0,0,138,138,0,0,0,0,0,0,0,0,0,0,0,0,0,0,0,0,0,0,0,0,4096,256,131072,4,15|4,0,262144,262144,1,0,0,0,0,8,0,0,0,1,0,0,1,8,0|166,798187539,4,12844,0,0,0,0,0,9419,0,0,0,3794959334,3,3794959334,3,2048,640011,0,1764997,0,0,0,0,0
1788088569329|1011|fault_abort_r2f|fixed|126,1378943233,16777216,0,0,0,0,0,0,0,0,0,0,0,0,0,0,0,0,0,0,0,0,0,0,0,0,0,0,0,0,0,0,0,0,0,0,4096,256,131072,4,15|8,260,262144,262144,1,0,0,0,0,8,0,0,0,1,0,0,1,8,0|168,1816769455,4,12844,0,0,0,0,0,0,0,0,0,32557053,0,32557053,0,2048,32558418,0,4081264676,3,1,2,0,0
1788088569329|1011|fault_abort_r2f|rotating|126,1378943233,33558272,154008,154001,0,0,0,0,0,0,0,0,0,0,138,138,0,0,0,0,0,0,0,0,0,0,0,0,0,0,0,0,0,0,0,0,4096,256,131072,4,15|4,0,262144,262144,1,0,0,0,0,8,0,0,0,1,0,0,1,8,0|168,1117977450,4,12844,0,0,0,0,0,9419,0,0,0,4114749245,3,4114749245,3,2048,640011,0,1764997,0,0,0,0,0
1788088574344|1011|fault_abort_r2f|fixed|128,1378943233,16777216,0,0,0,0,0,0,0,0,0,0,0,0,0,0,0,0,0,0,0,0,0,0,0,0,0,0,0,0,0,0,0,0,0,0,4096,256,131072,4,15|8,260,262144,262144,1,0,0,0,0,8,0,0,0,1,0,0,1,8,0|170,2136738239,4,12844,0,0,0,0,0,0,0,0,0,32557053,0,32557053,0,2048,32558418,0,106266164,4,1,2,0,0
1788088574344|1011|fault_abort_r2f|rotating|128,1378943233,33558272,154008,154001,0,0,0,0,0,0,0,0,0,0,138,138,0,0,0,0,0,0,0,0,0,0,0,0,0,0,0,0,0,0,0,0,4096,256,131072,4,15|4,0,262144,262144,1,0,0,0,0,8,0,0,0,1,0,0,1,8,0|170,1438081656,4,12844,0,0,0,0,0,9419,0,0,0,139886155,4,139886155,4,2048,640011,0,1764997,0,0,0,0,0
1788088579354|1011|fault_abort_r2f|fixed|130,1378943233,16777216,0,0,0,0,0,0,0,0,0,0,0,0,0,0,0,0,0,0,0,0,0,0,0,0,0,0,0,0,0,0,0,0,0,0,4096,256,131072,4,15|8,260,262144,262144,1,0,0,0,0,8,0,0,0,1,0,0,1,8,0|172,2458240375,4,12844,0,0,0,0,0,0,0,0,0,32557053,0,32557053,0,2048,32558418,0,427768300,4,1,2,0,0
1788088579354|1011|fault_abort_r2f|rotating|130,1378943233,33558272,154008,154001,0,0,0,0,0,0,0,0,0,0,138,138,0,0,0,0,0,0,0,0,0,0,0,0,0,0,0,0,0,0,0,0,4096,256,131072,4,15|4,0,262144,262144,1,0,0,0,0,8,0,0,0,1,0,0,1,8,0|172,1760467937,4,12844,0,0,0,0,0,9419,0,0,0,462272436,4,462272436,4,2048,640011,0,1764997,0,0,0,0,0
1788088584354|1011|fault_abort_r2f|fixed|132,1378943233,16777216,0,0,0,0,0,0,0,0,0,0,0,0,0,0,0,0,0,0,0,0,0,0,0,0,0,0,0,0,0,0,0,0,0,0,4096,256,131072,4,15|8,260,262144,262144,1,0,0,0,0,8,0,0,0,1,0,0,1,8,0|174,2779237672,4,12844,0,0,0,0,0,0,0,0,0,32557053,0,32557053,0,2048,32558418,0,748765597,4,1,2,0,0
1788088584354|1011|fault_abort_r2f|rotating|132,1378943233,33558272,154008,154001,0,0,0,0,0,0,0,0,0,0,138,138,0,0,0,0,0,0,0,0,0,0,0,0,0,0,0,0,0,0,0,0,4096,256,131072,4,15|4,0,262144,262144,1,0,0,0,0,8,0,0,0,1,0,0,1,8,0|174,2080717185,4,12844,0,0,0,0,0,9419,0,0,0,782521684,4,782521684,4,2048,640011,0,1764997,0,0,0,0,0
1788088589354|1011|fault_abort_r2f|fixed|134,1378943233,16777216,0,0,0,0,0,0,0,0,0,0,0,0,0,0,0,0,0,0,0,0,0,0,0,0,0,0,0,0,0,0,0,0,0,0,4096,256,131072,4,15|8,260,262144,262144,1,0,0,0,0,8,0,0,0,1,0,0,1,8,0|176,3097165912,4,12844,0,0,0,0,0,0,0,0,0,32557053,0,32557053,0,2048,32558418,0,1066693837,4,1,2,0,0
1788088589354|1011|fault_abort_r2f|rotating|134,1378943233,33558272,154008,154001,0,0,0,0,0,0,0,0,0,0,138,138,0,0,0,0,0,0,0,0,0,0,0,0,0,0,0,0,0,0,0,0,4096,256,131072,4,15|4,0,262144,262144,1,0,0,0,0,8,0,0,0,1,0,0,1,8,0|176,2399824898,4,12844,0,0,0,0,0,9419,0,0,0,1101629397,4,1101629397,4,2048,640011,0,1764997,0,0,0,0,0
1788088594365|1011|fault_abort_r2f|fixed|136,1378943233,16777216,0,0,0,0,0,0,0,0,0,0,0,0,0,0,0,0,0,0,0,0,0,0,0,0,0,0,0,0,0,0,0,0,0,0,4096,256,131072,4,15|8,260,262144,262144,1,0,0,0,0,8,0,0,0,1,0,0,1,8,0|178,3417912697,4,12844,0,0,0,0,0,0,0,0,0,32557053,0,32557053,0,2048,32558418,0,1387440622,4,1,2,0,0
1788088594365|1011|fault_abort_r2f|rotating|136,1378943233,33558272,154008,154001,0,0,0,0,0,0,0,0,0,0,138,138,0,0,0,0,0,0,0,0,0,0,0,0,0,0,0,0,0,0,0,0,4096,256,131072,4,15|4,0,262144,262144,1,0,0,0,0,8,0,0,0,1,0,0,1,8,0|178,2720576374,4,12844,0,0,0,0,0,9419,0,0,0,1422380873,4,1422380873,4,2048,640011,0,1764997,0,0,0,0,0
1788088599371|1011|fault_abort_r2f|fixed|138,1378943233,16777216,0,0,0,0,0,0,0,0,0,0,0,0,0,0,0,0,0,0,0,0,0,0,0,0,0,0,0,0,0,0,0,0,0,0,4096,256,131072,4,15|8,260,262144,262144,1,0,0,0,0,8,0,0,0,1,0,0,1,8,0|180,3738276646,4,12844,0,0,0,0,0,0,0,0,0,32557053,0,32557053,0,2048,32558418,0,1707804571,4,1,2,0,0
1788088599371|1011|fault_abort_r2f|rotating|138,1378943233,33558272,154008,154001,0,0,0,0,0,0,0,0,0,0,138,138,0,0,0,0,0,0,0,0,0,0,0,0,0,0,0,0,0,0,0,0,4096,256,131072,4,15|4,0,262144,262144,1,0,0,0,0,8,0,0,0,1,0,0,1,8,0|180,3040132083,4,12844,0,0,0,0,0,9419,0,0,0,1741936582,4,1741936582,4,2048,640011,0,1764997,0,0,0,0,0
1788088604376|1011|fault_abort_r2f|fixed|140,1378943233,16777216,0,0,0,0,0,0,0,0,0,0,0,0,0,0,0,0,0,0,0,0,0,0,0,0,0,0,0,0,0,0,0,0,0,0,4096,256,131072,4,15|8,260,262144,262144,1,0,0,0,0,8,0,0,0,1,0,0,1,8,0|182,4058704616,4,12844,0,0,0,0,0,0,0,0,0,32557053,0,32557053,0,2048,32558418,0,2028232541,4,1,2,0,0
1788088604376|1011|fault_abort_r2f|rotating|140,1378943233,33558272,154008,154001,0,0,0,0,0,0,0,0,0,0,138,138,0,0,0,0,0,0,0,0,0,0,0,0,0,0,0,0,0,0,0,0,4096,256,131072,4,15|4,0,262144,262144,1,0,0,0,0,8,0,0,0,1,0,0,1,8,0|182,3361215471,4,12844,0,0,0,0,0,9419,0,0,0,2063019970,4,2063019970,4,2048,640011,0,1764997,0,0,0,0,0
1788088609384|1011|fault_abort_r2f|fixed|142,1378943233,16777216,0,0,0,0,0,0,0,0,0,0,0,0,0,0,0,0,0,0,0,0,0,0,0,0,0,0,0,0,0,0,0,0,0,0,4096,256,131072,4,15|8,260,262144,262144,1,0,0,0,0,8,0,0,0,1,0,0,1,8,0|184,84259647,5,12844,0,0,0,0,0,0,0,0,0,32557053,0,32557053,0,2048,32558418,0,2348754868,4,1,2,0,0
1788088609384|1011|fault_abort_r2f|rotating|142,1378943233,33558272,154008,154001,0,0,0,0,0,0,0,0,0,0,138,138,0,0,0,0,0,0,0,0,0,0,0,0,0,0,0,0,0,0,0,0,4096,256,131072,4,15|4,0,262144,262144,1,0,0,0,0,8,0,0,0,1,0,0,1,8,0|184,3680960958,4,12844,0,0,0,0,0,9419,0,0,0,2382765457,4,2382765457,4,2048,640011,0,1764997,0,0,0,0,0
1788088614392|1011|fault_abort_r2f|fixed|144,1378943233,16777216,0,0,0,0,0,0,0,0,0,0,0,0,0,0,0,0,0,0,0,0,0,0,0,0,0,0,0,0,0,0,0,0,0,0,4096,256,131072,4,15|8,260,262144,262144,1,0,0,0,0,8,0,0,0,1,0,0,1,8,0|186,405029647,5,12844,0,0,0,0,0,0,0,0,0,32557053,0,32557053,0,2048,32558418,0,2669524868,4,1,2,0,0
1788088614392|1011|fault_abort_r2f|rotating|144,1378943233,33558272,154008,154001,0,0,0,0,0,0,0,0,0,0,138,138,0,0,0,0,0,0,0,0,0,0,0,0,0,0,0,0,0,0,0,0,4096,256,131072,4,15|4,0,262144,262144,1,0,0,0,0,8,0,0,0,1,0,0,1,8,0|186,4001207262,4,12844,0,0,0,0,0,9419,0,0,0,2703011761,4,2703011761,4,2048,640011,0,1764997,0,0,0,0,0
1788088619407|1011|fault_abort_r2f|fixed|146,1378943233,16777216,0,0,0,0,0,0,0,0,0,0,0,0,0,0,0,0,0,0,0,0,0,0,0,0,0,0,0,0,0,0,0,0,0,0,4096,256,131072,4,15|8,260,262144,262144,1,0,0,0,0,8,0,0,0,1,0,0,1,8,0|188,725817783,5,12844,0,0,0,0,0,0,0,0,0,32557053,0,32557053,0,2048,32558418,0,2990313004,4,1,2,0,0
1788088619407|1011|fault_abort_r2f|rotating|146,1378943233,33558272,154008,154001,0,0,0,0,0,0,0,0,0,0,138,138,0,0,0,0,0,0,0,0,0,0,0,0,0,0,0,0,0,0,0,0,4096,256,131072,4,15|4,0,262144,262144,1,0,0,0,0,8,0,0,0,1,0,0,1,8,0|188,28044586,5,12844,0,0,0,0,0,9419,0,0,0,3024816381,4,3024816381,4,2048,640011,0,1764997,0,0,0,0,0
1788088624407|1011|fault_abort_r2f|fixed|148,1378943233,16777216,0,0,0,0,0,0,0,0,0,0,0,0,0,0,0,0,0,0,0,0,0,0,0,0,0,0,0,0,0,0,0,0,0,0,4096,256,131072,4,15|8,260,262144,262144,1,0,0,0,0,8,0,0,0,1,0,0,1,8,0|190,1046028170,5,12844,0,0,0,0,0,0,0,0,0,32557053,0,32557053,0,2048,32558418,0,3310523391,4,1,2,0,0
1788088624407|1011|fault_abort_r2f|rotating|148,1378943233,33558272,154008,154001,0,0,0,0,0,0,0,0,0,0,138,138,0,0,0,0,0,0,0,0,0,0,0,0,0,0,0,0,0,0,0,0,4096,256,131072,4,15|4,0,262144,262144,1,0,0,0,0,8,0,0,0,1,0,0,1,8,0|190,347312879,5,12844,0,0,0,0,0,9419,0,0,0,3344084674,4,3344084674,4,2048,640011,0,1764997,0,0,0,0,0
1788088629417|1011|fault_abort_r2f|fixed|150,1378943233,16777216,0,0,0,0,0,0,0,0,0,0,0,0,0,0,0,0,0,0,0,0,0,0,0,0,0,0,0,0,0,0,0,0,0,0,4096,256,131072,4,15|8,260,262144,262144,1,0,0,0,0,8,0,0,0,1,0,0,1,8,0|192,1366307751,5,12844,0,0,0,0,0,0,0,0,0,32557053,0,32557053,0,2048,32558418,0,3630802972,4,1,2,0,0
1788088629417|1011|fault_abort_r2f|rotating|150,1378943233,33558272,154008,154001,0,0,0,0,0,0,0,0,0,0,138,138,0,0,0,0,0,0,0,0,0,0,0,0,0,0,0,0,0,0,0,0,4096,256,131072,4,15|4,0,262144,262144,1,0,0,0,0,8,0,0,0,1,0,0,1,8,0|192,668144301,5,12844,0,0,0,0,0,9419,0,0,0,3664916096,4,3664916096,4,2048,640011,0,1764997,0,0,0,0,0
1788088634417|1011|fault_abort_r2f|fixed|152,1378943233,16777216,0,0,0,0,0,0,0,0,0,0,0,0,0,0,0,0,0,0,0,0,0,0,0,0,0,0,0,0,0,0,0,0,0,0,4096,256,131072,4,15|8,260,262144,262144,1,0,0,0,0,8,0,0,0,1,0,0,1,8,0|194,1687123385,5,12844,0,0,0,0,0,0,0,0,0,32557053,0,32557053,0,2048,32558418,0,3951618606,4,1,2,0,0
1788088634417|1011|fault_abort_r2f|rotating|152,1378943233,33558272,154008,154001,0,0,0,0,0,0,0,0,0,0,138,138,0,0,0,0,0,0,0,0,0,0,0,0,0,0,0,0,0,0,0,0,4096,256,131072,4,15|4,0,262144,262144,1,0,0,0,0,8,0,0,0,1,0,0,1,8,0|194,988735410,5,12844,0,0,0,0,0,9419,0,0,0,3985507205,4,3985507205,4,2048,640011,0,1764997,0,0,0,0,0
1788088639422|1011|fault_abort_r2f|fixed|154,1378943233,16777216,0,0,0,0,0,0,0,0,0,0,0,0,0,0,0,0,0,0,0,0,0,0,0,0,0,0,0,0,0,0,0,0,0,0,4096,256,131072,4,15|8,260,262144,262144,1,0,0,0,0,8,0,0,0,1,0,0,1,8,0|196,2007238883,5,12844,0,0,0,0,0,0,0,0,0,32557053,0,32557053,0,2048,32558418,0,4271734104,4,1,2,0,0
1788088639422|1011|fault_abort_r2f|rotating|154,1378943233,33558272,154008,154001,0,0,0,0,0,0,0,0,0,0,138,138,0,0,0,0,0,0,0,0,0,0,0,0,0,0,0,0,0,0,0,0,4096,256,131072,4,15|4,0,262144,262144,1,0,0,0,0,8,0,0,0,1,0,0,1,8,0|196,1309701517,5,12844,0,0,0,0,0,9419,0,0,0,11506016,5,11506016,5,2048,640011,0,1764997,0,0,0,0,0
1788088644422|1011|fault_abort_r2f|fixed|156,1378943233,16777216,0,0,0,0,0,0,0,0,0,0,0,0,0,0,0,0,0,0,0,0,0,0,0,0,0,0,0,0,0,0,0,0,0,0,4096,256,131072,4,15|8,260,262144,262144,1,0,0,0,0,8,0,0,0,1,0,0,1,8,0|198,2326926849,5,12844,0,0,0,0,0,0,0,0,0,32557053,0,32557053,0,2048,32558418,0,296454774,5,1,2,0,0
1788088644422|1011|fault_abort_r2f|rotating|156,1378943233,33558272,154008,154001,0,0,0,0,0,0,0,0,0,0,138,138,0,0,0,0,0,0,0,0,0,0,0,0,0,0,0,0,0,0,0,0,4096,256,131072,4,15|4,0,262144,262144,1,0,0,0,0,8,0,0,0,1,0,0,1,8,0|198,1628628205,5,12844,0,0,0,0,0,9419,0,0,0,330432704,5,330432704,5,2048,640011,0,1764997,0,0,0,0,0
1788088649437|1011|fault_abort_r2f|fixed|158,1378943233,16777216,0,0,0,0,0,0,0,0,0,0,0,0,0,0,0,0,0,0,0,0,0,0,0,0,0,0,0,0,0,0,0,0,0,0,4096,256,131072,4,15|8,260,262144,262144,1,0,0,0,0,8,0,0,0,1,0,0,1,8,0|200,2647796974,5,12844,0,0,0,0,0,0,0,0,0,32557053,0,32557053,0,2048,32558418,0,617324899,5,1,2,0,0
1788088649437|1011|fault_abort_r2f|rotating|158,1378943233,33558272,154008,154001,0,0,0,0,0,0,0,0,0,0,138,138,0,0,0,0,0,0,0,0,0,0,0,0,0,0,0,0,0,0,0,0,4096,256,131072,4,15|4,0,262144,262144,1,0,0,0,0,8,0,0,0,1,0,0,1,8,0|200,1949436640,5,12844,0,0,0,0,0,9419,0,0,0,651241139,5,651241139,5,2048,640011,0,1764997,0,0,0,0,0
1788088654461|1011|fault_abort_r2f|fixed|160,1378943233,16777216,0,0,0,0,0,0,0,0,0,0,0,0,0,0,0,0,0,0,0,0,0,0,0,0,0,0,0,0,0,0,0,0,0,0,4096,256,131072,4,15|8,260,262144,262144,1,0,0,0,0,8,0,0,0,1,0,0,1,8,0|202,2969538977,5,12844,0,0,0,0,0,0,0,0,0,32557053,0,32557053,0,2048,32558418,0,939066902,5,1,2,0,0
1788088654461|1011|fault_abort_r2f|rotating|160,1378943233,33558272,154008,154001,0,0,0,0,0,0,0,0,0,0,138,138,0,0,0,0,0,0,0,0,0,0,0,0,0,0,0,0,0,0,0,0,4096,256,131072,4,15|4,0,262144,262144,1,0,0,0,0,8,0,0,0,1,0,0,1,8,0|202,2271982556,5,12844,0,0,0,0,0,9419,0,0,0,973787055,5,973787055,5,2048,640011,0,1764997,0,0,0,0,0
1788088659483|1011|fault_abort_r2f|fixed|162,1378943233,16777216,0,0,0,0,0,0,0,0,0,0,0,0,0,0,0,0,0,0,0,0,0,0,0,0,0,0,0,0,0,0,0,0,0,0,4096,256,131072,4,15|8,260,262144,262144,1,0,0,0,0,8,0,0,0,1,0,0,1,8,0|204,3291833803,5,12844,0,0,0,0,0,0,0,0,0,32557053,0,32557053,0,2048,32558418,0,1261361728,5,1,2,0,0
1788088659483|1011|fault_abort_r2f|rotating|162,1378943233,33558272,154008,154001,0,0,0,0,0,0,0,0,0,0,138,138,0,0,0,0,0,0,0,0,0,0,0,0,0,0,0,0,0,0,0,0,4096,256,131072,4,15|4,0,262144,262144,1,0,0,0,0,8,0,0,0,1,0,0,1,8,0|204,2593232827,5,12844,0,0,0,0,0,9419,0,0,0,1295037326,5,1295037326,5,2048,640011,0,1764997,0,0,0,0,0
1788088664490|1011|fault_abort_r2f|fixed|164,1378943233,16777216,0,0,0,0,0,0,0,0,0,0,0,0,0,0,0,0,0,0,0,0,0,0,0,0,0,0,0,0,0,0,0,0,0,0,4096,256,131072,4,15|8,260,262144,262144,1,0,0,0,0,8,0,0,0,1,0,0,1,8,0|206,3612693564,5,12844,0,0,0,0,0,0,0,0,0,32557053,0,32557053,0,2048,32558418,0,1582221489,5,1,2,0,0
1788088664490|1011|fault_abort_r2f|rotating|164,1378943233,33558272,154008,154001,0,0,0,0,0,0,0,0,0,0,138,138,0,0,0,0,0,0,0,0,0,0,0,0,0,0,0,0,0,0,0,0,4096,256,131072,4,15|4,0,262144,262144,1,0,0,0,0,8,0,0,0,1,0,0,1,8,0|206,2915532833,5,12844,0,0,0,0,0,9419,0,0,0,1617337332,5,1617337332,5,2048,640011,0,1764997,0,0,0,0,0
1788088669491|1011|fault_abort_r2f|fixed|166,1378943233,16777216,0,0,0,0,0,0,0,0,0,0,0,0,0,0,0,0,0,0,0,0,0,0,0,0,0,0,0,0,0,0,0,0,0,0,4096,256,131072,4,15|8,260,262144,262144,1,0,0,0,0,8,0,0,0,1,0,0,1,8,0|208,3932044742,5,12844,0,0,0,0,0,0,0,0,0,32557053,0,32557053,0,2048,32558418,0,1901572667,5,1,2,0,0
1788088669491|1011|fault_abort_r2f|rotating|166,1378943233,33558272,154008,154001,0,0,0,0,0,0,0,0,0,0,138,138,0,0,0,0,0,0,0,0,0,0,0,0,0,0,0,0,0,0,0,0,4096,256,131072,4,15|4,0,262144,262144,1,0,0,0,0,8,0,0,0,1,0,0,1,8,0|208,3234635266,5,12844,0,0,0,0,0,9419,0,0,0,1936439765,5,1936439765,5,2048,640011,0,1764997,0,0,0,0,0
1788088674516|1011|fault_abort_r2f|fixed|168,1378943233,16777216,0,0,0,0,0,0,0,0,0,0,0,0,0,0,0,0,0,0,0,0,0,0,0,0,0,0,0,0,0,0,0,0,0,0,4096,256,131072,4,15|8,260,262144,262144,1,0,0,0,0,8,0,0,0,1,0,0,1,8,0|210,4252866862,5,12844,0,0,0,0,0,0,0,0,0,32557053,0,32557053,0,2048,32558418,0,2222394787,5,1,2,0,0
1788088674516|1011|fault_abort_r2f|rotating|168,1378943233,33558272,154008,154001,0,0,0,0,0,0,0,0,0,0,138,138,0,0,0,0,0,0,0,0,0,0,0,0,0,0,0,0,0,0,0,0,4096,256,131072,4,15|4,0,262144,262144,1,0,0,0,0,8,0,0,0,1,0,0,1,8,0|210,3555421253,5,12844,0,0,0,0,0,9419,0,0,0,2257225752,5,2257225752,5,2048,640011,0,1764997,0,0,0,0,0
1788088679517|1011|fault_abort_r2f|fixed|170,1378943233,16777216,0,0,0,0,0,0,0,0,0,0,0,0,0,0,0,0,0,0,0,0,0,0,0,0,0,0,0,0,0,0,0,0,0,0,4096,256,131072,4,15|8,260,262144,262144,1,0,0,0,0,8,0,0,0,1,0,0,1,8,0|212,278535976,6,12844,0,0,0,0,0,0,0,0,0,32557053,0,32557053,0,2048,32558418,0,2543031197,5,1,2,0,0
1788088679517|1011|fault_abort_r2f|rotating|170,1378943233,33558272,154008,154001,0,0,0,0,0,0,0,0,0,0,138,138,0,0,0,0,0,0,0,0,0,0,0,0,0,0,0,0,0,0,0,0,4096,256,131072,4,15|4,0,262144,262144,1,0,0,0,0,8,0,0,0,1,0,0,1,8,0|212,3875948097,5,12844,0,0,0,0,0,9419,0,0,0,2577752596,5,2577752596,5,2048,640011,0,1764997,0,0,0,0,0
1788088684523|1011|fault_abort_r2f|fixed|172,1378943233,16777216,0,0,0,0,0,0,0,0,0,0,0,0,0,0,0,0,0,0,0,0,0,0,0,0,0,0,0,0,0,0,0,0,0,0,4096,256,131072,4,15|8,260,262144,262144,1,0,0,0,0,8,0,0,0,1,0,0,1,8,0|214,598491587,6,12844,0,0,0,0,0,0,0,0,0,32557053,0,32557053,0,2048,32558418,0,2862986808,5,1,2,0,0
1788088684523|1011|fault_abort_r2f|rotating|172,1378943233,33558272,154008,154001,0,0,0,0,0,0,0,0,0,0,138,138,0,0,0,0,0,0,0,0,0,0,0,0,0,0,0,0,0,0,0,0,4096,256,131072,4,15|4,0,262144,262144,1,0,0,0,0,8,0,0,0,1,0,0,1,8,0|214,4195141451,5,12844,0,0,0,0,0,9419,0,0,0,2896945950,5,2896945950,5,2048,640011,0,1764997,0,0,0,0,0
1788088689528|1011|fault_abort_r2f|fixed|174,1378943233,16777216,0,0,0,0,0,0,0,0,0,0,0,0,0,0,0,0,0,0,0,0,0,0,0,0,0,0,0,0,0,0,0,0,0,0,4096,256,131072,4,15|8,260,262144,262144,1,0,0,0,0,8,0,0,0,1,0,0,1,8,0|216,919370645,6,12844,0,0,0,0,0,0,0,0,0,32557053,0,32557053,0,2048,32558418,0,3183865866,5,1,2,0,0
1788088689528|1011|fault_abort_r2f|rotating|174,1378943233,33558272,154008,154001,0,0,0,0,0,0,0,0,0,0,138,138,0,0,0,0,0,0,0,0,0,0,0,0,0,0,0,0,0,0,0,0,4096,256,131072,4,15|4,0,262144,262144,1,0,0,0,0,8,0,0,0,1,0,0,1,8,0|216,221530711,6,12844,0,0,0,0,0,9419,0,0,0,3218302506,5,3218302506,5,2048,640011,0,1764997,0,0,0,0,0
1788088694541|1011|fault_abort_r2f|fixed|176,1378943233,16777216,0,0,0,0,0,0,0,0,0,0,0,0,0,0,0,0,0,0,0,0,0,0,0,0,0,0,0,0,0,0,0,0,0,0,4096,256,131072,4,15|8,260,262144,262144,1,0,0,0,0,8,0,0,0,1,0,0,1,8,0|218,1239313059,6,12844,0,0,0,0,0,0,0,0,0,32557053,0,32557053,0,2048,32558418,0,3503808280,5,1,2,0,0
1788088694541|1011|fault_abort_r2f|rotating|176,1378943233,33558272,154008,154001,0,0,0,0,0,0,0,0,0,0,138,138,0,0,0,0,0,0,0,0,0,0,0,0,0,0,0,0,0,0,0,0,4096,256,131072,4,15|4,0,262144,262144,1,0,0,0,0,8,0,0,0,1,0,0,1,8,0|218,541080134,6,12844,0,0,0,0,0,9419,0,0,0,3537851929,5,3537851929,5,2048,640011,0,1764997,0,0,0,0,0
1788088699543|1011|fault_abort_r2f|fixed|178,1378943233,16777216,0,0,0,0,0,0,0,0,0,0,0,0,0,0,0,0,0,0,0,0,0,0,0,0,0,0,0,0,0,0,0,0,0,0,4096,256,131072,4,15|8,260,262144,262144,1,0,0,0,0,8,0,0,0,1,0,0,1,8,0|220,1560295824,6,12844,0,0,0,0,0,0,0,0,0,32557053,0,32557053,0,2048,32558418,0,3824791045,5,1,2,0,0
1788088699543|1011|fault_abort_r2f|rotating|178,1378943233,33558272,154008,154001,0,0,0,0,0,0,0,0,0,0,138,138,0,0,0,0,0,0,0,0,0,0,0,0,0,0,0,0,0,0,0,0,4096,256,131072,4,15|4,0,262144,262144,1,0,0,0,0,8,0,0,0,1,0,0,1,8,0|220,863751998,6,12844,0,0,0,0,0,9419,0,0,0,3860523793,5,3860523793,5,2048,640011,0,1764997,0,0,0,0,0
1788088704548|1011|fault_abort_r2f|fixed|180,1378943233,16777216,0,0,0,0,0,0,0,0,0,0,0,0,0,0,0,0,0,0,0,0,0,0,0,0,0,0,0,0,0,0,0,0,0,0,4096,256,131072,4,15|8,260,262144,262144,1,0,0,0,0,8,0,0,0,1,0,0,1,8,0|222,1880165317,6,12844,0,0,0,0,0,0,0,0,0,32557053,0,32557053,0,2048,32558418,0,4144660538,5,1,2,0,0
1788088704548|1011|fault_abort_r2f|rotating|180,1378943233,33558272,154008,154001,0,0,0,0,0,0,0,0,0,0,138,138,0,0,0,0,0,0,0,0,0,0,0,0,0,0,0,0,0,0,0,0,4096,256,131072,4,15|4,0,262144,262144,1,0,0,0,0,8,0,0,0,1,0,0,1,8,0|222,1181537560,6,12844,0,0,0,0,0,9419,0,0,0,4178309355,5,4178309355,5,2048,640011,0,1764997,0,0,0,0,0
1788088709554|1011|fault_abort_r2f|fixed|182,1378943233,16777216,0,0,0,0,0,0,0,0,0,0,0,0,0,0,0,0,0,0,0,0,0,0,0,0,0,0,0,0,0,0,0,0,0,0,4096,256,131072,4,15|8,260,262144,262144,1,0,0,0,0,8,0,0,0,1,0,0,1,8,0|224,2200388588,6,12844,0,0,0,0,0,0,0,0,0,32557053,0,32557053,0,2048,32558418,0,169916513,6,1,2,0,0
1788088709554|1011|fault_abort_r2f|rotating|182,1378943233,33558272,154008,154001,0,0,0,0,0,0,0,0,0,0,138,138,0,0,0,0,0,0,0,0,0,0,0,0,0,0,0,0,0,0,0,0,4096,256,131072,4,15|4,0,262144,262144,1,0,0,0,0,8,0,0,0,1,0,0,1,8,0|224,1502247878,6,12844,0,0,0,0,0,9419,0,0,0,204052377,6,204052377,6,2048,640011,0,1764997,0,0,0,0,0
1788088714569|1011|fault_abort_r2f|fixed|184,1378943233,16777216,0,0,0,0,0,0,0,0,0,0,0,0,0,0,0,0,0,0,0,0,0,0,0,0,0,0,0,0,0,0,0,0,0,0,4096,256,131072,4,15|8,260,262144,262144,1,0,0,0,0,8,0,0,0,1,0,0,1,8,0|226,2521596090,6,12844,0,0,0,0,0,0,0,0,0,32557053,0,32557053,0,2048,32558418,0,491124015,6,1,2,0,0
1788088714569|1011|fault_abort_r2f|rotating|184,1378943233,33558272,154008,154001,0,0,0,0,0,0,0,0,0,0,138,138,0,0,0,0,0,0,0,0,0,0,0,0,0,0,0,0,0,0,0,0,4096,256,131072,4,15|4,0,262144,262144,1,0,0,0,0,8,0,0,0,1,0,0,1,8,0|226,1823814080,6,12844,0,0,0,0,0,9419,0,0,0,525618579,6,525618579,6,2048,640011,0,1764997,0,0,0,0,0
1788088719575|1011|fault_abort_r2f|fixed|186,1378943233,16777216,0,0,0,0,0,0,0,0,0,0,0,0,0,0,0,0,0,0,0,0,0,0,0,0,0,0,0,0,0,0,0,0,0,0,4096,256,131072,4,15|8,260,262144,262144,1,0,0,0,0,8,0,0,0,1,0,0,1,8,0|228,2841808111,6,12844,0,0,0,0,0,0,0,0,0,32557053,0,32557053,0,2048,32558418,0,811336036,6,1,2,0,0
1788088719575|1011|fault_abort_r2f|rotating|186,1378943233,33558272,154008,154001,0,0,0,0,0,0,0,0,0,0,138,138,0,0,0,0,0,0,0,0,0,0,0,0,0,0,0,0,0,0,0,0,4096,256,131072,4,15|4,0,262144,262144,1,0,0,0,0,8,0,0,0,1,0,0,1,8,0|228,2143413438,6,12844,0,0,0,0,0,9419,0,0,0,845217937,6,845217937,6,2048,640011,0,1764997,0,0,0,0,0
1788088724579|1011|fault_abort_r2f|fixed|188,1378943233,16777216,0,0,0,0,0,0,0,0,0,0,0,0,0,0,0,0,0,0,0,0,0,0,0,0,0,0,0,0,0,0,0,0,0,0,4096,256,131072,4,15|8,260,262144,262144,1,0,0,0,0,8,0,0,0,1,0,0,1,8,0|230,3162078082,6,12844,0,0,0,0,0,0,0,0,0,32557053,0,32557053,0,2048,32558418,0,1131606007,6,1,2,0,0
1788088724579|1011|fault_abort_r2f|rotating|188,1378943233,33558272,154008,154001,0,0,0,0,0,0,0,0,0,0,138,138,0,0,0,0,0,0,0,0,0,0,0,0,0,0,0,0,0,0,0,0,4096,256,131072,4,15|4,0,262144,262144,1,0,0,0,0,8,0,0,0,1,0,0,1,8,0|230,2463981684,6,12844,0,0,0,0,0,9419,0,0,0,1165786183,6,1165786183,6,2048,640011,0,1764997,0,0,0,0,0
1788088729586|1011|fault_abort_r2f|fixed|190,1378943233,16777216,0,0,0,0,0,0,0,0,0,0,0,0,0,0,0,0,0,0,0,0,0,0,0,0,0,0,0,0,0,0,0,0,0,0,4096,256,131072,4,15|8,260,262144,262144,1,0,0,0,0,8,0,0,0,1,0,0,1,8,0|232,3482631000,6,12844,0,0,0,0,0,0,0,0,0,32557053,0,32557053,0,2048,32558418,0,1452158925,6,1,2,0,0
1788088729586|1011|fault_abort_r2f|rotating|190,1378943233,33558272,154008,154001,0,0,0,0,0,0,0,0,0,0,138,138,0,0,0,0,0,0,0,0,0,0,0,0,0,0,0,0,0,0,0,0,4096,256,131072,4,15|4,0,262144,262144,1,0,0,0,0,8,0,0,0,1,0,0,1,8,0|232,2784101643,6,12844,0,0,0,0,0,9419,0,0,0,1485906142,6,1485906142,6,2048,640011,0,1764997,0,0,0,0,0
1788088734601|1011|fault_abort_r2f|fixed|192,1378943233,16777216,0,0,0,0,0,0,0,0,0,0,0,0,0,0,0,0,0,0,0,0,0,0,0,0,0,0,0,0,0,0,0,0,0,0,4096,256,131072,4,15|8,260,262144,262144,1,0,0,0,0,8,0,0,0,1,0,0,1,8,0|234,3803644879,6,12844,0,0,0,0,0,0,0,0,0,32557053,0,32557053,0,2048,32558418,0,1773172804,6,1,2,0,0
1788088734601|1011|fault_abort_r2f|rotating|192,1378943233,33558272,154008,154001,0,0,0,0,0,0,0,0,0,0,138,138,0,0,0,0,0,0,0,0,0,0,0,0,0,0,0,0,0,0,0,0,4096,256,131072,4,15|4,0,262144,262144,1,0,0,0,0,8,0,0,0,1,0,0,1,8,0|234,3105073012,6,12844,0,0,0,0,0,9419,0,0,0,1806877511,6,1806877511,6,2048,640011,0,1764997,0,0,0,0,0
1788088739602|1011|fault_abort_r2f|fixed|194,1378943233,16777216,0,0,0,0,0,0,0,0,0,0,0,0,0,0,0,0,0,0,0,0,0,0,0,0,0,0,0,0,0,0,0,0,0,0,4096,256,131072,4,15|8,260,262144,262144,1,0,0,0,0,8,0,0,0,1,0,0,1,8,0|236,4123522526,6,12844,0,0,0,0,0,0,0,0,0,32557053,0,32557053,0,2048,32558418,0,2093050451,6,1,2,0,0
1788088739602|1011|fault_abort_r2f|rotating|194,1378943233,33558272,154008,154001,0,0,0,0,0,0,0,0,0,0,138,138,0,0,0,0,0,0,0,0,0,0,0,0,0,0,0,0,0,0,0,0,4096,256,131072,4,15|4,0,262144,262144,1,0,0,0,0,8,0,0,0,1,0,0,1,8,0|236,3425032190,6,12844,0,0,0,0,0,9419,0,0,0,2126836689,6,2126836689,6,2048,640011,0,1764997,0,0,0,0,0
1788088744612|1011|fault_abort_r2f|fixed|196,1378943233,16777216,0,0,0,0,0,0,0,0,0,0,0,0,0,0,0,0,0,0,0,0,0,0,0,0,0,0,0,0,0,0,0,0,0,0,4096,256,131072,4,15|8,260,262144,262144,1,0,0,0,0,8,0,0,0,1,0,0,1,8,0|238,149471320,7,12844,0,0,0,0,0,0,0,0,0,32557053,0,32557053,0,2048,32558418,0,2413966541,6,1,2,0,0
1788088744612|1011|fault_abort_r2f|rotating|196,1378943233,33558272,154008,154001,0,0,0,0,0,0,0,0,0,0,138,138,0,0,0,0,0,0,0,0,0,0,0,0,0,0,0,0,0,0,0,0,4096,256,131072,4,15|4,0,262144,262144,1,0,0,0,0,8,0,0,0,1,0,0,1,8,0|238,3745743908,6,12844,0,0,0,0,0,9419,0,0,0,2447548407,6,2447548407,6,2048,640011,0,1764997,0,0,0,0,0
1788088749618|1011|fault_abort_r2f|fixed|198,1378943233,16777216,0,0,0,0,0,0,0,0,0,0,0,0,0,0,0,0,0,0,0,0,0,0,0,0,0,0,0,0,0,0,0,0,0,0,4096,256,131072,4,15|8,260,262144,262144,1,0,0,0,0,8,0,0,0,1,0,0,1,8,0|240,470670583,7,12844,0,0,0,0,0,0,0,0,0,32557053,0,32557053,0,2048,32558418,0,2735165804,6,1,2,0,0
1788088749618|1011|fault_abort_r2f|rotating|198,1378943233,33558272,154008,154001,0,0,0,0,0,0,0,0,0,0,138,138,0,0,0,0,0,0,0,0,0,0,0,0,0,0,0,0,0,0,0,0,4096,256,131072,4,15|4,0,262144,262144,1,0,0,0,0,8,0,0,0,1,0,0,1,8,0|240,4067637377,6,12844,0,0,0,0,0,9419,0,0,0,2769441876,6,2769441876,6,2048,640011,0,1764997,0,0,0,0,0
1788088754628|1011|fault_abort_r2f|fixed|200,1378943233,16777216,0,0,0,0,0,0,0,0,0,0,0,0,0,0,0,0,0,0,0,0,0,0,0,0,0,0,0,0,0,0,0,0,0,0,4096,256,131072,4,15|8,260,262144,262144,1,0,0,0,0,8,0,0,0,1,0,0,1,8,0|242,790575293,7,12844,0,0,0,0,0,0,0,0,0,32557053,0,32557053,0,2048,32558418,0,3055070514,6,1,2,0,0
1788088754628|1011|fault_abort_r2f|rotating|200,1378943233,33558272,154008,154001,0,0,0,0,0,0,0,0,0,0,138,138,0,0,0,0,0,0,0,0,0,0,0,0,0,0,0,0,0,0,0,0,4096,256,131072,4,15|4,0,262144,262144,1,0,0,0,0,8,0,0,0,1,0,0,1,8,0|242,91847572,7,12844,0,0,0,0,0,9419,0,0,0,3088619367,6,3088619367,6,2048,640011,0,1764997,0,0,0,0,0
1788088759638|1011|fault_abort_r2f|fixed|202,1378943233,16777216,0,0,0,0,0,0,0,0,0,0,0,0,0,0,0,0,0,0,0,0,0,0,0,0,0,0,0,0,0,0,0,0,0,0,4096,256,131072,4,15|8,260,262144,262144,1,0,0,0,0,8,0,0,0,1,0,0,1,8,0|244,1111020392,7,12844,0,0,0,0,0,0,0,0,0,32557053,0,32557053,0,2048,32558418,0,3375515613,6,1,2,0,0
1788088759638|1011|fault_abort_r2f|rotating|202,1378943233,33558272,154008,154001,0,0,0,0,0,0,0,0,0,0,138,138,0,0,0,0,0,0,0,0,0,0,0,0,0,0,0,0,0,0,0,0,4096,256,131072,4,15|4,0,262144,262144,1,0,0,0,0,8,0,0,0,1,0,0,1,8,0|244,413669060,7,12844,0,0,0,0,0,9419,0,0,0,3410440855,6,3410440855,6,2048,640011,0,1764997,0,0,0,0,0
1788088764648|1011|fault_abort_r2f|fixed|204,1378943233,16777216,0,0,0,0,0,0,0,0,0,0,0,0,0,0,0,0,0,0,0,0,0,0,0,0,0,0,0,0,0,0,0,0,0,0,4096,256,131072,4,15|8,260,262144,262144,1,0,0,0,0,8,0,0,0,1,0,0,1,8,0|246,1431676035,7,12844,0,0,0,0,0,0,0,0,0,32557053,0,32557053,0,2048,32558418,0,3696171256,6,1,2,0,0
1788088764648|1011|fault_abort_r2f|rotating|204,1378943233,33558272,154008,154001,0,0,0,0,0,0,0,0,0,0,138,138,0,0,0,0,0,0,0,0,0,0,0,0,0,0,0,0,0,0,0,0,4096,256,131072,4,15|4,0,262144,262144,1,0,0,0,0,8,0,0,0,1,0,0,1,8,0|246,735015877,7,12844,0,0,0,0,0,9419,0,0,0,3731787672,6,3731787672,6,2048,640011,0,1764997,0,0,0,0,0
1788088769661|1011|fault_abort_r2f|fixed|206,1378943233,16777216,0,0,0,0,0,0,0,0,0,0,0,0,0,0,0,0,0,0,0,0,0,0,0,0,0,0,0,0,0,0,0,0,0,0,4096,256,131072,4,15|8,260,262144,262144,1,0,0,0,0,8,0,0,0,1,0,0,1,8,0|248,1753530296,7,12844,0,0,0,0,0,0,0,0,0,32557053,0,32557053,0,2048,32558418,0,4018025517,6,1,2,0,0
1788088769661|1011|fault_abort_r2f|rotating|206,1378943233,33558272,154008,154001,0,0,0,0,0,0,0,0,0,0,138,138,0,0,0,0,0,0,0,0,0,0,0,0,0,0,0,0,0,0,0,0,4096,256,131072,4,15|4,0,262144,262144,1,0,0,0,0,8,0,0,0,1,0,0,1,8,0|248,1054844331,7,12844,0,0,0,0,0,9419,0,0,0,4051616126,6,4051616126,6,2048,640011,0,1764997,0,0,0,0,0
1788088774662|1011|fault_abort_r2f|fixed|208,1378943233,16777216,0,0,0,0,0,0,0,0,0,0,0,0,0,0,0,0,0,0,0,0,0,0,0,0,0,0,0,0,0,0,0,0,0,0,4096,256,131072,4,15|8,260,262144,262144,1,0,0,0,0,8,0,0,0,1,0,0,1,8,0|250,2071854695,7,12844,0,0,0,0,0,0,0,0,0,32557053,0,32557053,0,2048,32558418,0,41382620,7,1,2,0,0
1788088774662|1011|fault_abort_r2f|rotating|208,1378943233,33558272,154008,154001,0,0,0,0,0,0,0,0,0,0,138,138,0,0,0,0,0,0,0,0,0,0,0,0,0,0,0,0,0,0,0,0,4096,256,131072,4,15|4,0,262144,262144,1,0,0,0,0,8,0,0,0,1,0,0,1,8,0|250,1373088952,7,12844,0,0,0,0,0,9419,0,0,0,74893451,7,74893451,7,2048,640011,0,1764997,0,0,0,0,0
1788088779674|1011|fault_abort_r2f|fixed|210,1378943233,16777216,0,0,0,0,0,0,0,0,0,0,0,0,0,0,0,0,0,0,0,0,0,0,0,0,0,0,0,0,0,0,0,0,0,0,4096,256,131072,4,15|8,260,262144,262144,1,0,0,0,0,8,0,0,0,1,0,0,1,8,0|252,2393571694,7,12844,0,0,0,0,0,0,0,0,0,32557053,0,32557053,0,2048,32558418,0,363099619,7,1,2,0,0
1788088779674|1011|fault_abort_r2f|rotating|210,1378943233,33558272,154008,154001,0,0,0,0,0,0,0,0,0,0,138,138,0,0,0,0,0,0,0,0,0,0,0,0,0,0,0,0,0,0,0,0,4096,256,131072,4,15|4,0,262144,262144,1,0,0,0,0,8,0,0,0,1,0,0,1,8,0|252,1697279862,7,12844,0,0,0,0,0,9419,0,0,0,399084361,7,399084361,7,2048,640011,0,1764997,0,0,0,0,0
1788088784689|1011|fault_abort_r2f|fixed|212,1378943233,16777216,0,0,0,0,0,0,0,0,0,0,0,0,0,0,0,0,0,0,0,0,0,0,0,0,0,0,0,0,0,0,0,0,0,0,4096,256,131072,4,15|8,260,262144,262144,1,0,0,0,0,8,0,0,0,1,0,0,1,8,0|254,2715141363,7,12844,0,0,0,0,0,0,0,0,0,32557053,0,32557053,0,2048,32558418,0,684669288,7,1,2,0,0
1788088784689|1011|fault_abort_r2f|rotating|212,1378943233,33558272,154008,154001,0,0,0,0,0,0,0,0,0,0,138,138,0,0,0,0,0,0,0,0,0,0,0,0,0,0,0,0,0,0,0,0,4096,256,131072,4,15|4,0,262144,262144,1,0,0,0,0,8,0,0,0,1,0,0,1,8,0|254,2017732408,7,12844,0,0,0,0,0,9419,0,0,0,719536907,7,719536907,7,2048,640011,0,1764997,0,0,0,0,0
1788088789713|1011|fault_abort_r2f|fixed|214,1378943233,16777216,0,0,0,0,0,0,0,0,0,0,0,0,0,0,0,0,0,0,0,0,0,0,0,0,0,0,0,0,0,0,0,0,0,0,4096,256,131072,4,15|8,260,262144,262144,1,0,0,0,0,8,0,0,0,1,0,0,1,8,0|256,3035865943,7,12844,0,0,0,0,0,0,0,0,0,32557053,0,32557053,0,2048,32558418,0,1005393868,7,1,2,0,0
1788088789713|1011|fault_abort_r2f|rotating|214,1378943233,33558272,154008,154001,0,0,0,0,0,0,0,0,0,0,138,138,0,0,0,0,0,0,0,0,0,0,0,0,0,0,0,0,0,0,0,0,4096,256,131072,4,15|4,0,262144,262144,1,0,0,0,0,8,0,0,0,1,0,0,1,8,0|256,2338162270,7,12844,0,0,0,0,0,9419,0,0,0,1039966769,7,1039966769,7,2048,640011,0,1764997,0,0,0,0,0
1788088794721|1011|fault_abort_r2f|fixed|216,1378943233,16777216,0,0,0,0,0,0,0,0,0,0,0,0,0,0,0,0,0,0,0,0,0,0,0,0,0,0,0,0,0,0,0,0,0,0,4096,256,131072,4,15|8,260,262144,262144,1,0,0,0,0,8,0,0,0,1,0,0,1,8,0|258,3356480325,7,12844,0,0,0,0,0,0,0,0,0,32557053,0,32557053,0,2048,32558418,0,1326008250,7,1,2,0,0
1788088794721|1011|fault_abort_r2f|rotating|216,1378943233,33558272,154008,154001,0,0,0,0,0,0,0,0,0,0,138,138,0,0,0,0,0,0,0,0,0,0,0,0,0,0,0,0,0,0,0,0,4096,256,131072,4,15|4,0,262144,262144,1,0,0,0,0,8,0,0,0,1,0,0,1,8,0|258,2658887302,7,12844,0,0,0,0,0,9419,0,0,0,1360691801,7,1360691801,7,2048,640011,0,1764997,0,0,0,0,0
1788088799749|1011|fault_abort_r2f|fixed|218,1378943233,16777216,0,0,0,0,0,0,0,0,0,0,0,0,0,0,0,0,0,0,0,0,0,0,0,0,0,0,0,0,0,0,0,0,0,0,4096,256,131072,4,15|8,260,262144,262144,1,0,0,0,0,8,0,0,0,1,0,0,1,8,0|260,3679201515,7,12844,0,0,0,0,0,0,0,0,0,32557053,0,32557053,0,2048,32558418,0,1648729440,7,1,2,0,0
1788088799749|1011|fault_abort_r2f|rotating|218,1378943233,33558272,154008,154001,0,0,0,0,0,0,0,0,0,0,138,138,0,0,0,0,0,0,0,0,0,0,0,0,0,0,0,0,0,0,0,0,4096,256,131072,4,15|4,0,262144,262144,1,0,0,0,0,8,0,0,0,1,0,0,1,8,0|260,2980484668,7,12844,0,0,0,0,0,9419,0,0,0,1682289167,7,1682289167,7,2048,640011,0,1764997,0,0,0,0,0
1788088804758|1011|fault_abort_r2f|fixed|220,1378943233,16777216,0,0,0,0,0,0,0,0,0,0,0,0,0,0,0,0,0,0,0,0,0,0,0,0,0,0,0,0,0,0,0,0,0,0,4096,256,131072,4,15|8,260,262144,262144,1,0,0,0,0,8,0,0,0,1,0,0,1,8,0|262,3998742873,7,12844,0,0,0,0,0,0,0,0,0,32557053,0,32557053,0,2048,32558418,0,1968270798,7,1,2,0,0
1788088804758|1011|fault_abort_r2f|rotating|220,1378943233,33558272,154008,154001,0,0,0,0,0,0,0,0,0,0,138,138,0,0,0,0,0,0,0,0,0,0,0,0,0,0,0,0,0,0,0,0,4096,256,131072,4,15|4,0,262144,262144,1,0,0,0,0,8,0,0,0,1,0,0,1,8,0|262,3300489709,7,12844,0,0,0,0,0,9419,0,0,0,2002294208,7,2002294208,7,2048,640011,0,1764997,0,0,0,0,0
1788088809772|1011|fault_abort_r2f|fixed|222,1378943233,16777216,0,0,0,0,0,0,0,0,0,0,0,0,0,0,0,0,0,0,0,0,0,0,0,0,0,0,0,0,0,0,0,0,0,0,4096,256,131072,4,15|8,260,262144,262144,1,0,0,0,0,8,0,0,0,1,0,0,1,8,0|264,24733966,8,12844,0,0,0,0,0,0,0,0,0,32557053,0,32557053,0,2048,32558418,0,2289229187,7,1,2,0,0
1788088809772|1011|fault_abort_r2f|rotating|222,1378943233,33558272,154008,154001,0,0,0,0,0,0,0,0,0,0,138,138,0,0,0,0,0,0,0,0,0,0,0,0,0,0,0,0,0,0,0,0,4096,256,131072,4,15|4,0,262144,262144,1,0,0,0,0,8,0,0,0,1,0,0,1,8,0|264,3621827334,7,12844,0,0,0,0,0,9419,0,0,0,2323631833,7,2323631833,7,2048,640011,0,1764997,0,0,0,0,0
1788088814785|1011|fault_abort_r2f|fixed|224,1378943233,16777216,0,0,0,0,0,0,0,0,0,0,0,0,0,0,0,0,0,0,0,0,0,0,0,0,0,0,0,0,0,0,0,0,0,0,4096,256,131072,4,15|8,260,262144,262144,1,0,0,0,0,8,0,0,0,1,0,0,1,8,0|266,345730017,8,12844,0,0,0,0,0,0,0,0,0,32557053,0,32557053,0,2048,32558418,0,2610225238,7,1,2,0,0
1788088814785|1011|fault_abort_r2f|rotating|224,1378943233,33558272,154008,154001,0,0,0,0,0,0,0,0,0,0,138,138,0,0,0,0,0,0,0,0,0,0,0,0,0,0,0,0,0,0,0,0,4096,256,131072,4,15|4,0,262144,262144,1,0,0,0,0,8,0,0,0,1,0,0,1,8,0|266,3942987759,7,12844,0,0,0,0,0,9419,0,0,0,2644792258,7,2644792258,7,2048,640011,0,1764997,0,0,0,0,0
1788088819798|1011|fault_abort_r2f|fixed|226,1378943233,16777216,0,0,0,0,0,0,0,0,0,0,0,0,0,0,0,0,0,0,0,0,0,0,0,0,0,0,0,0,0,0,0,0,0,0,4096,256,131072,4,15|8,260,262144,262144,1,0,0,0,0,8,0,0,0,1,0,0,1,8,0|268,666635381,8,12844,0,0,0,0,0,0,0,0,0,32557053,0,32557053,0,2048,32558418,0,2931130602,7,1,2,0,0
1788088819798|1011|fault_abort_r2f|rotating|226,1378943233,33558272,154008,154001,0,0,0,0,0,0,0,0,0,0,138,138,0,0,0,0,0,0,0,0,0,0,0,0,0,0,0,0,0,0,0,0,4096,256,131072,4,15|4,0,262144,262144,1,0,0,0,0,8,0,0,0,1,0,0,1,8,0|268,4262961737,7,12844,0,0,0,0,0,9419,0,0,0,2964766236,7,2964766236,7,2048,640011,0,1764997,0,0,0,0,0
1788088824811|1011|fault_abort_r2f|fixed|228,1378943233,16777216,0,0,0,0,0,0,0,0,0,0,0,0,0,0,0,0,0,0,0,0,0,0,0,0,0,0,0,0,0,0,0,0,0,0,4096,256,131072,4,15|8,260,262144,262144,1,0,0,0,0,8,0,0,0,1,0,0,1,8,0|270,987186122,8,12844,0,0,0,0,0,0,0,0,0,32557053,0,32557053,0,2048,32558418,0,3251681343,7,1,2,0,0
1788088824811|1011|fault_abort_r2f|rotating|228,1378943233,33558272,154008,154001,0,0,0,0,0,0,0,0,0,0,138,138,0,0,0,0,0,0,0,0,0,0,0,0,0,0,0,0,0,0,0,0,4096,256,131072,4,15|4,0,262144,262144,1,0,0,0,0,8,0,0,0,1,0,0,1,8,0|270,288811215,8,12844,0,0,0,0,0,9419,0,0,0,3285583010,7,3285583010,7,2048,640011,0,1764997,0,0,0,0,0
1788088829813|1011|fault_abort_r2f|fixed|230,1378943233,16777216,0,0,0,0,0,0,0,0,0,0,0,0,0,0,0,0,0,0,0,0,0,0,0,0,0,0,0,0,0,0,0,0,0,0,4096,256,131072,4,15|8,260,262144,262144,1,0,0,0,0,8,0,0,0,1,0,0,1,8,0|272,1307421898,8,12844,0,0,0,0,0,0,0,0,0,32557053,0,32557053,0,2048,32558418,0,3571917119,7,1,2,0,0
1788088829813|1011|fault_abort_r2f|rotating|230,1378943233,33558272,154008,154001,0,0,0,0,0,0,0,0,0,0,138,138,0,0,0,0,0,0,0,0,0,0,0,0,0,0,0,0,0,0,0,0,4096,256,131072,4,15|4,0,262144,262144,1,0,0,0,0,8,0,0,0,1,0,0,1,8,0|272,609160115,8,12844,0,0,0,0,0,9419,0,0,0,3605931910,7,3605931910,7,2048,640011,0,1764997,0,0,0,0,0
1788088834818|1011|fault_abort_r2f|fixed|232,1378943233,16777216,0,0,0,0,0,0,0,0,0,0,0,0,0,0,0,0,0,0,0,0,0,0,0,0,0,0,0,0,0,0,0,0,0,0,4096,256,131072,4,15|8,260,262144,262144,1,0,0,0,0,8,0,0,0,1,0,0,1,8,0|274,1628457424,8,12844,0,0,0,0,0,0,0,0,0,32557053,0,32557053,0,2048,32558418,0,3892952645,7,1,2,0,0
1788088834818|1011|fault_abort_r2f|rotating|232,1378943233,33558272,154008,154001,0,0,0,0,0,0,0,0,0,0,138,138,0,0,0,0,0,0,0,0,0,0,0,0,0,0,0,0,0,0,0,0,4096,256,131072,4,15|4,0,262144,262144,1,0,0,0,0,8,0,0,0,1,0,0,1,8,0|274,930415686,8,12844,0,0,0,0,0,9419,0,0,0,3927187481,7,3927187481,7,2048,640011,0,1764997,0,0,0,0,0
1788088839845|1011|fault_abort_r2f|fixed|234,1378943233,16777216,0,0,0,0,0,0,0,0,0,0,0,0,0,0,0,0,0,0,0,0,0,0,0,0,0,0,0,0,0,0,0,0,0,0,4096,256,131072,4,15|8,260,262144,262144,1,0,0,0,0,8,0,0,0,1,0,0,1,8,0|276,1949545894,8,12844,0,0,0,0,0,0,0,0,0,32557053,0,32557053,0,2048,32558418,0,4214041115,7,1,2,0,0
1788088839845|1011|fault_abort_r2f|rotating|234,1378943233,33558272,154008,154001,0,0,0,0,0,0,0,0,0,0,138,138,0,0,0,0,0,0,0,0,0,0,0,0,0,0,0,0,0,0,0,0,4096,256,131072,4,15|4,0,262144,262144,1,0,0,0,0,8,0,0,0,1,0,0,1,8,0|276,1251396978,8,12844,0,0,0,0,0,9419,0,0,0,4248168773,7,4248168773,7,2048,640011,0,1764997,0,0,0,0,0
1788088844856|1011|fault_abort_r2f|fixed|236,1378943233,16777216,0,0,0,0,0,0,0,0,0,0,0,0,0,0,0,0,0,0,0,0,0,0,0,0,0,0,0,0,0,0,0,0,0,0,4096,256,131072,4,15|8,260,262144,262144,1,0,0,0,0,8,0,0,0,1,0,0,1,8,0|278,2270288679,8,12844,0,0,0,0,0,0,0,0,0,32557053,0,32557053,0,2048,32558418,0,239816604,8,1,2,0,0
1788088844856|1011|fault_abort_r2f|rotating|236,1378943233,33558272,154008,154001,0,0,0,0,0,0,0,0,0,0,138,138,0,0,0,0,0,0,0,0,0,0,0,0,0,0,0,0,0,0,0,0,4096,256,131072,4,15|4,0,262144,262144,1,0,0,0,0,8,0,0,0,1,0,0,1,8,0|278,1571708755,8,12844,0,0,0,0,0,9419,0,0,0,273513254,8,273513254,8,2048,640011,0,1764997,0,0,0,0,0
1788088849860|1011|fault_abort_r2f|fixed|238,1378943233,16777216,0,0,0,0,0,0,0,0,0,0,0,0,0,0,0,0,0,0,0,0,0,0,0,0,0,0,0,0,0,0,0,0,0,0,4096,256,131072,4,15|8,260,262144,262144,1,0,0,0,0,8,0,0,0,1,0,0,1,8,0|280,2590699166,8,12844,0,0,0,0,0,0,0,0,0,32557053,0,32557053,0,2048,32558418,0,560227091,8,1,2,0,0
1788088849860|1011|fault_abort_r2f|rotating|238,1378943233,33558272,154008,154001,0,0,0,0,0,0,0,0,0,0,138,138,0,0,0,0,0,0,0,0,0,0,0,0,0,0,0,0,0,0,0,0,4096,256,131072,4,15|4,0,262144,262144,1,0,0,0,0,8,0,0,0,1,0,0,1,8,0|280,1892008935,8,12844,0,0,0,0,0,9419,0,0,0,593813434,8,593813434,8,2048,640011,0,1764997,0,0,0,0,0
1788088854870|1011|fault_abort_r2f|fixed|240,1378943233,16777216,0,0,0,0,0,0,0,0,0,0,0,0,0,0,0,0,0,0,0,0,0,0,0,0,0,0,0,0,0,0,0,0,0,0,4096,256,131072,4,15|8,260,262144,262144,1,0,0,0,0,8,0,0,0,1,0,0,1,8,0|282,2911908056,8,12844,0,0,0,0,0,0,0,0,0,32557053,0,32557053,0,2048,32558418,0,881435981,8,1,2,0,0
1788088854870|1011|fault_abort_r2f|rotating|240,1378943233,33558272,154008,154001,0,0,0,0,0,0,0,0,0,0,138,138,0,0,0,0,0,0,0,0,0,0,0,0,0,0,0,0,0,0,0,0,4096,256,131072,4,15|4,0,262144,262144,1,0,0,0,0,8,0,0,0,1,0,0,1,8,0|282,2213996755,8,12844,0,0,0,0,0,9419,0,0,0,915801254,8,915801254,8,2048,640011,0,1764997,0,0,0,0,0
1788088859880|1011|fault_abort_r2f|fixed|242,1378943233,16777216,0,0,0,0,0,0,0,0,0,0,0,0,0,0,0,0,0,0,0,0,0,0,0,0,0,0,0,0,0,0,0,0,0,0,4096,256,131072,4,15|8,260,262144,262144,1,0,0,0,0,8,0,0,0,1,0,0,1,8,0|284,3232498017,8,12844,0,0,0,0,0,0,0,0,0,32557053,0,32557053,0,2048,32558418,0,1202025942,8,1,2,0,0
1788088859880|1011|fault_abort_r2f|rotating|242,1378943233,33558272,154008,154001,0,0,0,0,0,0,0,0,0,0,138,138,0,0,0,0,0,0,0,0,0,0,0,0,0,0,0,0,0,0,0,0,4096,256,131072,4,15|4,0,262144,262144,1,0,0,0,0,8,0,0,0,1,0,0,1,8,0|284,2534737002,8,12844,0,0,0,0,0,9419,0,0,0,1236541501,8,1236541501,8,2048,640011,0,1764997,0,0,0,0,0
1788088864893|1011|fault_abort_r2f|fixed|244,1378943233,16777216,0,0,0,0,0,0,0,0,0,0,0,0,0,0,0,0,0,0,0,0,0,0,0,0,0,0,0,0,0,0,0,0,0,0,4096,256,131072,4,15|8,260,262144,262144,1,0,0,0,0,8,0,0,0,1,0,0,1,8,0|286,3553585492,8,12844,0,0,0,0,0,0,0,0,0,32557053,0,32557053,0,2048,32558418,0,1523113417,8,1,2,0,0
1788088864893|1011|fault_abort_r2f|rotating|244,1378943233,33558272,154008,154001,0,0,0,0,0,0,0,0,0,0,138,138,0,0,0,0,0,0,0,0,0,0,0,0,0,0,0,0,0,0,0,0,4096,256,131072,4,15|4,0,262144,262144,1,0,0,0,0,8,0,0,0,1,0,0,1,8,0|286,2856279950,8,12844,0,0,0,0,0,9419,0,0,0,1558084449,8,1558084449,8,2048,640011,0,1764997,0,0,0,0,0
1788088869900|1011|fault_abort_r2f|fixed|246,1378943233,16777216,0,0,0,0,0,0,0,0,0,0,0,0,0,0,0,0,0,0,0,0,0,0,0,0,0,0,0,0,0,0,0,0,0,0,4096,256,131072,4,15|8,260,262144,262144,1,0,0,0,0,8,0,0,0,1,0,0,1,8,0|288,3873752601,8,12844,0,0,0,0,0,0,0,0,0,32557053,0,32557053,0,2048,32558418,0,1843280526,8,1,2,0,0
1788088869900|1011|fault_abort_r2f|rotating|246,1378943233,33558272,154008,154001,0,0,0,0,0,0,0,0,0,0,138,138,0,0,0,0,0,0,0,0,0,0,0,0,0,0,0,0,0,0,0,0,4096,256,131072,4,15|4,0,262144,262144,1,0,0,0,0,8,0,0,0,1,0,0,1,8,0|288,3177366217,8,12844,0,0,0,0,0,9419,0,0,0,1879170716,8,1879170716,8,2048,640011,0,1764997,0,0,0,0,0
1788088874902|1011|fault_abort_r2f|fixed|248,1378943233,16777216,0,0,0,0,0,0,0,0,0,0,0,0,0,0,0,0,0,0,0,0,0,0,0,0,0,0,0,0,0,0,0,0,0,0,4096,256,131072,4,15|8,260,262144,262144,1,0,0,0,0,8,0,0,0,1,0,0,1,8,0|290,4193282655,8,12844,0,0,0,0,0,0,0,0,0,32557053,0,32557053,0,2048,32558418,0,2162810580,8,1,2,0,0
1788088874902|1011|fault_abort_r2f|rotating|248,1378943233,33558272,154008,154001,0,0,0,0,0,0,0,0,0,0,138,138,0,0,0,0,0,0,0,0,0,0,0,0,0,0,0,0,0,0,0,0,4096,256,131072,4,15|4,0,262144,262144,1,0,0,0,0,8,0,0,0,1,0,0,1,8,0|290,3495034694,8,12844,0,0,0,0,0,9419,0,0,0,2196839193,8,2196839193,8,2048,640011,0,1764997,0,0,0,0,0
1788088879916|1011|fault_abort_r2f|fixed|250,1378943233,16777216,0,0,0,0,0,0,0,0,0,0,0,0,0,0,0,0,0,0,0,0,0,0,0,0,0,0,0,0,0,0,0,0,0,0,4096,256,131072,4,15|8,260,262144,262144,1,0,0,0,0,8,0,0,0,1,0,0,1,8,0|292,219283567,9,12844,0,0,0,0,0,0,0,0,0,32557053,0,32557053,0,2048,32558418,0,2483778788,8,1,2,0,0
1788088879916|1011|fault_abort_r2f|rotating|250,1378943233,33558272,154008,154001,0,0,0,0,0,0,0,0,0,0,138,138,0,0,0,0,0,0,0,0,0,0,0,0,0,0,0,0,0,0,0,0,4096,256,131072,4,15|4,0,262144,262144,1,0,0,0,0,8,0,0,0,1,0,0,1,8,0|292,3815911298,8,12844,0,0,0,0,0,9419,0,0,0,2517715797,8,2517715797,8,2048,640011,0,1764997,0,0,0,0,0
1788088884925|1011|fault_abort_r2f|fixed|252,1378943233,16777216,0,0,0,0,0,0,0,0,0,0,0,0,0,0,0,0,0,0,0,0,0,0,0,0,0,0,0,0,0,0,0,0,0,0,4096,256,131072,4,15|8,260,262144,262144,1,0,0,0,0,8,0,0,0,1,0,0,1,8,0|294,539760131,9,12844,0,0,0,0,0,0,0,0,0,32557053,0,32557053,0,2048,32558418,0,2804255352,8,1,2,0,0
1788088884925|1011|fault_abort_r2f|rotating|252,1378943233,33558272,154008,154001,0,0,0,0,0,0,0,0,0,0,138,138,0,0,0,0,0,0,0,0,0,0,0,0,0,0,0,0,0,0,0,0,4096,256,131072,4,15|4,0,262144,262144,1,0,0,0,0,8,0,0,0,1,0,0,1,8,0|294,4136381701,8,12844,0,0,0,0,0,9419,0,0,0,2838186200,8,2838186200,8,2048,640011,0,1764997,0,0,0,0,0
1788088889939|1011|fault_abort_r2f|fixed|254,1378943233,16777216,0,0,0,0,0,0,0,0,0,0,0,0,0,0,0,0,0,0,0,0,0,0,0,0,0,0,0,0,0,0,0,0,0,0,4096,256,131072,4,15|8,260,262144,262144,1,0,0,0,0,8,0,0,0,1,0,0,1,8,0|296,860659907,9,12844,0,0,0,0,0,0,0,0,0,32557053,0,32557053,0,2048,32558418,0,3125155128,8,1,2,0,0
1788088889939|1011|fault_abort_r2f|rotating|254,1378943233,33558272,154008,154001,0,0,0,0,0,0,0,0,0,0,138,138,0,0,0,0,0,0,0,0,0,0,0,0,0,0,0,0,0,0,0,0,4096,256,131072,4,15|4,0,262144,262144,1,0,0,0,0,8,0,0,0,1,0,0,1,8,0|296,162468205,9,12844,0,0,0,0,0,9419,0,0,0,3159240000,8,3159240000,8,2048,640011,0,1764997,0,0,0,0,0
1788088894939|1011|fault_abort_r2f|fixed|256,1378943233,16777216,0,0,0,0,0,0,0,0,0,0,0,0,0,0,0,0,0,0,0,0,0,0,0,0,0,0,0,0,0,0,0,0,0,0,4096,256,131072,4,15|8,260,262144,262144,1,0,0,0,0,8,0,0,0,1,0,0,1,8,0|298,1180854393,9,12844,0,0,0,0,0,0,0,0,0,32557053,0,32557053,0,2048,32558418,0,3445349614,8,1,2,0,0
1788088894939|1011|fault_abort_r2f|rotating|256,1378943233,33558272,154008,154001,0,0,0,0,0,0,0,0,0,0,138,138,0,0,0,0,0,0,0,0,0,0,0,0,0,0,0,0,0,0,0,0,4096,256,131072,4,15|4,0,262144,262144,1,0,0,0,0,8,0,0,0,1,0,0,1,8,0|298,483643876,9,12844,0,0,0,0,0,9419,0,0,0,3480415671,8,3480415671,8,2048,640011,0,1764997,0,0,0,0,0
1788088899953|1011|fault_abort_r2f|fixed|258,1378943233,16777216,0,0,0,0,0,0,0,0,0,0,0,0,0,0,0,0,0,0,0,0,0,0,0,0,0,0,0,0,0,0,0,0,0,0,4096,256,131072,4,15|8,260,262144,262144,1,0,0,0,0,8,0,0,0,1,0,0,1,8,0|300,1500778046,9,12844,0,0,0,0,0,0,0,0,0,32557053,0,32557053,0,2048,32558418,0,3765273267,8,1,2,0,0
1788088899953|1011|fault_abort_r2f|rotating|258,1378943233,33558272,154008,154001,0,0,0,0,0,0,0,0,0,0,138,138,0,0,0,0,0,0,0,0,0,0,0,0,0,0,0,0,0,0,0,0,4096,256,131072,4,15|4,0,262144,262144,1,0,0,0,0,8,0,0,0,1,0,0,1,8,0|300,802166629,9,12844,0,0,0,0,0,9419,0,0,0,3798938424,8,3798938424,8,2048,640011,0,1764997,0,0,0,0,0
