captured_ms|sequence|label|role|data_ro|dirm0|oen0
1785980829031|0|SAFE_BOOT|fixed|1346371075|8193|8193
1785980829031|0|SAFE_BOOT|rotating|1346371075|8193|8193
1785980829200|1001|switch_00_f2r_00000_4194304_active|fixed|1346371075|8193|8193
1785980829200|1001|switch_00_f2r_00000_4194304_active|rotating|1350557187|8193|8193
1785980833371|1001|switch_00_f2r_00000_4194304_terminal|fixed|1346371075|8193|8193
1785980833371|1001|switch_00_f2r_00000_4194304_terminal|rotating|1350565379|8193|8193
1785980833739|1002|switch_00_f2r_00001_4194304_active|fixed|1350565379|8193|8193
1785980833739|1002|switch_00_f2r_00001_4194304_active|rotating|1350557187|8193|8193
1785980837855|1002|switch_00_f2r_00001_4194304_terminal|fixed|1346371075|8193|8193
1785980837855|1002|switch_00_f2r_00001_4194304_terminal|rotating|1346371075|8193|8193
1785980838179|1003|switch_00_f2r_00002_4194304_active|fixed|1350565379|8193|8193
1785980838179|1003|switch_00_f2r_00002_4194304_active|rotating|1346362883|8193|8193
1785980842237|1003|switch_00_f2r_00002_4194304_terminal|fixed|1346371075|8193|8193
1785980842237|1003|switch_00_f2r_00002_4194304_terminal|rotating|1350565379|8193|8193
1785980842576|1004|switch_00_f2r_00003_1048576_active|fixed|1350565379|8193|8193
1785980842576|1004|switch_00_f2r_00003_1048576_active|rotating|1346362883|8193|8193
1785980843961|1004|switch_00_f2r_00003_1048576_terminal|fixed|1350565379|8193|8193
1785980843961|1004|switch_00_f2r_00003_1048576_terminal|rotating|1350565379|8193|8193
1785980844283|1005|switch_00_f2r_00004_1048576_active|fixed|1346371075|8193|8193
1785980844283|1005|switch_00_f2r_00004_1048576_active|rotating|1346362883|8193|8193
1785980845688|1005|switch_00_f2r_00004_1048576_terminal|fixed|1346371075|8193|8193
1785980845688|1005|switch_00_f2r_00004_1048576_terminal|rotating|1350565379|8193|8193
1785980846050|1006|switch_00_f2r_00005_1048576_active|fixed|1350565379|8193|8193
1785980846050|1006|switch_00_f2r_00005_1048576_active|rotating|1346362883|8193|8193
1785980847464|1006|switch_00_f2r_00005_1048576_terminal|fixed|1346371075|8193|8193
1785980847464|1006|switch_00_f2r_00005_1048576_terminal|rotating|1350565379|8193|8193
1785980847757|1007|switch_00_f2r_00006_1048576_active|fixed|1350565379|8193|8193
1785980847757|1007|switch_00_f2r_00006_1048576_active|rotating|1350557187|8193|8193
1785980849133|1007|switch_00_f2r_00006_1048576_terminal|fixed|1346371075|8193|8193
1785980849133|1007|switch_00_f2r_00006_1048576_terminal|rotating|1350565379|8193|8193
1785980849440|1008|switch_00_f2r_00007_1048576_active|fixed|1346371075|8193|8193
1785980849440|1008|switch_00_f2r_00007_1048576_active|rotating|1350557187|8193|8193
1785980850795|1008|switch_00_f2r_00007_1048576_terminal|fixed|1350565379|8193|8193
1785980850795|1008|switch_00_f2r_00007_1048576_terminal|rotating|1346371075|8193|8193
1785980851128|1009|switch_00_f2r_00008_1048576_active|fixed|1350565379|8193|8193
1785980851128|1009|switch_00_f2r_00008_1048576_active|rotating|1350557187|8193|8193
1785980852545|1009|switch_00_f2r_00008_1048576_terminal|fixed|1350565379|8193|8193
1785980852545|1009|switch_00_f2r_00008_1048576_terminal|rotating|1346371075|8193|8193
1785980852832|1010|switch_00_f2r_00009_1048576_active|fixed|1350565379|8193|8193
1785980852832|1010|switch_00_f2r_00009_1048576_active|rotating|1350557187|8193|8193
1785980854183|1010|switch_00_f2r_00009_1048576_terminal|fixed|1346371075|8193|8193
1785980854183|1010|switch_00_f2r_00009_1048576_terminal|rotating|1346371075|8193|8193
1785980859202|1011|switch_00_r2f_00000_4194304_active|fixed|1346362883|8193|8193
1785980859202|1011|switch_00_r2f_00000_4194304_active|rotating|1346371075|8193|8193
1785980863303|1011|switch_00_r2f_00000_4194304_terminal|fixed|1350565379|8193|8193
1785980863303|1011|switch_00_r2f_00000_4194304_terminal|rotating|1350565379|8193|8193
1785980863624|1012|switch_00_r2f_00001_4194304_active|fixed|1346362883|8193|8193
1785980863624|1012|switch_00_r2f_00001_4194304_active|rotating|1346371075|8193|8193
1785980867714|1012|switch_00_r2f_00001_4194304_terminal|fixed|1346371075|8193|8193
1785980867714|1012|switch_00_r2f_00001_4194304_terminal|rotating|1346371075|8193|8193
1785980868040|1013|switch_00_r2f_00002_4194304_active|fixed|1346362883|8193|8193
1785980868040|1013|switch_00_r2f_00002_4194304_active|rotating|1350565379|8193|8193
1785980872116|1013|switch_00_r2f_00002_4194304_terminal|fixed|1350565379|8193|8193
1785980872116|1013|switch_00_r2f_00002_4194304_terminal|rotating|1346371075|8193|8193
1785980872447|1014|switch_00_r2f_00003_1048576_active|fixed|1350557187|8193|8193
1785980872447|1014|switch_00_r2f_00003_1048576_active|rotating|1346371075|8193|8193
1785980873838|1014|switch_00_r2f_00003_1048576_terminal|fixed|1350565379|8193|8193
1785980873838|1014|switch_00_r2f_00003_1048576_terminal|rotating|1346371075|8193|8193
1785980874160|1015|switch_00_r2f_00004_1048576_active|fixed|1350557187|8193|8193
1785980874160|1015|switch_00_r2f_00004_1048576_active|rotating|1350565379|8193|8193
1785980875570|1015|switch_00_r2f_00004_1048576_terminal|fixed|1350565379|8193|8193
1785980875570|1015|switch_00_r2f_00004_1048576_terminal|rotating|1346371075|8193|8193
1785980875905|1016|switch_00_r2f_00005_1048576_active|fixed|1346362883|8193|8193
1785980875905|1016|switch_00_r2f_00005_1048576_active|rotating|1350565379|8193|8193
1785980877335|1016|switch_00_r2f_00005_1048576_terminal|fixed|1350565379|8193|8193
1785980877335|1016|switch_00_r2f_00005_1048576_terminal|rotating|1346371075|8193|8193
1785980877630|1017|switch_00_r2f_00006_1048576_active|fixed|1346362883|8193|8193
1785980877630|1017|switch_00_r2f_00006_1048576_active|rotating|1346371075|8193|8193
1785980879023|1017|switch_00_r2f_00006_1048576_terminal|fixed|1350565379|8193|8193
1785980879023|1017|switch_00_r2f_00006_1048576_terminal|rotating|1350565379|8193|8193
1785980879344|1018|switch_00_r2f_00007_1048576_active|fixed|1346362883|8193|8193
1785980879344|1018|switch_00_r2f_00007_1048576_active|rotating|1346371075|8193|8193
1785980880720|1018|switch_00_r2f_00007_1048576_terminal|fixed|1350565379|8193|8193
1785980880720|1018|switch_00_r2f_00007_1048576_terminal|rotating|1350565379|8193|8193
1785980881057|1019|switch_00_r2f_00008_1048576_active|fixed|1350557187|8193|8193
1785980881057|1019|switch_00_r2f_00008_1048576_active|rotating|1350565379|8193|8193
1785980882433|1019|switch_00_r2f_00008_1048576_terminal|fixed|1350565379|8193|8193
1785980882433|1019|switch_00_r2f_00008_1048576_terminal|rotating|1346371075|8193|8193
1785980882745|1020|switch_00_r2f_00009_1048576_active|fixed|1350557187|8193|8193
1785980882745|1020|switch_00_r2f_00009_1048576_active|rotating|1350565379|8193|8193
1785980884190|1020|switch_00_r2f_00009_1048576_terminal|fixed|1346371075|8193|8193
1785980884190|1020|switch_00_r2f_00009_1048576_terminal|rotating|1346371075|8193|8193
1785980889218|1021|switch_01_f2r_00000_4194304_active|fixed|1350565379|8193|8193
1785980889218|1021|switch_01_f2r_00000_4194304_active|rotating|1346362883|8193|8193
1785980893383|1021|switch_01_f2r_00000_4194304_terminal|fixed|1346371075|8193|8193
1785980893383|1021|switch_01_f2r_00000_4194304_terminal|rotating|1346371075|8193|8193
1785980893735|1022|switch_01_f2r_00001_4194304_active|fixed|1346371075|8193|8193
1785980893735|1022|switch_01_f2r_00001_4194304_active|rotating|1350557187|8193|8193
1785980897879|1022|switch_01_f2r_00001_4194304_terminal|fixed|1346371075|8193|8193
1785980897879|1022|switch_01_f2r_00001_4194304_terminal|rotating|1346371075|8193|8193
1785980898193|1023|switch_01_f2r_00002_4194304_active|fixed|1346371075|8193|8193
1785980898193|1023|switch_01_f2r_00002_4194304_active|rotating|1346362883|8193|8193
1785980902253|1023|switch_01_f2r_00002_4194304_terminal|fixed|1346371075|8193|8193
1785980902253|1023|switch_01_f2r_00002_4194304_terminal|rotating|1350565379|8193|8193
1785980902585|1024|switch_01_f2r_00003_1048576_active|fixed|1346371075|8193|8193
1785980902585|1024|switch_01_f2r_00003_1048576_active|rotating|1350557187|8193|8193
1785980904034|1024|switch_01_f2r_00003_1048576_terminal|fixed|1350565379|8193|8193
1785980904034|1024|switch_01_f2r_00003_1048576_terminal|rotating|1350565379|8193|8193
1785980904379|1025|switch_01_f2r_00004_1048576_active|fixed|1350565379|8193|8193
1785980904379|1025|switch_01_f2r_00004_1048576_active|rotating|1346362883|8193|8193
1785980905724|1025|switch_01_f2r_00004_1048576_terminal|fixed|1350565379|8193|8193
1785980905724|1025|switch_01_f2r_00004_1048576_terminal|rotating|1346371075|8193|8193
1785980906075|1026|switch_01_f2r_00005_1048576_active|fixed|1346371075|8193|8193
1785980906075|1026|switch_01_f2r_00005_1048576_active|rotating|1346362883|8193|8193
1785980907501|1026|switch_01_f2r_00005_1048576_terminal|fixed|1350565379|8193|8193
1785980907501|1026|switch_01_f2r_00005_1048576_terminal|rotating|1346371075|8193|8193
1785980907787|1027|switch_01_f2r_00006_1048576_active|fixed|1346371075|8193|8193
1785980907787|1027|switch_01_f2r_00006_1048576_active|rotating|1350557187|8193|8193
1785980909176|1027|switch_01_f2r_00006_1048576_terminal|fixed|1350565379|8193|8193
1785980909176|1027|switch_01_f2r_00006_1048576_terminal|rotating|1350565379|8193|8193
1785980909480|1028|switch_01_f2r_00007_1048576_active|fixed|1350565379|8193|8193
1785980909480|1028|switch_01_f2r_00007_1048576_active|rotating|1350557187|8193|8193
1785980910836|1028|switch_01_f2r_00007_1048576_terminal|fixed|1350565379|8193|8193
1785980910836|1028|switch_01_f2r_00007_1048576_terminal|rotating|1346371075|8193|8193
1785980911154|1029|switch_01_f2r_00008_1048576_active|fixed|1350565379|8193|8193
1785980911154|1029|switch_01_f2r_00008_1048576_active|rotating|1350557187|8193|8193
1785980912485|1029|switch_01_f2r_00008_1048576_terminal|fixed|1350565379|8193|8193
1785980912485|1029|switch_01_f2r_00008_1048576_terminal|rotating|1350565379|8193|8193
1785980912823|1030|switch_01_f2r_00009_1048576_active|fixed|1350565379|8193|8193
1785980912823|1030|switch_01_f2r_00009_1048576_active|rotating|1350557187|8193|8193
1785980914213|1030|switch_01_f2r_00009_1048576_terminal|fixed|1346371075|8193|8193
1785980914213|1030|switch_01_f2r_00009_1048576_terminal|rotating|1350565379|8193|8193
1785980919220|1031|switch_01_r2f_00000_4194304_active|fixed|1350557187|8193|8193
1785980919220|1031|switch_01_r2f_00000_4194304_active|rotating|1350565379|8193|8193
1785980923361|1031|switch_01_r2f_00000_4194304_terminal|fixed|1350565379|8193|8193
1785980923361|1031|switch_01_r2f_00000_4194304_terminal|rotating|1346371075|8193|8193
1785980923684|1032|switch_01_r2f_00001_4194304_active|fixed|1346362883|8193|8193
1785980923684|1032|switch_01_r2f_00001_4194304_active|rotating|1346371075|8193|8193
1785980927768|1032|switch_01_r2f_00001_4194304_terminal|fixed|1346371075|8193|8193
1785980927768|1032|switch_01_r2f_00001_4194304_terminal|rotating|1346371075|8193|8193
1785980928081|1033|switch_01_r2f_00002_4194304_active|fixed|1350557187|8193|8193
1785980928081|1033|switch_01_r2f_00002_4194304_active|rotating|1346371075|8193|8193
1785980932196|1033|switch_01_r2f_00002_4194304_terminal|fixed|1346371075|8193|8193
1785980932196|1033|switch_01_r2f_00002_4194304_terminal|rotating|1350565379|8193|8193
1785980932513|1034|switch_01_r2f_00003_1048576_active|fixed|1346362883|8193|8193
1785980932513|1034|switch_01_r2f_00003_1048576_active|rotating|1346371075|8193|8193
1785980933878|1034|switch_01_r2f_00003_1048576_terminal|fixed|1346371075|8193|8193
1785980933878|1034|switch_01_r2f_00003_1048576_terminal|rotating|1346371075|8193|8193
1785980934186|1035|switch_01_r2f_00004_1048576_active|fixed|1350557187|8193|8193
1785980934186|1035|switch_01_r2f_00004_1048576_active|rotating|1350565379|8193|8193
1785980935561|1035|switch_01_r2f_00004_1048576_terminal|fixed|1346371075|8193|8193
1785980935561|1035|switch_01_r2f_00004_1048576_terminal|rotating|1346371075|8193|8193
1785980935917|1036|switch_01_r2f_00005_1048576_active|fixed|1346362883|8193|8193
1785980935917|1036|switch_01_r2f_00005_1048576_active|rotating|1346371075|8193|8193
1785980937332|1036|switch_01_r2f_00005_1048576_terminal|fixed|1346371075|8193|8193
1785980937332|1036|switch_01_r2f_00005_1048576_terminal|rotating|1346371075|8193|8193
1785980937646|1037|switch_01_r2f_00006_1048576_active|fixed|1350557187|8193|8193
1785980937646|1037|switch_01_r2f_00006_1048576_active|rotating|1346371075|8193|8193
1785980939019|1037|switch_01_r2f_00006_1048576_terminal|fixed|1346371075|8193|8193
1785980939019|1037|switch_01_r2f_00006_1048576_terminal|rotating|1350565379|8193|8193
1785980939315|1038|switch_01_r2f_00007_1048576_active|fixed|1350557187|8193|8193
1785980939315|1038|switch_01_r2f_00007_1048576_active|rotating|1350565379|8193|8193
1785980940680|1038|switch_01_r2f_00007_1048576_terminal|fixed|1346371075|8193|8193
1785980940680|1038|switch_01_r2f_00007_1048576_terminal|rotating|1346371075|8193|8193
1785980940974|1039|switch_01_r2f_00008_1048576_active|fixed|1346362883|8193|8193
1785980940974|1039|switch_01_r2f_00008_1048576_active|rotating|1350565379|8193|8193
1785980942364|1039|switch_01_r2f_00008_1048576_terminal|fixed|1350565379|8193|8193
1785980942364|1039|switch_01_r2f_00008_1048576_terminal|rotating|1346371075|8193|8193
1785980942712|1040|switch_01_r2f_00009_1048576_active|fixed|1350557187|8193|8193
1785980942712|1040|switch_01_r2f_00009_1048576_active|rotating|1350565379|8193|8193
1785980944093|1040|switch_01_r2f_00009_1048576_terminal|fixed|1350565379|8193|8193
1785980944093|1040|switch_01_r2f_00009_1048576_terminal|rotating|1346371075|8193|8193
1785980949244|1041|switch_02_f2r_00000_4194304_active|fixed|1346371075|8193|8193
1785980949244|1041|switch_02_f2r_00000_4194304_active|rotating|1346362883|8193|8193
1785980953416|1041|switch_02_f2r_00000_4194304_terminal|fixed|1346371075|8193|8193
1785980953416|1041|switch_02_f2r_00000_4194304_terminal|rotating|1350565379|8193|8193
1785980953761|1042|switch_02_f2r_00001_4194304_active|fixed|1346371075|8193|8193
1785980953761|1042|switch_02_f2r_00001_4194304_active|rotating|1346362883|8193|8193
1785980957971|1042|switch_02_f2r_00001_4194304_terminal|fixed|1350565379|8193|8193
1785980957971|1042|switch_02_f2r_00001_4194304_terminal|rotating|1346371075|8193|8193
1785980958285|1043|switch_02_f2r_00002_4194304_active|fixed|1346371075|8193|8193
1785980958285|1043|switch_02_f2r_00002_4194304_active|rotating|1350557187|8193|8193
1785980962405|1043|switch_02_f2r_00002_4194304_terminal|fixed|1350565379|8193|8193
1785980962405|1043|switch_02_f2r_00002_4194304_terminal|rotating|1350565379|8193|8193
1785980962910|1044|switch_02_f2r_00003_1048576_active|fixed|1346371075|8193|8193
1785980962910|1044|switch_02_f2r_00003_1048576_active|rotating|1346362883|8193|8193
1785980964287|1044|switch_02_f2r_00003_1048576_terminal|fixed|1346371075|8193|8193
1785980964287|1044|switch_02_f2r_00003_1048576_terminal|rotating|1350565379|8193|8193
1785980964611|1045|switch_02_f2r_00004_1048576_active|fixed|1346371075|8193|8193
1785980964611|1045|switch_02_f2r_00004_1048576_active|rotating|1350557187|8193|8193
1785980965986|1045|switch_02_f2r_00004_1048576_terminal|fixed|1350565379|8193|8193
1785980965986|1045|switch_02_f2r_00004_1048576_terminal|rotating|1350565379|8193|8193
1785980966335|1046|switch_02_f2r_00005_1048576_active|fixed|1350565379|8193|8193
1785980966335|1046|switch_02_f2r_00005_1048576_active|rotating|1346362883|8193|8193
1785980967756|1046|switch_02_f2r_00005_1048576_terminal|fixed|1346371075|8193|8193
1785980967756|1046|switch_02_f2r_00005_1048576_terminal|rotating|1346371075|8193|8193
1785980968044|1047|switch_02_f2r_00006_1048576_active|fixed|1346371075|8193|8193
1785980968044|1047|switch_02_f2r_00006_1048576_active|rotating|1350557187|8193|8193
1785980969500|1047|switch_02_f2r_00006_1048576_terminal|fixed|1346371075|8193|8193
1785980969500|1047|switch_02_f2r_00006_1048576_terminal|rotating|1346371075|8193|8193
1785980969797|1048|switch_02_f2r_00007_1048576_active|fixed|1346371075|8193|8193
1785980969797|1048|switch_02_f2r_00007_1048576_active|rotating|1346362883|8193|8193
1785980971180|1048|switch_02_f2r_00007_1048576_terminal|fixed|1350565379|8193|8193
1785980971180|1048|switch_02_f2r_00007_1048576_terminal|rotating|1346371075|8193|8193
1785980971511|1049|switch_02_f2r_00008_1048576_active|fixed|1346371075|8193|8193
1785980971511|1049|switch_02_f2r_00008_1048576_active|rotating|1346362883|8193|8193
1785980972871|1049|switch_02_f2r_00008_1048576_terminal|fixed|1350565379|8193|8193
1785980972871|1049|switch_02_f2r_00008_1048576_terminal|rotating|1350565379|8193|8193
1785980973194|1050|switch_02_f2r_00009_1048576_active|fixed|1346371075|8193|8193
1785980973194|1050|switch_02_f2r_00009_1048576_active|rotating|1350557187|8193|8193
1785980974560|1050|switch_02_f2r_00009_1048576_terminal|fixed|1350565379|8193|8193
1785980974560|1050|switch_02_f2r_00009_1048576_terminal|rotating|1346371075|8193|8193
1785980979252|1051|switch_02_r2f_00000_4194304_active|fixed|1350557187|8193|8193
1785980979252|1051|switch_02_r2f_00000_4194304_active|rotating|1350565379|8193|8193
1785980983333|1051|switch_02_r2f_00000_4194304_terminal|fixed|1346371075|8193|8193
1785980983333|1051|switch_02_r2f_00000_4194304_terminal|rotating|1350565379|8193|8193
1785980983648|1052|switch_02_r2f_00001_4194304_active|fixed|1350557187|8193|8193
1785980983648|1052|switch_02_r2f_00001_4194304_active|rotating|1346371075|8193|8193
1785980987741|1052|switch_02_r2f_00001_4194304_terminal|fixed|1350565379|8193|8193
1785980987741|1052|switch_02_r2f_00001_4194304_terminal|rotating|1346371075|8193|8193
1785980988037|1053|switch_02_r2f_00002_4194304_active|fixed|1350557187|8193|8193
1785980988037|1053|switch_02_r2f_00002_4194304_active|rotating|1350565379|8193|8193
1785980992067|1053|switch_02_r2f_00002_4194304_terminal|fixed|1346371075|8193|8193
1785980992067|1053|switch_02_r2f_00002_4194304_terminal|rotating|1346371075|8193|8193
1785980992377|1054|switch_02_r2f_00003_1048576_active|fixed|1350557187|8193|8193
1785980992377|1054|switch_02_r2f_00003_1048576_active|rotating|1346371075|8193|8193
1785980993762|1054|switch_02_r2f_00003_1048576_terminal|fixed|1346371075|8193|8193
1785980993762|1054|switch_02_r2f_00003_1048576_terminal|rotating|1346371075|8193|8193
1785980994078|1055|switch_02_r2f_00004_1048576_active|fixed|1350557187|8193|8193
1785980994078|1055|switch_02_r2f_00004_1048576_active|rotating|1350565379|8193|8193
1785980995540|1055|switch_02_r2f_00004_1048576_terminal|fixed|1350565379|8193|8193
1785980995540|1055|switch_02_r2f_00004_1048576_terminal|rotating|1350565379|8193|8193
1785980995892|1056|switch_02_r2f_00005_1048576_active|fixed|1350557187|8193|8193
1785980995892|1056|switch_02_r2f_00005_1048576_active|rotating|1350565379|8193|8193
1785980997307|1056|switch_02_r2f_00005_1048576_terminal|fixed|1346371075|8193|8193
1785980997307|1056|switch_02_r2f_00005_1048576_terminal|rotating|1346371075|8193|8193
1785980997635|1057|switch_02_r2f_00006_1048576_active|fixed|1350557187|8193|8193
1785980997635|1057|switch_02_r2f_00006_1048576_active|rotating|1350565379|8193|8193
1785980999040|1057|switch_02_r2f_00006_1048576_terminal|fixed|1346371075|8193|8193
1785980999040|1057|switch_02_r2f_00006_1048576_terminal|rotating|1346371075|8193|8193
1785980999337|1058|switch_02_r2f_00007_1048576_active|fixed|1350557187|8193|8193
1785980999337|1058|switch_02_r2f_00007_1048576_active|rotating|1346371075|8193|8193
1785981000681|1058|switch_02_r2f_00007_1048576_terminal|fixed|1346371075|8193|8193
1785981000681|1058|switch_02_r2f_00007_1048576_terminal|rotating|1346371075|8193|8193
1785981000988|1059|switch_02_r2f_00008_1048576_active|fixed|1346362883|8193|8193
1785981000988|1059|switch_02_r2f_00008_1048576_active|rotating|1346371075|8193|8193
1785981002407|1059|switch_02_r2f_00008_1048576_terminal|fixed|1350565379|8193|8193
1785981002407|1059|switch_02_r2f_00008_1048576_terminal|rotating|1346371075|8193|8193
1785981002750|1060|switch_02_r2f_00009_1048576_active|fixed|1350557187|8193|8193
1785981002750|1060|switch_02_r2f_00009_1048576_active|rotating|1350565379|8193|8193
1785981004166|1060|switch_02_r2f_00009_1048576_terminal|fixed|1346371075|8193|8193
1785981004166|1060|switch_02_r2f_00009_1048576_terminal|rotating|1346371075|8193|8193
1785981009291|1061|switch_03_f2r_00000_4194304_active|fixed|1346371075|8193|8193
1785981009291|1061|switch_03_f2r_00000_4194304_active|rotating|1350557187|8193|8193
1785981013388|1061|switch_03_f2r_00000_4194304_terminal|fixed|1346371075|8193|8193
1785981013388|1061|switch_03_f2r_00000_4194304_terminal|rotating|1346371075|8193|8193
1785981013691|1062|switch_03_f2r_00001_4194304_active|fixed|1350565379|8193|8193
1785981013691|1062|switch_03_f2r_00001_4194304_active|rotating|1350557187|8193|8193
1785981017743|1062|switch_03_f2r_00001_4194304_terminal|fixed|1350565379|8193|8193
1785981017743|1062|switch_03_f2r_00001_4194304_terminal|rotating|1346371075|8193|8193
1785981018086|1063|switch_03_f2r_00002_4194304_active|fixed|1346371075|8193|8193
1785981018086|1063|switch_03_f2r_00002_4194304_active|rotating|1346362883|8193|8193
1785981022157|1063|switch_03_f2r_00002_4194304_terminal|fixed|1350565379|8193|8193
1785981022157|1063|switch_03_f2r_00002_4194304_terminal|rotating|1346371075|8193|8193
1785981022453|1064|switch_03_f2r_00003_1048576_active|fixed|1350565379|8193|8193
1785981022453|1064|switch_03_f2r_00003_1048576_active|rotating|1346362883|8193|8193
1785981023842|1064|switch_03_f2r_00003_1048576_terminal|fixed|1350565379|8193|8193
1785981023842|1064|switch_03_f2r_00003_1048576_terminal|rotating|1346371075|8193|8193
1785981024138|1065|switch_03_f2r_00004_1048576_active|fixed|1350565379|8193|8193
1785981024138|1065|switch_03_f2r_00004_1048576_active|rotating|1350557187|8193|8193
1785981025520|1065|switch_03_f2r_00004_1048576_terminal|fixed|1346371075|8193|8193
1785981025520|1065|switch_03_f2r_00004_1048576_terminal|rotating|1350565379|8193|8193
1785981025877|1066|switch_03_f2r_00005_1048576_active|fixed|1350565379|8193|8193
1785981025877|1066|switch_03_f2r_00005_1048576_active|rotating|1346362883|8193|8193
1785981027299|1066|switch_03_f2r_00005_1048576_terminal|fixed|1346371075|8193|8193
1785981027299|1066|switch_03_f2r_00005_1048576_terminal|rotating|1350565379|8193|8193
1785981027602|1067|switch_03_f2r_00006_1048576_active|fixed|1346371075|8193|8193
1785981027602|1067|switch_03_f2r_00006_1048576_active|rotating|1346362883|8193|8193
1785981029055|1067|switch_03_f2r_00006_1048576_terminal|fixed|1350565379|8193|8193
1785981029055|1067|switch_03_f2r_00006_1048576_terminal|rotating|1350565379|8193|8193
1785981029364|1068|switch_03_f2r_00007_1048576_active|fixed|1346371075|8193|8193
1785981029364|1068|switch_03_f2r_00007_1048576_active|rotating|1350557187|8193|8193
1785981030722|1068|switch_03_f2r_00007_1048576_terminal|fixed|1346371075|8193|8193
1785981030722|1068|switch_03_f2r_00007_1048576_terminal|rotating|1350565379|8193|8193
1785981031049|1069|switch_03_f2r_00008_1048576_active|fixed|1350565379|8193|8193
1785981031049|1069|switch_03_f2r_00008_1048576_active|rotating|1350557187|8193|8193
1785981032435|1069|switch_03_f2r_00008_1048576_terminal|fixed|1346371075|8193|8193
1785981032435|1069|switch_03_f2r_00008_1048576_terminal|rotating|1346371075|8193|8193
1785981032757|1070|switch_03_f2r_00009_1048576_active|fixed|1350565379|8193|8193
1785981032757|1070|switch_03_f2r_00009_1048576_active|rotating|1350557187|8193|8193
1785981034164|1070|switch_03_f2r_00009_1048576_terminal|fixed|1346371075|8193|8193
1785981034164|1070|switch_03_f2r_00009_1048576_terminal|rotating|1350565379|8193|8193
1785981039261|1071|switch_03_r2f_00000_4194304_active|fixed|1350557187|8193|8193
1785981039261|1071|switch_03_r2f_00000_4194304_active|rotating|1346371075|8193|8193
1785981043340|1071|switch_03_r2f_00000_4194304_terminal|fixed|1350565379|8193|8193
1785981043340|1071|switch_03_r2f_00000_4194304_terminal|rotating|1350565379|8193|8193
1785981043684|1072|switch_03_r2f_00001_4194304_active|fixed|1350557187|8193|8193
1785981043684|1072|switch_03_r2f_00001_4194304_active|rotating|1346371075|8193|8193
1785981047729|1072|switch_03_r2f_00001_4194304_terminal|fixed|1346371075|8193|8193
1785981047729|1072|switch_03_r2f_00001_4194304_terminal|rotating|1346371075|8193|8193
1785981048038|1073|switch_03_r2f_00002_4194304_active|fixed|1350557187|8193|8193
1785981048038|1073|switch_03_r2f_00002_4194304_active|rotating|1346371075|8193|8193
1785981052081|1073|switch_03_r2f_00002_4194304_terminal|fixed|1346371075|8193|8193
1785981052081|1073|switch_03_r2f_00002_4194304_terminal|rotating|1346371075|8193|8193
1785981052401|1074|switch_03_r2f_00003_1048576_active|fixed|1350557187|8193|8193
1785981052401|1074|switch_03_r2f_00003_1048576_active|rotating|1350565379|8193|8193
1785981053817|1074|switch_03_r2f_00003_1048576_terminal|fixed|1350565379|8193|8193
1785981053817|1074|switch_03_r2f_00003_1048576_terminal|rotating|1350565379|8193|8193
1785981054131|1075|switch_03_r2f_00004_1048576_active|fixed|1350557187|8193|8193
1785981054131|1075|switch_03_r2f_00004_1048576_active|rotating|1346371075|8193|8193
1785981055552|1075|switch_03_r2f_00004_1048576_terminal|fixed|1346371075|8193|8193
1785981055552|1075|switch_03_r2f_00004_1048576_terminal|rotating|1350565379|8193|8193
1785981055888|1076|switch_03_r2f_00005_1048576_active|fixed|1350557187|8193|8193
1785981055888|1076|switch_03_r2f_00005_1048576_active|rotating|1346371075|8193|8193
1785981057294|1076|switch_03_r2f_00005_1048576_terminal|fixed|1350565379|8193|8193
1785981057294|1076|switch_03_r2f_00005_1048576_terminal|rotating|1350565379|8193|8193
1785981057585|1077|switch_03_r2f_00006_1048576_active|fixed|1346362883|8193|8193
1785981057585|1077|switch_03_r2f_00006_1048576_active|rotating|1350565379|8193|8193
1785981058967|1077|switch_03_r2f_00006_1048576_terminal|fixed|1350565379|8193|8193
1785981058967|1077|switch_03_r2f_00006_1048576_terminal|rotating|1350565379|8193|8193
1785981059301|1078|switch_03_r2f_00007_1048576_active|fixed|1346362883|8193|8193
1785981059301|1078|switch_03_r2f_00007_1048576_active|rotating|1346371075|8193|8193
1785981060724|1078|switch_03_r2f_00007_1048576_terminal|fixed|1350565379|8193|8193
1785981060724|1078|switch_03_r2f_00007_1048576_terminal|rotating|1350565379|8193|8193
1785981061075|1079|switch_03_r2f_00008_1048576_active|fixed|1350557187|8193|8193
1785981061075|1079|switch_03_r2f_00008_1048576_active|rotating|1346371075|8193|8193
1785981062506|1079|switch_03_r2f_00008_1048576_terminal|fixed|1346371075|8193|8193
1785981062506|1079|switch_03_r2f_00008_1048576_terminal|rotating|1350565379|8193|8193
1785981062867|1080|switch_03_r2f_00009_1048576_active|fixed|1346362883|8193|8193
1785981062867|1080|switch_03_r2f_00009_1048576_active|rotating|1350565379|8193|8193
1785981064359|1080|switch_03_r2f_00009_1048576_terminal|fixed|1350565379|8193|8193
1785981064359|1080|switch_03_r2f_00009_1048576_terminal|rotating|1350565379|8193|8193
1785981069279|1081|switch_04_f2r_00000_4194304_active|fixed|1350565379|8193|8193
1785981069279|1081|switch_04_f2r_00000_4194304_active|rotating|1350557187|8193|8193
1785981073381|1081|switch_04_f2r_00000_4194304_terminal|fixed|1350565379|8193|8193
1785981073381|1081|switch_04_f2r_00000_4194304_terminal|rotating|1350565379|8193|8193
1785981073702|1082|switch_04_f2r_00001_4194304_active|fixed|1346371075|8193|8193
1785981073702|1082|switch_04_f2r_00001_4194304_active|rotating|1346362883|8193|8193
1785981077765|1082|switch_04_f2r_00001_4194304_terminal|fixed|1346371075|8193|8193
1785981077765|1082|switch_04_f2r_00001_4194304_terminal|rotating|1346371075|8193|8193
1785981078054|1083|switch_04_f2r_00002_4194304_active|fixed|1350565379|8193|8193
1785981078054|1083|switch_04_f2r_00002_4194304_active|rotating|1346362883|8193|8193
1785981082140|1083|switch_04_f2r_00002_4194304_terminal|fixed|1346371075|8193|8193
1785981082140|1083|switch_04_f2r_00002_4194304_terminal|rotating|1350565379|8193|8193
1785981082443|1084|switch_04_f2r_00003_1048576_active|fixed|1346371075|8193|8193
1785981082443|1084|switch_04_f2r_00003_1048576_active|rotating|1350557187|8193|8193
1785981083850|1084|switch_04_f2r_00003_1048576_terminal|fixed|1350565379|8193|8193
1785981083850|1084|switch_04_f2r_00003_1048576_terminal|rotating|1350565379|8193|8193
1785981084169|1085|switch_04_f2r_00004_1048576_active|fixed|1350565379|8193|8193
1785981084169|1085|switch_04_f2r_00004_1048576_active|rotating|1350557187|8193|8193
1785981085530|1085|switch_04_f2r_00004_1048576_terminal|fixed|1350565379|8193|8193
1785981085530|1085|switch_04_f2r_00004_1048576_terminal|rotating|1350565379|8193|8193
1785981085852|1086|switch_04_f2r_00005_1048576_active|fixed|1350565379|8193|8193
1785981085852|1086|switch_04_f2r_00005_1048576_active|rotating|1350557187|8193|8193
1785981087258|1086|switch_04_f2r_00005_1048576_terminal|fixed|1350565379|8193|8193
1785981087258|1086|switch_04_f2r_00005_1048576_terminal|rotating|1350565379|8193|8193
1785981087551|1087|switch_04_f2r_00006_1048576_active|fixed|1346371075|8193|8193
1785981087551|1087|switch_04_f2r_00006_1048576_active|rotating|1350557187|8193|8193
1785981088904|1087|switch_04_f2r_00006_1048576_terminal|fixed|1346371075|8193|8193
1785981088904|1087|switch_04_f2r_00006_1048576_terminal|rotating|1346371075|8193|8193
1785981089199|1088|switch_04_f2r_00007_1048576_active|fixed|1350565379|8193|8193
1785981089199|1088|switch_04_f2r_00007_1048576_active|rotating|1350557187|8193|8193
1785981090582|1088|switch_04_f2r_00007_1048576_terminal|fixed|1346371075|8193|8193
1785981090582|1088|switch_04_f2r_00007_1048576_terminal|rotating|1346371075|8193|8193
1785981090865|1089|switch_04_f2r_00008_1048576_active|fixed|1350565379|8193|8193
1785981090865|1089|switch_04_f2r_00008_1048576_active|rotating|1350557187|8193|8193
1785981092230|1089|switch_04_f2r_00008_1048576_terminal|fixed|1346371075|8193|8193
1785981092230|1089|switch_04_f2r_00008_1048576_terminal|rotating|1350565379|8193|8193
1785981092555|1090|switch_04_f2r_00009_1048576_active|fixed|1346371075|8193|8193
1785981092555|1090|switch_04_f2r_00009_1048576_active|rotating|1346362883|8193|8193
1785981093951|1090|switch_04_f2r_00009_1048576_terminal|fixed|1350565379|8193|8193
1785981093951|1090|switch_04_f2r_00009_1048576_terminal|rotating|1346371075|8193|8193
1785981099279|1091|switch_04_r2f_00000_4194304_active|fixed|1350557187|8193|8193
1785981099279|1091|switch_04_r2f_00000_4194304_active|rotating|1350565379|8193|8193
1785981103361|1091|switch_04_r2f_00000_4194304_terminal|fixed|1346371075|8193|8193
1785981103361|1091|switch_04_r2f_00000_4194304_terminal|rotating|1346371075|8193|8193
1785981103685|1092|switch_04_r2f_00001_4194304_active|fixed|1346362883|8193|8193
1785981103685|1092|switch_04_r2f_00001_4194304_active|rotating|1346371075|8193|8193
1785981107759|1092|switch_04_r2f_00001_4194304_terminal|fixed|1350565379|8193|8193
1785981107759|1092|switch_04_r2f_00001_4194304_terminal|rotating|1350565379|8193|8193
1785981108050|1093|switch_04_r2f_00002_4194304_active|fixed|1350557187|8193|8193
1785981108050|1093|switch_04_r2f_00002_4194304_active|rotating|1346371075|8193|8193
1785981112237|1093|switch_04_r2f_00002_4194304_terminal|fixed|1346371075|8193|8193
1785981112237|1093|switch_04_r2f_00002_4194304_terminal|rotating|1346371075|8193|8193
1785981112594|1094|switch_04_r2f_00003_1048576_active|fixed|1350557187|8193|8193
1785981112594|1094|switch_04_r2f_00003_1048576_active|rotating|1346371075|8193|8193
1785981113960|1094|switch_04_r2f_00003_1048576_terminal|fixed|1346371075|8193|8193
1785981113960|1094|switch_04_r2f_00003_1048576_terminal|rotating|1350565379|8193|8193
1785981114266|1095|switch_04_r2f_00004_1048576_active|fixed|1350557187|8193|8193
1785981114266|1095|switch_04_r2f_00004_1048576_active|rotating|1350565379|8193|8193
1785981115677|1095|switch_04_r2f_00004_1048576_terminal|fixed|1346371075|8193|8193
1785981115677|1095|switch_04_r2f_00004_1048576_terminal|rotating|1350565379|8193|8193
1785981116082|1096|switch_04_r2f_00005_1048576_active|fixed|1350557187|8193|8193
1785981116082|1096|switch_04_r2f_00005_1048576_active|rotating|1350565379|8193|8193
1785981117539|1096|switch_04_r2f_00005_1048576_terminal|fixed|1350565379|8193|8193
1785981117539|1096|switch_04_r2f_00005_1048576_terminal|rotating|1346371075|8193|8193
1785981117874|1097|switch_04_r2f_00006_1048576_active|fixed|1350557187|8193|8193
1785981117874|1097|switch_04_r2f_00006_1048576_active|rotating|1346371075|8193|8193
1785981119261|1097|switch_04_r2f_00006_1048576_terminal|fixed|1346371075|8193|8193
1785981119261|1097|switch_04_r2f_00006_1048576_terminal|rotating|1346371075|8193|8193
1785981119575|1098|switch_04_r2f_00007_1048576_active|fixed|1350557187|8193|8193
1785981119575|1098|switch_04_r2f_00007_1048576_active|rotating|1350565379|8193|8193
1785981120952|1098|switch_04_r2f_00007_1048576_terminal|fixed|1346371075|8193|8193
1785981120952|1098|switch_04_r2f_00007_1048576_terminal|rotating|1350565379|8193|8193
1785981121275|1099|switch_04_r2f_00008_1048576_active|fixed|1346362883|8193|8193
1785981121275|1099|switch_04_r2f_00008_1048576_active|rotating|1346371075|8193|8193
1785981122716|1099|switch_04_r2f_00008_1048576_terminal|fixed|1346371075|8193|8193
1785981122716|1099|switch_04_r2f_00008_1048576_terminal|rotating|1346371075|8193|8193
1785981123060|1100|switch_04_r2f_00009_1048576_active|fixed|1346362883|8193|8193
1785981123060|1100|switch_04_r2f_00009_1048576_active|rotating|1346371075|8193|8193
1785981124481|1100|switch_04_r2f_00009_1048576_terminal|fixed|1350565379|8193|8193
1785981124481|1100|switch_04_r2f_00009_1048576_terminal|rotating|1350565379|8193|8193
1785981129281|1101|switch_05_f2r_00000_4194304_active|fixed|1350565379|8193|8193
1785981129281|1101|switch_05_f2r_00000_4194304_active|rotating|1350557187|8193|8193
1785981133386|1101|switch_05_f2r_00000_4194304_terminal|fixed|1350565379|8193|8193
1785981133386|1101|switch_05_f2r_00000_4194304_terminal|rotating|1350565379|8193|8193
1785981133692|1102|switch_05_f2r_00001_4194304_active|fixed|1346371075|8193|8193
1785981133692|1102|switch_05_f2r_00001_4194304_active|rotating|1350557187|8193|8193
1785981137766|1102|switch_05_f2r_00001_4194304_terminal|fixed|1350565379|8193|8193
1785981137766|1102|switch_05_f2r_00001_4194304_terminal|rotating|1350565379|8193|8193
1785981138065|1103|switch_05_f2r_00002_4194304_active|fixed|1350565379|8193|8193
1785981138065|1103|switch_05_f2r_00002_4194304_active|rotating|1346362883|8193|8193
1785981142127|1103|switch_05_f2r_00002_4194304_terminal|fixed|1346371075|8193|8193
1785981142127|1103|switch_05_f2r_00002_4194304_terminal|rotating|1350565379|8193|8193
1785981142424|1104|switch_05_f2r_00003_1048576_active|fixed|1350565379|8193|8193
1785981142424|1104|switch_05_f2r_00003_1048576_active|rotating|1350557187|8193|8193
1785981143783|1104|switch_05_f2r_00003_1048576_terminal|fixed|1350565379|8193|8193
1785981143783|1104|switch_05_f2r_00003_1048576_terminal|rotating|1350565379|8193|8193
1785981144081|1105|switch_05_f2r_00004_1048576_active|fixed|1346371075|8193|8193
1785981144081|1105|switch_05_f2r_00004_1048576_active|rotating|1350557187|8193|8193
1785981145487|1105|switch_05_f2r_00004_1048576_terminal|fixed|1346371075|8193|8193
1785981145487|1105|switch_05_f2r_00004_1048576_terminal|rotating|1346371075|8193|8193
1785981145841|1106|switch_05_f2r_00005_1048576_active|fixed|1350565379|8193|8193
1785981145841|1106|switch_05_f2r_00005_1048576_active|rotating|1350557187|8193|8193
1785981147247|1106|switch_05_f2r_00005_1048576_terminal|fixed|1346371075|8193|8193
1785981147247|1106|switch_05_f2r_00005_1048576_terminal|rotating|1350565379|8193|8193
1785981147558|1107|switch_05_f2r_00006_1048576_active|fixed|1350565379|8193|8193
1785981147558|1107|switch_05_f2r_00006_1048576_active|rotating|1350557187|8193|8193
1785981148945|1107|switch_05_f2r_00006_1048576_terminal|fixed|1350565379|8193|8193
1785981148945|1107|switch_05_f2r_00006_1048576_terminal|rotating|1346371075|8193|8193
1785981149284|1108|switch_05_f2r_00007_1048576_active|fixed|1346371075|8193|8193
1785981149284|1108|switch_05_f2r_00007_1048576_active|rotating|1346362883|8193|8193
1785981150650|1108|switch_05_f2r_00007_1048576_terminal|fixed|1346371075|8193|8193
1785981150650|1108|switch_05_f2r_00007_1048576_terminal|rotating|1346371075|8193|8193
1785981150965|1109|switch_05_f2r_00008_1048576_active|fixed|1346371075|8193|8193
1785981150965|1109|switch_05_f2r_00008_1048576_active|rotating|1350557187|8193|8193
1785981152327|1109|switch_05_f2r_00008_1048576_terminal|fixed|1346371075|8193|8193
1785981152327|1109|switch_05_f2r_00008_1048576_terminal|rotating|1350565379|8193|8193
1785981152652|1110|switch_05_f2r_00009_1048576_active|fixed|1350565379|8193|8193
1785981152652|1110|switch_05_f2r_00009_1048576_active|rotating|1350557187|8193|8193
1785981154011|1110|switch_05_f2r_00009_1048576_terminal|fixed|1346371075|8193|8193
1785981154011|1110|switch_05_f2r_00009_1048576_terminal|rotating|1350565379|8193|8193
1785981159283|1111|switch_05_r2f_00000_4194304_active|fixed|1346362883|8193|8193
1785981159283|1111|switch_05_r2f_00000_4194304_active|rotating|1350565379|8193|8193
1785981163402|1111|switch_05_r2f_00000_4194304_terminal|fixed|1350565379|8193|8193
1785981163402|1111|switch_05_r2f_00000_4194304_terminal|rotating|1350565379|8193|8193
1785981163730|1112|switch_05_r2f_00001_4194304_active|fixed|1346362883|8193|8193
1785981163730|1112|switch_05_r2f_00001_4194304_active|rotating|1350565379|8193|8193
1785981167785|1112|switch_05_r2f_00001_4194304_terminal|fixed|1346371075|8193|8193
1785981167785|1112|switch_05_r2f_00001_4194304_terminal|rotating|1350565379|8193|8193
1785981168108|1113|switch_05_r2f_00002_4194304_active|fixed|1346362883|8193|8193
1785981168108|1113|switch_05_r2f_00002_4194304_active|rotating|1350565379|8193|8193
1785981172269|1113|switch_05_r2f_00002_4194304_terminal|fixed|1346371075|8193|8193
1785981172269|1113|switch_05_r2f_00002_4194304_terminal|rotating|1350565379|8193|8193
1785981172606|1114|switch_05_r2f_00003_1048576_active|fixed|1350557187|8193|8193
1785981172606|1114|switch_05_r2f_00003_1048576_active|rotating|1350565379|8193|8193
1785981174115|1114|switch_05_r2f_00003_1048576_terminal|fixed|1346371075|8193|8193
1785981174115|1114|switch_05_r2f_00003_1048576_terminal|rotating|1350565379|8193|8193
1785981174548|1115|switch_05_r2f_00004_1048576_active|fixed|1350557187|8193|8193
1785981174548|1115|switch_05_r2f_00004_1048576_active|rotating|1350565379|8193|8193
1785981175939|1115|switch_05_r2f_00004_1048576_terminal|fixed|1350565379|8193|8193
1785981175939|1115|switch_05_r2f_00004_1048576_terminal|rotating|1350565379|8193|8193
1785981176350|1116|switch_05_r2f_00005_1048576_active|fixed|1346362883|8193|8193
1785981176350|1116|switch_05_r2f_00005_1048576_active|rotating|1346371075|8193|8193
1785981177736|1116|switch_05_r2f_00005_1048576_terminal|fixed|1346371075|8193|8193
1785981177736|1116|switch_05_r2f_00005_1048576_terminal|rotating|1346371075|8193|8193
1785981178185|1117|switch_05_r2f_00006_1048576_active|fixed|1346362883|8193|8193
1785981178185|1117|switch_05_r2f_00006_1048576_active|rotating|1346371075|8193|8193
1785981179680|1117|switch_05_r2f_00006_1048576_terminal|fixed|1346371075|8193|8193
1785981179680|1117|switch_05_r2f_00006_1048576_terminal|rotating|1350565379|8193|8193
1785981180004|1118|switch_05_r2f_00007_1048576_active|fixed|1346362883|8193|8193
1785981180004|1118|switch_05_r2f_00007_1048576_active|rotating|1350565379|8193|8193
1785981181368|1118|switch_05_r2f_00007_1048576_terminal|fixed|1350565379|8193|8193
1785981181368|1118|switch_05_r2f_00007_1048576_terminal|rotating|1346371075|8193|8193
1785981181673|1119|switch_05_r2f_00008_1048576_active|fixed|1346362883|8193|8193
1785981181673|1119|switch_05_r2f_00008_1048576_active|rotating|1350565379|8193|8193
1785981183140|1119|switch_05_r2f_00008_1048576_terminal|fixed|1350565379|8193|8193
1785981183140|1119|switch_05_r2f_00008_1048576_terminal|rotating|1346371075|8193|8193
1785981189290|1120|switch_06_f2r_00000_4194304_active|fixed|1350565379|8193|8193
1785981189290|1120|switch_06_f2r_00000_4194304_active|rotating|1346362883|8193|8193
1785981193392|1120|switch_06_f2r_00000_4194304_terminal|fixed|1346371075|8193|8193
1785981193392|1120|switch_06_f2r_00000_4194304_terminal|rotating|1350565379|8193|8193
1785981193723|1121|switch_06_f2r_00001_4194304_active|fixed|1350565379|8193|8193
1785981193723|1121|switch_06_f2r_00001_4194304_active|rotating|1346362883|8193|8193
1785981197804|1121|switch_06_f2r_00001_4194304_terminal|fixed|1350565379|8193|8193
1785981197804|1121|switch_06_f2r_00001_4194304_terminal|rotating|1346371075|8193|8193
1785981198124|1122|switch_06_f2r_00002_4194304_active|fixed|1350565379|8193|8193
1785981198124|1122|switch_06_f2r_00002_4194304_active|rotating|1346362883|8193|8193
1785981202175|1122|switch_06_f2r_00002_4194304_terminal|fixed|1350565379|8193|8193
1785981202175|1122|switch_06_f2r_00002_4194304_terminal|rotating|1346371075|8193|8193
1785981202474|1123|switch_06_f2r_00003_1048576_active|fixed|1350565379|8193|8193
1785981202474|1123|switch_06_f2r_00003_1048576_active|rotating|1346362883|8193|8193
1785981203894|1123|switch_06_f2r_00003_1048576_terminal|fixed|1350565379|8193|8193
1785981203894|1123|switch_06_f2r_00003_1048576_terminal|rotating|1346371075|8193|8193
1785981204176|1124|switch_06_f2r_00004_1048576_active|fixed|1350565379|8193|8193
1785981204176|1124|switch_06_f2r_00004_1048576_active|rotating|1350557187|8193|8193
1785981205585|1124|switch_06_f2r_00004_1048576_terminal|fixed|1350565379|8193|8193
1785981205585|1124|switch_06_f2r_00004_1048576_terminal|rotating|1346371075|8193|8193
1785981205951|1125|switch_06_f2r_00005_1048576_active|fixed|1350565379|8193|8193
1785981205951|1125|switch_06_f2r_00005_1048576_active|rotating|1346362883|8193|8193
1785981207330|1125|switch_06_f2r_00005_1048576_terminal|fixed|1346371075|8193|8193
1785981207330|1125|switch_06_f2r_00005_1048576_terminal|rotating|1346371075|8193|8193
1785981207670|1126|switch_06_f2r_00006_1048576_active|fixed|1350565379|8193|8193
1785981207670|1126|switch_06_f2r_00006_1048576_active|rotating|1346362883|8193|8193
1785981209075|1126|switch_06_f2r_00006_1048576_terminal|fixed|1346371075|8193|8193
1785981209075|1126|switch_06_f2r_00006_1048576_terminal|rotating|1346371075|8193|8193
1785981209395|1127|switch_06_f2r_00007_1048576_active|fixed|1346371075|8193|8193
1785981209395|1127|switch_06_f2r_00007_1048576_active|rotating|1350557187|8193|8193
1785981210761|1127|switch_06_f2r_00007_1048576_terminal|fixed|1346371075|8193|8193
1785981210761|1127|switch_06_f2r_00007_1048576_terminal|rotating|1350565379|8193|8193
1785981211071|1128|switch_06_f2r_00008_1048576_active|fixed|1346371075|8193|8193
1785981211071|1128|switch_06_f2r_00008_1048576_active|rotating|1346362883|8193|8193
1785981212503|1128|switch_06_f2r_00008_1048576_terminal|fixed|1346371075|8193|8193
1785981212503|1128|switch_06_f2r_00008_1048576_terminal|rotating|1346371075|8193|8193
1785981212807|1129|switch_06_f2r_00009_1048576_active|fixed|1346371075|8193|8193
1785981212807|1129|switch_06_f2r_00009_1048576_active|rotating|1350557187|8193|8193
1785981214195|1129|switch_06_f2r_00009_1048576_terminal|fixed|1346371075|8193|8193
1785981214195|1129|switch_06_f2r_00009_1048576_terminal|rotating|1350565379|8193|8193
1785981219301|1130|switch_06_r2f_00000_4194304_active|fixed|1346362883|8193|8193
1785981219301|1130|switch_06_r2f_00000_4194304_active|rotating|1350565379|8193|8193
1785981223436|1130|switch_06_r2f_00000_4194304_terminal|fixed|1346371075|8193|8193
1785981223436|1130|switch_06_r2f_00000_4194304_terminal|rotating|1346371075|8193|8193
1785981223794|1131|switch_06_r2f_00001_4194304_active|fixed|1350557187|8193|8193
1785981223794|1131|switch_06_r2f_00001_4194304_active|rotating|1346371075|8193|8193
1785981227844|1131|switch_06_r2f_00001_4194304_terminal|fixed|1346371075|8193|8193
1785981227844|1131|switch_06_r2f_00001_4194304_terminal|rotating|1346371075|8193|8193
1785981228150|1132|switch_06_r2f_00002_4194304_active|fixed|1350557187|8193|8193
1785981228150|1132|switch_06_r2f_00002_4194304_active|rotating|1350565379|8193|8193
1785981232235|1132|switch_06_r2f_00002_4194304_terminal|fixed|1346371075|8193|8193
1785981232235|1132|switch_06_r2f_00002_4194304_terminal|rotating|1350565379|8193|8193
1785981232549|1133|switch_06_r2f_00003_1048576_active|fixed|1350557187|8193|8193
1785981232549|1133|switch_06_r2f_00003_1048576_active|rotating|1346371075|8193|8193
1785981233904|1133|switch_06_r2f_00003_1048576_terminal|fixed|1350565379|8193|8193
1785981233904|1133|switch_06_r2f_00003_1048576_terminal|rotating|1350565379|8193|8193
1785981234206|1134|switch_06_r2f_00004_1048576_active|fixed|1350557187|8193|8193
1785981234206|1134|switch_06_r2f_00004_1048576_active|rotating|1350565379|8193|8193
1785981235574|1134|switch_06_r2f_00004_1048576_terminal|fixed|1350565379|8193|8193
1785981235574|1134|switch_06_r2f_00004_1048576_terminal|rotating|1350565379|8193|8193
1785981235921|1135|switch_06_r2f_00005_1048576_active|fixed|1346362883|8193|8193
1785981235921|1135|switch_06_r2f_00005_1048576_active|rotating|1346371075|8193|8193
1785981237313|1135|switch_06_r2f_00005_1048576_terminal|fixed|1350565379|8193|8193
1785981237313|1135|switch_06_r2f_00005_1048576_terminal|rotating|1346371075|8193|8193
1785981237601|1136|switch_06_r2f_00006_1048576_active|fixed|1350557187|8193|8193
1785981237601|1136|switch_06_r2f_00006_1048576_active|rotating|1350565379|8193|8193
1785981238969|1136|switch_06_r2f_00006_1048576_terminal|fixed|1350565379|8193|8193
1785981238969|1136|switch_06_r2f_00006_1048576_terminal|rotating|1346371075|8193|8193
1785981239275|1137|switch_06_r2f_00007_1048576_active|fixed|1350557187|8193|8193
1785981239275|1137|switch_06_r2f_00007_1048576_active|rotating|1346371075|8193|8193
1785981240654|1137|switch_06_r2f_00007_1048576_terminal|fixed|1350565379|8193|8193
1785981240654|1137|switch_06_r2f_00007_1048576_terminal|rotating|1346371075|8193|8193
1785981240944|1138|switch_06_r2f_00008_1048576_active|fixed|1350557187|8193|8193
1785981240944|1138|switch_06_r2f_00008_1048576_active|rotating|1350565379|8193|8193
1785981242318|1138|switch_06_r2f_00008_1048576_terminal|fixed|1346371075|8193|8193
1785981242318|1138|switch_06_r2f_00008_1048576_terminal|rotating|1346371075|8193|8193
1785981242664|1139|switch_06_r2f_00009_1048576_active|fixed|1350557187|8193|8193
1785981242664|1139|switch_06_r2f_00009_1048576_active|rotating|1346371075|8193|8193
1785981244012|1139|switch_06_r2f_00009_1048576_terminal|fixed|1346371075|8193|8193
1785981244012|1139|switch_06_r2f_00009_1048576_terminal|rotating|1346371075|8193|8193
1785981249313|1140|switch_07_f2r_00000_4194304_active|fixed|1346371075|8193|8193
1785981249313|1140|switch_07_f2r_00000_4194304_active|rotating|1350557187|8193|8193
1785981253420|1140|switch_07_f2r_00000_4194304_terminal|fixed|1350565379|8193|8193
1785981253420|1140|switch_07_f2r_00000_4194304_terminal|rotating|1350565379|8193|8193
1785981253742|1141|switch_07_f2r_00001_4194304_active|fixed|1350565379|8193|8193
1785981253742|1141|switch_07_f2r_00001_4194304_active|rotating|1346362883|8193|8193
1785981257835|1141|switch_07_f2r_00001_4194304_terminal|fixed|1350565379|8193|8193
1785981257835|1141|switch_07_f2r_00001_4194304_terminal|rotating|1350565379|8193|8193
1785981258119|1142|switch_07_f2r_00002_4194304_active|fixed|1350565379|8193|8193
1785981258119|1142|switch_07_f2r_00002_4194304_active|rotating|1346362883|8193|8193
1785981262193|1142|switch_07_f2r_00002_4194304_terminal|fixed|1346371075|8193|8193
1785981262193|1142|switch_07_f2r_00002_4194304_terminal|rotating|1350565379|8193|8193
1785981262510|1143|switch_07_f2r_00003_1048576_active|fixed|1350565379|8193|8193
1785981262510|1143|switch_07_f2r_00003_1048576_active|rotating|1346362883|8193|8193
1785981263853|1143|switch_07_f2r_00003_1048576_terminal|fixed|1350565379|8193|8193
1785981263853|1143|switch_07_f2r_00003_1048576_terminal|rotating|1350565379|8193|8193
1785981264171|1144|switch_07_f2r_00004_1048576_active|fixed|1346371075|8193|8193
1785981264171|1144|switch_07_f2r_00004_1048576_active|rotating|1346362883|8193|8193
1785981265555|1144|switch_07_f2r_00004_1048576_terminal|fixed|1346371075|8193|8193
1785981265555|1144|switch_07_f2r_00004_1048576_terminal|rotating|1346371075|8193|8193
1785981265872|1145|switch_07_f2r_00005_1048576_active|fixed|1346371075|8193|8193
1785981265872|1145|switch_07_f2r_00005_1048576_active|rotating|1350557187|8193|8193
1785981267310|1145|switch_07_f2r_00005_1048576_terminal|fixed|1346371075|8193|8193
1785981267310|1145|switch_07_f2r_00005_1048576_terminal|rotating|1346371075|8193|8193
1785981267590|1146|switch_07_f2r_00006_1048576_active|fixed|1346371075|8193|8193
1785981267590|1146|switch_07_f2r_00006_1048576_active|rotating|1350557187|8193|8193
1785981268949|1146|switch_07_f2r_00006_1048576_terminal|fixed|1346371075|8193|8193
1785981268949|1146|switch_07_f2r_00006_1048576_terminal|rotating|1346371075|8193|8193
1785981269298|1147|switch_07_f2r_00007_1048576_active|fixed|1350565379|8193|8193
1785981269298|1147|switch_07_f2r_00007_1048576_active|rotating|1350557187|8193|8193
1785981270693|1147|switch_07_f2r_00007_1048576_terminal|fixed|1346371075|8193|8193
1785981270693|1147|switch_07_f2r_00007_1048576_terminal|rotating|1350565379|8193|8193
1785981271081|1148|switch_07_f2r_00008_1048576_active|fixed|1346371075|8193|8193
1785981271081|1148|switch_07_f2r_00008_1048576_active|rotating|1350557187|8193|8193
1785981272430|1148|switch_07_f2r_00008_1048576_terminal|fixed|1346371075|8193|8193
1785981272430|1148|switch_07_f2r_00008_1048576_terminal|rotating|1350565379|8193|8193
1785981272726|1149|switch_07_f2r_00009_1048576_active|fixed|1350565379|8193|8193
1785981272726|1149|switch_07_f2r_00009_1048576_active|rotating|1350557187|8193|8193
1785981274124|1149|switch_07_f2r_00009_1048576_terminal|fixed|1346371075|8193|8193
1785981274124|1149|switch_07_f2r_00009_1048576_terminal|rotating|1346371075|8193|8193
1785981279328|1150|switch_07_r2f_00000_4194304_active|fixed|1350557187|8193|8193
1785981279328|1150|switch_07_r2f_00000_4194304_active|rotating|1346371075|8193|8193
1785981283502|1150|switch_07_r2f_00000_4194304_terminal|fixed|1346371075|8193|8193
1785981283502|1150|switch_07_r2f_00000_4194304_terminal|rotating|1350565379|8193|8193
1785981283860|1151|switch_07_r2f_00001_4194304_active|fixed|1346362883|8193|8193
1785981283860|1151|switch_07_r2f_00001_4194304_active|rotating|1346371075|8193|8193
1785981287969|1151|switch_07_r2f_00001_4194304_terminal|fixed|1346371075|8193|8193
1785981287969|1151|switch_07_r2f_00001_4194304_terminal|rotating|1350565379|8193|8193
1785981288305|1152|switch_07_r2f_00002_4194304_active|fixed|1350557187|8193|8193
1785981288305|1152|switch_07_r2f_00002_4194304_active|rotating|1346371075|8193|8193
1785981292375|1152|switch_07_r2f_00002_4194304_terminal|fixed|1350565379|8193|8193
1785981292375|1152|switch_07_r2f_00002_4194304_terminal|rotating|1350565379|8193|8193
1785981292716|1153|switch_07_r2f_00003_1048576_active|fixed|1350557187|8193|8193
1785981292716|1153|switch_07_r2f_00003_1048576_active|rotating|1350565379|8193|8193
1785981294134|1153|switch_07_r2f_00003_1048576_terminal|fixed|1350565379|8193|8193
1785981294134|1153|switch_07_r2f_00003_1048576_terminal|rotating|1346371075|8193|8193
1785981294428|1154|switch_07_r2f_00004_1048576_active|fixed|1346362883|8193|8193
1785981294428|1154|switch_07_r2f_00004_1048576_active|rotating|1346371075|8193|8193
1785981295832|1154|switch_07_r2f_00004_1048576_terminal|fixed|1346371075|8193|8193
1785981295832|1154|switch_07_r2f_00004_1048576_terminal|rotating|1350565379|8193|8193
1785981296156|1155|switch_07_r2f_00005_1048576_active|fixed|1350557187|8193|8193
1785981296156|1155|switch_07_r2f_00005_1048576_active|rotating|1346371075|8193|8193
1785981297549|1155|switch_07_r2f_00005_1048576_terminal|fixed|1350565379|8193|8193
1785981297549|1155|switch_07_r2f_00005_1048576_terminal|rotating|1346371075|8193|8193
1785981297880|1156|switch_07_r2f_00006_1048576_active|fixed|1346362883|8193|8193
1785981297880|1156|switch_07_r2f_00006_1048576_active|rotating|1350565379|8193|8193
1785981299301|1156|switch_07_r2f_00006_1048576_terminal|fixed|1346371075|8193|8193
1785981299301|1156|switch_07_r2f_00006_1048576_terminal|rotating|1346371075|8193|8193
1785981299610|1157|switch_07_r2f_00007_1048576_active|fixed|1350557187|8193|8193
1785981299610|1157|switch_07_r2f_00007_1048576_active|rotating|1350565379|8193|8193
1785981300991|1157|switch_07_r2f_00007_1048576_terminal|fixed|1346371075|8193|8193
1785981300991|1157|switch_07_r2f_00007_1048576_terminal|rotating|1350565379|8193|8193
1785981301311|1158|switch_07_r2f_00008_1048576_active|fixed|1350557187|8193|8193
1785981301311|1158|switch_07_r2f_00008_1048576_active|rotating|1350565379|8193|8193
1785981302694|1158|switch_07_r2f_00008_1048576_terminal|fixed|1350565379|8193|8193
1785981302694|1158|switch_07_r2f_00008_1048576_terminal|rotating|1346371075|8193|8193
1785981303005|1159|switch_07_r2f_00009_1048576_active|fixed|1346362883|8193|8193
1785981303005|1159|switch_07_r2f_00009_1048576_active|rotating|1346371075|8193|8193
1785981304414|1159|switch_07_r2f_00009_1048576_terminal|fixed|1346371075|8193|8193
1785981304414|1159|switch_07_r2f_00009_1048576_terminal|rotating|1346371075|8193|8193
1785981309314|1160|switch_08_f2r_00000_4194304_active|fixed|1350565379|8193|8193
1785981309314|1160|switch_08_f2r_00000_4194304_active|rotating|1350557187|8193|8193
1785981313450|1160|switch_08_f2r_00000_4194304_terminal|fixed|1346371075|8193|8193
1785981313450|1160|switch_08_f2r_00000_4194304_terminal|rotating|1350565379|8193|8193
1785981313798|1161|switch_08_f2r_00001_4194304_active|fixed|1346371075|8193|8193
1785981313798|1161|switch_08_f2r_00001_4194304_active|rotating|1346362883|8193|8193
1785981317837|1161|switch_08_f2r_00001_4194304_terminal|fixed|1350565379|8193|8193
1785981317837|1161|switch_08_f2r_00001_4194304_terminal|rotating|1350565379|8193|8193
1785981318153|1162|switch_08_f2r_00002_4194304_active|fixed|1346371075|8193|8193
1785981318153|1162|switch_08_f2r_00002_4194304_active|rotating|1346362883|8193|8193
1785981322227|1162|switch_08_f2r_00002_4194304_terminal|fixed|1350565379|8193|8193
1785981322227|1162|switch_08_f2r_00002_4194304_terminal|rotating|1346371075|8193|8193
1785981322534|1163|switch_08_f2r_00003_1048576_active|fixed|1350565379|8193|8193
1785981322534|1163|switch_08_f2r_00003_1048576_active|rotating|1346362883|8193|8193
1785981323877|1163|switch_08_f2r_00003_1048576_terminal|fixed|1346371075|8193|8193
1785981323877|1163|switch_08_f2r_00003_1048576_terminal|rotating|1350565379|8193|8193
1785981324190|1164|switch_08_f2r_00004_1048576_active|fixed|1346371075|8193|8193
1785981324190|1164|switch_08_f2r_00004_1048576_active|rotating|1346362883|8193|8193
1785981325564|1164|switch_08_f2r_00004_1048576_terminal|fixed|1350565379|8193|8193
1785981325564|1164|switch_08_f2r_00004_1048576_terminal|rotating|1350565379|8193|8193
1785981325886|1165|switch_08_f2r_00005_1048576_active|fixed|1346371075|8193|8193
1785981325886|1165|switch_08_f2r_00005_1048576_active|rotating|1346362883|8193|8193
1785981327336|1165|switch_08_f2r_00005_1048576_terminal|fixed|1350565379|8193|8193
1785981327336|1165|switch_08_f2r_00005_1048576_terminal|rotating|1346371075|8193|8193
1785981327659|1166|switch_08_f2r_00006_1048576_active|fixed|1350565379|8193|8193
1785981327659|1166|switch_08_f2r_00006_1048576_active|rotating|1346362883|8193|8193
1785981329086|1166|switch_08_f2r_00006_1048576_terminal|fixed|1350565379|8193|8193
1785981329086|1166|switch_08_f2r_00006_1048576_terminal|rotating|1346371075|8193|8193
1785981329386|1167|switch_08_f2r_00007_1048576_active|fixed|1346371075|8193|8193
1785981329386|1167|switch_08_f2r_00007_1048576_active|rotating|1346362883|8193|8193
1785981330769|1167|switch_08_f2r_00007_1048576_terminal|fixed|1350565379|8193|8193
1785981330769|1167|switch_08_f2r_00007_1048576_terminal|rotating|1346371075|8193|8193
1785981331059|1168|switch_08_f2r_00008_1048576_active|fixed|1346371075|8193|8193
1785981331059|1168|switch_08_f2r_00008_1048576_active|rotating|1346362883|8193|8193
1785981332414|1168|switch_08_f2r_00008_1048576_terminal|fixed|1350565379|8193|8193
1785981332414|1168|switch_08_f2r_00008_1048576_terminal|rotating|1346371075|8193|8193
1785981332733|1169|switch_08_f2r_00009_1048576_active|fixed|1350565379|8193|8193
1785981332733|1169|switch_08_f2r_00009_1048576_active|rotating|1346362883|8193|8193
1785981334135|1169|switch_08_f2r_00009_1048576_terminal|fixed|1350565379|8193|8193
1785981334135|1169|switch_08_f2r_00009_1048576_terminal|rotating|1350565379|8193|8193
1785981339362|1170|switch_08_r2f_00000_4194304_active|fixed|1346362883|8193|8193
1785981339362|1170|switch_08_r2f_00000_4194304_active|rotating|1350565379|8193|8193
1785981343438|1170|switch_08_r2f_00000_4194304_terminal|fixed|1350565379|8193|8193
1785981343438|1170|switch_08_r2f_00000_4194304_terminal|rotating|1350565379|8193|8193
1785981343771|1171|switch_08_r2f_00001_4194304_active|fixed|1346362883|8193|8193
1785981343771|1171|switch_08_r2f_00001_4194304_active|rotating|1346371075|8193|8193
1785981347858|1171|switch_08_r2f_00001_4194304_terminal|fixed|1346371075|8193|8193
1785981347858|1171|switch_08_r2f_00001_4194304_terminal|rotating|1346371075|8193|8193
1785981348172|1172|switch_08_r2f_00002_4194304_active|fixed|1346362883|8193|8193
1785981348172|1172|switch_08_r2f_00002_4194304_active|rotating|1350565379|8193|8193
1785981352310|1172|switch_08_r2f_00002_4194304_terminal|fixed|1346371075|8193|8193
1785981352310|1172|switch_08_r2f_00002_4194304_terminal|rotating|1346371075|8193|8193
1785981352615|1173|switch_08_r2f_00003_1048576_active|fixed|1350557187|8193|8193
1785981352615|1173|switch_08_r2f_00003_1048576_active|rotating|1350565379|8193|8193
1785981354036|1173|switch_08_r2f_00003_1048576_terminal|fixed|1346371075|8193|8193
1785981354036|1173|switch_08_r2f_00003_1048576_terminal|rotating|1346371075|8193|8193
1785981354374|1174|switch_08_r2f_00004_1048576_active|fixed|1346362883|8193|8193
1785981354374|1174|switch_08_r2f_00004_1048576_active|rotating|1350565379|8193|8193
1785981355772|1174|switch_08_r2f_00004_1048576_terminal|fixed|1350565379|8193|8193
1785981355772|1174|switch_08_r2f_00004_1048576_terminal|rotating|1350565379|8193|8193
1785981356133|1175|switch_08_r2f_00005_1048576_active|fixed|1350557187|8193|8193
1785981356133|1175|switch_08_r2f_00005_1048576_active|rotating|1346371075|8193|8193
1785981357567|1175|switch_08_r2f_00005_1048576_terminal|fixed|1350565379|8193|8193
1785981357567|1175|switch_08_r2f_00005_1048576_terminal|rotating|1350565379|8193|8193
1785981357850|1176|switch_08_r2f_00006_1048576_active|fixed|1346362883|8193|8193
1785981357850|1176|switch_08_r2f_00006_1048576_active|rotating|1346371075|8193|8193
1785981359205|1176|switch_08_r2f_00006_1048576_terminal|fixed|1346371075|8193|8193
1785981359205|1176|switch_08_r2f_00006_1048576_terminal|rotating|1346371075|8193|8193
1785981359578|1177|switch_08_r2f_00007_1048576_active|fixed|1350557187|8193|8193
1785981359578|1177|switch_08_r2f_00007_1048576_active|rotating|1350565379|8193|8193
1785981360949|1177|switch_08_r2f_00007_1048576_terminal|fixed|1346371075|8193|8193
1785981360949|1177|switch_08_r2f_00007_1048576_terminal|rotating|1350565379|8193|8193
1785981361267|1178|switch_08_r2f_00008_1048576_active|fixed|1350557187|8193|8193
1785981361267|1178|switch_08_r2f_00008_1048576_active|rotating|1350565379|8193|8193
1785981362659|1178|switch_08_r2f_00008_1048576_terminal|fixed|1350565379|8193|8193
1785981362659|1178|switch_08_r2f_00008_1048576_terminal|rotating|1350565379|8193|8193
1785981362996|1179|switch_08_r2f_00009_1048576_active|fixed|1350557187|8193|8193
1785981362996|1179|switch_08_r2f_00009_1048576_active|rotating|1350565379|8193|8193
1785981364345|1179|switch_08_r2f_00009_1048576_terminal|fixed|1346371075|8193|8193
1785981364345|1179|switch_08_r2f_00009_1048576_terminal|rotating|1346371075|8193|8193
1785981369342|1180|switch_09_f2r_00000_4194304_active|fixed|1346371075|8193|8193
1785981369342|1180|switch_09_f2r_00000_4194304_active|rotating|1350557187|8193|8193
1785981373446|1180|switch_09_f2r_00000_4194304_terminal|fixed|1350565379|8193|8193
1785981373446|1180|switch_09_f2r_00000_4194304_terminal|rotating|1350565379|8193|8193
1785981373766|1181|switch_09_f2r_00001_4194304_active|fixed|1346371075|8193|8193
1785981373766|1181|switch_09_f2r_00001_4194304_active|rotating|1350557187|8193|8193
1785981377876|1181|switch_09_f2r_00001_4194304_terminal|fixed|1346371075|8193|8193
1785981377876|1181|switch_09_f2r_00001_4194304_terminal|rotating|1346371075|8193|8193
1785981378175|1182|switch_09_f2r_00002_4194304_active|fixed|1350565379|8193|8193
1785981378175|1182|switch_09_f2r_00002_4194304_active|rotating|1350557187|8193|8193
1785981382311|1182|switch_09_f2r_00002_4194304_terminal|fixed|1350565379|8193|8193
1785981382311|1182|switch_09_f2r_00002_4194304_terminal|rotating|1346371075|8193|8193
1785981382614|1183|switch_09_f2r_00003_1048576_active|fixed|1346371075|8193|8193
1785981382614|1183|switch_09_f2r_00003_1048576_active|rotating|1350557187|8193|8193
1785981384056|1183|switch_09_f2r_00003_1048576_terminal|fixed|1346371075|8193|8193
1785981384056|1183|switch_09_f2r_00003_1048576_terminal|rotating|1346371075|8193|8193
1785981384363|1184|switch_09_f2r_00004_1048576_active|fixed|1346371075|8193|8193
1785981384363|1184|switch_09_f2r_00004_1048576_active|rotating|1350557187|8193|8193
1785981385740|1184|switch_09_f2r_00004_1048576_terminal|fixed|1346371075|8193|8193
1785981385740|1184|switch_09_f2r_00004_1048576_terminal|rotating|1350565379|8193|8193
1785981386062|1185|switch_09_f2r_00005_1048576_active|fixed|1350565379|8193|8193
1785981386062|1185|switch_09_f2r_00005_1048576_active|rotating|1346362883|8193|8193
1785981387472|1185|switch_09_f2r_00005_1048576_terminal|fixed|1350565379|8193|8193
1785981387472|1185|switch_09_f2r_00005_1048576_terminal|rotating|1346371075|8193|8193
1785981387783|1186|switch_09_f2r_00006_1048576_active|fixed|1346371075|8193|8193
1785981387783|1186|switch_09_f2r_00006_1048576_active|rotating|1346362883|8193|8193
1785981389227|1186|switch_09_f2r_00006_1048576_terminal|fixed|1350565379|8193|8193
1785981389227|1186|switch_09_f2r_00006_1048576_terminal|rotating|1346371075|8193|8193
1785981389532|1187|switch_09_f2r_00007_1048576_active|fixed|1346371075|8193|8193
1785981389532|1187|switch_09_f2r_00007_1048576_active|rotating|1350557187|8193|8193
1785981390917|1187|switch_09_f2r_00007_1048576_terminal|fixed|1346371075|8193|8193
1785981390917|1187|switch_09_f2r_00007_1048576_terminal|rotating|1350565379|8193|8193
1785981391253|1188|switch_09_f2r_00008_1048576_active|fixed|1350565379|8193|8193
1785981391253|1188|switch_09_f2r_00008_1048576_active|rotating|1346362883|8193|8193
1785981392795|1188|switch_09_f2r_00008_1048576_terminal|fixed|1346371075|8193|8193
1785981392795|1188|switch_09_f2r_00008_1048576_terminal|rotating|1350565379|8193|8193
1785981393275|1189|switch_09_f2r_00009_1048576_active|fixed|1346371075|8193|8193
1785981393275|1189|switch_09_f2r_00009_1048576_active|rotating|1350557187|8193|8193
1785981394782|1189|switch_09_f2r_00009_1048576_terminal|fixed|1346371075|8193|8193
1785981394782|1189|switch_09_f2r_00009_1048576_terminal|rotating|1350565379|8193|8193
1785981399350|1190|switch_09_r2f_00000_4194304_active|fixed|1350557187|8193|8193
1785981399350|1190|switch_09_r2f_00000_4194304_active|rotating|1350565379|8193|8193
1785981403481|1190|switch_09_r2f_00000_4194304_terminal|fixed|1346371075|8193|8193
1785981403481|1190|switch_09_r2f_00000_4194304_terminal|rotating|1350565379|8193|8193
1785981403784|1191|switch_09_r2f_00001_4194304_active|fixed|1350557187|8193|8193
1785981403784|1191|switch_09_r2f_00001_4194304_active|rotating|1346371075|8193|8193
1785981407878|1191|switch_09_r2f_00001_4194304_terminal|fixed|1350565379|8193|8193
1785981407878|1191|switch_09_r2f_00001_4194304_terminal|rotating|1350565379|8193|8193
1785981408214|1192|switch_09_r2f_00002_4194304_active|fixed|1346362883|8193|8193
1785981408214|1192|switch_09_r2f_00002_4194304_active|rotating|1350565379|8193|8193
1785981412272|1192|switch_09_r2f_00002_4194304_terminal|fixed|1346371075|8193|8193
1785981412272|1192|switch_09_r2f_00002_4194304_terminal|rotating|1346371075|8193|8193
1785981412586|1193|switch_09_r2f_00003_1048576_active|fixed|1346362883|8193|8193
1785981412586|1193|switch_09_r2f_00003_1048576_active|rotating|1350565379|8193|8193
1785981414043|1193|switch_09_r2f_00003_1048576_terminal|fixed|1350565379|8193|8193
1785981414043|1193|switch_09_r2f_00003_1048576_terminal|rotating|1346371075|8193|8193
1785981414381|1194|switch_09_r2f_00004_1048576_active|fixed|1346362883|8193|8193
1785981414381|1194|switch_09_r2f_00004_1048576_active|rotating|1350565379|8193|8193
1785981415755|1194|switch_09_r2f_00004_1048576_terminal|fixed|1350565379|8193|8193
1785981415755|1194|switch_09_r2f_00004_1048576_terminal|rotating|1350565379|8193|8193
1785981416090|1195|switch_09_r2f_00005_1048576_active|fixed|1350557187|8193|8193
1785981416090|1195|switch_09_r2f_00005_1048576_active|rotating|1346371075|8193|8193
1785981417541|1195|switch_09_r2f_00005_1048576_terminal|fixed|1346371075|8193|8193
1785981417541|1195|switch_09_r2f_00005_1048576_terminal|rotating|1346371075|8193|8193
1785981417827|1196|switch_09_r2f_00006_1048576_active|fixed|1350557187|8193|8193
1785981417827|1196|switch_09_r2f_00006_1048576_active|rotating|1346371075|8193|8193
1785981419212|1196|switch_09_r2f_00006_1048576_terminal|fixed|1346371075|8193|8193
1785981419212|1196|switch_09_r2f_00006_1048576_terminal|rotating|1346371075|8193|8193
1785981419523|1197|switch_09_r2f_00007_1048576_active|fixed|1346362883|8193|8193
1785981419523|1197|switch_09_r2f_00007_1048576_active|rotating|1346371075|8193|8193
1785981420907|1197|switch_09_r2f_00007_1048576_terminal|fixed|1350565379|8193|8193
1785981420907|1197|switch_09_r2f_00007_1048576_terminal|rotating|1350565379|8193|8193
1785981421239|1198|switch_09_r2f_00008_1048576_active|fixed|1350557187|8193|8193
1785981421239|1198|switch_09_r2f_00008_1048576_active|rotating|1350565379|8193|8193
1785981422583|1198|switch_09_r2f_00008_1048576_terminal|fixed|1350565379|8193|8193
1785981422583|1198|switch_09_r2f_00008_1048576_terminal|rotating|1350565379|8193|8193
1785981422871|1199|switch_09_r2f_00009_1048576_active|fixed|1346362883|8193|8193
1785981422871|1199|switch_09_r2f_00009_1048576_active|rotating|1350565379|8193|8193
1785981424272|1199|switch_09_r2f_00009_1048576_terminal|fixed|1346371075|8193|8193
1785981424272|1199|switch_09_r2f_00009_1048576_terminal|rotating|1346371075|8193|8193
1785981429565|1200|P10_4-DIRECTION_SWITCH_endpoint_shutdown_terminal|fixed|1346371075|8193|8193
1785981429565|1200|P10_4-DIRECTION_SWITCH_endpoint_shutdown_terminal|rotating|1346371075|8193|8193
