captured_ms|sequence|label|role|admission_snapshot_words_csv|ps_runtime_words_csv|pl_perf_snapshot_words_csv
1785985092509|1001|stale_segment_clean64|fixed|2,1378943233,16781056,6146175,6061285,69737,0,69737,0,1480,0,740,0,0,0,5796,5796,4727776,4727776,4096,4096,0,0,740,740,364199293,364199293,364199301,364199301,0,0,0,0,0,0,0,0,4096,256,131072,4,15|4,0,67108864,262144,256,0,0,0,0,96,0,84,0,24,21,0,1,96,0|4,1100044573,0,0,0,5505024,0,5505024,0,17575,0,0,21,0,0,0,0,0,0,0,6884980,0,0,0,0,0
1785985092509|1001|stale_segment_clean64|rotating|2,1378943233,33554687,6233333,6146723,6162562,6146723,6162562,6146723,5902,5879,5878,5878,0,0,751,0,181448937,181089128,4096,4096,0,0,5879,5879,346331166,346331171,346331174,346331147,0,0,0,0,0,0,0,0,4096,256,131072,4,15|4,0,67108864,262144,256,0,0,0,0,100,0,88,0,25,22,0,1,100,0|4,401824595,0,5854112,0,0,0,0,0,6211486,0,22,0,325551968,0,325551968,0,2080,318662128,0,9778008,0,0,0,0,0
1785985097525|1001|stale_segment_clean64|fixed|4,1378943233,16781056,12423418,12251086,141071,0,141071,0,2994,0,1497,0,0,0,11714,11714,9564232,9564232,4096,4096,0,0,1497,1497,684992406,684992406,684992414,684992414,0,0,0,0,0,0,0,0,4096,256,131072,4,15|4,0,67108864,262144,256,0,0,0,0,188,0,176,0,47,44,0,1,188,0|6,1421133762,0,0,0,11534336,0,11534336,0,35432,0,0,44,0,0,0,0,0,0,0,6928396,0,0,0,0,0
1785985097525|1001|stale_segment_clean64|rotating|4,1378943233,33554687,12514958,12341543,12372849,12341543,12372849,12341543,11846,11802,11800,11800,0,0,1508,0,364257168,363537928,4096,4096,0,0,11801,11801,667223643,667223648,667223611,667223608,0,0,0,0,0,0,0,0,4096,256,131072,4,15|4,0,67108864,262144,256,0,0,0,0,188,0,176,0,47,44,0,1,188,0|6,721227309,0,11668704,0,0,0,0,0,12376576,0,44,0,643501034,0,643501034,0,2080,634905475,0,12631397,0,0,0,0,0
1785985102544|1001|stale_segment_clean64|fixed|6,1378943233,16781056,18711837,18452374,212408,0,212408,0,4508,0,2254,0,0,0,17642,17642,14400704,14400704,4096,4096,0,0,2254,2254,1005983045,1005983045,1005983053,1005983053,0,0,0,0,0,0,0,0,4096,256,131072,4,15|4,0,67108864,262144,256,0,0,0,0,276,0,264,0,69,66,0,1,276,0|8,1741873479,0,0,0,17301504,0,17301504,0,53243,0,0,66,0,0,0,0,0,0,0,6979580,0,0,0,0,0
1785985102544|1001|stale_segment_clean64|rotating|6,1378943233,33554687,18783140,18522799,18569882,18522799,18569882,18522799,17777,17711,17709,17709,0,0,2263,0,546666400,545587208,4096,4096,0,0,17710,17710,987420766,987420763,987420758,987420739,0,0,0,0,0,0,0,0,4096,256,131072,4,15|4,0,67108864,262144,256,0,0,0,0,276,0,264,0,69,66,0,1,276,0|8,1041720450,0,17499104,0,0,0,0,0,18563917,0,66,0,962536575,0,962536575,0,2080,952238680,0,15484797,0,0,0,0,0
1785985107550|1001|stale_segment_clean64|fixed|8,1378943233,16781056,24980952,24634831,283651,0,283651,0,6020,0,3010,0,0,0,23555,23555,19230736,19230736,4096,4096,0,0,3010,3010,1326544290,1326544290,1326544298,1326544298,0,0,0,0,0,0,0,0,4096,256,131072,4,15|4,0,67108864,262144,256,0,0,0,0,364,0,352,0,91,88,0,1,364,0|10,2062035427,0,0,0,23068672,0,23068672,0,71031,0,0,88,0,0,0,0,0,0,0,7039673,0,0,0,0,0
1785985107550|1001|stale_segment_clean64|rotating|8,1378943233,33554687,25054850,24707910,24770352,24707910,24770352,24707910,23715,23626,23624,23624,0,0,3019,0,729247725,727808864,4096,4096,0,0,23625,23625,1307923203,1307923216,1307923211,1307923224,0,0,0,0,0,0,0,0,4096,256,131072,4,15|4,0,67108864,262144,256,0,0,0,0,368,0,356,0,92,89,0,1,368,0|10,1363651469,0,23346624,0,0,0,0,0,24773381,0,89,0,1283005714,0,1283005714,0,2080,1270874506,0,18468271,0,0,0,0,0
1785985112565|1001|stale_segment_clean64|fixed|10,1378943233,16781056,31267503,30833731,354986,0,354986,0,7534,0,3767,0,0,0,29481,29481,24067096,24067096,4096,4096,0,0,3767,3767,1647534715,1647534715,1647534723,1647534723,0,0,0,0,0,0,0,0,4096,256,131072,4,15|4,0,67108864,262144,256,0,0,0,0,456,0,444,0,114,111,0,1,456,0|12,2383382618,0,0,0,29097984,0,29097984,0,88911,0,0,111,0,0,0,0,0,0,0,7093684,0,0,0,0,0
1785985112565|1001|stale_segment_clean64|rotating|10,1378943233,33558272,31332843,30897605,30977010,30897605,30977010,30897605,29656,29544,29543,29543,0,0,3776,0,911937864,910122712,4096,4096,0,0,29543,29543,1628726997,1628727322,1628727005,1628727330,0,0,0,0,0,0,0,0,4096,256,131072,4,15|4,0,67108864,262144,256,0,0,0,0,456,0,444,0,114,111,0,1,456,0|12,1682843812,0,29153312,0,0,0,0,0,30935065,0,111,0,1600746385,0,1600746385,0,2080,1586907909,0,21321512,0,0,0,0,0
1785985117577|1001|stale_segment_clean64|fixed|12,1378943233,16781056,37547365,37026428,426321,0,426321,0,9048,0,4524,0,0,0,35402,35402,28903552,28903552,4096,4096,0,0,4524,4524,1968327884,1968327884,1968327892,1968327892,0,0,0,0,0,0,0,0,4096,256,131072,4,15|4,0,67108864,262144,256,0,0,0,0,544,0,532,0,136,133,0,1,544,0|14,2704166831,0,0,0,34865152,0,34865152,0,106721,0,0,133,0,0,0,0,0,0,0,7120395,0,0,0,0,0
1785985117577|1001|stale_segment_clean64|rotating|12,1378943233,33554687,37610731,37088968,37183655,37088968,37183655,37088968,35597,35463,35461,35461,0,0,4532,0,1094635504,1092461855,4096,4096,0,0,35462,35462,1949441688,1949441669,1949441664,1949441677,0,0,0,0,0,0,0,0,4096,256,131072,4,15|4,0,67108864,262144,256,0,0,0,0,544,0,532,0,136,133,0,1,544,0|14,2003734011,0,34991616,0,0,0,0,0,37129718,0,133,0,1920177008,0,1920177008,0,2080,1904637896,0,24174909,0,0,0,0,0
1785985122581|1001|stale_segment_clean64|fixed|14,1378943233,16781056,43825432,43218807,497659,0,497659,0,10562,0,5281,0,0,0,41323,41323,33740032,33740032,4096,4096,0,0,5281,5281,2289318506,2289318506,2289318514,2289318514,0,0,0,0,0,0,0,0,4096,256,131072,4,15|4,0,67108864,262144,256,0,0,0,0,632,0,620,0,158,155,0,1,632,0|16,3025159989,0,0,0,40632320,0,40632320,0,124556,0,0,155,0,0,0,0,0,0,0,7152410,0,0,0,0,0
1785985122581|1001|stale_segment_clean64|rotating|14,1378943233,33558272,43925682,43317866,43426890,43317866,43426890,43317866,41575,41420,41418,41418,0,0,5293,0,1278494544,1275961560,4096,4096,0,0,41418,41418,2272158860,2272159201,2272158868,2272159209,0,0,0,0,0,0,0,0,4096,256,131072,4,15|4,0,67108864,262144,256,0,0,0,0,632,0,620,0,158,155,0,1,632,0|16,2326327882,0,40861536,0,0,0,0,0,43355972,0,155,0,2241303399,0,2241303399,0,2080,2224070433,0,27028312,0,0,0,0,0
1785985127581|1001|stale_segment_clean64|fixed|16,1378943233,16781056,50073393,49379502,568617,0,568617,0,12068,0,6034,0,0,0,47213,47213,38550880,38550880,4096,4096,0,0,6034,6034,2608590392,2608590392,2608590400,2608590400,0,0,0,0,0,0,0,0,4096,256,131072,4,15|4,0,67108864,262144,256,0,0,0,0,720,0,708,0,180,177,0,1,720,0|18,3344045366,0,0,0,46399488,0,46399488,0,142272,0,0,177,0,0,0,0,0,0,0,7196990,0,0,0,0,0
1785985127581|1001|stale_segment_clean64|rotating|16,1378943233,33554687,50146794,49452025,49577327,49452025,49577327,49452025,47462,47285,47282,47282,0,0,6043,0,1459508248,1456616072,4096,4096,0,0,47283,47283,2589948803,2589948808,2589948779,2589948768,0,0,0,0,0,0,0,0,4096,256,131072,4,15|4,0,67108864,262144,256,0,0,0,0,720,0,708,0,180,177,0,1,720,0|18,2644737086,0,46652416,0,0,0,0,0,49502175,0,177,0,2558264883,0,2558264883,0,2054,2539320755,0,29882053,0,0,0,0,0
1785985132596|1001|stale_segment_clean64|fixed|18,1378943233,16781056,56361729,55581569,639955,0,639955,0,13582,0,6791,0,0,0,53140,53140,43387264,43387264,4096,4096,0,0,6791,6791,2929580646,2929580646,2929580654,2929580654,0,0,0,0,0,0,0,0,4096,256,131072,4,15|4,0,67108864,262144,256,0,0,0,0,808,0,796,0,202,199,0,1,808,0|20,3665182061,0,0,0,52166656,0,52166656,0,160129,0,0,199,0,0,0,0,0,0,0,7260447,0,0,0,0,0
1785985132596|1001|stale_segment_clean64|rotating|18,1378943233,33554687,56440248,55658511,55799353,55658511,55799353,55658511,53417,53217,53214,53214,0,0,6801,0,1642616977,1639351120,4096,4096,0,0,53215,53215,2911494654,2911494659,2911494662,2911494635,0,0,0,0,0,0,0,0,4096,256,131072,4,15|4,0,67108864,262144,256,0,0,0,0,812,0,800,0,203,200,0,1,812,0|20,2965578023,0,52484128,0,0,0,0,0,55694089,0,200,0,2877647892,0,2877647892,0,2080,2856867712,0,32864872,0,0,0,0,0
1785985137598|1001|stale_segment_clean64|fixed|20,1378943233,16781056,62630155,61763978,711100,0,711100,0,15092,0,7546,0,0,0,59046,59046,48210936,48210936,4096,4096,0,0,7546,7546,3249712064,3249712064,3249712072,3249712072,0,0,0,0,0,0,0,0,4096,256,131072,4,15|4,0,67108864,262144,256,0,0,0,0,900,0,888,0,225,222,0,1,900,0|22,3985339649,0,0,0,58195968,0,58195968,0,177916,0,0,222,0,0,0,0,0,0,0,7308281,0,0,0,0,0
1785985137598|1001|stale_segment_clean64|rotating|20,1378943233,33554687,62699917,61832222,61987969,61832222,61987969,61832222,59336,59115,59111,59111,0,0,7555,0,1824660553,1821036348,4096,4096,0,0,59112,59112,3231054973,3231054986,3231054981,3231054994,0,0,0,0,0,0,0,0,4096,256,131072,4,15|4,0,67108864,262144,256,0,0,0,0,900,0,888,0,225,222,0,1,900,0|22,3285094103,0,58290816,0,0,0,0,0,61866640,0,222,0,3195712300,0,3195712300,0,2080,3173224354,0,35718611,0,0,0,0,0
1785985142612|1001|stale_segment_clean64|fixed|22,1378943233,16781056,68914264,67960929,782436,0,782436,0,16606,0,8303,0,0,0,64965,64965,53047384,53047384,4096,4096,0,0,8303,8303,3570505611,3570505611,3570505619,3570505619,0,0,0,0,0,0,0,0,4096,256,131072,4,15|4,0,67108864,262144,256,0,0,0,0,988,0,976,0,247,244,0,1,988,0|24,11231492,1,0,0,63963136,0,63963136,0,195750,0,0,244,0,0,0,0,0,0,0,7345739,0,0,0,0,0
1785985142612|1001|stale_segment_clean64|rotating|22,1378943233,33554687,68992152,68037971,68208867,68037971,68208867,68037971,65285,65042,65038,65038,0,0,8312,0,2007608400,2003624526,4096,4096,0,0,65039,65039,3552197500,3552197481,3552197476,3552197489,0,0,0,0,0,0,0,0,4096,256,131072,4,15|4,0,67108864,262144,256,0,0,0,0,988,0,976,0,247,244,0,1,988,0|24,3606258733,0,64137024,0,0,0,0,0,68071665,0,244,0,3515415378,0,3515415378,0,2080,3491228195,0,38572306,0,0,0,0,0
