sample|module|direction|lane_mask|tail_cycles|sender_raw|sender_raw_while_tx|sender_blanked_raw|sender_blanked_frame|sender_blanked_crc_valid|sender_local_source_reject|sender_accepted_remote|receiver_raw|receiver_accepted_remote|sender_last_txd_rise|sender_last_txd_fall|sender_first_rxd_after_tx|sender_last_rxd_after_tx|sender_overlap_violation|sender_admission_violation|sender_non_target_accepted|sender_cross_lane_accepted|receiver_overlap_violation|receiver_admission_violation|receiver_non_target_accepted|receiver_cross_lane_accepted
0|F0|0|1|0|1|1|1|0|0|0|0|1|0|46052197|46052202|0|0|0|0|0|0|0|0|0|0
1|F0|0|1|0|1|1|1|0|0|0|0|1|0|55988585|55988590|0|0|0|0|0|0|0|0|0|0
2|F0|0|1|0|1|1|1|0|0|0|0|1|0|66574100|66574105|0|0|0|0|0|0|0|0|0|0
3|F0|0|1|0|1|1|1|0|0|0|0|1|0|73200988|73200993|0|0|0|0|0|0|0|0|0|0
4|F0|0|1|0|1|1|1|0|0|0|0|1|0|82170094|82170099|0|0|0|0|0|0|0|0|0|0
5|F0|0|1|0|1|1|1|0|0|0|0|1|0|92298991|92298996|0|0|0|0|0|0|0|0|0|0
6|F0|0|1|0|1|1|1|0|0|0|0|1|0|101772480|101772485|0|0|0|0|0|0|0|0|0|0
7|F0|0|1|0|1|1|1|0|0|0|0|1|0|110304590|110304595|0|0|0|0|0|0|0|0|0|0
8|F0|0|1|0|1|1|1|0|0|0|0|1|0|119202978|119202983|0|0|0|0|0|0|0|0|0|0
9|F0|0|1|0|1|1|1|0|0|0|0|1|0|130733574|130733579|0|0|0|0|0|0|0|0|0|0
10|F0|0|1|0|1|1|1|0|0|0|0|1|0|139121079|139121084|0|0|0|0|0|0|0|0|0|0
11|F0|0|1|0|1|1|1|0|0|0|0|1|0|149060416|149060421|0|0|0|0|0|0|0|0|0|0
12|F0|0|1|0|1|1|1|0|0|0|0|1|0|159598117|159598122|0|0|0|0|0|0|0|0|0|0
13|F0|0|1|0|1|1|1|0|0|0|0|1|0|169013843|169013848|0|0|0|0|0|0|0|0|0|0
14|F0|0|1|0|1|1|1|0|0|0|0|1|0|178757221|178757226|0|0|0|0|0|0|0|0|0|0
15|F0|0|1|0|1|1|1|0|0|0|0|1|0|189319883|189319888|0|0|0|0|0|0|0|0|0|0
16|F0|0|1|0|1|1|1|0|0|0|0|1|0|199786251|199786256|0|0|0|0|0|0|0|0|0|0
17|F0|0|1|0|1|1|1|0|0|0|0|1|0|208948229|208948234|0|0|0|0|0|0|0|0|0|0
18|F0|0|1|0|1|1|1|0|0|0|0|1|0|219279589|219279594|0|0|0|0|0|0|0|0|0|0
19|F0|0|1|0|1|1|1|0|0|0|0|1|0|230089833|230089838|0|0|0|0|0|0|0|0|0|0
20|F0|0|1|0|1|1|1|0|0|0|0|1|0|239360930|239360935|0|0|0|0|0|0|0|0|0|0
21|F0|0|1|0|1|1|1|0|0|0|0|1|0|249133189|249133194|0|0|0|0|0|0|0|0|0|0
22|F0|0|1|0|1|1|1|0|0|0|0|1|0|261688357|261688362|0|0|0|0|0|0|0|0|0|0
23|F0|0|1|0|1|1|1|0|0|0|0|1|0|269420412|269420417|0|0|0|0|0|0|0|0|0|0
24|F0|0|1|0|1|1|1|0|0|0|0|1|0|278000683|278000688|0|0|0|0|0|0|0|0|0|0
25|F0|0|1|0|1|1|1|0|0|0|0|1|0|286330363|286330368|0|0|0|0|0|0|0|0|0|0
26|F0|0|1|0|1|1|1|0|0|0|0|1|0|296137995|296138000|0|0|0|0|0|0|0|0|0|0
27|F0|0|1|0|1|1|1|0|0|0|0|1|0|304358402|304358407|0|0|0|0|0|0|0|0|0|0
28|F0|0|1|0|1|1|1|0|0|0|0|1|0|318097849|318097854|0|0|0|0|0|0|0|0|0|0
29|F0|0|1|0|1|1|1|0|0|0|0|1|0|327018711|327018716|0|0|0|0|0|0|0|0|0|0
30|F0|0|1|0|1|1|1|0|0|0|0|1|0|337581340|337581345|0|0|0|0|0|0|0|0|0|0
31|F0|0|1|0|1|1|1|0|0|0|0|1|0|346148750|346148755|0|0|0|0|0|0|0|0|0|0
32|F0|0|1|0|1|1|1|0|0|0|0|1|0|354147947|354147952|0|0|0|0|0|0|0|0|0|0
33|F0|0|1|0|1|1|1|0|0|0|0|1|0|366567744|366567749|0|0|0|0|0|0|0|0|0|0
34|F0|0|1|0|1|1|1|0|0|0|0|1|0|376427183|376427188|0|0|0|0|0|0|0|0|0|0
35|F0|0|1|0|1|1|1|0|0|0|0|1|0|385650016|385650021|0|0|0|0|0|0|0|0|0|0
36|F0|0|1|0|1|1|1|0|0|0|0|1|0|395827598|395827603|0|0|0|0|0|0|0|0|0|0
37|F0|0|1|0|1|1|1|0|0|0|0|1|0|404690679|404690684|0|0|0|0|0|0|0|0|0|0
38|F0|0|1|0|1|1|1|0|0|0|0|1|0|414459769|414459774|0|0|0|0|0|0|0|0|0|0
39|F0|0|1|0|1|1|1|0|0|0|0|1|0|425566708|425566713|0|0|0|0|0|0|0|0|0|0
40|F0|0|1|0|1|1|1|0|0|0|0|1|0|433584800|433584805|0|0|0|0|0|0|0|0|0|0
41|F0|0|1|0|1|1|1|0|0|0|0|1|0|443215727|443215732|0|0|0|0|0|0|0|0|0|0
42|F0|0|1|0|1|1|1|0|0|0|0|1|0|453740633|453740638|0|0|0|0|0|0|0|0|0|0
43|F0|0|1|0|1|1|1|0|0|0|0|1|0|462327330|462327335|0|0|0|0|0|0|0|0|0|0
44|F0|0|1|0|1|1|1|0|0|0|0|1|0|470772674|470772679|0|0|0|0|0|0|0|0|0|0
45|F0|0|1|0|1|1|1|0|0|0|0|1|0|478446880|478446885|0|0|0|0|0|0|0|0|0|0
46|F0|0|1|0|1|1|1|0|0|0|0|1|0|487162155|487162160|0|0|0|0|0|0|0|0|0|0
47|F0|0|1|0|1|1|1|0|0|0|0|1|0|497442405|497442410|0|0|0|0|0|0|0|0|0|0
48|F0|0|1|0|1|1|1|0|0|0|0|1|0|507906114|507906119|0|0|0|0|0|0|0|0|0|0
49|F0|0|1|0|1|1|1|0|0|0|0|1|0|517880851|517880856|0|0|0|0|0|0|0|0|0|0
50|F0|0|1|0|1|1|1|0|0|0|0|1|0|528687872|528687877|0|0|0|0|0|0|0|0|0|0
51|F0|0|1|0|1|1|1|0|0|0|0|1|0|538026460|538026465|0|0|0|0|0|0|0|0|0|0
52|F0|0|1|0|1|1|1|0|0|0|0|1|0|545626827|545626832|0|0|0|0|0|0|0|0|0|0
53|F0|0|1|0|1|1|1|0|0|0|0|1|0|556446649|556446654|0|0|0|0|0|0|0|0|0|0
54|F0|0|1|0|1|1|1|0|0|0|0|1|0|567208480|567208485|0|0|0|0|0|0|0|0|0|0
55|F0|0|1|0|1|1|1|0|0|0|0|1|0|579255904|579255909|0|0|0|0|0|0|0|0|0|0
56|F0|0|1|0|1|1|1|0|0|0|0|1|0|596490617|596490622|0|0|0|0|0|0|0|0|0|0
57|F0|0|1|0|1|1|1|0|0|0|0|1|0|605504683|605504688|0|0|0|0|0|0|0|0|0|0
58|F0|0|1|0|1|1|1|0|0|0|0|1|0|616874178|616874183|0|0|0|0|0|0|0|0|0|0
59|F0|0|1|0|1|1|1|0|0|0|0|1|0|626332535|626332540|0|0|0|0|0|0|0|0|0|0
60|F0|0|1|0|1|1|1|0|0|0|0|1|0|638492066|638492071|0|0|0|0|0|0|0|0|0|0
61|F0|0|1|0|1|1|1|0|0|0|0|1|0|650273099|650273104|0|0|0|0|0|0|0|0|0|0
62|F0|0|1|0|1|1|1|0|0|0|0|1|0|659711250|659711255|0|0|0|0|0|0|0|0|0|0
63|F0|0|1|0|1|1|1|0|0|0|0|1|0|679579027|679579032|0|0|0|0|0|0|0|0|0|0
64|F0|0|1|0|1|1|1|0|0|0|0|1|0|690833003|690833008|0|0|0|0|0|0|0|0|0|0
65|F0|0|1|0|1|1|1|0|0|0|0|1|0|713039956|713039961|0|0|0|0|0|0|0|0|0|0
66|F0|0|1|0|1|1|1|0|0|0|0|1|0|730301614|730301619|0|0|0|0|0|0|0|0|0|0
67|F0|0|1|0|1|1|1|0|0|0|0|1|0|744167257|744167262|0|0|0|0|0|0|0|0|0|0
68|F0|0|1|0|1|1|1|0|0|0|0|1|0|755305337|755305342|0|0|0|0|0|0|0|0|0|0
69|F0|0|1|0|1|1|1|0|0|0|0|1|0|768336056|768336061|0|0|0|0|0|0|0|0|0|0
70|F0|0|1|0|1|1|1|0|0|0|0|1|0|785373244|785373249|0|0|0|0|0|0|0|0|0|0
71|F0|0|1|0|1|1|1|0|0|0|0|1|0|800593104|800593109|0|0|0|0|0|0|0|0|0|0
72|F0|0|1|0|1|1|1|0|0|0|0|1|0|822198720|822198725|0|0|0|0|0|0|0|0|0|0
73|F0|0|1|0|1|1|1|0|0|0|0|1|0|835162798|835162803|0|0|0|0|0|0|0|0|0|0
74|F0|0|1|0|1|1|1|0|0|0|0|1|0|846105332|846105337|0|0|0|0|0|0|0|0|0|0
75|F0|0|1|0|1|1|1|0|0|0|0|1|0|857661307|857661312|0|0|0|0|0|0|0|0|0|0
76|F0|0|1|0|1|1|1|0|0|0|0|1|0|866505464|866505469|0|0|0|0|0|0|0|0|0|0
77|F0|0|1|0|1|1|1|0|0|0|0|1|0|875339653|875339658|0|0|0|0|0|0|0|0|0|0
78|F0|0|1|0|1|1|1|0|0|0|0|1|0|885489295|885489300|0|0|0|0|0|0|0|0|0|0
79|F0|0|1|0|1|1|1|0|0|0|0|1|0|898956691|898956696|0|0|0|0|0|0|0|0|0|0
80|F0|0|1|0|1|1|1|0|0|0|0|1|0|908513792|908513797|0|0|0|0|0|0|0|0|0|0
81|F0|0|1|0|1|1|1|0|0|0|0|1|0|927941204|927941209|0|0|0|0|0|0|0|0|0|0
82|F0|0|1|0|1|1|1|0|0|0|0|1|0|940238871|940238876|0|0|0|0|0|0|0|0|0|0
83|F0|0|1|0|1|1|1|0|0|0|0|1|0|951795022|951795027|0|0|0|0|0|0|0|0|0|0
84|F0|0|1|0|1|1|1|0|0|0|0|1|0|962654702|962654707|0|0|0|0|0|0|0|0|0|0
85|F0|0|1|0|1|1|1|0|0|0|0|1|0|980649742|980649747|0|0|0|0|0|0|0|0|0|0
86|F0|0|1|0|1|1|1|0|0|0|0|1|0|991036079|991036084|0|0|0|0|0|0|0|0|0|0
87|F0|0|1|0|1|1|1|0|0|0|0|1|0|1001788457|1001788462|0|0|0|0|0|0|0|0|0|0
88|F0|0|1|0|1|1|1|0|0|0|0|1|0|1010985915|1010985920|0|0|0|0|0|0|0|0|0|0
89|F0|0|1|0|1|1|1|0|0|0|0|1|0|1023374254|1023374259|0|0|0|0|0|0|0|0|0|0
90|F0|0|1|0|1|1|1|0|0|0|0|1|0|1040973272|1040973277|0|0|0|0|0|0|0|0|0|0
91|F0|0|1|0|1|1|1|0|0|0|0|1|0|1049650419|1049650424|0|0|0|0|0|0|0|0|0|0
92|F0|0|1|0|1|1|1|0|0|0|0|1|0|1065203741|1065203746|0|0|0|0|0|0|0|0|0|0
93|F0|0|1|0|1|1|1|0|0|0|0|1|0|1077492114|1077492119|0|0|0|0|0|0|0|0|0|0
94|F0|0|1|0|1|1|1|0|0|0|0|1|0|1087253056|1087253061|0|0|0|0|0|0|0|0|0|0
95|F0|0|1|0|1|1|1|0|0|0|0|1|0|1102755819|1102755824|0|0|0|0|0|0|0|0|0|0
96|F0|0|1|0|1|1|1|0|0|0|0|1|0|1113113056|1113113061|0|0|0|0|0|0|0|0|0|0
97|F0|0|1|0|1|1|1|0|0|0|0|1|0|1125854882|1125854887|0|0|0|0|0|0|0|0|0|0
98|F0|0|1|0|1|1|1|0|0|0|0|1|0|1136771069|1136771074|0|0|0|0|0|0|0|0|0|0
99|F0|0|1|0|1|1|1|0|0|0|0|1|0|1156215923|1156215928|0|0|0|0|0|0|0|0|0|0
100|F0|0|1|0|1|1|1|0|0|0|0|1|0|1169705591|1169705596|0|0|0|0|0|0|0|0|0|0
101|F0|0|1|0|1|1|1|0|0|0|0|1|0|1182527063|1182527068|0|0|0|0|0|0|0|0|0|0
102|F0|0|1|0|1|1|1|0|0|0|0|1|0|1192958018|1192958023|0|0|0|0|0|0|0|0|0|0
103|F0|0|1|0|1|1|1|0|0|0|0|1|0|1202826693|1202826698|0|0|0|0|0|0|0|0|0|0
104|F0|0|1|0|1|1|1|0|0|0|0|1|0|1213354018|1213354023|0|0|0|0|0|0|0|0|0|0
105|F0|0|1|0|1|1|1|0|0|0|0|1|0|1232437369|1232437374|0|0|0|0|0|0|0|0|0|0
106|F0|0|1|0|1|1|1|0|0|0|0|1|0|1242171081|1242171086|0|0|0|0|0|0|0|0|0|0
107|F0|0|1|0|1|1|1|0|0|0|0|1|0|1253874502|1253874507|0|0|0|0|0|0|0|0|0|0
108|F0|0|1|0|1|1|1|0|0|0|0|1|0|1273481870|1273481875|0|0|0|0|0|0|0|0|0|0
109|F0|0|1|0|1|1|1|0|0|0|0|1|0|1284680883|1284680888|0|0|0|0|0|0|0|0|0|0
110|F0|0|1|0|1|1|1|0|0|0|0|1|0|1295571283|1295571288|0|0|0|0|0|0|0|0|0|0
111|F0|0|1|0|1|1|1|0|0|0|0|1|0|1312513500|1312513505|0|0|0|0|0|0|0|0|0|0
112|F0|0|1|0|1|1|1|0|0|0|0|1|0|1322572174|1322572179|0|0|0|0|0|0|0|0|0|0
113|F0|0|1|0|1|1|1|0|0|0|0|1|0|1334323740|1334323745|0|0|0|0|0|0|0|0|0|0
114|F0|0|1|0|1|1|1|0|0|0|0|1|0|1344472779|1344472784|0|0|0|0|0|0|0|0|0|0
115|F0|0|1|0|1|1|1|0|0|0|0|1|0|1355228285|1355228290|0|0|0|0|0|0|0|0|0|0
116|F0|0|1|0|1|1|1|0|0|0|0|1|0|1367005510|1367005515|0|0|0|0|0|0|0|0|0|0
117|F0|0|1|0|1|1|1|0|0|0|0|1|0|1379965323|1379965328|0|0|0|0|0|0|0|0|0|0
118|F0|0|1|0|1|1|1|0|0|0|0|1|0|1394660032|1394660037|0|0|0|0|0|0|0|0|0|0
119|F0|0|1|0|1|1|1|0|0|0|0|1|0|1406845299|1406845304|0|0|0|0|0|0|0|0|0|0
120|F0|0|1|0|1|1|1|0|0|0|0|1|0|1419451517|1419451522|0|0|0|0|0|0|0|0|0|0
121|F0|0|1|0|1|1|1|0|0|0|0|1|0|1444067663|1444067668|0|0|0|0|0|0|0|0|0|0
122|F0|0|1|0|1|1|1|0|0|0|0|1|0|1453573358|1453573363|0|0|0|0|0|0|0|0|0|0
123|F0|0|1|0|1|1|1|0|0|0|0|1|0|1485060613|1485060618|0|0|0|0|0|0|0|0|0|0
124|F0|0|1|0|1|1|1|0|0|0|0|1|0|1496101995|1496102000|0|0|0|0|0|0|0|0|0|0
125|F0|0|1|0|1|1|1|0|0|0|0|1|0|1508846219|1508846224|0|0|0|0|0|0|0|0|0|0
126|F0|0|1|0|1|1|1|0|0|0|0|1|0|1517394370|1517394375|0|0|0|0|0|0|0|0|0|0
127|F0|0|1|0|1|1|1|0|0|0|0|1|0|1540381840|1540381845|0|0|0|0|0|0|0|0|0|0
128|F0|0|1|0|1|1|1|0|0|0|0|1|0|1566501497|1566501502|0|0|0|0|0|0|0|0|0|0
129|F0|0|1|0|1|1|1|0|0|0|0|1|0|1577958811|1577958816|0|0|0|0|0|0|0|0|0|0
130|F0|0|1|0|1|1|1|0|0|0|0|1|0|1594092787|1594092792|0|0|0|0|0|0|0|0|0|0
131|F0|0|1|0|1|1|1|0|0|0|0|1|0|1603306428|1603306433|0|0|0|0|0|0|0|0|0|0
132|F0|0|1|0|1|1|1|0|0|0|0|1|0|1616200640|1616200645|0|0|0|0|0|0|0|0|0|0
133|F0|0|1|0|1|1|1|0|0|0|0|1|0|1639576965|1639576970|0|0|0|0|0|0|0|0|0|0
134|F0|0|1|0|1|1|1|0|0|0|0|1|0|1649834502|1649834507|0|0|0|0|0|0|0|0|0|0
135|F0|0|1|0|1|1|1|0|0|0|0|1|0|1661394588|1661394593|0|0|0|0|0|0|0|0|0|0
136|F0|0|1|0|1|1|1|0|0|0|0|1|0|1673372635|1673372640|0|0|0|0|0|0|0|0|0|0
137|F0|0|1|0|1|1|1|0|0|0|0|1|0|1681672453|1681672458|0|0|0|0|0|0|0|0|0|0
138|F0|0|1|0|1|1|1|0|0|0|0|1|0|1693402923|1693402928|0|0|0|0|0|0|0|0|0|0
139|F0|0|1|0|1|1|1|0|0|0|0|1|0|1702580504|1702580509|0|0|0|0|0|0|0|0|0|0
140|F0|0|1|0|1|1|1|0|0|0|0|1|0|1713706510|1713706515|0|0|0|0|0|0|0|0|0|0
141|F0|0|1|0|1|1|1|0|0|0|0|1|0|1727694077|1727694082|0|0|0|0|0|0|0|0|0|0
142|F0|0|1|0|1|1|1|0|0|0|0|1|0|1742845552|1742845557|0|0|0|0|0|0|0|0|0|0
143|F0|0|1|0|1|1|1|0|0|0|0|1|0|1758270327|1758270332|0|0|0|0|0|0|0|0|0|0
144|F0|0|1|0|1|1|1|0|0|0|0|1|0|1772042475|1772042480|0|0|0|0|0|0|0|0|0|0
145|F0|0|1|0|1|1|1|0|0|0|0|1|0|1784161990|1784161995|0|0|0|0|0|0|0|0|0|0
146|F0|0|1|0|1|1|1|0|0|0|0|1|0|1800181582|1800181587|0|0|0|0|0|0|0|0|0|0
147|F0|0|1|0|1|1|1|0|0|0|0|1|0|1811133967|1811133972|0|0|0|0|0|0|0|0|0|0
148|F0|0|1|0|1|1|1|0|0|0|0|1|0|1820314766|1820314771|0|0|0|0|0|0|0|0|0|0
149|F0|0|1|0|1|1|1|0|0|0|0|1|0|1828955403|1828955408|0|0|0|0|0|0|0|0|0|0
150|F0|0|1|0|1|1|1|0|0|0|0|1|0|1837390263|1837390268|0|0|0|0|0|0|0|0|0|0
151|F0|0|1|0|1|1|1|0|0|0|0|1|0|1848030771|1848030776|0|0|0|0|0|0|0|0|0|0
152|F0|0|1|0|1|1|1|0|0|0|0|1|0|1857616678|1857616683|0|0|0|0|0|0|0|0|0|0
153|F0|0|1|0|1|1|1|0|0|0|0|1|0|1867758827|1867758832|0|0|0|0|0|0|0|0|0|0
154|F0|0|1|0|1|1|1|0|0|0|0|1|0|1885450342|1885450347|0|0|0|0|0|0|0|0|0|0
155|F0|0|1|0|1|1|1|0|0|0|0|1|0|1918324180|1918324185|0|0|0|0|0|0|0|0|0|0
156|F0|0|1|0|1|1|1|0|0|0|0|1|0|1929665611|1929665616|0|0|0|0|0|0|0|0|0|0
157|F0|0|1|0|1|1|1|0|0|0|0|1|0|1943158030|1943158035|0|0|0|0|0|0|0|0|0|0
158|F0|0|1|0|1|1|1|0|0|0|0|1|0|1953968947|1953968952|0|0|0|0|0|0|0|0|0|0
159|F0|0|1|0|1|1|1|0|0|0|0|1|0|1970901669|1970901674|0|0|0|0|0|0|0|0|0|0
160|F0|0|1|0|1|1|1|0|0|0|0|1|0|1983979324|1983979329|0|0|0|0|0|0|0|0|0|0
161|F0|0|1|0|1|1|1|0|0|0|0|1|0|1997262749|1997262754|0|0|0|0|0|0|0|0|0|0
162|F0|0|1|0|1|1|1|0|0|0|0|1|0|2015639104|2015639109|0|0|0|0|0|0|0|0|0|0
163|F0|0|1|0|1|1|1|0|0|0|0|1|0|2026983746|2026983751|0|0|0|0|0|0|0|0|0|0
164|F0|0|1|0|1|1|1|0|0|0|0|1|0|2042386013|2042386018|0|0|0|0|0|0|0|0|0|0
165|F0|0|1|0|1|1|1|0|0|0|0|1|0|2049785563|2049785568|0|0|0|0|0|0|0|0|0|0
166|F0|0|1|0|1|1|1|0|0|0|0|1|0|2060123840|2060123845|0|0|0|0|0|0|0|0|0|0
167|F0|0|1|0|1|1|1|0|0|0|0|1|0|2077731758|2077731763|0|0|0|0|0|0|0|0|0|0
168|F0|0|1|0|1|1|1|0|0|0|0|1|0|2088227580|2088227585|0|0|0|0|0|0|0|0|0|0
169|F0|0|1|0|1|1|1|0|0|0|0|1|0|2105475385|2105475390|0|0|0|0|0|0|0|0|0|0
170|F0|0|1|0|1|1|1|0|0|0|0|1|0|2116620686|2116620691|0|0|0|0|0|0|0|0|0|0
171|F0|0|1|0|1|1|1|0|0|0|0|1|0|2129553656|2129553661|0|0|0|0|0|0|0|0|0|0
172|F0|0|1|0|1|1|1|0|0|0|0|1|0|2143689122|2143689127|0|0|0|0|0|0|0|0|0|0
173|F0|0|1|0|1|1|1|0|0|0|0|1|0|2162300192|2162300197|0|0|0|0|0|0|0|0|0|0
174|F0|0|1|0|1|1|1|0|0|0|0|1|0|2178715256|2178715261|0|0|0|0|0|0|0|0|0|0
175|F0|0|1|0|1|1|1|0|0|0|0|1|0|2195847316|2195847321|0|0|0|0|0|0|0|0|0|0
176|F0|0|1|0|1|1|1|0|0|0|0|1|0|2207712828|2207712833|0|0|0|0|0|0|0|0|0|0
177|F0|0|1|0|1|1|1|0|0|0|0|1|0|2221320992|2221320997|0|0|0|0|0|0|0|0|0|0
178|F0|0|1|0|1|1|1|0|0|0|0|1|0|2234202515|2234202520|0|0|0|0|0|0|0|0|0|0
179|F0|0|1|0|1|1|1|0|0|0|0|1|0|2247473085|2247473090|0|0|0|0|0|0|0|0|0|0
180|F0|0|1|0|1|1|1|0|0|0|0|1|0|2261537812|2261537817|0|0|0|0|0|0|0|0|0|0
181|F0|0|1|0|1|1|1|0|0|0|0|1|0|2276608910|2276608915|0|0|0|0|0|0|0|0|0|0
182|F0|0|1|0|1|1|1|0|0|0|0|1|0|2291072331|2291072336|0|0|0|0|0|0|0|0|0|0
183|F0|0|1|0|1|1|1|0|0|0|0|1|0|2303175773|2303175778|0|0|0|0|0|0|0|0|0|0
184|F0|0|1|0|1|1|1|0|0|0|0|1|0|2314401449|2314401454|0|0|0|0|0|0|0|0|0|0
185|F0|0|1|0|1|1|1|0|0|0|0|1|0|2324865113|2324865118|0|0|0|0|0|0|0|0|0|0
186|F0|0|1|0|1|1|1|0|0|0|0|1|0|2336566643|2336566648|0|0|0|0|0|0|0|0|0|0
187|F0|0|1|0|1|1|1|0|0|0|0|1|0|2348062405|2348062410|0|0|0|0|0|0|0|0|0|0
188|F0|0|1|0|1|1|1|0|0|0|0|1|0|2358815448|2358815453|0|0|0|0|0|0|0|0|0|0
189|F0|0|1|0|1|1|1|0|0|0|0|1|0|2368558903|2368558908|0|0|0|0|0|0|0|0|0|0
190|F0|0|1|0|1|1|1|0|0|0|0|1|0|2378450263|2378450268|0|0|0|0|0|0|0|0|0|0
191|F0|0|1|0|1|1|1|0|0|0|0|1|0|2388528107|2388528112|0|0|0|0|0|0|0|0|0|0
192|F0|0|1|0|1|1|1|0|0|0|0|1|0|2399464416|2399464421|0|0|0|0|0|0|0|0|0|0
193|F0|0|1|0|1|1|1|0|0|0|0|1|0|2412082292|2412082297|0|0|0|0|0|0|0|0|0|0
194|F0|0|1|0|1|1|1|0|0|0|0|1|0|2424751612|2424751617|0|0|0|0|0|0|0|0|0|0
195|F0|0|1|0|1|1|1|0|0|0|0|1|0|2436829326|2436829331|0|0|0|0|0|0|0|0|0|0
196|F0|0|1|0|1|1|1|0|0|0|0|1|0|2447595228|2447595233|0|0|0|0|0|0|0|0|0|0
197|F0|0|1|0|1|1|1|0|0|0|0|1|0|2457682715|2457682720|0|0|0|0|0|0|0|0|0|0
198|F0|0|1|0|1|1|1|0|0|0|0|1|0|2469663965|2469663970|0|0|0|0|0|0|0|0|0|0
199|F0|0|1|0|1|1|1|0|0|0|0|1|0|2480539179|2480539184|0|0|0|0|0|0|0|0|0|0
200|F0|0|1|0|1|1|1|0|0|0|0|1|0|2493722935|2493722940|0|0|0|0|0|0|0|0|0|0
201|F0|0|1|0|1|1|1|0|0|0|0|1|0|2505459833|2505459838|0|0|0|0|0|0|0|0|0|0
202|F0|0|1|0|1|1|1|0|0|0|0|1|0|2515460507|2515460512|0|0|0|0|0|0|0|0|0|0
203|F0|0|1|0|1|1|1|0|0|0|0|1|0|2525406525|2525406530|0|0|0|0|0|0|0|0|0|0
204|F0|0|1|0|1|1|1|0|0|0|0|1|0|2535596901|2535596906|0|0|0|0|0|0|0|0|0|0
205|F0|0|1|0|1|1|1|0|0|0|0|1|0|2547285573|2547285578|0|0|0|0|0|0|0|0|0|0
206|F0|0|1|0|1|1|1|0|0|0|0|1|0|2557308759|2557308764|0|0|0|0|0|0|0|0|0|0
207|F0|0|1|0|1|1|1|0|0|0|0|1|0|2568508713|2568508718|0|0|0|0|0|0|0|0|0|0
208|F0|0|1|0|1|1|1|0|0|0|0|1|0|2579303549|2579303554|0|0|0|0|0|0|0|0|0|0
209|F0|0|1|0|1|1|1|0|0|0|0|1|0|2588342867|2588342872|0|0|0|0|0|0|0|0|0|0
210|F0|0|1|0|1|1|1|0|0|0|0|1|0|2601947822|2601947827|0|0|0|0|0|0|0|0|0|0
211|F0|0|1|0|1|1|1|0|0|0|0|1|0|2612228224|2612228229|0|0|0|0|0|0|0|0|0|0
212|F0|0|1|0|1|1|1|0|0|0|0|1|0|2622322140|2622322145|0|0|0|0|0|0|0|0|0|0
213|F0|0|1|0|1|1|1|0|0|0|0|1|0|2635129714|2635129719|0|0|0|0|0|0|0|0|0|0
214|F0|0|1|0|1|1|1|0|0|0|0|1|0|2646940568|2646940573|0|0|0|0|0|0|0|0|0|0
215|F0|0|1|0|1|1|1|0|0|0|0|1|0|2661551887|2661551892|0|0|0|0|0|0|0|0|0|0
216|F0|0|1|0|1|1|1|0|0|0|0|1|0|2674565239|2674565244|0|0|0|0|0|0|0|0|0|0
217|F0|0|1|0|1|1|1|0|0|0|0|1|0|2686237835|2686237840|0|0|0|0|0|0|0|0|0|0
218|F0|0|1|0|1|1|1|0|0|0|0|1|0|2700247909|2700247914|0|0|0|0|0|0|0|0|0|0
219|F0|0|1|0|1|1|1|0|0|0|0|1|0|2714884948|2714884953|0|0|0|0|0|0|0|0|0|0
220|F0|0|1|0|1|1|1|0|0|0|0|1|0|2731695488|2731695493|0|0|0|0|0|0|0|0|0|0
221|F0|0|1|0|1|1|1|0|0|0|0|1|0|2749168366|2749168371|0|0|0|0|0|0|0|0|0|0
222|F0|0|1|0|1|1|1|0|0|0|0|1|0|2758940761|2758940766|0|0|0|0|0|0|0|0|0|0
223|F0|0|1|0|1|1|1|0|0|0|0|1|0|2772851155|2772851160|0|0|0|0|0|0|0|0|0|0
224|F0|0|1|0|1|1|1|0|0|0|0|1|0|2785195740|2785195745|0|0|0|0|0|0|0|0|0|0
225|F0|0|1|0|1|1|1|0|0|0|0|1|0|2796115973|2796115978|0|0|0|0|0|0|0|0|0|0
226|F0|0|1|0|1|1|1|0|0|0|0|1|0|2805380358|2805380363|0|0|0|0|0|0|0|0|0|0
227|F0|0|1|0|1|1|1|0|0|0|0|1|0|2815728279|2815728284|0|0|0|0|0|0|0|0|0|0
228|F0|0|1|0|1|1|1|0|0|0|0|1|0|2825214519|2825214524|0|0|0|0|0|0|0|0|0|0
229|F0|0|1|0|1|1|1|0|0|0|0|1|0|2835845378|2835845383|0|0|0|0|0|0|0|0|0|0
230|F0|0|1|0|1|1|1|0|0|0|0|1|0|2849447115|2849447120|0|0|0|0|0|0|0|0|0|0
231|F0|0|1|0|1|1|1|0|0|0|0|1|0|2860155147|2860155152|0|0|0|0|0|0|0|0|0|0
232|F0|0|1|0|1|1|1|0|0|0|0|1|0|2871776303|2871776308|0|0|0|0|0|0|0|0|0|0
233|F0|0|1|0|1|1|1|0|0|0|0|1|0|2884992212|2884992217|0|0|0|0|0|0|0|0|0|0
234|F0|0|1|0|1|1|1|0|0|0|0|1|0|2899146971|2899146976|0|0|0|0|0|0|0|0|0|0
235|F0|0|1|0|1|1|1|0|0|0|0|1|0|2910150795|2910150800|0|0|0|0|0|0|0|0|0|0
236|F0|0|1|0|1|1|1|0|0|0|0|1|0|2923199511|2923199516|0|0|0|0|0|0|0|0|0|0
237|F0|0|1|0|1|1|1|0|0|0|0|1|0|2934003995|2934004000|0|0|0|0|0|0|0|0|0|0
238|F0|0|1|0|1|1|1|0|0|0|0|1|0|2944017532|2944017537|0|0|0|0|0|0|0|0|0|0
239|F0|0|1|0|1|1|1|0|0|0|0|1|0|2954307577|2954307582|0|0|0|0|0|0|0|0|0|0
240|F0|0|1|0|1|1|1|0|0|0|0|1|0|2965034894|2965034899|0|0|0|0|0|0|0|0|0|0
241|F0|0|1|0|1|1|1|0|0|0|0|1|0|2977630263|2977630268|0|0|0|0|0|0|0|0|0|0
242|F0|0|1|0|1|1|1|0|0|0|0|1|0|2997000124|2997000129|0|0|0|0|0|0|0|0|0|0
243|F0|0|1|0|1|1|1|0|0|0|0|1|0|3012749632|3012749637|0|0|0|0|0|0|0|0|0|0
244|F0|0|1|0|1|1|1|0|0|0|0|1|0|3031595407|3031595412|0|0|0|0|0|0|0|0|0|0
245|F0|0|1|0|1|1|1|0|0|0|0|1|0|3048817496|3048817501|0|0|0|0|0|0|0|0|0|0
246|F0|0|1|0|1|1|1|0|0|0|0|1|0|3063714967|3063714972|0|0|0|0|0|0|0|0|0|0
247|F0|0|1|0|1|1|1|0|0|0|0|1|0|3083306681|3083306686|0|0|0|0|0|0|0|0|0|0
248|F0|0|1|0|1|1|1|0|0|0|0|1|0|3101351864|3101351869|0|0|0|0|0|0|0|0|0|0
249|F0|0|1|0|1|1|1|0|0|0|0|1|0|3123689385|3123689390|0|0|0|0|0|0|0|0|0|0
250|F0|0|1|0|1|1|1|0|0|0|0|1|0|3136188297|3136188302|0|0|0|0|0|0|0|0|0|0
251|F0|0|1|0|1|1|1|0|0|0|0|1|0|3153468256|3153468261|0|0|0|0|0|0|0|0|0|0
252|F0|0|1|0|1|1|1|0|0|0|0|1|0|3168542566|3168542571|0|0|0|0|0|0|0|0|0|0
253|F0|0|1|0|1|1|1|0|0|0|0|1|0|3182462615|3182462620|0|0|0|0|0|0|0|0|0|0
254|F0|0|1|0|1|1|1|0|0|0|0|1|0|3196961401|3196961406|0|0|0|0|0|0|0|0|0|0
255|F0|0|1|0|1|1|1|0|0|0|0|1|0|3208865490|3208865495|0|0|0|0|0|0|0|0|0|0
256|F0|0|1|0|1|1|1|0|0|0|0|1|0|3225891449|3225891454|0|0|0|0|0|0|0|0|0|0
257|F0|0|1|0|1|1|1|0|0|0|0|1|0|3237728020|3237728025|0|0|0|0|0|0|0|0|0|0
258|F0|0|1|0|1|1|1|0|0|0|0|1|0|3253892297|3253892302|0|0|0|0|0|0|0|0|0|0
259|F0|0|1|0|1|1|1|0|0|0|0|1|0|3268397509|3268397514|0|0|0|0|0|0|0|0|0|0
260|F0|0|1|0|1|1|1|0|0|0|0|1|0|3280607049|3280607054|0|0|0|0|0|0|0|0|0|0
261|F0|0|1|0|1|1|1|0|0|0|0|1|0|3299224544|3299224549|0|0|0|0|0|0|0|0|0|0
262|F0|0|1|0|1|1|1|0|0|0|0|1|0|3311575552|3311575557|0|0|0|0|0|0|0|0|0|0
263|F0|0|1|0|1|1|1|0|0|0|0|1|0|3328090288|3328090293|0|0|0|0|0|0|0|0|0|0
264|F0|0|1|0|1|1|1|0|0|0|0|1|0|3341759547|3341759552|0|0|0|0|0|0|0|0|0|0
265|F0|0|1|0|1|1|1|0|0|0|0|1|0|3355203737|3355203742|0|0|0|0|0|0|0|0|0|0
266|F0|0|1|0|1|1|1|0|0|0|0|1|0|3374570379|3374570384|0|0|0|0|0|0|0|0|0|0
267|F0|0|1|0|1|1|1|0|0|0|0|1|0|3391541687|3391541692|0|0|0|0|0|0|0|0|0|0
268|F0|0|1|0|1|1|1|0|0|0|0|1|0|3407191529|3407191534|0|0|0|0|0|0|0|0|0|0
269|F0|0|1|0|1|1|1|0|0|0|0|1|0|3421179090|3421179095|0|0|0|0|0|0|0|0|0|0
270|F0|0|1|0|1|1|1|0|0|0|0|1|0|3435816128|3435816133|0|0|0|0|0|0|0|0|0|0
271|F0|0|1|0|1|1|1|0|0|0|0|1|0|3453173253|3453173258|0|0|0|0|0|0|0|0|0|0
272|F0|0|1|0|1|1|1|0|0|0|0|1|0|3467128660|3467128665|0|0|0|0|0|0|0|0|0|0
273|F0|0|1|0|1|1|1|0|0|0|0|1|0|3486148064|3486148069|0|0|0|0|0|0|0|0|0|0
274|F0|0|1|0|1|1|1|0|0|0|0|1|0|3499704786|3499704791|0|0|0|0|0|0|0|0|0|0
275|F0|0|1|0|1|1|1|0|0|0|0|1|0|3515190649|3515190654|0|0|0|0|0|0|0|0|0|0
276|F0|0|1|0|1|1|1|0|0|0|0|1|0|3528361538|3528361543|0|0|0|0|0|0|0|0|0|0
277|F0|0|1|0|1|1|1|0|0|0|0|1|0|3543095033|3543095038|0|0|0|0|0|0|0|0|0|0
278|F0|0|1|0|1|1|1|0|0|0|0|1|0|3563130443|3563130448|0|0|0|0|0|0|0|0|0|0
279|F0|0|1|0|1|1|1|0|0|0|0|1|0|3575291759|3575291764|0|0|0|0|0|0|0|0|0|0
280|F0|0|1|0|1|1|1|0|0|0|0|1|0|3591243831|3591243836|0|0|0|0|0|0|0|0|0|0
281|F0|0|1|0|1|1|1|0|0|0|0|1|0|3606652528|3606652533|0|0|0|0|0|0|0|0|0|0
282|F0|0|1|0|1|1|1|0|0|0|0|1|0|3625459726|3625459731|0|0|0|0|0|0|0|0|0|0
283|F0|0|1|0|1|1|1|0|0|0|0|1|0|3640717307|3640717312|0|0|0|0|0|0|0|0|0|0
284|F0|0|1|0|1|1|1|0|0|0|0|1|0|3654476590|3654476595|0|0|0|0|0|0|0|0|0|0
285|F0|0|1|0|1|1|1|0|0|0|0|1|0|3669859563|3669859568|0|0|0|0|0|0|0|0|0|0
286|F0|0|1|0|1|1|1|0|0|0|0|1|0|3685075343|3685075348|0|0|0|0|0|0|0|0|0|0
287|F0|0|1|0|1|1|1|0|0|0|0|1|0|3704384119|3704384124|0|0|0|0|0|0|0|0|0|0
288|F0|0|1|0|1|1|1|0|0|0|0|1|0|3717281716|3717281721|0|0|0|0|0|0|0|0|0|0
289|F0|0|1|0|1|1|1|0|0|0|0|1|0|3730426891|3730426896|0|0|0|0|0|0|0|0|0|0
290|F0|0|1|0|1|1|1|0|0|0|0|1|0|3748073387|3748073392|0|0|0|0|0|0|0|0|0|0
291|F0|0|1|0|1|1|1|0|0|0|0|1|0|3764562402|3764562407|0|0|0|0|0|0|0|0|0|0
292|F0|0|1|0|1|1|1|0|0|0|0|1|0|3786153989|3786153994|0|0|0|0|0|0|0|0|0|0
293|F0|0|1|0|1|1|1|0|0|0|0|1|0|3799025865|3799025870|0|0|0|0|0|0|0|0|0|0
294|F0|0|1|0|1|1|1|0|0|0|0|1|0|3813447484|3813447489|0|0|0|0|0|0|0|0|0|0
295|F0|0|1|0|1|1|1|0|0|0|0|1|0|3826402958|3826402963|0|0|0|0|0|0|0|0|0|0
296|F0|0|1|0|1|1|1|0|0|0|0|1|0|3836844121|3836844126|0|0|0|0|0|0|0|0|0|0
297|F0|0|1|0|1|1|1|0|0|0|0|1|0|3848140530|3848140535|0|0|0|0|0|0|0|0|0|0
298|F0|0|1|0|1|1|1|0|0|0|0|1|0|3867648651|3867648656|0|0|0|0|0|0|0|0|0|0
299|F0|0|1|0|1|1|1|0|0|0|0|1|0|3881195726|3881195731|0|0|0|0|0|0|0|0|0|0
300|F0|0|1|0|1|1|1|0|0|0|0|1|0|3894215507|3894215512|0|0|0|0|0|0|0|0|0|0
301|F0|0|1|0|1|1|1|0|0|0|0|1|0|3908531031|3908531036|0|0|0|0|0|0|0|0|0|0
302|F0|0|1|0|1|1|1|0|0|0|0|1|0|3924454167|3924454172|0|0|0|0|0|0|0|0|0|0
303|F0|0|1|0|1|1|1|0|0|0|0|1|0|3938673227|3938673232|0|0|0|0|0|0|0|0|0|0
304|F0|0|1|0|1|1|1|0|0|0|0|1|0|3955329440|3955329445|0|0|0|0|0|0|0|0|0|0
305|F0|0|1|0|1|1|1|0|0|0|0|1|0|3964966793|3964966798|0|0|0|0|0|0|0|0|0|0
306|F0|0|1|0|1|1|1|0|0|0|0|1|0|3986545515|3986545520|0|0|0|0|0|0|0|0|0|0
307|F0|0|1|0|1|1|1|0|0|0|0|1|0|3996121780|3996121785|0|0|0|0|0|0|0|0|0|0
308|F0|0|1|0|1|1|1|0|0|0|0|1|0|4014575307|4014575312|0|0|0|0|0|0|0|0|0|0
309|F0|0|1|0|1|1|1|0|0|0|0|1|0|4026517984|4026517989|0|0|0|0|0|0|0|0|0|0
310|F0|0|1|0|1|1|1|0|0|0|0|1|0|4042843022|4042843027|0|0|0|0|0|0|0|0|0|0
311|F0|0|1|0|1|1|1|0|0|0|0|1|0|4058280651|4058280656|0|0|0|0|0|0|0|0|0|0
312|F0|0|1|0|1|1|1|0|0|0|0|1|0|4076010748|4076010753|0|0|0|0|0|0|0|0|0|0
313|F0|0|1|0|1|1|1|0|0|0|0|1|0|4091712028|4091712033|0|0|0|0|0|0|0|0|0|0
314|F0|0|1|0|1|1|1|0|0|0|0|1|0|4108339293|4108339298|0|0|0|0|0|0|0|0|0|0
315|F0|0|1|0|1|1|1|0|0|0|0|1|0|4125715712|4125715717|0|0|0|0|0|0|0|0|0|0
316|F0|0|1|0|1|1|1|0|0|0|0|1|0|4139317446|4139317451|0|0|0|0|0|0|0|0|0|0
317|F0|0|1|0|1|1|1|0|0|0|0|1|0|4152533355|4152533360|0|0|0|0|0|0|0|0|0|0
318|F0|0|1|0|1|1|1|0|0|0|0|1|0|4173777696|4173777701|0|0|0|0|0|0|0|0|0|0
319|F0|0|1|0|1|1|1|0|0|0|0|1|0|4188549778|4188549783|0|0|0|0|0|0|0|0|0|0
320|F0|0|1|0|1|1|1|0|0|0|0|1|0|4213874251|4213874256|0|0|0|0|0|0|0|0|0|0
321|F0|0|1|0|1|1|1|0|0|0|0|1|0|4222424856|4222424861|0|0|0|0|0|0|0|0|0|0
322|F0|0|1|0|1|1|1|0|0|0|0|1|0|4246900503|4246900508|0|0|0|0|0|0|0|0|0|0
323|F0|0|1|0|1|1|1|0|0|0|0|1|0|4255544352|4255544357|0|0|0|0|0|0|0|0|0|0
324|F0|0|1|0|1|1|1|0|0|0|0|1|0|4267776398|4267776403|0|0|0|0|0|0|0|0|0|0
325|F0|0|1|0|1|1|1|0|0|0|0|1|0|4283300846|4283300851|0|0|0|0|0|0|0|0|0|0
326|F0|0|1|0|1|1|1|0|0|0|0|1|0|4292558804|4292558809|0|0|0|0|0|0|0|0|0|0
327|F0|0|1|0|1|1|1|0|0|0|0|1|0|8878283|8878288|0|0|0|0|0|0|0|0|0|0
328|F0|0|1|0|1|1|1|0|0|0|0|1|0|28801167|28801172|0|0|0|0|0|0|0|0|0|0
329|F0|0|1|0|1|1|1|0|0|0|0|1|0|40123307|40123312|0|0|0|0|0|0|0|0|0|0
330|F0|0|1|0|1|1|1|0|0|0|0|1|0|55715273|55715278|0|0|0|0|0|0|0|0|0|0
331|F0|0|1|0|1|1|1|0|0|0|0|1|0|66111420|66111425|0|0|0|0|0|0|0|0|0|0
332|F0|0|1|0|1|1|1|0|0|0|0|1|0|82893019|82893024|0|0|0|0|0|0|0|0|0|0
333|F0|0|1|0|1|1|1|0|0|0|0|1|0|100562027|100562032|0|0|0|0|0|0|0|0|0|0
334|F0|0|1|0|1|1|1|0|0|0|0|1|0|112466123|112466128|0|0|0|0|0|0|0|0|0|0
335|F0|0|1|0|1|1|1|0|0|0|0|1|0|124829998|124830003|0|0|0|0|0|0|0|0|0|0
336|F0|0|1|0|1|1|1|0|0|0|0|1|0|136142488|136142493|0|0|0|0|0|0|0|0|0|0
337|F0|0|1|0|1|1|1|0|0|0|0|1|0|153068777|153068782|0|0|0|0|0|0|0|0|0|0
338|F0|0|1|0|1|1|1|0|0|0|0|1|0|171445134|171445139|0|0|0|0|0|0|0|0|0|0
339|F0|0|1|0|1|1|1|0|0|0|0|1|0|181140366|181140371|0|0|0|0|0|0|0|0|0|0
340|F0|0|1|0|1|1|1|0|0|0|0|1|0|191755159|191755164|0|0|0|0|0|0|0|0|0|0
341|F0|0|1|0|1|1|1|0|0|0|0|1|0|204443769|204443774|0|0|0|0|0|0|0|0|0|0
342|F0|0|1|0|1|1|1|0|0|0|0|1|0|215945954|215945959|0|0|0|0|0|0|0|0|0|0
343|F0|0|1|0|1|1|1|0|0|0|0|1|0|225033504|225033509|0|0|0|0|0|0|0|0|0|0
344|F0|0|1|0|1|1|1|0|0|0|0|1|0|237988979|237988984|0|0|0|0|0|0|0|0|0|0
345|F0|0|1|0|1|1|1|0|0|0|0|1|0|253870310|253870315|0|0|0|0|0|0|0|0|0|0
346|F0|0|1|0|1|1|1|0|0|0|0|1|0|264378995|264379000|0|0|0|0|0|0|0|0|0|0
347|F0|0|1|0|1|1|1|0|0|0|0|1|0|282832514|282832519|0|0|0|0|0|0|0|0|0|0
348|F0|0|1|0|1|1|1|0|0|0|0|1|0|297572444|297572449|0|0|0|0|0|0|0|0|0|0
349|F0|0|1|0|1|1|1|0|0|0|0|1|0|308122921|308122926|0|0|0|0|0|0|0|0|0|0
350|F0|0|1|0|1|1|1|0|0|0|0|1|0|318834159|318834164|0|0|0|0|0|0|0|0|0|0
351|F0|0|1|0|1|1|1|0|0|0|0|1|0|329497175|329497180|0|0|0|0|0|0|0|0|0|0
352|F0|0|1|0|1|1|1|0|0|0|0|1|0|345137368|345137373|0|0|0|0|0|0|0|0|0|0
353|F0|0|1|0|1|1|1|0|0|0|0|1|0|357215081|357215086|0|0|0|0|0|0|0|0|0|0
354|F0|0|1|0|1|1|1|0|0|0|0|1|0|368093515|368093520|0|0|0|0|0|0|0|0|0|0
355|F0|0|1|0|1|1|1|0|0|0|0|1|0|385167703|385167708|0|0|0|0|0|0|0|0|0|0
356|F0|0|1|0|1|1|1|0|0|0|0|1|0|393416078|393416083|0|0|0|0|0|0|0|0|0|0
357|F0|0|1|0|1|1|1|0|0|0|0|1|0|401992407|401992412|0|0|0|0|0|0|0|0|0|0
358|F0|0|1|0|1|1|1|0|0|0|0|1|0|417147106|417147111|0|0|0|0|0|0|0|0|0|0
359|F0|0|1|0|1|1|1|0|0|0|0|1|0|429501330|429501335|0|0|0|0|0|0|0|0|0|0
360|F0|0|1|0|1|1|1|0|0|0|0|1|0|442096699|442096704|0|0|0|0|0|0|0|0|0|0
361|F0|0|1|0|1|1|1|0|0|0|0|1|0|460640247|460640252|0|0|0|0|0|0|0|0|0|0
362|F0|0|1|0|1|1|1|0|0|0|0|1|0|470148992|470148997|0|0|0|0|0|0|0|0|0|0
363|F0|0|1|0|1|1|1|0|0|0|0|1|0|479464823|479464828|0|0|0|0|0|0|0|0|0|0
364|F0|0|1|0|1|1|1|0|0|0|0|1|0|493873582|493873587|0|0|0|0|0|0|0|0|0|0
365|F0|0|1|0|1|1|1|0|0|0|0|1|0|501977276|501977281|0|0|0|0|0|0|0|0|0|0
366|F0|0|1|0|1|1|1|0|0|0|0|1|0|510691859|510691864|0|0|0|0|0|0|0|0|0|0
367|F0|0|1|0|1|1|1|0|0|0|0|1|0|524409344|524409349|0|0|0|0|0|0|0|0|0|0
368|F0|0|1|0|1|1|1|0|0|0|0|1|0|535374588|535374593|0|0|0|0|0|0|0|0|0|0
369|F0|0|1|0|1|1|1|0|0|0|0|1|0|547262603|547262608|0|0|0|0|0|0|0|0|0|0
370|F0|0|1|0|1|1|1|0|0|0|0|1|0|564709760|564709765|0|0|0|0|0|0|0|0|0|0
371|F0|0|1|0|1|1|1|0|0|0|0|1|0|573816603|573816608|0|0|0|0|0|0|0|0|0|0
372|F0|0|1|0|1|1|1|0|0|0|0|1|0|593327938|593327943|0|0|0|0|0|0|0|0|0|0
373|F0|0|1|0|1|1|1|0|0|0|0|1|0|603396133|603396138|0|0|0|0|0|0|0|0|0|0
374|F0|0|1|0|1|1|1|0|0|0|0|1|0|613438606|613438611|0|0|0|0|0|0|0|0|0|0
375|F0|0|1|0|1|1|1|0|0|0|0|1|0|630866469|630866474|0|0|0|0|0|0|0|0|0|0
376|F0|0|1|0|1|1|1|0|0|0|0|1|0|638957295|638957300|0|0|0|0|0|0|0|0|0|0
377|F0|0|1|0|1|1|1|0|0|0|0|1|0|647006327|647006332|0|0|0|0|0|0|0|0|0|0
378|F0|0|1|0|1|1|1|0|0|0|0|1|0|655990990|655990995|0|0|0|0|0|0|0|0|0|0
379|F0|0|1|0|1|1|1|0|0|0|0|1|0|667525332|667525337|0|0|0|0|0|0|0|0|0|0
380|F0|0|1|0|1|1|1|0|0|0|0|1|0|683808576|683808581|0|0|0|0|0|0|0|0|0|0
381|F0|0|1|0|1|1|1|0|0|0|0|1|0|694394423|694394428|0|0|0|0|0|0|0|0|0|0
382|F0|0|1|0|1|1|1|0|0|0|0|1|0|714452343|714452348|0|0|0|0|0|0|0|0|0|0
383|F0|0|1|0|1|1|1|0|0|0|0|1|0|734484540|734484545|0|0|0|0|0|0|0|0|0|0
384|F0|0|1|0|1|1|1|0|0|0|0|1|0|751648750|751648755|0|0|0|0|0|0|0|0|0|0
385|F0|0|1|0|1|1|1|0|0|0|0|1|0|775307731|775307736|0|0|0|0|0|0|0|0|0|0
386|F0|0|1|0|1|1|1|0|0|0|0|1|0|798641977|798641982|0|0|0|0|0|0|0|0|0|0
387|F0|0|1|0|1|1|1|0|0|0|0|1|0|815192078|815192083|0|0|0|0|0|0|0|0|0|0
388|F0|0|1|0|1|1|1|0|0|0|0|1|0|835774082|835774087|0|0|0|0|0|0|0|0|0|0
389|F0|0|1|0|1|1|1|0|0|0|0|1|0|850858041|850858046|0|0|0|0|0|0|0|0|0|0
390|F0|0|1|0|1|1|1|0|0|0|0|1|0|869694178|869694183|0|0|0|0|0|0|0|0|0|0
391|F0|0|1|0|1|1|1|0|0|0|0|1|0|879845971|879845976|0|0|0|0|0|0|0|0|0|0
392|F0|0|1|0|1|1|1|0|0|0|0|1|0|892823954|892823959|0|0|0|0|0|0|0|0|0|0
393|F0|0|1|0|1|1|1|0|0|0|0|1|0|917778670|917778675|0|0|0|0|0|0|0|0|0|0
394|F0|0|1|0|1|1|1|0|0|0|0|1|0|932824043|932824048|0|0|0|0|0|0|0|0|0|0
395|F0|0|1|0|1|1|1|0|0|0|0|1|0|947753675|947753680|0|0|0|0|0|0|0|0|0|0
396|F0|0|1|0|1|1|1|0|0|0|0|1|0|963757189|963757194|0|0|0|0|0|0|0|0|0|0
397|F0|0|1|0|1|1|1|0|0|0|0|1|0|977011676|977011681|0|0|0|0|0|0|0|0|0|0
398|F0|0|1|0|1|1|1|0|0|0|0|1|0|996828457|996828462|0|0|0|0|0|0|0|0|0|0
399|F0|0|1|0|1|1|1|0|0|0|0|1|0|1013130985|1013130990|0|0|0|0|0|0|0|0|0|0
400|F0|0|1|0|1|1|1|0|0|0|0|1|0|1029626429|1029626434|0|0|0|0|0|0|0|0|0|0
401|F0|0|1|0|1|1|1|0|0|0|0|1|0|1056876820|1056876825|0|0|0|0|0|0|0|0|0|0
402|F0|0|1|0|1|1|1|0|0|0|0|1|0|1079162903|1079162908|0|0|0|0|0|0|0|0|0|0
403|F0|0|1|0|1|1|1|0|0|0|0|1|0|1104718871|1104718876|0|0|0|0|0|0|0|0|0|0
404|F0|0|1|0|1|1|1|0|0|0|0|1|0|1118111621|1118111626|0|0|0|0|0|0|0|0|0|0
405|F0|0|1|0|1|1|1|0|0|0|0|1|0|1142172503|1142172508|0|0|0|0|0|0|0|0|0|0
406|F0|0|1|0|1|1|1|0|0|0|0|1|0|1156102194|1156102199|0|0|0|0|0|0|0|0|0|0
407|F0|0|1|0|1|1|1|0|0|0|0|1|0|1171935302|1171935307|0|0|0|0|0|0|0|0|0|0
408|F0|0|1|0|1|1|1|0|0|0|0|1|0|1198542649|1198542654|0|0|0|0|0|0|0|0|0|0
409|F0|0|1|0|1|1|1|0|0|0|0|1|0|1212514136|1212514141|0|0|0|0|0|0|0|0|0|0
410|F0|0|1|0|1|1|1|0|0|0|0|1|0|1236767933|1236767938|0|0|0|0|0|0|0|0|0|0
411|F0|0|1|0|1|1|1|0|0|0|0|1|0|1251134891|1251134896|0|0|0|0|0|0|0|0|0|0
412|F0|0|1|0|1|1|1|0|0|0|0|1|0|1268836051|1268836056|0|0|0|0|0|0|0|0|0|0
413|F0|0|1|0|1|1|1|0|0|0|0|1|0|1291134995|1291135000|0|0|0|0|0|0|0|0|0|0
414|F0|0|1|0|1|1|1|0|0|0|0|1|0|1307443956|1307443961|0|0|0|0|0|0|0|0|0|0
415|F0|0|1|0|1|1|1|0|0|0|0|1|0|1322010263|1322010268|0|0|0|0|0|0|0|0|0|0
416|F0|0|1|0|1|1|1|0|0|0|0|1|0|1335309760|1335309765|0|0|0|0|0|0|0|0|0|0
417|F0|0|1|0|1|1|1|0|0|0|0|1|0|1345185038|1345185043|0|0|0|0|0|0|0|0|0|0
418|F0|0|1|0|1|1|1|0|0|0|0|1|0|1356593984|1356593989|0|0|0|0|0|0|0|0|0|0
419|F0|0|1|0|1|1|1|0|0|0|0|1|0|1367520645|1367520650|0|0|0|0|0|0|0|0|0|0
420|F0|0|1|0|1|1|1|0|0|0|0|1|0|1377132276|1377132281|0|0|0|0|0|0|0|0|0|0
421|F0|0|1|0|1|1|1|0|0|0|0|1|0|1385801851|1385801856|0|0|0|0|0|0|0|0|0|0
422|F0|0|1|0|1|1|1|0|0|0|0|1|0|1395220576|1395220581|0|0|0|0|0|0|0|0|0|0
423|F0|0|1|0|1|1|1|0|0|0|0|1|0|1404668224|1404668229|0|0|0|0|0|0|0|0|0|0
424|F0|0|1|0|1|1|1|0|0|0|0|1|0|1412299273|1412299278|0|0|0|0|0|0|0|0|0|0
425|F0|0|1|0|1|1|1|0|0|0|0|1|0|1424775675|1424775680|0|0|0|0|0|0|0|0|0|0
426|F0|0|1|0|1|1|1|0|0|0|0|1|0|1434541643|1434541648|0|0|0|0|0|0|0|0|0|0
427|F0|0|1|0|1|1|1|0|0|0|0|1|0|1447516412|1447516417|0|0|0|0|0|0|0|0|0|0
428|F0|0|1|0|1|1|1|0|0|0|0|1|0|1457378832|1457378837|0|0|0|0|0|0|0|0|0|0
429|F0|0|1|0|1|1|1|0|0|0|0|1|0|1465607915|1465607920|0|0|0|0|0|0|0|0|0|0
430|F0|0|1|0|1|1|1|0|0|0|0|1|0|1476296654|1476296659|0|0|0|0|0|0|0|0|0|0
431|F0|0|1|0|1|1|1|0|0|0|0|1|0|1484409984|1484409989|0|0|0|0|0|0|0|0|0|0
432|F0|0|1|0|1|1|1|0|0|0|0|1|0|1497130748|1497130753|0|0|0|0|0|0|0|0|0|0
433|F0|0|1|0|1|1|1|0|0|0|0|1|0|1508726178|1508726183|0|0|0|0|0|0|0|0|0|0
434|F0|0|1|0|1|1|1|0|0|0|0|1|0|1519791095|1519791100|0|0|0|0|0|0|0|0|0|0
435|F0|0|1|0|1|1|1|0|0|0|0|1|0|1530823859|1530823864|0|0|0|0|0|0|0|0|0|0
436|F0|0|1|0|1|1|1|0|0|0|0|1|0|1540348681|1540348686|0|0|0|0|0|0|0|0|0|0
437|F0|0|1|0|1|1|1|0|0|0|0|1|0|1550137148|1550137153|0|0|0|0|0|0|0|0|0|0
438|F0|0|1|0|1|1|1|0|0|0|0|1|0|1564661656|1564661661|0|0|0|0|0|0|0|0|0|0
439|F0|0|1|0|1|1|1|0|0|0|0|1|0|1577765030|1577765035|0|0|0|0|0|0|0|0|0|0
440|F0|0|1|0|1|1|1|0|0|0|0|1|0|1698742656|1698742661|0|0|0|0|0|0|0|0|0|0
441|F0|0|1|0|1|1|1|0|0|0|0|1|0|1759306067|1759306072|0|0|0|0|0|0|0|0|0|0
442|F0|0|1|0|1|1|1|0|0|0|0|1|0|1780936235|1780936240|0|0|0|0|0|0|0|0|0|0
443|F0|0|1|0|1|1|1|0|0|0|0|1|0|1843412718|1843412723|0|0|0|0|0|0|0|0|0|0
444|F0|0|1|0|1|1|1|0|0|0|0|1|0|1859554487|1859554492|0|0|0|0|0|0|0|0|0|0
445|F0|0|1|0|1|1|1|0|0|0|0|1|0|1870445783|1870445788|0|0|0|0|0|0|0|0|0|0
446|F0|0|1|0|1|1|1|0|0|0|0|1|0|1880793707|1880793712|0|0|0|0|0|0|0|0|0|0
447|F0|0|1|0|1|1|1|0|0|0|0|1|0|1892562757|1892562762|0|0|0|0|0|0|0|0|0|0
448|F0|0|1|0|1|1|1|0|0|0|0|1|0|1905675776|1905675781|0|0|0|0|0|0|0|0|0|0
449|F0|0|1|0|1|1|1|0|0|0|0|1|0|1917287283|1917287288|0|0|0|0|0|0|0|0|0|0
450|F0|0|1|0|1|1|1|0|0|0|0|1|0|1933975645|1933975650|0|0|0|0|0|0|0|0|0|0
451|F0|0|1|0|1|1|1|0|0|0|0|1|0|1944612935|1944612940|0|0|0|0|0|0|0|0|0|0
452|F0|0|1|0|1|1|1|0|0|0|0|1|0|1953192480|1953192485|0|0|0|0|0|0|0|0|0|0
453|F0|0|1|0|1|1|1|0|0|0|0|1|0|1964858647|1964858652|0|0|0|0|0|0|0|0|0|0
454|F0|0|1|0|1|1|1|0|0|0|0|1|0|1977936299|1977936304|0|0|0|0|0|0|0|0|0|0
455|F0|0|1|0|1|1|1|0|0|0|0|1|0|1992110350|1992110355|0|0|0|0|0|0|0|0|0|0
456|F0|0|1|0|1|1|1|0|0|0|0|1|0|2000516274|2000516279|0|0|0|0|0|0|0|0|0|0
457|F0|0|1|0|1|1|1|0|0|0|0|1|0|2009282300|2009282305|0|0|0|0|0|0|0|0|0|0
458|F0|0|1|0|1|1|1|0|0|0|0|1|0|2018241241|2018241246|0|0|0|0|0|0|0|0|0|0
459|F0|0|1|0|1|1|1|0|0|0|0|1|0|2029827022|2029827027|0|0|0|0|0|0|0|0|0|0
460|F0|0|1|0|1|1|1|0|0|0|0|1|0|2038538388|2038538393|0|0|0|0|0|0|0|0|0|0
461|F0|0|1|0|1|1|1|0|0|0|0|1|0|2046082629|2046082634|0|0|0|0|0|0|0|0|0|0
462|F0|0|1|0|1|1|1|0|0|0|0|1|0|2057256864|2057256869|0|0|0|0|0|0|0|0|0|0
463|F0|0|1|0|1|1|1|0|0|0|0|1|0|2067945596|2067945601|0|0|0|0|0|0|0|0|0|0
464|F0|0|1|0|1|1|1|0|0|0|0|1|0|2077000992|2077000997|0|0|0|0|0|0|0|0|0|0
465|F0|0|1|0|1|1|1|0|0|0|0|1|0|2086242871|2086242876|0|0|0|0|0|0|0|0|0|0
466|F0|0|1|0|1|1|1|0|0|0|0|1|0|2095873797|2095873802|0|0|0|0|0|0|0|0|0|0
467|F0|0|1|0|1|1|1|0|0|0|0|1|0|2103536997|2103537002|0|0|0|0|0|0|0|0|0|0
468|F0|0|1|0|1|1|1|0|0|0|0|1|0|2112049017|2112049022|0|0|0|0|0|0|0|0|0|0
469|F0|0|1|0|1|1|1|0|0|0|0|1|0|2123576928|2123576933|0|0|0|0|0|0|0|0|0|0
470|F0|0|1|0|1|1|1|0|0|0|0|1|0|2134050245|2134050250|0|0|0|0|0|0|0|0|0|0
471|F0|0|1|0|1|1|1|0|0|0|0|1|0|2142034969|2142034974|0|0|0|0|0|0|0|0|0|0
472|F0|0|1|0|1|1|1|0|0|0|0|1|0|2152482560|2152482565|0|0|0|0|0|0|0|0|0|0
473|F0|0|1|0|1|1|1|0|0|0|0|1|0|2164351288|2164351293|0|0|0|0|0|0|0|0|0|0
474|F0|0|1|0|1|1|1|0|0|0|0|1|0|2174827819|2174827824|0|0|0|0|0|0|0|0|0|0
475|F0|0|1|0|1|1|1|0|0|0|0|1|0|2186365378|2186365383|0|0|0|0|0|0|0|0|0|0
476|F0|0|1|0|1|1|1|0|0|0|0|1|0|2201542578|2201542583|0|0|0|0|0|0|0|0|0|0
477|F0|0|1|0|1|1|1|0|0|0|0|1|0|2213649231|2213649236|0|0|0|0|0|0|0|0|0|0
478|F0|0|1|0|1|1|1|0|0|0|0|1|0|2224540530|2224540535|0|0|0|0|0|0|0|0|0|0
479|F0|0|1|0|1|1|1|0|0|0|0|1|0|2235968770|2235968775|0|0|0|0|0|0|0|0|0|0
480|F0|0|1|0|1|1|1|0|0|0|0|1|0|2245525742|2245525747|0|0|0|0|0|0|0|0|0|0
481|F0|0|1|0|1|1|1|0|0|0|0|1|0|2254783698|2254783703|0|0|0|0|0|0|0|0|0|0
482|F0|0|1|0|1|1|1|0|0|0|0|1|0|2263578662|2263578667|0|0|0|0|0|0|0|0|0|0
483|F0|0|1|0|1|1|1|0|0|0|0|1|0|2271971723|2271971728|0|0|0|0|0|0|0|0|0|0
484|F0|0|1|0|1|1|1|0|0|0|0|1|0|2280535191|2280535196|0|0|0|0|0|0|0|0|0|0
485|F0|0|1|0|1|1|1|0|0|0|0|1|0|2293175572|2293175577|0|0|0|0|0|0|0|0|0|0
486|F0|0|1|0|1|1|1|0|0|0|0|1|0|2304015429|2304015434|0|0|0|0|0|0|0|0|0|0
487|F0|0|1|0|1|1|1|0|0|0|0|1|0|2312215572|2312215577|0|0|0|0|0|0|0|0|0|0
488|F0|0|1|0|1|1|1|0|0|0|0|1|0|2322566711|2322566716|0|0|0|0|0|0|0|0|0|0
489|F0|0|1|0|1|1|1|0|0|0|0|1|0|2333818109|2333818114|0|0|0|0|0|0|0|0|0|0
490|F0|0|1|0|1|1|1|0|0|0|0|1|0|2342349423|2342349428|0|0|0|0|0|0|0|0|0|0
491|F0|0|1|0|1|1|1|0|0|0|0|1|0|2350179822|2350179827|0|0|0|0|0|0|0|0|0|0
492|F0|0|1|0|1|1|1|0|0|0|0|1|0|2363948747|2363948752|0|0|0|0|0|0|0|0|0|0
493|F0|0|1|0|1|1|1|0|0|0|0|1|0|2373110249|2373110254|0|0|0|0|0|0|0|0|0|0
494|F0|0|1|0|1|1|1|0|0|0|0|1|0|2381168924|2381168929|0|0|0|0|0|0|0|0|0|0
495|F0|0|1|0|1|1|1|0|0|0|0|1|0|2390449387|2390449392|0|0|0|0|0|0|0|0|0|0
496|F0|0|1|0|1|1|1|0|0|0|0|1|0|2402234514|2402234519|0|0|0|0|0|0|0|0|0|0
497|F0|0|1|0|1|1|1|0|0|0|0|1|0|2414720567|2414720572|0|0|0|0|0|0|0|0|0|0
498|F0|0|1|0|1|1|1|0|0|0|0|1|0|2422370907|2422370912|0|0|0|0|0|0|0|0|0|0
499|F0|0|1|0|1|1|1|0|0|0|0|1|0|2435188128|2435188133|0|0|0|0|0|0|0|0|0|0
500|F0|0|1|0|1|1|1|0|0|0|0|1|0|2444819051|2444819056|0|0|0|0|0|0|0|0|0|0
501|F0|0|1|0|1|1|1|0|0|0|0|1|0|2453540064|2453540069|0|0|0|0|0|0|0|0|0|0
502|F0|0|1|0|1|1|1|0|0|0|0|1|0|2465006886|2465006891|0|0|0|0|0|0|0|0|0|0
503|F0|0|1|0|1|1|1|0|0|0|0|1|0|2477470432|2477470437|0|0|0|0|0|0|0|0|0|0
504|F0|0|1|0|1|1|1|0|0|0|0|1|0|2486705879|2486705884|0|0|0|0|0|0|0|0|0|0
505|F0|0|1|0|1|1|1|0|0|0|0|1|0|2504706053|2504706058|0|0|0|0|0|0|0|0|0|0
506|F0|0|1|0|1|1|1|0|0|0|0|1|0|2518320649|2518320654|0|0|0|0|0|0|0|0|0|0
507|F0|0|1|0|1|1|1|0|0|0|0|1|0|2532205326|2532205331|0|0|0|0|0|0|0|0|0|0
508|F0|0|1|0|1|1|1|0|0|0|0|1|0|2543903648|2543903653|0|0|0|0|0|0|0|0|0|0
509|F0|0|1|0|1|1|1|0|0|0|0|1|0|2552705040|2552705045|0|0|0|0|0|0|0|0|0|0
510|F0|0|1|0|1|1|1|0|0|0|0|1|0|2565130007|2565130012|0|0|0|0|0|0|0|0|0|0
511|F0|0|1|0|1|1|1|0|0|0|0|1|0|2576545382|2576545387|0|0|0|0|0|0|0|0|0|0
512|F0|0|1|0|1|1|1|0|0|0|0|1|0|2586629655|2586629660|0|0|0|0|0|0|0|0|0|0
513|F0|0|1|0|1|1|1|0|0|0|0|1|0|2595308870|2595308875|0|0|0|0|0|0|0|0|0|0
514|F0|0|1|0|1|1|1|0|0|0|0|1|0|2605962240|2605962245|0|0|0|0|0|0|0|0|0|0
515|F0|0|1|0|1|1|1|0|0|0|0|1|0|2614371374|2614371379|0|0|0|0|0|0|0|0|0|0
516|F0|0|1|0|1|1|1|0|0|0|0|1|0|2623552165|2623552170|0|0|0|0|0|0|0|0|0|0
517|F0|0|1|0|1|1|1|0|0|0|0|1|0|2638575031|2638575036|0|0|0|0|0|0|0|0|0|0
518|F0|0|1|0|1|1|1|0|0|0|0|1|0|2650334438|2650334443|0|0|0|0|0|0|0|0|0|0
519|F0|0|1|0|1|1|1|0|0|0|0|1|0|2661708019|2661708024|0|0|0|0|0|0|0|0|0|0
520|F0|0|1|0|1|1|1|0|0|0|0|1|0|2671628317|2671628322|0|0|0|0|0|0|0|0|0|0
521|F0|0|1|0|1|1|1|0|0|0|0|1|0|2682436014|2682436019|0|0|0|0|0|0|0|0|0|0
522|F0|0|1|0|1|1|1|0|0|0|0|1|0|2691208471|2691208476|0|0|0|0|0|0|0|0|0|0
523|F0|0|1|0|1|1|1|0|0|0|0|1|0|2705353579|2705353584|0|0|0|0|0|0|0|0|0|0
524|F0|0|1|0|1|1|1|0|0|0|0|1|0|2716023031|2716023036|0|0|0|0|0|0|0|0|0|0
525|F0|0|1|0|1|1|1|0|0|0|0|1|0|2722911360|2722911365|0|0|0|0|0|0|0|0|0|0
526|F0|0|1|0|1|1|1|0|0|0|0|1|0|2732966699|2732966704|0|0|0|0|0|0|0|0|0|0
527|F0|0|1|0|1|1|1|0|0|0|0|1|0|2744214885|2744214890|0|0|0|0|0|0|0|0|0|0
528|F0|0|1|0|1|1|1|0|0|0|0|1|0|2753003416|2753003421|0|0|0|0|0|0|0|0|0|0
529|F0|0|1|0|1|1|1|0|0|0|0|1|0|2765666304|2765666309|0|0|0|0|0|0|0|0|0|0
530|F0|0|1|0|1|1|1|0|0|0|0|1|0|2776474003|2776474008|0|0|0|0|0|0|0|0|0|0
531|F0|0|1|0|1|1|1|0|0|0|0|1|0|2787468192|2787468197|0|0|0|0|0|0|0|0|0|0
532|F0|0|1|0|1|1|1|0|0|0|0|1|0|2796034871|2796034876|0|0|0|0|0|0|0|0|0|0
533|F0|0|1|0|1|1|1|0|0|0|0|1|0|2806193094|2806193099|0|0|0|0|0|0|0|0|0|0
534|F0|0|1|0|1|1|1|0|0|0|0|1|0|2814660107|2814660112|0|0|0|0|0|0|0|0|0|0
535|F0|0|1|0|1|1|1|0|0|0|0|1|0|2822673774|2822673779|0|0|0|0|0|0|0|0|0|0
536|F0|0|1|0|1|1|1|0|0|0|0|1|0|2837375118|2837375123|0|0|0|0|0|0|0|0|0|0
537|F0|0|1|0|1|1|1|0|0|0|0|1|0|2847980256|2847980261|0|0|0|0|0|0|0|0|0|0
538|F0|0|1|0|1|1|1|0|0|0|0|1|0|2859305605|2859305610|0|0|0|0|0|0|0|0|0|0
539|F0|0|1|0|1|1|1|0|0|0|0|1|0|2867344987|2867344992|0|0|0|0|0|0|0|0|0|0
540|F0|0|1|0|1|1|1|0|0|0|0|1|0|2880477300|2880477305|0|0|0|0|0|0|0|0|0|0
541|F0|0|1|0|1|1|1|0|0|0|0|1|0|2892625753|2892625758|0|0|0|0|0|0|0|0|0|0
542|F0|0|1|0|1|1|1|0|0|0|0|1|0|2907388187|2907388192|0|0|0|0|0|0|0|0|0|0
543|F0|0|1|0|1|1|1|0|0|0|0|1|0|2916613993|2916613998|0|0|0|0|0|0|0|0|0|0
544|F0|0|1|0|1|1|1|0|0|0|0|1|0|2926415324|2926415329|0|0|0|0|0|0|0|0|0|0
545|F0|0|1|0|1|1|1|0|0|0|0|1|0|2937370917|2937370922|0|0|0|0|0|0|0|0|0|0
546|F0|0|1|0|1|1|1|0|0|0|0|1|0|2949072450|2949072455|0|0|0|0|0|0|0|0|0|0
547|F0|0|1|0|1|1|1|0|0|0|0|1|0|2959076339|2959076344|0|0|0|0|0|0|0|0|0|0
548|F0|0|1|0|1|1|1|0|0|0|0|1|0|2969678263|2969678268|0|0|0|0|0|0|0|0|0|0
549|F0|0|1|0|1|1|1|0|0|0|0|1|0|2982611232|2982611237|0|0|0|0|0|0|0|0|0|0
550|F0|0|1|0|1|1|1|0|0|0|0|1|0|2992319320|2992319325|0|0|0|0|0|0|0|0|0|0
551|F0|0|1|0|1|1|1|0|0|0|0|1|0|3001628719|3001628724|0|0|0|0|0|0|0|0|0|0
552|F0|0|1|0|1|1|1|0|0|0|0|1|0|3014069760|3014069765|0|0|0|0|0|0|0|0|0|0
553|F0|0|1|0|1|1|1|0|0|0|0|1|0|3024951406|3024951411|0|0|0|0|0|0|0|0|0|0
554|F0|0|1|0|1|1|1|0|0|0|0|1|0|3034987447|3034987452|0|0|0|0|0|0|0|0|0|0
555|F0|0|1|0|1|1|1|0|0|0|0|1|0|3047627826|3047627831|0|0|0|0|0|0|0|0|0|0
556|F0|0|1|0|1|1|1|0|0|0|0|1|0|3059789138|3059789143|0|0|0|0|0|0|0|0|0|0
557|F0|0|1|0|1|1|1|0|0|0|0|1|0|3069011730|3069011735|0|0|0|0|0|0|0|0|0|0
558|F0|0|1|0|1|1|1|0|0|0|0|1|0|3093940727|3093940732|0|0|0|0|0|0|0|0|0|0
559|F0|0|1|0|1|1|1|0|0|0|0|1|0|3101324203|3101324208|0|0|0|0|0|0|0|0|0|0
560|F0|0|1|0|1|1|1|0|0|0|0|1|0|3110437478|3110437483|0|0|0|0|0|0|0|0|0|0
561|F0|0|1|0|1|1|1|0|0|0|0|1|0|3125363892|3125363897|0|0|0|0|0|0|0|0|0|0
562|F0|0|1|0|1|1|1|0|0|0|0|1|0|3132805248|3132805253|0|0|0|0|0|0|0|0|0|0
563|F0|0|1|0|1|1|1|0|0|0|0|1|0|3141834923|3141834928|0|0|0|0|0|0|0|0|0|0
564|F0|0|1|0|1|1|1|0|0|0|0|1|0|3154880425|3154880430|0|0|0|0|0|0|0|0|0|0
565|F0|0|1|0|1|1|1|0|0|0|0|1|0|3165874608|3165874613|0|0|0|0|0|0|0|0|0|0
566|F0|0|1|0|1|1|1|0|0|0|0|1|0|3175521611|3175521616|0|0|0|0|0|0|0|0|0|0
567|F0|0|1|0|1|1|1|0|0|0|0|1|0|3186818027|3186818032|0|0|0|0|0|0|0|0|0|0
568|F0|0|1|0|1|1|1|0|0|0|0|1|0|3196686880|3196686885|0|0|0|0|0|0|0|0|0|0
569|F0|0|1|0|1|1|1|0|0|0|0|1|0|3207484930|3207484935|0|0|0|0|0|0|0|0|0|0
570|F0|0|1|0|1|1|1|0|0|0|0|1|0|3217331278|3217331283|0|0|0|0|0|0|0|0|0|0
571|F0|0|1|0|1|1|1|0|0|0|0|1|0|3230039179|3230039184|0|0|0|0|0|0|0|0|0|0
572|F0|0|1|0|1|1|1|0|0|0|0|1|0|3239564005|3239564010|0|0|0|0|0|0|0|0|0|0
573|F0|0|1|0|1|1|1|0|0|0|0|1|0|3248031010|3248031015|0|0|0|0|0|0|0|0|0|0
574|F0|0|1|0|1|1|1|0|0|0|0|1|0|3262828811|3262828816|0|0|0|0|0|0|0|0|0|0
575|F0|0|1|0|1|1|1|0|0|0|0|1|0|3271160782|3271160787|0|0|0|0|0|0|0|0|0|0
576|F0|0|1|0|1|1|1|0|0|0|0|1|0|3280113289|3280113294|0|0|0|0|0|0|0|0|0|0
577|F0|0|1|0|1|1|1|0|0|0|0|1|0|3289631677|3289631682|0|0|0|0|0|0|0|0|0|0
578|F0|0|1|0|1|1|1|0|0|0|0|1|0|3297121259|3297121264|0|0|0|0|0|0|0|0|0|0
579|F0|0|1|0|1|1|1|0|0|0|0|1|0|3308797071|3308797076|0|0|0|0|0|0|0|0|0|0
580|F0|0|1|0|1|1|1|0|0|0|0|1|0|3318550182|3318550187|0|0|0|0|0|0|0|0|0|0
581|F0|0|1|0|1|1|1|0|0|0|0|1|0|3329656901|3329656906|0|0|0|0|0|0|0|0|0|0
582|F0|0|1|0|1|1|1|0|0|0|0|1|0|3338937368|3338937373|0|0|0|0|0|0|0|0|0|0
583|F0|0|1|0|1|1|1|0|0|0|0|1|0|3348404317|3348404322|0|0|0|0|0|0|0|0|0|0
584|F0|0|1|0|1|1|1|0|0|0|0|1|0|3360941812|3360941817|0|0|0|0|0|0|0|0|0|0
585|F0|0|1|0|1|1|1|0|0|0|0|1|0|3371071099|3371071104|0|0|0|0|0|0|0|0|0|0
586|F0|0|1|0|1|1|1|0|0|0|0|1|0|3382380372|3382380377|0|0|0|0|0|0|0|0|0|0
587|F0|0|1|0|1|1|1|0|0|0|0|1|0|3392294242|3392294247|0|0|0|0|0|0|0|0|0|0
588|F0|0|1|0|1|1|1|0|0|0|0|1|0|3401905874|3401905879|0|0|0|0|0|0|0|0|0|0
589|F0|0|1|0|1|1|1|0|0|0|0|1|0|3413154059|3413154064|0|0|0|0|0|0|0|0|0|0
590|F0|0|1|0|1|1|1|0|0|0|0|1|0|3421585705|3421585710|0|0|0|0|0|0|0|0|0|0
591|F0|0|1|0|1|1|1|0|0|0|0|1|0|3433714862|3433714867|0|0|0|0|0|0|0|0|0|0
592|F0|0|1|0|1|1|1|0|0|0|0|1|0|3444136733|3444136738|0|0|0|0|0|0|0|0|0|0
593|F0|0|1|0|1|1|1|0|0|0|0|1|0|3453063520|3453063525|0|0|0|0|0|0|0|0|0|0
594|F0|0|1|0|1|1|1|0|0|0|0|1|0|3464228107|3464228112|0|0|0|0|0|0|0|0|0|0
595|F0|0|1|0|1|1|1|0|0|0|0|1|0|3475547032|3475547037|0|0|0|0|0|0|0|0|0|0
596|F0|0|1|0|1|1|1|0|0|0|0|1|0|3482004526|3482004531|0|0|0|0|0|0|0|0|0|0
597|F0|0|1|0|1|1|1|0|0|0|0|1|0|3492310651|3492310656|0|0|0|0|0|0|0|0|0|0
598|F0|0|1|0|1|1|1|0|0|0|0|1|0|3504497683|3504497688|0|0|0|0|0|0|0|0|0|0
599|F0|0|1|0|1|1|1|0|0|0|0|1|0|3513897116|3513897121|0|0|0|0|0|0|0|0|0|0
600|F0|0|1|0|1|1|1|0|0|0|0|1|0|3524862361|3524862366|0|0|0|0|0|0|0|0|0|0
601|F0|0|1|0|1|1|1|0|0|0|0|1|0|3534641180|3534641185|0|0|0|0|0|0|0|0|0|0
602|F0|0|1|0|1|1|1|0|0|0|0|1|0|3549021003|3549021008|0|0|0|0|0|0|0|0|0|0
603|F0|0|1|0|1|1|1|0|0|0|0|1|0|3560610004|3560610009|0|0|0|0|0|0|0|0|0|0
604|F0|0|1|0|1|1|1|0|0|0|0|1|0|3570150903|3570150908|0|0|0|0|0|0|0|0|0|0
605|F0|0|1|0|1|1|1|0|0|0|0|1|0|3581608080|3581608085|0|0|0|0|0|0|0|0|0|0
606|F0|0|1|0|1|1|1|0|0|0|0|1|0|3590306592|3590306597|0|0|0|0|0|0|0|0|0|0
607|F0|0|1|0|1|1|1|0|0|0|0|1|0|3600268683|3600268688|0|0|0|0|0|0|0|0|0|0
608|F0|0|1|0|1|1|1|0|0|0|0|1|0|3612960509|3612960514|0|0|0|0|0|0|0|0|0|0
609|F0|0|1|0|1|1|1|0|0|0|0|1|0|3622408165|3622408170|0|0|0|0|0|0|0|0|0|0
610|F0|0|1|0|1|1|1|0|0|0|0|1|0|3631830098|3631830103|0|0|0|0|0|0|0|0|0|0
611|F0|0|1|0|1|1|1|0|0|0|0|1|0|3641062332|3641062337|0|0|0|0|0|0|0|0|0|0
612|F0|0|1|0|1|1|1|0|0|0|0|1|0|3650796142|3650796147|0|0|0|0|0|0|0|0|0|0
613|F0|0|1|0|1|1|1|0|0|0|0|1|0|3660864339|3660864344|0|0|0|0|0|0|0|0|0|0
614|F0|0|1|0|1|1|1|0|0|0|0|1|0|3671221908|3671221913|0|0|0|0|0|0|0|0|0|0
615|F0|0|1|0|1|1|1|0|0|0|0|1|0|3680647064|3680647069|0|0|0|0|0|0|0|0|0|0
616|F0|0|1|0|1|1|1|0|0|0|0|1|0|3691740919|3691740924|0|0|0|0|0|0|0|0|0|0
617|F0|0|1|0|1|1|1|0|0|0|0|1|0|3701870208|3701870213|0|0|0|0|0|0|0|0|0|0
618|F0|0|1|0|1|1|1|0|0|0|0|1|0|3716700165|3716700170|0|0|0|0|0|0|0|0|0|0
619|F0|0|1|0|1|1|1|0|0|0|0|1|0|3725929181|3725929186|0|0|0|0|0|0|0|0|0|0
620|F0|0|1|0|1|1|1|0|0|0|0|1|0|3736576115|3736576120|0|0|0|0|0|0|0|0|0|0
621|F0|0|1|0|1|1|1|0|0|0|0|1|0|3747541358|3747541363|0|0|0|0|0|0|0|0|0|0
622|F0|0|1|0|1|1|1|0|0|0|0|1|0|3759937381|3759937386|0|0|0|0|0|0|0|0|0|0
623|F0|0|1|0|1|1|1|0|0|0|0|1|0|3770815810|3770815815|0|0|0|0|0|0|0|0|0|0
624|F0|0|1|0|1|1|1|0|0|0|0|1|0|3780498181|3780498186|0|0|0|0|0|0|0|0|0|0
625|F0|0|1|0|1|1|1|0|0|0|0|1|0|3789974771|3789974776|0|0|0|0|0|0|0|0|0|0
626|F0|0|1|0|1|1|1|0|0|0|0|1|0|3800316261|3800316266|0|0|0|0|0|0|0|0|0|0
627|F0|0|1|0|1|1|1|0|0|0|0|1|0|3809779987|3809779992|0|0|0|0|0|0|0|0|0|0
628|F0|0|1|0|1|1|1|0|0|0|0|1|0|3818668197|3818668202|0|0|0|0|0|0|0|0|0|0
629|F0|0|1|0|1|1|1|0|0|0|0|1|0|3836366135|3836366140|0|0|0|0|0|0|0|0|0|0
630|F0|0|1|0|1|1|1|0|0|0|0|1|0|3847292796|3847292801|0|0|0|0|0|0|0|0|0|0
631|F0|0|1|0|1|1|1|0|0|0|0|1|0|3858354496|3858354501|0|0|0|0|0|0|0|0|0|0
632|F0|0|1|0|1|1|1|0|0|0|0|1|0|3868474135|3868474140|0|0|0|0|0|0|0|0|0|0
633|F0|0|1|0|1|1|1|0|0|0|0|1|0|3877056893|3877056898|0|0|0|0|0|0|0|0|0|0
634|F0|0|1|0|1|1|1|0|0|0|0|1|0|3888035000|3888035005|0|0|0|0|0|0|0|0|0|0
635|F0|0|1|0|1|1|1|0|0|0|0|1|0|3899469669|3899469674|0|0|0|0|0|0|0|0|0|0
636|F0|0|1|0|1|1|1|0|0|0|0|1|0|3908248558|3908248563|0|0|0|0|0|0|0|0|0|0
637|F0|0|1|0|1|1|1|0|0|0|0|1|0|3917011371|3917011376|0|0|0|0|0|0|0|0|0|0
638|F0|0|1|0|1|1|1|0|0|0|0|1|0|3927712967|3927712972|0|0|0|0|0|0|0|0|0|0
639|F0|0|1|0|1|1|1|0|0|0|0|1|0|3941729468|3941729473|0|0|0|0|0|0|0|0|0|0
640|F0|0|1|0|1|1|1|0|0|0|0|1|0|3950337948|3950337953|0|0|0|0|0|0|0|0|0|0
641|F0|0|1|0|1|1|1|0|0|0|0|1|0|3960679440|3960679445|0|0|0|0|0|0|0|0|0|0
642|F0|0|1|0|1|1|1|0|0|0|0|1|0|3974583412|3974583417|0|0|0|0|0|0|0|0|0|0
643|F0|0|1|0|1|1|1|0|0|0|0|1|0|3986047022|3986047027|0|0|0|0|0|0|0|0|0|0
644|F0|0|1|0|1|1|1|0|0|0|0|1|0|3994147499|3994147504|0|0|0|0|0|0|0|0|0|0
645|F0|0|1|0|1|1|1|0|0|0|0|1|0|4005183479|4005183484|0|0|0|0|0|0|0|0|0|0
646|F0|0|1|0|1|1|1|0|0|0|0|1|0|4013808034|4013808039|0|0|0|0|0|0|0|0|0|0
647|F0|0|1|0|1|1|1|0|0|0|0|1|0|4025175183|4025175188|0|0|0|0|0|0|0|0|0|0
648|F0|0|1|0|1|1|1|0|0|0|0|1|0|4040149824|4040149829|0|0|0|0|0|0|0|0|0|0
649|F0|0|1|0|1|1|1|0|0|0|0|1|0|4051864219|4051864224|0|0|0|0|0|0|0|0|0|0
650|F0|0|1|0|1|1|1|0|0|0|0|1|0|4060614171|4060614176|0|0|0|0|0|0|0|0|0|0
651|F0|0|1|0|1|1|1|0|0|0|0|1|0|4072836572|4072836577|0|0|0|0|0|0|0|0|0|0
652|F0|0|1|0|1|1|1|0|0|0|0|1|0|4081049574|4081049579|0|0|0|0|0|0|0|0|0|0
653|F0|0|1|0|1|1|1|0|0|0|0|1|0|4089654839|4089654844|0|0|0|0|0|0|0|0|0|0
654|F0|0|1|0|1|1|1|0|0|0|0|1|0|4099221460|4099221465|0|0|0|0|0|0|0|0|0|0
655|F0|0|1|0|1|1|1|0|0|0|0|1|0|4110996948|4110996953|0|0|0|0|0|0|0|0|0|0
656|F0|0|1|0|1|1|1|0|0|0|0|1|0|4121804651|4121804656|0|0|0|0|0|0|0|0|0|0
657|F0|0|1|0|1|1|1|0|0|0|0|1|0|4130226647|4130226652|0|0|0|0|0|0|0|0|0|0
658|F0|0|1|0|1|1|1|0|0|0|0|1|0|4138847988|4138847993|0|0|0|0|0|0|0|0|0|0
659|F0|0|1|0|1|1|1|0|0|0|0|1|0|4147202469|4147202474|0|0|0|0|0|0|0|0|0|0
660|F0|0|1|0|1|1|1|0|0|0|0|1|0|4156830173|4156830178|0|0|0|0|0|0|0|0|0|0
661|F0|0|1|0|1|1|1|0|0|0|0|1|0|4171280728|4171280733|0|0|0|0|0|0|0|0|0|0
662|F0|0|1|0|1|1|1|0|0|0|0|1|0|4181596496|4181596501|0|0|0|0|0|0|0|0|0|0
663|F0|0|1|0|1|1|1|0|0|0|0|1|0|4190754784|4190754789|0|0|0|0|0|0|0|0|0|0
664|F0|0|1|0|1|1|1|0|0|0|0|1|0|4198575529|4198575534|0|0|0|0|0|0|0|0|0|0
665|F0|0|1|0|1|1|1|0|0|0|0|1|0|4212174048|4212174053|0|0|0|0|0|0|0|0|0|0
666|F0|0|1|0|1|1|1|0|0|0|0|1|0|4222727741|4222727746|0|0|0|0|0|0|0|0|0|0
667|F0|0|1|0|1|1|1|0|0|0|0|1|0|4232059650|4232059655|0|0|0|0|0|0|0|0|0|0
668|F0|0|1|0|1|1|1|0|0|0|0|1|0|4240951074|4240951079|0|0|0|0|0|0|0|0|0|0
669|F0|0|1|0|1|1|1|0|0|0|0|1|0|4257735890|4257735895|0|0|0|0|0|0|0|0|0|0
670|F0|0|1|0|1|1|1|0|0|0|0|1|0|4271864924|4271864929|0|0|0|0|0|0|0|0|0|0
671|F0|0|1|0|1|1|1|0|0|0|0|1|0|4288058135|4288058140|0|0|0|0|0|0|0|0|0|0
672|F0|0|1|0|1|1|1|0|0|0|0|1|0|5239293|5239298|0|0|0|0|0|0|0|0|0|0
673|F0|0|1|0|1|1|1|0|0|0|0|1|0|14375072|14375077|0|0|0|0|0|0|0|0|0|0
674|F0|0|1|0|1|1|1|0|0|0|0|1|0|34831680|34831685|0|0|0|0|0|0|0|0|0|0
675|F0|0|1|0|1|1|1|0|0|0|0|1|0|49655205|49655210|0|0|0|0|0|0|0|0|0|0
676|F0|0|1|0|1|1|1|0|0|0|0|1|0|60212115|60212120|0|0|0|0|0|0|0|0|0|0
677|F0|0|1|0|1|1|1|0|0|0|0|1|0|71971526|71971531|0|0|0|0|0|0|0|0|0|0
678|F0|0|1|0|1|1|1|0|0|0|0|1|0|81425615|81425620|0|0|0|0|0|0|0|0|0|0
679|F0|0|1|0|1|1|1|0|0|0|0|1|0|95503209|95503214|0|0|0|0|0|0|0|0|0|0
680|F0|0|1|0|1|1|1|0|0|0|0|1|0|105915433|105915438|0|0|0|0|0|0|0|0|0|0
681|F0|0|1|0|1|1|1|0|0|0|0|1|0|114549632|114549637|0|0|0|0|0|0|0|0|0|0
682|F0|0|1|0|1|1|1|0|0|0|0|1|0|125305888|125305893|0|0|0|0|0|0|0|0|0|0
683|F0|0|1|0|1|1|1|0|0|0|0|1|0|134669949|134669954|0|0|0|0|0|0|0|0|0|0
684|F0|0|1|0|1|1|1|0|0|0|0|1|0|142294567|142294572|0|0|0|0|0|0|0|0|0|0
685|F0|0|1|0|1|1|1|0|0|0|0|1|0|153909289|153909294|0|0|0|0|0|0|0|0|0|0
686|F0|0|1|0|1|1|1|0|0|0|0|1|0|167498162|167498167|0|0|0|0|0|0|0|0|0|0
687|F0|0|1|0|1|1|1|0|0|0|0|1|0|177968261|177968266|0|0|0|0|0|0|0|0|0|0
688|F0|0|1|0|1|1|1|0|0|0|0|1|0|186788947|186788952|0|0|0|0|0|0|0|0|0|0
689|F0|0|1|0|1|1|1|0|0|0|0|1|0|197715607|197715612|0|0|0|0|0|0|0|0|0|0
690|F0|0|1|0|1|1|1|0|0|0|0|1|0|206584521|206584526|0|0|0|0|0|0|0|0|0|0
691|F0|0|1|0|1|1|1|0|0|0|0|1|0|216752386|216752391|0|0|0|0|0|0|0|0|0|0
692|F0|0|1|0|1|1|1|0|0|0|0|1|0|229685355|229685360|0|0|0|0|0|0|0|0|0|0
693|F0|0|1|0|1|1|1|0|0|0|0|1|0|241001062|241001067|0|0|0|0|0|0|0|0|0|0
694|F0|0|1|0|1|1|1|0|0|0|0|1|0|250731659|250731664|0|0|0|0|0|0|0|0|0|0
695|F0|0|1|0|1|1|1|0|0|0|0|1|0|259870649|259870654|0|0|0|0|0|0|0|0|0|0
696|F0|0|1|0|1|1|1|0|0|0|0|1|0|268707410|268707415|0|0|0|0|0|0|0|0|0|0
697|F0|0|1|0|1|1|1|0|0|0|0|1|0|277749945|277749950|0|0|0|0|0|0|0|0|0|0
698|F0|0|1|0|1|1|1|0|0|0|0|1|0|286567416|286567421|0|0|0|0|0|0|0|0|0|0
699|F0|0|1|0|1|1|1|0|0|0|0|1|0|301818565|301818570|0|0|0|0|0|0|0|0|0|0
700|F0|0|1|0|1|1|1|0|0|0|0|1|0|315870429|315870434|0|0|0|0|0|0|0|0|0|0
701|F0|0|1|0|1|1|1|0|0|0|0|1|0|326552729|326552734|0|0|0|0|0|0|0|0|0|0
702|F0|0|1|0|1|1|1|0|0|0|0|1|0|337466528|337466533|0|0|0|0|0|0|0|0|0|0
703|F0|0|1|0|1|1|1|0|0|0|0|1|0|348171337|348171342|0|0|0|0|0|0|0|0|0|0
704|F0|0|1|0|1|1|1|0|0|0|0|1|0|363155621|363155626|0|0|0|0|0|0|0|0|0|0
705|F0|0|1|0|1|1|1|0|0|0|0|1|0|372667577|372667582|0|0|0|0|0|0|0|0|0|0
706|F0|0|1|0|1|1|1|0|0|0|0|1|0|381449679|381449684|0|0|0|0|0|0|0|0|0|0
707|F0|0|1|0|1|1|1|0|0|0|0|1|0|392903644|392903649|0|0|0|0|0|0|0|0|0|0
708|F0|0|1|0|1|1|1|0|0|0|0|1|0|403630963|403630968|0|0|0|0|0|0|0|0|0|0
709|F0|0|1|0|1|1|1|0|0|0|0|1|0|413361561|413361566|0|0|0|0|0|0|0|0|0|0
710|F0|0|1|0|1|1|1|0|0|0|0|1|0|421822139|421822144|0|0|0|0|0|0|0|0|0|0
711|F0|0|1|0|1|1|1|0|0|0|0|1|0|431880691|431880696|0|0|0|0|0|0|0|0|0|0
712|F0|0|1|0|1|1|1|0|0|0|0|1|0|441032546|441032551|0|0|0|0|0|0|0|0|0|0
713|F0|0|1|0|1|1|1|0|0|0|0|1|0|452576532|452576537|0|0|0|0|0|0|0|0|0|0
714|F0|0|1|0|1|1|1|0|0|0|0|1|0|462525766|462525771|0|0|0|0|0|0|0|0|0|0
715|F0|0|1|0|1|1|1|0|0|0|0|1|0|474214441|474214446|0|0|0|0|0|0|0|0|0|0
716|F0|0|1|0|1|1|1|0|0|0|0|1|0|484247266|484247271|0|0|0|0|0|0|0|0|0|0
717|F0|0|1|0|1|1|1|0|0|0|0|1|0|492900759|492900764|0|0|0|0|0|0|0|0|0|0
718|F0|0|1|0|1|1|1|0|0|0|0|1|0|506508930|506508935|0|0|0|0|0|0|0|0|0|0
719|F0|0|1|0|1|1|1|0|0|0|0|1|0|516885788|516885793|0|0|0|0|0|0|0|0|0|0
720|F0|0|1|0|1|1|1|0|0|0|0|1|0|528108251|528108256|0|0|0|0|0|0|0|0|0|0
721|F0|0|1|0|1|1|1|0|0|0|0|1|0|538096064|538096069|0|0|0|0|0|0|0|0|0|0
722|F0|0|1|0|1|1|1|0|0|0|0|1|0|548961637|548961642|0|0|0|0|0|0|0|0|0|0
723|F0|0|1|0|1|1|1|0|0|0|0|1|0|557335403|557335408|0|0|0|0|0|0|0|0|0|0
724|F0|0|1|0|1|1|1|0|0|0|0|1|0|571827758|571827763|0|0|0|0|0|0|0|0|0|0
725|F0|0|1|0|1|1|1|0|0|0|0|1|0|581587292|581587297|0|0|0|0|0|0|0|0|0|0
726|F0|0|1|0|1|1|1|0|0|0|0|1|0|590440125|590440130|0|0|0|0|0|0|0|0|0|0
727|F0|0|1|0|1|1|1|0|0|0|0|1|0|600971316|600971321|0|0|0|0|0|0|0|0|0|0
728|F0|0|1|0|1|1|1|0|0|0|0|1|0|611139188|611139193|0|0|0|0|0|0|0|0|0|0
729|F0|0|1|0|1|1|1|0|0|0|0|1|0|620011320|620011325|0|0|0|0|0|0|0|0|0|0
730|F0|0|1|0|1|1|1|0|0|0|0|1|0|635114569|635114574|0|0|0|0|0|0|0|0|0|0
731|F0|0|1|0|1|1|1|0|0|0|0|1|0|645597528|645597533|0|0|0|0|0|0|0|0|0|0
732|F0|0|1|0|1|1|1|0|0|0|0|1|0|661221643|661221648|0|0|0|0|0|0|0|0|0|0
733|F0|0|1|0|1|1|1|0|0|0|0|1|0|674241428|674241433|0|0|0|0|0|0|0|0|0|0
734|F0|0|1|0|1|1|1|0|0|0|0|1|0|685942964|685942969|0|0|0|0|0|0|0|0|0|0
735|F0|0|1|0|1|1|1|0|0|0|0|1|0|696326254|696326259|0|0|0|0|0|0|0|0|0|0
736|F0|0|1|0|1|1|1|0|0|0|0|1|0|709506798|709506803|0|0|0|0|0|0|0|0|0|0
737|F0|0|1|0|1|1|1|0|0|0|0|1|0|717758391|717758396|0|0|0|0|0|0|0|0|0|0
738|F0|0|1|0|1|1|1|0|0|0|0|1|0|729009794|729009799|0|0|0|0|0|0|0|0|0|0
739|F0|0|1|0|1|1|1|0|0|0|0|1|0|740325497|740325502|0|0|0|0|0|0|0|0|0|0
740|F0|0|1|0|1|1|1|0|0|0|0|1|0|749435552|749435557|0|0|0|0|0|0|0|0|0|0
741|F0|0|1|0|1|1|1|0|0|0|0|1|0|758831763|758831768|0|0|0|0|0|0|0|0|0|0
742|F0|0|1|0|1|1|1|0|0|0|0|1|0|772941506|772941511|0|0|0|0|0|0|0|0|0|0
743|F0|0|1|0|1|1|1|0|0|0|0|1|0|781919739|781919744|0|0|0|0|0|0|0|0|0|0
744|F0|0|1|0|1|1|1|0|0|0|0|1|0|793846345|793846350|0|0|0|0|0|0|0|0|0|0
745|F0|0|1|0|1|1|1|0|0|0|0|1|0|803843805|803843810|0|0|0|0|0|0|0|0|0|0
746|F0|0|1|0|1|1|1|0|0|0|0|1|0|812850973|812850978|0|0|0|0|0|0|0|0|0|0
747|F0|0|1|0|1|1|1|0|0|0|0|1|0|821681303|821681308|0|0|0|0|0|0|0|0|0|0
748|F0|0|1|0|1|1|1|0|0|0|0|1|0|834119127|834119132|0|0|0|0|0|0|0|0|0|0
749|F0|0|1|0|1|1|1|0|0|0|0|1|0|848187072|848187077|0|0|0|0|0|0|0|0|0|0
750|F0|0|1|0|1|1|1|0|0|0|0|1|0|860988212|860988217|0|0|0|0|0|0|0|0|0|0
751|F0|0|1|0|1|1|1|0|0|0|0|1|0|876133264|876133269|0|0|0|0|0|0|0|0|0|0
752|F0|0|1|0|1|1|1|0|0|0|0|1|0|889632115|889632120|0|0|0|0|0|0|0|0|0|0
753|F0|0|1|0|1|1|1|0|0|0|0|1|0|902211403|902211408|0|0|0|0|0|0|0|0|0|0
754|F0|0|1|0|1|1|1|0|0|0|0|1|0|912273175|912273180|0|0|0|0|0|0|0|0|0|0
755|F0|0|1|0|1|1|1|0|0|0|0|1|0|924778519|924778524|0|0|0|0|0|0|0|0|0|0
756|F0|0|1|0|1|1|1|0|0|0|0|1|0|936917326|936917331|0|0|0|0|0|0|0|0|0|0
757|F0|0|1|0|1|1|1|0|0|0|0|1|0|946837624|946837629|0|0|0|0|0|0|0|0|0|0
758|F0|0|1|0|1|1|1|0|0|0|0|1|0|959870263|959870268|0|0|0|0|0|0|0|0|0|0
759|F0|0|1|0|1|1|1|0|0|0|0|1|0|970758341|970758346|0|0|0|0|0|0|0|0|0|0
760|F0|0|1|0|1|1|1|0|0|0|0|1|0|984848791|984848796|0|0|0|0|0|0|0|0|0|0
761|F0|0|1|0|1|1|1|0|0|0|0|1|0|994579385|994579390|0|0|0|0|0|0|0|0|0|0
762|F0|0|1|0|1|1|1|0|0|0|0|1|0|1005631443|1005631448|0|0|0|0|0|0|0|0|0|0
763|F0|0|1|0|1|1|1|0|0|0|0|1|0|1017169003|1017169008|0|0|0|0|0|0|0|0|0|0
764|F0|0|1|0|1|1|1|0|0|0|0|1|0|1025459174|1025459179|0|0|0|0|0|0|0|0|0|0
765|F0|0|1|0|1|1|1|0|0|0|0|1|0|1035138329|1035138334|0|0|0|0|0|0|0|0|0|0
766|F0|0|1|0|1|1|1|0|0|0|0|1|0|1045682379|1045682384|0|0|0|0|0|0|0|0|0|0
767|F0|0|1|0|1|1|1|0|0|0|0|1|0|1054503063|1054503068|0|0|0|0|0|0|0|0|0|0
768|F0|0|1|0|1|1|1|0|0|0|0|1|0|1062352747|1062352752|0|0|0|0|0|0|0|0|0|0
769|F0|0|1|0|1|1|1|0|0|0|0|1|0|1071826123|1071826128|0|0|0|0|0|0|0|0|0|0
770|F0|0|1|0|1|1|1|0|0|0|0|1|0|1080222402|1080222407|0|0|0|0|0|0|0|0|0|0
771|F0|0|1|0|1|1|1|0|0|0|0|1|0|1089473931|1089473936|0|0|0|0|0|0|0|0|0|0
772|F0|0|1|0|1|1|1|0|0|0|0|1|0|1097928080|1097928085|0|0|0|0|0|0|0|0|0|0
773|F0|0|1|0|1|1|1|0|0|0|0|1|0|1110115113|1110115118|0|0|0|0|0|0|0|0|0|0
774|F0|0|1|0|1|1|1|0|0|0|0|1|0|1120443740|1120443745|0|0|0|0|0|0|0|0|0|0
775|F0|0|1|0|1|1|1|0|0|0|0|1|0|1131363973|1131363978|0|0|0|0|0|0|0|0|0|0
776|F0|0|1|0|1|1|1|0|0|0|0|1|0|1141039909|1141039914|0|0|0|0|0|0|0|0|0|0
777|F0|0|1|0|1|1|1|0|0|0|0|1|0|1151490713|1151490718|0|0|0|0|0|0|0|0|0|0
778|F0|0|1|0|1|1|1|0|0|0|0|1|0|1159999522|1159999527|0|0|0|0|0|0|0|0|0|0
779|F0|0|1|0|1|1|1|0|0|0|0|1|0|1170402103|1170402108|0|0|0|0|0|0|0|0|0|0
780|F0|0|1|0|1|1|1|0|0|0|0|1|0|1182376928|1182376933|0|0|0|0|0|0|0|0|0|0
781|F0|0|1|0|1|1|1|0|0|0|0|1|0|1192187901|1192187906|0|0|0|0|0|0|0|0|0|0
782|F0|0|1|0|1|1|1|0|0|0|0|1|0|1200529513|1200529518|0|0|0|0|0|0|0|0|0|0
783|F0|0|1|0|1|1|1|0|0|0|0|1|0|1211202171|1211202176|0|0|0|0|0|0|0|0|0|0
784|F0|0|1|0|1|1|1|0|0|0|0|1|0|1219611307|1219611312|0|0|0|0|0|0|0|0|0|0
785|F0|0|1|0|1|1|1|0|0|0|0|1|0|1231425378|1231425383|0|0|0|0|0|0|0|0|0|0
786|F0|0|1|0|1|1|1|0|0|0|0|1|0|1243904997|1243905002|0|0|0|0|0|0|0|0|0|0
787|F0|0|1|0|1|1|1|0|0|0|0|1|0|1253732048|1253732053|0|0|0|0|0|0|0|0|0|0
788|F0|0|1|0|1|1|1|0|0|0|0|1|0|1264009236|1264009241|0|0|0|0|0|0|0|0|0|0
789|F0|0|1|0|1|1|1|0|0|0|0|1|0|1284012499|1284012504|0|0|0|0|0|0|0|0|0|0
790|F0|0|1|0|1|1|1|0|0|0|0|1|0|1293984239|1293984244|0|0|0|0|0|0|0|0|0|0
791|F0|0|1|0|1|1|1|0|0|0|0|1|0|1303695545|1303695550|0|0|0|0|0|0|0|0|0|0
792|F0|0|1|0|1|1|1|0|0|0|0|1|0|1312895625|1312895630|0|0|0|0|0|0|0|0|0|0
793|F0|0|1|0|1|1|1|0|0|0|0|1|0|1324327078|1324327083|0|0|0|0|0|0|0|0|0|0
794|F0|0|1|0|1|1|1|0|0|0|0|1|0|1334417783|1334417788|0|0|0|0|0|0|0|0|0|0
795|F0|0|1|0|1|1|1|0|0|0|0|1|0|1343183810|1343183815|0|0|0|0|0|0|0|0|0|0
796|F0|0|1|0|1|1|1|0|0|0|0|1|0|1352117035|1352117040|0|0|0|0|0|0|0|0|0|0
797|F0|0|1|0|1|1|1|0|0|0|0|1|0|1360510091|1360510096|0|0|0|0|0|0|0|0|0|0
798|F0|0|1|0|1|1|1|0|0|0|0|1|0|1371105584|1371105589|0|0|0|0|0|0|0|0|0|0
799|F0|0|1|0|1|1|1|0|0|0|0|1|0|1379836244|1379836249|0|0|0|0|0|0|0|0|0|0
800|F0|0|1|0|1|1|1|0|0|0|0|1|0|1391904320|1391904325|0|0|0|0|0|0|0|0|0|0
801|F0|0|1|0|1|1|1|0|0|0|0|1|0|1401538461|1401538466|0|0|0|0|0|0|0|0|0|0
802|F0|0|1|0|1|1|1|0|0|0|0|1|0|1410098711|1410098716|0|0|0|0|0|0|0|0|0|0
803|F0|0|1|0|1|1|1|0|0|0|0|1|0|1421449783|1421449788|0|0|0|0|0|0|0|0|0|0
804|F0|0|1|0|1|1|1|0|0|0|0|1|0|1432193179|1432193184|0|0|0|0|0|0|0|0|0|0
805|F0|0|1|0|1|1|1|0|0|0|0|1|0|1440380463|1440380468|0|0|0|0|0|0|0|0|0|0
806|F0|0|1|0|1|1|1|0|0|0|0|1|0|1450959886|1450959891|0|0|0|0|0|0|0|0|0|0
807|F0|0|1|0|1|1|1|0|0|0|0|1|0|1460626178|1460626183|0|0|0|0|0|0|0|0|0|0
808|F0|0|1|0|1|1|1|0|0|0|0|1|0|1469572256|1469572261|0|0|0|0|0|0|0|0|0|0
809|F0|0|1|0|1|1|1|0|0|0|0|1|0|1479100294|1479100299|0|0|0|0|0|0|0|0|0|0
810|F0|0|1|0|1|1|1|0|0|0|0|1|0|1491978601|1491978606|0|0|0|0|0|0|0|0|0|0
811|F0|0|1|0|1|1|1|0|0|0|0|1|0|1501310510|1501310515|0|0|0|0|0|0|0|0|0|0
812|F0|0|1|0|1|1|1|0|0|0|0|1|0|1511147211|1511147216|0|0|0|0|0|0|0|0|0|0
813|F0|0|1|0|1|1|1|0|0|0|0|1|0|1520569152|1520569157|0|0|0|0|0|0|0|0|0|0
814|F0|0|1|0|1|1|1|0|0|0|0|1|0|1531055325|1531055330|0|0|0|0|0|0|0|0|0|0
815|F0|0|1|0|1|1|1|0|0|0|0|1|0|1541406460|1541406465|0|0|0|0|0|0|0|0|0|0
816|F0|0|1|0|1|1|1|0|0|0|0|1|0|1551066322|1551066327|0|0|0|0|0|0|0|0|0|0
817|F0|0|1|0|1|1|1|0|0|0|0|1|0|1560099214|1560099219|0|0|0|0|0|0|0|0|0|0
818|F0|0|1|0|1|1|1|0|0|0|0|1|0|1570765445|1570765450|0|0|0|0|0|0|0|0|0|0
819|F0|0|1|0|1|1|1|0|0|0|0|1|0|1581939680|1581939685|0|0|0|0|0|0|0|0|0|0
820|F0|0|1|0|1|1|1|0|0|0|0|1|0|1590390615|1590390620|0|0|0|0|0|0|0|0|0|0
821|F0|0|1|0|1|1|1|0|0|0|0|1|0|1599632494|1599632499|0|0|0|0|0|0|0|0|0|0
822|F0|0|1|0|1|1|1|0|0|0|0|1|0|1609179826|1609179831|0|0|0|0|0|0|0|0|0|0
823|F0|0|1|0|1|1|1|0|0|0|0|1|0|1618723941|1618723946|0|0|0|0|0|0|0|0|0|0
824|F0|0|1|0|1|1|1|0|0|0|0|1|0|1631245353|1631245358|0|0|0|0|0|0|0|0|0|0
825|F0|0|1|0|1|1|1|0|0|0|0|1|0|1651888444|1651888449|0|0|0|0|0|0|0|0|0|0
826|F0|0|1|0|1|1|1|0|0|0|0|1|0|1669682843|1669682848|0|0|0|0|0|0|0|0|0|0
827|F0|0|1|0|1|1|1|0|0|0|0|1|0|1679361995|1679362000|0|0|0|0|0|0|0|0|0|0
828|F0|0|1|0|1|1|1|0|0|0|0|1|0|1689153682|1689153687|0|0|0|0|0|0|0|0|0|0
829|F0|0|1|0|1|1|1|0|0|0|0|1|0|1698688147|1698688152|0|0|0|0|0|0|0|0|0|0
830|F0|0|1|0|1|1|1|0|0|0|0|1|0|1711495723|1711495728|0|0|0|0|0|0|0|0|0|0
831|F0|0|1|0|1|1|1|0|0|0|0|1|0|1720126713|1720126718|0|0|0|0|0|0|0|0|0|0
832|F0|0|1|0|1|1|1|0|0|0|0|1|0|1731509936|1731509941|0|0|0|0|0|0|0|0|0|0
833|F0|0|1|0|1|1|1|0|0|0|0|1|0|1740494601|1740494606|0|0|0|0|0|0|0|0|0|0
834|F0|0|1|0|1|1|1|0|0|0|0|1|0|1749784709|1749784714|0|0|0|0|0|0|0|0|0|0
835|F0|0|1|0|1|1|1|0|0|0|0|1|0|1759267735|1759267740|0|0|0|0|0|0|0|0|0|0
836|F0|0|1|0|1|1|1|0|0|0|0|1|0|1770155815|1770155820|0|0|0|0|0|0|0|0|0|0
837|F0|0|1|0|1|1|1|0|0|0|0|1|0|1780526245|1780526250|0|0|0|0|0|0|0|0|0|0
838|F0|0|1|0|1|1|1|0|0|0|0|1|0|1792452846|1792452851|0|0|0|0|0|0|0|0|0|0
839|F0|0|1|0|1|1|1|0|0|0|0|1|0|1806453271|1806453276|0|0|0|0|0|0|0|0|0|0
840|F0|0|1|0|1|1|1|0|0|0|0|1|0|1817071270|1817071275|0|0|0|0|0|0|0|0|0|0
841|F0|0|1|0|1|1|1|0|0|0|0|1|0|1828930350|1828930355|0|0|0|0|0|0|0|0|0|0
842|F0|0|1|0|1|1|1|0|0|0|0|1|0|1839345789|1839345794|0|0|0|0|0|0|0|0|0|0
843|F0|0|1|0|1|1|1|0|0|0|0|1|0|1847108659|1847108664|0|0|0|0|0|0|0|0|0|0
844|F0|0|1|0|1|1|1|0|0|0|0|1|0|1857379415|1857379420|0|0|0|0|0|0|0|0|0|0
845|F0|0|1|0|1|1|1|0|0|0|0|1|0|1868023136|1868023141|0|0|0|0|0|0|0|0|0|0
846|F0|0|1|0|1|1|1|0|0|0|0|1|0|1876789166|1876789171|0|0|0|0|0|0|0|0|0|0
847|F0|0|1|0|1|1|1|0|0|0|0|1|0|1885397646|1885397651|0|0|0|0|0|0|0|0|0|0
848|F0|0|1|0|1|1|1|0|0|0|0|1|0|1896706921|1896706926|0|0|0|0|0|0|0|0|0|0
849|F0|0|1|0|1|1|1|0|0|0|0|1|0|1911070665|1911070670|0|0|0|0|0|0|0|0|0|0
850|F0|0|1|0|1|1|1|0|0|0|0|1|0|1919505519|1919505524|0|0|0|0|0|0|0|0|0|0
851|F0|0|1|0|1|1|1|0|0|0|0|1|0|1930004559|1930004564|0|0|0|0|0|0|0|0|0|0
852|F0|0|1|0|1|1|1|0|0|0|0|1|0|1945249280|1945249285|0|0|0|0|0|0|0|0|0|0
853|F0|0|1|0|1|1|1|0|0|0|0|1|0|1953504084|1953504089|0|0|0|0|0|0|0|0|0|0
854|F0|0|1|0|1|1|1|0|0|0|0|1|0|1964179964|1964179969|0|0|0|0|0|0|0|0|0|0
855|F0|0|1|0|1|1|1|0|0|0|0|1|0|1976759252|1976759257|0|0|0|0|0|0|0|0|0|0
856|F0|0|1|0|1|1|1|0|0|0|0|1|0|1987801669|1987801674|0|0|0|0|0|0|0|0|0|0
857|F0|0|1|0|1|1|1|0|0|0|0|1|0|1995503452|1995503457|0|0|0|0|0|0|0|0|0|0
858|F0|0|1|0|1|1|1|0|0|0|0|1|0|2003710027|2003710032|0|0|0|0|0|0|0|0|0|0
859|F0|0|1|0|1|1|1|0|0|0|0|1|0|2016141422|2016141427|0|0|0|0|0|0|0|0|0|0
860|F0|0|1|0|1|1|1|0|0|0|0|1|0|2026704764|2026704769|0|0|0|0|0|0|0|0|0|0
861|F0|0|1|0|1|1|1|0|0|0|0|1|0|2039177952|2039177957|0|0|0|0|0|0|0|0|0|0
862|F0|0|1|0|1|1|1|0|0|0|0|1|0|2052725026|2052725031|0|0|0|0|0|0|0|0|0|0
863|F0|0|1|0|1|1|1|0|0|0|0|1|0|2063879974|2063879979|0|0|0|0|0|0|0|0|0|0
864|F0|0|1|0|1|1|1|0|0|0|0|1|0|2076005920|2076005925|0|0|0|0|0|0|0|0|0|0
865|F0|0|1|0|1|1|1|0|0|0|0|1|0|2090466121|2090466126|0|0|0|0|0|0|0|0|0|0
866|F0|0|1|0|1|1|1|0|0|0|0|1|0|2103292984|2103292989|0|0|0|0|0|0|0|0|0|0
867|F0|0|1|0|1|1|1|0|0|0|0|1|0|2113943133|2113943138|0|0|0|0|0|0|0|0|0|0
868|F0|0|1|0|1|1|1|0|0|0|0|1|0|2123127138|2123127143|0|0|0|0|0|0|0|0|0|0
869|F0|0|1|0|1|1|1|0|0|0|0|1|0|2132970268|2132970273|0|0|0|0|0|0|0|0|0|0
870|F0|0|1|0|1|1|1|0|0|0|0|1|0|2143231374|2143231379|0|0|0|0|0|0|0|0|0|0
871|F0|0|1|0|1|1|1|0|0|0|0|1|0|2155752792|2155752797|0|0|0|0|0|0|0|0|0|0
872|F0|0|1|0|1|1|1|0|0|0|0|1|0|2169000852|2169000857|0|0|0|0|0|0|0|0|0|0
873|F0|0|1|0|1|1|1|0|0|0|0|1|0|2200077378|2200077383|0|0|0|0|0|0|0|0|0|0
874|F0|0|1|0|1|1|1|0|0|0|0|1|0|2228951467|2228951472|0|0|0|0|0|0|0|0|0|0
875|F0|0|1|0|1|1|1|0|0|0|0|1|0|2277460974|2277460979|0|0|0|0|0|0|0|0|0|0
876|F0|0|1|0|1|1|1|0|0|0|0|1|0|2318295726|2318295731|0|0|0|0|0|0|0|0|0|0
877|F0|0|1|0|1|1|1|0|0|0|0|1|0|2340848668|2340848673|0|0|0|0|0|0|0|0|0|0
878|F0|0|1|0|1|1|1|0|0|0|0|1|0|2352305843|2352305848|0|0|0|0|0|0|0|0|0|0
879|F0|0|1|0|1|1|1|0|0|0|0|1|0|2362103965|2362103970|0|0|0|0|0|0|0|0|0|0
880|F0|0|1|0|1|1|1|0|0|0|0|1|0|2376171910|2376171915|0|0|0|0|0|0|0|0|0|0
881|F0|0|1|0|1|1|1|0|0|0|0|1|0|2387613012|2387613017|0|0|0|0|0|0|0|0|0|0
882|F0|0|1|0|1|1|1|0|0|0|0|1|0|2404622895|2404622900|0|0|0|0|0|0|0|0|0|0
883|F0|0|1|0|1|1|1|0|0|0|0|1|0|2415089783|2415089788|0|0|0|0|0|0|0|0|0|0
884|F0|0|1|0|1|1|1|0|0|0|0|1|0|2429868293|2429868298|0|0|0|0|0|0|0|0|0|0
885|F0|0|1|0|1|1|1|0|0|0|0|1|0|2440656700|2440656705|0|0|0|0|0|0|0|0|0|0
886|F0|0|1|0|1|1|1|0|0|0|0|1|0|2449104421|2449104426|0|0|0|0|0|0|0|0|0|0
887|F0|0|1|0|1|1|1|0|0|0|0|1|0|2461825186|2461825191|0|0|0|0|0|0|0|0|0|0
888|F0|0|1|0|1|1|1|0|0|0|0|1|0|2471745486|2471745491|0|0|0|0|0|0|0|0|0|0
889|F0|0|1|0|1|1|1|0|0|0|0|1|0|2484000038|2484000043|0|0|0|0|0|0|0|0|0|0
890|F0|0|1|0|1|1|1|0|0|0|0|1|0|2493238706|2493238711|0|0|0|0|0|0|0|0|0|0
891|F0|0|1|0|1|1|1|0|0|0|0|1|0|2504737683|2504737688|0|0|0|0|0|0|0|0|0|0
892|F0|0|1|0|1|1|1|0|0|0|0|1|0|2514918414|2514918419|0|0|0|0|0|0|0|0|0|0
893|F0|0|1|0|1|1|1|0|0|0|0|1|0|2531282035|2531282040|0|0|0|0|0|0|0|0|0|0
894|F0|0|1|0|1|1|1|0|0|0|0|1|0|2541321294|2541321299|0|0|0|0|0|0|0|0|0|0
895|F0|0|1|0|1|1|1|0|0|0|0|1|0|2552640216|2552640221|0|0|0|0|0|0|0|0|0|0
896|F0|0|1|0|1|1|1|0|0|0|0|1|0|2561512344|2561512349|0|0|0|0|0|0|0|0|0|0
897|F0|0|1|0|1|1|1|0|0|0|0|1|0|2573377852|2573377857|0|0|0|0|0|0|0|0|0|0
898|F0|0|1|0|1|1|1|0|0|0|0|1|0|2581754839|2581754844|0|0|0|0|0|0|0|0|0|0
899|F0|0|1|0|1|1|1|0|0|0|0|1|0|2591437207|2591437212|0|0|0|0|0|0|0|0|0|0
900|F0|0|1|0|1|1|1|0|0|0|0|1|0|2603267352|2603267357|0|0|0|0|0|0|0|0|0|0
901|F0|0|1|0|1|1|1|0|0|0|0|1|0|2618553867|2618553872|0|0|0|0|0|0|0|0|0|0
902|F0|0|1|0|1|1|1|0|0|0|0|1|0|2628567407|2628567412|0|0|0|0|0|0|0|0|0|0
903|F0|0|1|0|1|1|1|0|0|0|0|1|0|2638333376|2638333381|0|0|0|0|0|0|0|0|0|0
904|F0|0|1|0|1|1|1|0|0|0|0|1|0|2648555900|2648555905|0|0|0|0|0|0|0|0|0|0
905|F0|0|1|0|1|1|1|0|0|0|0|1|0|2660389259|2660389264|0|0|0|0|0|0|0|0|0|0
906|F0|0|1|0|1|1|1|0|0|0|0|1|0|2672804576|2672804581|0|0|0|0|0|0|0|0|0|0
907|F0|0|1|0|1|1|1|0|0|0|0|1|0|2684088128|2684088133|0|0|0|0|0|0|0|0|0|0
908|F0|0|1|0|1|1|1|0|0|0|0|1|0|2693850877|2693850882|0|0|0|0|0|0|0|0|0|0
909|F0|0|1|0|1|1|1|0|0|0|0|1|0|2702388619|2702388624|0|0|0|0|0|0|0|0|0|0
910|F0|0|1|0|1|1|1|0|0|0|0|1|0|2712112784|2712112789|0|0|0|0|0|0|0|0|0|0
911|F0|0|1|0|1|1|1|0|0|0|0|1|0|2723541026|2723541031|0|0|0|0|0|0|0|0|0|0
912|F0|0|1|0|1|1|1|0|0|0|0|1|0|2731946950|2731946955|0|0|0|0|0|0|0|0|0|0
913|F0|0|1|0|1|1|1|0|0|0|0|1|0|2742638899|2742638904|0|0|0|0|0|0|0|0|0|0
914|F0|0|1|0|1|1|1|0|0|0|0|1|0|2754806642|2754806647|0|0|0|0|0|0|0|0|0|0
915|F0|0|1|0|1|1|1|0|0|0|0|1|0|2769639814|2769639819|0|0|0|0|0|0|0|0|0|0
916|F0|0|1|0|1|1|1|0|0|0|0|1|0|2779138917|2779138922|0|0|0|0|0|0|0|0|0|0
917|F0|0|1|0|1|1|1|0|0|0|0|1|0|2790888677|2790888682|0|0|0|0|0|0|0|0|0|0
918|F0|0|1|0|1|1|1|0|0|0|0|1|0|2802458384|2802458389|0|0|0|0|0|0|0|0|0|0
919|F0|0|1|0|1|1|1|0|0|0|0|1|0|2816462025|2816462030|0|0|0|0|0|0|0|0|0|0
920|F0|0|1|0|1|1|1|0|0|0|0|1|0|2826118670|2826118675|0|0|0|0|0|0|0|0|0|0
921|F0|0|1|0|1|1|1|0|0|0|0|1|0|2834694999|2834695004|0|0|0|0|0|0|0|0|0|0
922|F0|0|1|0|1|1|1|0|0|0|0|1|0|2845425532|2845425537|0|0|0|0|0|0|0|0|0|0
923|F0|0|1|0|1|1|1|0|0|0|0|1|0|2852735060|2852735065|0|0|0|0|0|0|0|0|0|0
924|F0|0|1|0|1|1|1|0|0|0|0|1|0|2865655170|2865655175|0|0|0|0|0|0|0|0|0|0
925|F0|0|1|0|1|1|1|0|0|0|0|1|0|2878549555|2878549560|0|0|0|0|0|0|0|0|0|0
926|F0|0|1|0|1|1|1|0|0|0|0|1|0|2889138617|2889138622|0|0|0|0|0|0|0|0|0|0
927|F0|0|1|0|1|1|1|0|0|0|0|1|0|2899779123|2899779128|0|0|0|0|0|0|0|0|0|0
928|F0|0|1|0|1|1|1|0|0|0|0|1|0|2912400211|2912400216|0|0|0|0|0|0|0|0|0|0
929|F0|0|1|0|1|1|1|0|0|0|0|1|0|2922645244|2922645249|0|0|0|0|0|0|0|0|0|0
930|F0|0|1|0|1|1|1|0|0|0|0|1|0|2931893556|2931893561|0|0|0|0|0|0|0|0|0|0
931|F0|0|1|0|1|1|1|0|0|0|0|1|0|2941473038|2941473043|0|0|0|0|0|0|0|0|0|0
932|F0|0|1|0|1|1|1|0|0|0|0|1|0|2951232572|2951232577|0|0|0|0|0|0|0|0|0|0
933|F0|0|1|0|1|1|1|0|0|0|0|1|0|2960493743|2960493748|0|0|0|0|0|0|0|0|0|0
934|F0|0|1|0|1|1|1|0|0|0|0|1|0|2971950923|2971950928|0|0|0|0|0|0|0|0|0|0
935|F0|0|1|0|1|1|1|0|0|0|0|1|0|2981588279|2981588284|0|0|0|0|0|0|0|0|0|0
936|F0|0|1|0|1|1|1|0|0|0|0|1|0|2990871959|2990871964|0|0|0|0|0|0|0|0|0|0
937|F0|0|1|0|1|1|1|0|0|0|0|1|0|3001737523|3001737528|0|0|0|0|0|0|0|0|0|0
938|F0|0|1|0|1|1|1|0|0|0|0|1|0|3012107950|3012107955|0|0|0|0|0|0|0|0|0|0
939|F0|0|1|0|1|1|1|0|0|0|0|1|0|3022385135|3022385140|0|0|0|0|0|0|0|0|0|0
940|F0|0|1|0|1|1|1|0|0|0|0|1|0|3034102752|3034102757|0|0|0|0|0|0|0|0|0|0
941|F0|0|1|0|1|1|1|0|0|0|0|1|0|3046878171|3046878176|0|0|0|0|0|0|0|0|0|0
942|F0|0|1|0|1|1|1|0|0|0|0|1|0|3055702073|3055702078|0|0|0|0|0|0|0|0|0|0
943|F0|0|1|0|1|1|1|0|0|0|0|1|0|3066307211|3066307216|0|0|0|0|0|0|0|0|0|0
944|F0|0|1|0|1|1|1|0|0|0|0|1|0|3078751462|3078751467|0|0|0|0|0|0|0|0|0|0
945|F0|0|1|0|1|1|1|0|0|0|0|1|0|3090141122|3090141127|0|0|0|0|0|0|0|0|0|0
946|F0|0|1|0|1|1|1|0|0|0|0|1|0|3097910428|3097910433|0|0|0|0|0|0|0|0|0|0
947|F0|0|1|0|1|1|1|0|0|0|0|1|0|3108579872|3108579877|0|0|0|0|0|0|0|0|0|0
948|F0|0|1|0|1|1|1|0|0|0|0|1|0|3118455152|3118455157|0|0|0|0|0|0|0|0|0|0
949|F0|0|1|0|1|1|1|0|0|0|0|1|0|3129597236|3129597241|0|0|0|0|0|0|0|0|0|0
950|F0|0|1|0|1|1|1|0|0|0|0|1|0|3141932174|3141932179|0|0|0|0|0|0|0|0|0|0
951|F0|0|1|0|1|1|1|0|0|0|0|1|0|3152463367|3152463372|0|0|0|0|0|0|0|0|0|0
952|F0|0|1|0|1|1|1|0|0|0|0|1|0|3166135837|3166135842|0|0|0|0|0|0|0|0|0|0
953|F0|0|1|0|1|1|1|0|0|0|0|1|0|3179740787|3179740792|0|0|0|0|0|0|0|0|0|0
954|F0|0|1|0|1|1|1|0|0|0|0|1|0|3190394158|3190394163|0|0|0|0|0|0|0|0|0|0
955|F0|0|1|0|1|1|1|0|0|0|0|1|0|3199549227|3199549232|0|0|0|0|0|0|0|0|0|0
956|F0|0|1|0|1|1|1|0|0|0|0|1|0|3209382715|3209382720|0|0|0|0|0|0|0|0|0|0
957|F0|0|1|0|1|1|1|0|0|0|0|1|0|3218669611|3218669616|0|0|0|0|0|0|0|0|0|0
958|F0|0|1|0|1|1|1|0|0|0|0|1|0|3228885710|3228885715|0|0|0|0|0|0|0|0|0|0
959|F0|0|1|0|1|1|1|0|0|0|0|1|0|3239709486|3239709491|0|0|0|0|0|0|0|0|0|0
960|F0|0|1|0|1|1|1|0|0|0|0|1|0|3250767974|3250767979|0|0|0|0|0|0|0|0|0|0
961|F0|0|1|0|1|1|1|0|0|0|0|1|0|3262328041|3262328046|0|0|0|0|0|0|0|0|0|0
962|F0|0|1|0|1|1|1|0|0|0|0|1|0|3275351033|3275351038|0|0|0|0|0|0|0|0|0|0
963|F0|0|1|0|1|1|1|0|0|0|0|1|0|3284718309|3284718314|0|0|0|0|0|0|0|0|0|0
964|F0|0|1|0|1|1|1|0|0|0|0|1|0|3295352384|3295352389|0|0|0|0|0|0|0|0|0|0
965|F0|0|1|0|1|1|1|0|0|0|0|1|0|3305992893|3305992898|0|0|0|0|0|0|0|0|0|0
966|F0|0|1|0|1|1|1|0|0|0|0|1|0|3315501634|3315501639|0|0|0|0|0|0|0|0|0|0
967|F0|0|1|0|1|1|1|0|0|0|0|1|0|3330299438|3330299443|0|0|0|0|0|0|0|0|0|0
968|F0|0|1|0|1|1|1|0|0|0|0|1|0|3343248485|3343248490|0|0|0|0|0|0|0|0|0|0
969|F0|0|1|0|1|1|1|0|0|0|0|1|0|3352943708|3352943713|0|0|0|0|0|0|0|0|0|0
970|F0|0|1|0|1|1|1|0|0|0|0|1|0|3362680732|3362680737|0|0|0|0|0|0|0|0|0|0
971|F0|0|1|0|1|1|1|0|0|0|0|1|0|3371257061|3371257066|0|0|0|0|0|0|0|0|0|0
972|F0|0|1|0|1|1|1|0|0|0|0|1|0|3386115956|3386115961|0|0|0|0|0|0|0|0|0|0
973|F0|0|1|0|1|1|1|0|0|0|0|1|0|3397778912|3397778917|0|0|0|0|0|0|0|0|0|0
974|F0|0|1|0|1|1|1|0|0|0|0|1|0|3410268178|3410268183|0|0|0|0|0|0|0|0|0|0
975|F0|0|1|0|1|1|1|0|0|0|0|1|0|3421098387|3421098392|0|0|0|0|0|0|0|0|0|0
976|F0|0|1|0|1|1|1|0|0|0|0|1|0|3429970523|3429970528|0|0|0|0|0|0|0|0|0|0
977|F0|0|1|0|1|1|1|0|0|0|0|1|0|3439395672|3439395677|0|0|0|0|0|0|0|0|0|0
978|F0|0|1|0|1|1|1|0|0|0|0|1|0|3453244983|3453244988|0|0|0|0|0|0|0|0|0|0
979|F0|0|1|0|1|1|1|0|0|0|0|1|0|3468261419|3468261424|0|0|0|0|0|0|0|0|0|0
980|F0|0|1|0|1|1|1|0|0|0|0|1|0|3477783022|3477783027|0|0|0|0|0|0|0|0|0|0
981|F0|0|1|0|1|1|1|0|0|0|0|1|0|3488359223|3488359228|0|0|0|0|0|0|0|0|0|0
982|F0|0|1|0|1|1|1|0|0|0|0|1|0|3500883859|3500883864|0|0|0|0|0|0|0|0|0|0
983|F0|0|1|0|1|1|1|0|0|0|0|1|0|3510714126|3510714131|0|0|0|0|0|0|0|0|0|0
984|F0|0|1|0|1|1|1|0|0|0|0|1|0|3521418936|3521418941|0|0|0|0|0|0|0|0|0|0
985|F0|0|1|0|1|1|1|0|0|0|0|1|0|3533586679|3533586684|0|0|0|0|0|0|0|0|0|0
986|F0|0|1|0|1|1|1|0|0|0|0|1|0|3543031120|3543031125|0|0|0|0|0|0|0|0|0|0
987|F0|0|1|0|1|1|1|0|0|0|0|1|0|3553543022|3553543027|0|0|0|0|0|0|0|0|0|0
988|F0|0|1|0|1|1|1|0|0|0|0|1|0|3564170670|3564170675|0|0|0|0|0|0|0|0|0|0
989|F0|0|1|0|1|1|1|0|0|0|0|1|0|3573955922|3573955927|0|0|0|0|0|0|0|0|0|0
990|F0|0|1|0|1|1|1|0|0|0|0|1|0|3585551352|3585551357|0|0|0|0|0|0|0|0|0|0
991|F0|0|1|0|1|1|1|0|0|0|0|1|0|3596330108|3596330113|0|0|0|0|0|0|0|0|0|0
992|F0|0|1|0|1|1|1|0|0|0|0|1|0|3606832363|3606832368|0|0|0|0|0|0|0|0|0|0
993|F0|0|1|0|1|1|1|0|0|0|0|1|0|3620437318|3620437323|0|0|0|0|0|0|0|0|0|0
994|F0|0|1|0|1|1|1|0|0|0|0|1|0|3631405779|3631405784|0|0|0|0|0|0|0|0|0|0
995|F0|0|1|0|1|1|1|0|0|0|0|1|0|3641184608|3641184613|0|0|0|0|0|0|0|0|0|0
996|F0|0|1|0|1|1|1|0|0|0|0|1|0|3651776883|3651776888|0|0|0|0|0|0|0|0|0|0
997|F0|0|1|0|1|1|1|0|0|0|0|1|0|3661256695|3661256700|0|0|0|0|0|0|0|0|0|0
998|F0|0|1|0|1|1|1|0|0|0|0|1|0|3668884531|3668884536|0|0|0|0|0|0|0|0|0|0
999|F0|0|1|0|1|1|1|0|0|0|0|1|0|3680335275|3680335280|0|0|0|0|0|0|0|0|0|0
