captured_ms|sequence|label|role|data_ro|dirm0|oen0
1786191414203|0|SAFE_BOOT|fixed|1350565379|8193|8193
1786191414203|0|SAFE_BOOT|rotating|1346371075|8193|8193
1786191414383|1001|switch_00_f2r_00000_4194304_active|fixed|1346371075|8193|8193
1786191414383|1001|switch_00_f2r_00000_4194304_active|rotating|1350557187|8193|8193
1786191418660|1001|switch_00_f2r_00000_4194304_terminal|fixed|1346371075|8193|8193
1786191418660|1001|switch_00_f2r_00000_4194304_terminal|rotating|1346371075|8193|8193
1786191419151|1002|switch_00_f2r_00001_4194304_active|fixed|1350565379|8193|8193
1786191419151|1002|switch_00_f2r_00001_4194304_active|rotating|1350557187|8193|8193
1786191423463|1002|switch_00_f2r_00001_4194304_terminal|fixed|1346371075|8193|8193
1786191423463|1002|switch_00_f2r_00001_4194304_terminal|rotating|1346371075|8193|8193
1786191423936|1003|switch_00_f2r_00002_4194304_active|fixed|1346371075|8193|8193
1786191423936|1003|switch_00_f2r_00002_4194304_active|rotating|1350557187|8193|8193
1786191428256|1003|switch_00_f2r_00002_4194304_terminal|fixed|1346371075|8193|8193
1786191428256|1003|switch_00_f2r_00002_4194304_terminal|rotating|1346371075|8193|8193
1786191428829|1004|switch_00_f2r_00003_1048576_active|fixed|1346371075|8193|8193
1786191428829|1004|switch_00_f2r_00003_1048576_active|rotating|1350557187|8193|8193
1786191430356|1004|switch_00_f2r_00003_1048576_terminal|fixed|1346371075|8193|8193
1786191430356|1004|switch_00_f2r_00003_1048576_terminal|rotating|1350565379|8193|8193
1786191430849|1005|switch_00_f2r_00004_1048576_active|fixed|1346371075|8193|8193
1786191430849|1005|switch_00_f2r_00004_1048576_active|rotating|1350557187|8193|8193
1786191432466|1005|switch_00_f2r_00004_1048576_terminal|fixed|1350565379|8193|8193
1786191432466|1005|switch_00_f2r_00004_1048576_terminal|rotating|1346371075|8193|8193
1786191433015|1006|switch_00_f2r_00005_1048576_active|fixed|1346371075|8193|8193
1786191433015|1006|switch_00_f2r_00005_1048576_active|rotating|1350557187|8193|8193
1786191434582|1006|switch_00_f2r_00005_1048576_terminal|fixed|1350565379|8193|8193
1786191434582|1006|switch_00_f2r_00005_1048576_terminal|rotating|1350565379|8193|8193
1786191435077|1007|switch_00_f2r_00006_1048576_active|fixed|1346371075|8193|8193
1786191435077|1007|switch_00_f2r_00006_1048576_active|rotating|1346362883|8193|8193
1786191436695|1007|switch_00_f2r_00006_1048576_terminal|fixed|1350565379|8193|8193
1786191436695|1007|switch_00_f2r_00006_1048576_terminal|rotating|1350565379|8193|8193
1786191437174|1008|switch_00_f2r_00007_1048576_active|fixed|1350565379|8193|8193
1786191437174|1008|switch_00_f2r_00007_1048576_active|rotating|1350557187|8193|8193
1786191438718|1008|switch_00_f2r_00007_1048576_terminal|fixed|1346371075|8193|8193
1786191438718|1008|switch_00_f2r_00007_1048576_terminal|rotating|1350565379|8193|8193
1786191444429|1009|switch_00_r2f_00000_4194304_active|fixed|1346362883|8193|8193
1786191444429|1009|switch_00_r2f_00000_4194304_active|rotating|1350565379|8193|8193
1786191448789|1009|switch_00_r2f_00000_4194304_terminal|fixed|1346371075|8193|8193
1786191448789|1009|switch_00_r2f_00000_4194304_terminal|rotating|1346371075|8193|8193
1786191449267|1010|switch_00_r2f_00001_4194304_active|fixed|1346362883|8193|8193
1786191449267|1010|switch_00_r2f_00001_4194304_active|rotating|1350565379|8193|8193
1786191453564|1010|switch_00_r2f_00001_4194304_terminal|fixed|1346371075|8193|8193
1786191453564|1010|switch_00_r2f_00001_4194304_terminal|rotating|1346371075|8193|8193
1786191454091|1011|switch_00_r2f_00002_4194304_active|fixed|1346362883|8193|8193
1786191454091|1011|switch_00_r2f_00002_4194304_active|rotating|1350565379|8193|8193
1786191458346|1011|switch_00_r2f_00002_4194304_terminal|fixed|1350565379|8193|8193
1786191458346|1011|switch_00_r2f_00002_4194304_terminal|rotating|1346371075|8193|8193
1786191458910|1012|switch_00_r2f_00003_1048576_active|fixed|1350557187|8193|8193
1786191458910|1012|switch_00_r2f_00003_1048576_active|rotating|1346371075|8193|8193
1786191460447|1012|switch_00_r2f_00003_1048576_terminal|fixed|1350565379|8193|8193
1786191460447|1012|switch_00_r2f_00003_1048576_terminal|rotating|1346371075|8193|8193
1786191460914|1013|switch_00_r2f_00004_1048576_active|fixed|1346362883|8193|8193
1786191460914|1013|switch_00_r2f_00004_1048576_active|rotating|1346371075|8193|8193
1786191462478|1013|switch_00_r2f_00004_1048576_terminal|fixed|1350565379|8193|8193
1786191462478|1013|switch_00_r2f_00004_1048576_terminal|rotating|1350565379|8193|8193
1786191463028|1014|switch_00_r2f_00005_1048576_active|fixed|1350557187|8193|8193
1786191463028|1014|switch_00_r2f_00005_1048576_active|rotating|1346371075|8193|8193
1786191464570|1014|switch_00_r2f_00005_1048576_terminal|fixed|1350565379|8193|8193
1786191464570|1014|switch_00_r2f_00005_1048576_terminal|rotating|1346371075|8193|8193
1786191465126|1015|switch_00_r2f_00006_1048576_active|fixed|1350557187|8193|8193
1786191465126|1015|switch_00_r2f_00006_1048576_active|rotating|1350565379|8193|8193
1786191466702|1015|switch_00_r2f_00006_1048576_terminal|fixed|1346371075|8193|8193
1786191466702|1015|switch_00_r2f_00006_1048576_terminal|rotating|1350565379|8193|8193
1786191467162|1016|switch_00_r2f_00007_1048576_active|fixed|1350557187|8193|8193
1786191467162|1016|switch_00_r2f_00007_1048576_active|rotating|1350565379|8193|8193
1786191468684|1016|switch_00_r2f_00007_1048576_terminal|fixed|1350565379|8193|8193
1786191468684|1016|switch_00_r2f_00007_1048576_terminal|rotating|1350565379|8193|8193
1786191474450|1017|switch_01_f2r_00000_4194304_active|fixed|1350565379|8193|8193
1786191474450|1017|switch_01_f2r_00000_4194304_active|rotating|1350557187|8193|8193
1786191478763|1017|switch_01_f2r_00000_4194304_terminal|fixed|1350565379|8193|8193
1786191478763|1017|switch_01_f2r_00000_4194304_terminal|rotating|1346371075|8193|8193
1786191479274|1018|switch_01_f2r_00001_4194304_active|fixed|1346371075|8193|8193
1786191479274|1018|switch_01_f2r_00001_4194304_active|rotating|1346362883|8193|8193
1786191483580|1018|switch_01_f2r_00001_4194304_terminal|fixed|1346371075|8193|8193
1786191483580|1018|switch_01_f2r_00001_4194304_terminal|rotating|1350565379|8193|8193
1786191484008|1019|switch_01_f2r_00002_4194304_active|fixed|1350565379|8193|8193
1786191484008|1019|switch_01_f2r_00002_4194304_active|rotating|1346362883|8193|8193
1786191488293|1019|switch_01_f2r_00002_4194304_terminal|fixed|1350565379|8193|8193
1786191488293|1019|switch_01_f2r_00002_4194304_terminal|rotating|1346371075|8193|8193
1786191488844|1020|switch_01_f2r_00003_1048576_active|fixed|1350565379|8193|8193
1786191488844|1020|switch_01_f2r_00003_1048576_active|rotating|1346362883|8193|8193
1786191490332|1020|switch_01_f2r_00003_1048576_terminal|fixed|1350565379|8193|8193
1786191490332|1020|switch_01_f2r_00003_1048576_terminal|rotating|1346371075|8193|8193
1786191490830|1021|switch_01_f2r_00004_1048576_active|fixed|1346371075|8193|8193
1786191490830|1021|switch_01_f2r_00004_1048576_active|rotating|1346362883|8193|8193
1786191492556|1021|switch_01_f2r_00004_1048576_terminal|fixed|1350565379|8193|8193
1786191492556|1021|switch_01_f2r_00004_1048576_terminal|rotating|1350565379|8193|8193
1786191493011|1022|switch_01_f2r_00005_1048576_active|fixed|1350565379|8193|8193
1786191493011|1022|switch_01_f2r_00005_1048576_active|rotating|1346362883|8193|8193
1786191494525|1022|switch_01_f2r_00005_1048576_terminal|fixed|1350565379|8193|8193
1786191494525|1022|switch_01_f2r_00005_1048576_terminal|rotating|1346371075|8193|8193
1786191495063|1023|switch_01_f2r_00006_1048576_active|fixed|1350565379|8193|8193
1786191495063|1023|switch_01_f2r_00006_1048576_active|rotating|1350557187|8193|8193
1786191496692|1023|switch_01_f2r_00006_1048576_terminal|fixed|1346371075|8193|8193
1786191496692|1023|switch_01_f2r_00006_1048576_terminal|rotating|1346371075|8193|8193
1786191497158|1024|switch_01_f2r_00007_1048576_active|fixed|1350565379|8193|8193
1786191497158|1024|switch_01_f2r_00007_1048576_active|rotating|1346362883|8193|8193
1786191498657|1024|switch_01_f2r_00007_1048576_terminal|fixed|1350565379|8193|8193
1786191498657|1024|switch_01_f2r_00007_1048576_terminal|rotating|1350565379|8193|8193
1786191504437|1025|switch_01_r2f_00000_4194304_active|fixed|1350557187|8193|8193
1786191504437|1025|switch_01_r2f_00000_4194304_active|rotating|1350565379|8193|8193
1786191508878|1025|switch_01_r2f_00000_4194304_terminal|fixed|1346371075|8193|8193
1786191508878|1025|switch_01_r2f_00000_4194304_terminal|rotating|1350565379|8193|8193
1786191509308|1026|switch_01_r2f_00001_4194304_active|fixed|1350557187|8193|8193
1786191509308|1026|switch_01_r2f_00001_4194304_active|rotating|1346371075|8193|8193
1786191513578|1026|switch_01_r2f_00001_4194304_terminal|fixed|1350565379|8193|8193
1786191513578|1026|switch_01_r2f_00001_4194304_terminal|rotating|1350565379|8193|8193
1786191514153|1027|switch_01_r2f_00002_4194304_active|fixed|1350557187|8193|8193
1786191514153|1027|switch_01_r2f_00002_4194304_active|rotating|1350565379|8193|8193
1786191518380|1027|switch_01_r2f_00002_4194304_terminal|fixed|1346371075|8193|8193
1786191518380|1027|switch_01_r2f_00002_4194304_terminal|rotating|1350565379|8193|8193
1786191518876|1028|switch_01_r2f_00003_1048576_active|fixed|1350557187|8193|8193
1786191518876|1028|switch_01_r2f_00003_1048576_active|rotating|1346371075|8193|8193
1786191520467|1028|switch_01_r2f_00003_1048576_terminal|fixed|1346371075|8193|8193
1786191520467|1028|switch_01_r2f_00003_1048576_terminal|rotating|1350565379|8193|8193
1786191520929|1029|switch_01_r2f_00004_1048576_active|fixed|1350557187|8193|8193
1786191520929|1029|switch_01_r2f_00004_1048576_active|rotating|1346371075|8193|8193
1786191522561|1029|switch_01_r2f_00004_1048576_terminal|fixed|1346371075|8193|8193
1786191522561|1029|switch_01_r2f_00004_1048576_terminal|rotating|1350565379|8193|8193
1786191523105|1030|switch_01_r2f_00005_1048576_active|fixed|1346362883|8193|8193
1786191523105|1030|switch_01_r2f_00005_1048576_active|rotating|1346371075|8193|8193
1786191524677|1030|switch_01_r2f_00005_1048576_terminal|fixed|1346371075|8193|8193
1786191524677|1030|switch_01_r2f_00005_1048576_terminal|rotating|1350565379|8193|8193
1786191525203|1031|switch_01_r2f_00006_1048576_active|fixed|1346362883|8193|8193
1786191525203|1031|switch_01_r2f_00006_1048576_active|rotating|1350565379|8193|8193
1786191526745|1031|switch_01_r2f_00006_1048576_terminal|fixed|1346371075|8193|8193
1786191526745|1031|switch_01_r2f_00006_1048576_terminal|rotating|1346371075|8193|8193
1786191527205|1032|switch_01_r2f_00007_1048576_active|fixed|1346362883|8193|8193
1786191527205|1032|switch_01_r2f_00007_1048576_active|rotating|1350565379|8193|8193
1786191528772|1032|switch_01_r2f_00007_1048576_terminal|fixed|1350565379|8193|8193
1786191528772|1032|switch_01_r2f_00007_1048576_terminal|rotating|1346371075|8193|8193
1786191534484|1033|switch_02_f2r_00000_4194304_active|fixed|1346371075|8193|8193
1786191534484|1033|switch_02_f2r_00000_4194304_active|rotating|1350557187|8193|8193
1786191538816|1033|switch_02_f2r_00000_4194304_terminal|fixed|1350565379|8193|8193
1786191538816|1033|switch_02_f2r_00000_4194304_terminal|rotating|1346371075|8193|8193
1786191539389|1034|switch_02_f2r_00001_4194304_active|fixed|1346371075|8193|8193
1786191539389|1034|switch_02_f2r_00001_4194304_active|rotating|1350557187|8193|8193
1786191543725|1034|switch_02_f2r_00001_4194304_terminal|fixed|1350565379|8193|8193
1786191543725|1034|switch_02_f2r_00001_4194304_terminal|rotating|1350565379|8193|8193
1786191544203|1035|switch_02_f2r_00002_4194304_active|fixed|1346371074|8193|8193
1786191544203|1035|switch_02_f2r_00002_4194304_active|rotating|1346362883|8193|8193
1786191548491|1035|switch_02_f2r_00002_4194304_terminal|fixed|1350565379|8193|8193
1786191548491|1035|switch_02_f2r_00002_4194304_terminal|rotating|1346371075|8193|8193
1786191549021|1036|switch_02_f2r_00003_1048576_active|fixed|1346371075|8193|8193
1786191549021|1036|switch_02_f2r_00003_1048576_active|rotating|1350557187|8193|8193
1786191550511|1036|switch_02_f2r_00003_1048576_terminal|fixed|1346371075|8193|8193
1786191550511|1036|switch_02_f2r_00003_1048576_terminal|rotating|1346371075|8193|8193
1786191550961|1037|switch_02_f2r_00004_1048576_active|fixed|1346371075|8193|8193
1786191550961|1037|switch_02_f2r_00004_1048576_active|rotating|1350557187|8193|8193
1786191552570|1037|switch_02_f2r_00004_1048576_terminal|fixed|1346371075|8193|8193
1786191552570|1037|switch_02_f2r_00004_1048576_terminal|rotating|1350565379|8193|8193
1786191553125|1038|switch_02_f2r_00005_1048576_active|fixed|1350565379|8193|8193
1786191553125|1038|switch_02_f2r_00005_1048576_active|rotating|1350557187|8193|8193
1786191554697|1038|switch_02_f2r_00005_1048576_terminal|fixed|1346371075|8193|8193
1786191554697|1038|switch_02_f2r_00005_1048576_terminal|rotating|1350565379|8193|8193
1786191555221|1039|switch_02_f2r_00006_1048576_active|fixed|1346371075|8193|8193
1786191555221|1039|switch_02_f2r_00006_1048576_active|rotating|1346362883|8193|8193
1786191556781|1039|switch_02_f2r_00006_1048576_terminal|fixed|1350565379|8193|8193
1786191556781|1039|switch_02_f2r_00006_1048576_terminal|rotating|1346371075|8193|8193
1786191557290|1040|switch_02_f2r_00007_1048576_active|fixed|1350565379|8193|8193
1786191557290|1040|switch_02_f2r_00007_1048576_active|rotating|1346362883|8193|8193
1786191558842|1040|switch_02_f2r_00007_1048576_terminal|fixed|1350565379|8193|8193
1786191558842|1040|switch_02_f2r_00007_1048576_terminal|rotating|1350565379|8193|8193
1786191564524|1041|switch_02_r2f_00000_4194304_active|fixed|1346362883|8193|8193
1786191564524|1041|switch_02_r2f_00000_4194304_active|rotating|1346371075|8193|8193
1786191568867|1041|switch_02_r2f_00000_4194304_terminal|fixed|1350565379|8193|8193
1786191568867|1041|switch_02_r2f_00000_4194304_terminal|rotating|1350565379|8193|8193
1786191569409|1042|switch_02_r2f_00001_4194304_active|fixed|1350557187|8193|8193
1786191569409|1042|switch_02_r2f_00001_4194304_active|rotating|1350565379|8193|8193
1786191573711|1042|switch_02_r2f_00001_4194304_terminal|fixed|1346371075|8193|8193
1786191573711|1042|switch_02_r2f_00001_4194304_terminal|rotating|1350565379|8193|8193
1786191574164|1043|switch_02_r2f_00002_4194304_active|fixed|1350557187|8193|8193
1786191574164|1043|switch_02_r2f_00002_4194304_active|rotating|1350565379|8193|8193
1786191578342|1043|switch_02_r2f_00002_4194304_terminal|fixed|1346371075|8193|8193
1786191578342|1043|switch_02_r2f_00002_4194304_terminal|rotating|1346371075|8193|8193
1786191578951|1044|switch_02_r2f_00003_1048576_active|fixed|1346362883|8193|8193
1786191578951|1044|switch_02_r2f_00003_1048576_active|rotating|1346371075|8193|8193
1786191580563|1044|switch_02_r2f_00003_1048576_terminal|fixed|1350565379|8193|8193
1786191580563|1044|switch_02_r2f_00003_1048576_terminal|rotating|1346371075|8193|8193
1786191581016|1045|switch_02_r2f_00004_1048576_active|fixed|1346362883|8193|8193
1786191581016|1045|switch_02_r2f_00004_1048576_active|rotating|1346371075|8193|8193
1786191582540|1045|switch_02_r2f_00004_1048576_terminal|fixed|1346371075|8193|8193
1786191582540|1045|switch_02_r2f_00004_1048576_terminal|rotating|1350565379|8193|8193
1786191583174|1046|switch_02_r2f_00005_1048576_active|fixed|1350557187|8193|8193
1786191583174|1046|switch_02_r2f_00005_1048576_active|rotating|1350565379|8193|8193
1786191584818|1046|switch_02_r2f_00005_1048576_terminal|fixed|1350565379|8193|8193
1786191584818|1046|switch_02_r2f_00005_1048576_terminal|rotating|1350565379|8193|8193
1786191585267|1047|switch_02_r2f_00006_1048576_active|fixed|1346362883|8193|8193
1786191585267|1047|switch_02_r2f_00006_1048576_active|rotating|1350565378|8193|8193
1786191586894|1047|switch_02_r2f_00006_1048576_terminal|fixed|1346371075|8193|8193
1786191586894|1047|switch_02_r2f_00006_1048576_terminal|rotating|1346371075|8193|8193
1786191587484|1048|switch_02_r2f_00007_1048576_active|fixed|1346362883|8193|8193
1786191587484|1048|switch_02_r2f_00007_1048576_active|rotating|1346371075|8193|8193
1786191589005|1048|switch_02_r2f_00007_1048576_terminal|fixed|1350565379|8193|8193
1786191589005|1048|switch_02_r2f_00007_1048576_terminal|rotating|1346371075|8193|8193
1786191594524|1049|switch_03_f2r_00000_4194304_active|fixed|1346371075|8193|8193
1786191594524|1049|switch_03_f2r_00000_4194304_active|rotating|1350557187|8193|8193
1786191598843|1049|switch_03_f2r_00000_4194304_terminal|fixed|1346371075|8193|8193
1786191598843|1049|switch_03_f2r_00000_4194304_terminal|rotating|1346371075|8193|8193
1786191599236|1050|switch_03_f2r_00001_4194304_active|fixed|1350565379|8193|8193
1786191599236|1050|switch_03_f2r_00001_4194304_active|rotating|1350557187|8193|8193
1786191603569|1050|switch_03_f2r_00001_4194304_terminal|fixed|1346371075|8193|8193
1786191603569|1050|switch_03_f2r_00001_4194304_terminal|rotating|1350565379|8193|8193
1786191604047|1051|switch_03_f2r_00002_4194304_active|fixed|1346371075|8193|8193
1786191604047|1051|switch_03_f2r_00002_4194304_active|rotating|1346362883|8193|8193
1786191608338|1051|switch_03_f2r_00002_4194304_terminal|fixed|1350565379|8193|8193
1786191608338|1051|switch_03_f2r_00002_4194304_terminal|rotating|1346371075|8193|8193
1786191608914|1052|switch_03_f2r_00003_1048576_active|fixed|1350565379|8193|8193
1786191608914|1052|switch_03_f2r_00003_1048576_active|rotating|1346362883|8193|8193
1786191610453|1052|switch_03_f2r_00003_1048576_terminal|fixed|1350565379|8193|8193
1786191610453|1052|switch_03_f2r_00003_1048576_terminal|rotating|1350565379|8193|8193
1786191610872|1053|switch_03_f2r_00004_1048576_active|fixed|1346371075|8193|8193
1786191610872|1053|switch_03_f2r_00004_1048576_active|rotating|1346362883|8193|8193
1786191612543|1053|switch_03_f2r_00004_1048576_terminal|fixed|1346371075|8193|8193
1786191612543|1053|switch_03_f2r_00004_1048576_terminal|rotating|1350565379|8193|8193
1786191613094|1054|switch_03_f2r_00005_1048576_active|fixed|1346371075|8193|8193
1786191613094|1054|switch_03_f2r_00005_1048576_active|rotating|1346362883|8193|8193
1786191614657|1054|switch_03_f2r_00005_1048576_terminal|fixed|1346371075|8193|8193
1786191614657|1054|switch_03_f2r_00005_1048576_terminal|rotating|1350565379|8193|8193
1786191615199|1055|switch_03_f2r_00006_1048576_active|fixed|1350565379|8193|8193
1786191615199|1055|switch_03_f2r_00006_1048576_active|rotating|1350557187|8193|8193
1786191616836|1055|switch_03_f2r_00006_1048576_terminal|fixed|1346371075|8193|8193
1786191616836|1055|switch_03_f2r_00006_1048576_terminal|rotating|1346371075|8193|8193
1786191617277|1056|switch_03_f2r_00007_1048576_active|fixed|1350565379|8193|8193
1786191617277|1056|switch_03_f2r_00007_1048576_active|rotating|1346362883|8193|8193
1786191618809|1056|switch_03_f2r_00007_1048576_terminal|fixed|1346371075|8193|8193
1786191618809|1056|switch_03_f2r_00007_1048576_terminal|rotating|1346371075|8193|8193
1786191624538|1057|switch_03_r2f_00000_4194304_active|fixed|1350557187|8193|8193
1786191624538|1057|switch_03_r2f_00000_4194304_active|rotating|1350565379|8193|8193
1786191628849|1057|switch_03_r2f_00000_4194304_terminal|fixed|1350565379|8193|8193
1786191628849|1057|switch_03_r2f_00000_4194304_terminal|rotating|1350565379|8193|8193
1786191629340|1058|switch_03_r2f_00001_4194304_active|fixed|1350557187|8193|8193
1786191629340|1058|switch_03_r2f_00001_4194304_active|rotating|1350565379|8193|8193
1786191633632|1058|switch_03_r2f_00001_4194304_terminal|fixed|1346371075|8193|8193
1786191633632|1058|switch_03_r2f_00001_4194304_terminal|rotating|1350565379|8193|8193
1786191634091|1059|switch_03_r2f_00002_4194304_active|fixed|1350557187|8193|8193
1786191634091|1059|switch_03_r2f_00002_4194304_active|rotating|1346371075|8193|8193
1786191638320|1059|switch_03_r2f_00002_4194304_terminal|fixed|1350565379|8193|8193
1786191638320|1059|switch_03_r2f_00002_4194304_terminal|rotating|1346371075|8193|8193
1786191638879|1060|switch_03_r2f_00003_1048576_active|fixed|1350557187|8193|8193
1786191638879|1060|switch_03_r2f_00003_1048576_active|rotating|1346371075|8193|8193
1786191640458|1060|switch_03_r2f_00003_1048576_terminal|fixed|1346371075|8193|8193
1786191640458|1060|switch_03_r2f_00003_1048576_terminal|rotating|1350565379|8193|8193
1786191640931|1061|switch_03_r2f_00004_1048576_active|fixed|1350557187|8193|8193
1786191640931|1061|switch_03_r2f_00004_1048576_active|rotating|1350565379|8193|8193
1786191642545|1061|switch_03_r2f_00004_1048576_terminal|fixed|1350565379|8193|8193
1786191642545|1061|switch_03_r2f_00004_1048576_terminal|rotating|1346371075|8193|8193
1786191643107|1062|switch_03_r2f_00005_1048576_active|fixed|1346362883|8193|8193
1786191643107|1062|switch_03_r2f_00005_1048576_active|rotating|1346371075|8193|8193
1786191644665|1062|switch_03_r2f_00005_1048576_terminal|fixed|1350565379|8193|8193
1786191644665|1062|switch_03_r2f_00005_1048576_terminal|rotating|1346371075|8193|8193
1786191645168|1063|switch_03_r2f_00006_1048576_active|fixed|1350557187|8193|8193
1786191645168|1063|switch_03_r2f_00006_1048576_active|rotating|1346371075|8193|8193
1786191646825|1063|switch_03_r2f_00006_1048576_terminal|fixed|1346371075|8193|8193
1786191646825|1063|switch_03_r2f_00006_1048576_terminal|rotating|1346371075|8193|8193
1786191647294|1064|switch_03_r2f_00007_1048576_active|fixed|1350557187|8193|8193
1786191647294|1064|switch_03_r2f_00007_1048576_active|rotating|1346371075|8193|8193
1786191648843|1064|switch_03_r2f_00007_1048576_terminal|fixed|1346371075|8193|8193
1786191648843|1064|switch_03_r2f_00007_1048576_terminal|rotating|1346371075|8193|8193
1786191654630|1065|switch_04_f2r_00000_4194304_active|fixed|1346371075|8193|8193
1786191654630|1065|switch_04_f2r_00000_4194304_active|rotating|1346362883|8193|8193
1786191658963|1065|switch_04_f2r_00000_4194304_terminal|fixed|1346371075|8193|8193
1786191658963|1065|switch_04_f2r_00000_4194304_terminal|rotating|1350565379|8193|8193
1786191659397|1066|switch_04_f2r_00001_4194304_active|fixed|1350565379|8193|8193
1786191659397|1066|switch_04_f2r_00001_4194304_active|rotating|1350557187|8193|8193
1786191663608|1066|switch_04_f2r_00001_4194304_terminal|fixed|1350565379|8193|8193
1786191663608|1066|switch_04_f2r_00001_4194304_terminal|rotating|1350565379|8193|8193
1786191664179|1067|switch_04_f2r_00002_4194304_active|fixed|1350565379|8193|8193
1786191664179|1067|switch_04_f2r_00002_4194304_active|rotating|1346362883|8193|8193
1786191668500|1067|switch_04_f2r_00002_4194304_terminal|fixed|1350565379|8193|8193
1786191668500|1067|switch_04_f2r_00002_4194304_terminal|rotating|1350565379|8193|8193
1786191668965|1068|switch_04_f2r_00003_1048576_active|fixed|1350565379|8193|8193
1786191668965|1068|switch_04_f2r_00003_1048576_active|rotating|1346362883|8193|8193
1786191670568|1068|switch_04_f2r_00003_1048576_terminal|fixed|1346371075|8193|8193
1786191670568|1068|switch_04_f2r_00003_1048576_terminal|rotating|1350565379|8193|8193
1786191671101|1069|switch_04_f2r_00004_1048576_active|fixed|1350565379|8193|8193
1786191671101|1069|switch_04_f2r_00004_1048576_active|rotating|1346362883|8193|8193
1786191672593|1069|switch_04_f2r_00004_1048576_terminal|fixed|1346371075|8193|8193
1786191672593|1069|switch_04_f2r_00004_1048576_terminal|rotating|1346371075|8193|8193
1786191673038|1070|switch_04_f2r_00005_1048576_active|fixed|1346371075|8193|8193
1786191673038|1070|switch_04_f2r_00005_1048576_active|rotating|1350557187|8193|8193
1786191674725|1070|switch_04_f2r_00005_1048576_terminal|fixed|1350565379|8193|8193
1786191674725|1070|switch_04_f2r_00005_1048576_terminal|rotating|1346371075|8193|8193
1786191675236|1071|switch_04_f2r_00006_1048576_active|fixed|1346371075|8193|8193
1786191675236|1071|switch_04_f2r_00006_1048576_active|rotating|1350557187|8193|8193
1786191676743|1071|switch_04_f2r_00006_1048576_terminal|fixed|1346371075|8193|8193
1786191676743|1071|switch_04_f2r_00006_1048576_terminal|rotating|1350565379|8193|8193
1786191677172|1072|switch_04_f2r_00007_1048576_active|fixed|1350565379|8193|8193
1786191677172|1072|switch_04_f2r_00007_1048576_active|rotating|1350557187|8193|8193
1786191678774|1072|switch_04_f2r_00007_1048576_terminal|fixed|1350565379|8193|8193
1786191678774|1072|switch_04_f2r_00007_1048576_terminal|rotating|1346371075|8193|8193
1786191684571|1073|switch_04_r2f_00000_4194304_active|fixed|1350557187|8193|8193
1786191684571|1073|switch_04_r2f_00000_4194304_active|rotating|1346371075|8193|8193
1786191688840|1073|switch_04_r2f_00000_4194304_terminal|fixed|1346371075|8193|8193
1786191688840|1073|switch_04_r2f_00000_4194304_terminal|rotating|1346371075|8193|8193
1786191689354|1074|switch_04_r2f_00001_4194304_active|fixed|1346362883|8193|8193
1786191689354|1074|switch_04_r2f_00001_4194304_active|rotating|1350565379|8193|8193
1786191693709|1074|switch_04_r2f_00001_4194304_terminal|fixed|1346371075|8193|8193
1786191693709|1074|switch_04_r2f_00001_4194304_terminal|rotating|1346371075|8193|8193
1786191694145|1075|switch_04_r2f_00002_4194304_active|fixed|1350557187|8193|8193
1786191694145|1075|switch_04_r2f_00002_4194304_active|rotating|1346371075|8193|8193
1786191698374|1075|switch_04_r2f_00002_4194304_terminal|fixed|1346371075|8193|8193
1786191698374|1075|switch_04_r2f_00002_4194304_terminal|rotating|1350565379|8193|8193
1786191698985|1076|switch_04_r2f_00003_1048576_active|fixed|1350557187|8193|8193
1786191698985|1076|switch_04_r2f_00003_1048576_active|rotating|1350565379|8193|8193
1786191700490|1076|switch_04_r2f_00003_1048576_terminal|fixed|1346371075|8193|8193
1786191700490|1076|switch_04_r2f_00003_1048576_terminal|rotating|1346371075|8193|8193
1786191700968|1077|switch_04_r2f_00004_1048576_active|fixed|1346362883|8193|8193
1786191700968|1077|switch_04_r2f_00004_1048576_active|rotating|1346371075|8193|8193
1786191702579|1077|switch_04_r2f_00004_1048576_terminal|fixed|1350565379|8193|8193
1786191702579|1077|switch_04_r2f_00004_1048576_terminal|rotating|1346371075|8193|8193
1786191703178|1078|switch_04_r2f_00005_1048576_active|fixed|1350557187|8193|8193
1786191703178|1078|switch_04_r2f_00005_1048576_active|rotating|1350565379|8193|8193
1786191704689|1078|switch_04_r2f_00005_1048576_terminal|fixed|1346371075|8193|8193
1786191704689|1078|switch_04_r2f_00005_1048576_terminal|rotating|1346371075|8193|8193
1786191705201|1079|switch_04_r2f_00006_1048576_active|fixed|1350557187|8193|8193
1786191705201|1079|switch_04_r2f_00006_1048576_active|rotating|1350565378|8193|8193
1786191706816|1079|switch_04_r2f_00006_1048576_terminal|fixed|1350565379|8193|8193
1786191706816|1079|switch_04_r2f_00006_1048576_terminal|rotating|1346371075|8193|8193
1786191707298|1080|switch_04_r2f_00007_1048576_active|fixed|1346362883|8193|8193
1786191707298|1080|switch_04_r2f_00007_1048576_active|rotating|1346371075|8193|8193
1786191708773|1080|switch_04_r2f_00007_1048576_terminal|fixed|1346371075|8193|8193
1786191708773|1080|switch_04_r2f_00007_1048576_terminal|rotating|1350565379|8193|8193
1786191714503|1081|switch_05_f2r_00000_4194304_active|fixed|1346371075|8193|8193
1786191714503|1081|switch_05_f2r_00000_4194304_active|rotating|1346362883|8193|8193
1786191718784|1081|switch_05_f2r_00000_4194304_terminal|fixed|1346371075|8193|8193
1786191718784|1081|switch_05_f2r_00000_4194304_terminal|rotating|1350565379|8193|8193
1786191719247|1082|switch_05_f2r_00001_4194304_active|fixed|1350565379|8193|8193
1786191719247|1082|switch_05_f2r_00001_4194304_active|rotating|1350557187|8193|8193
1786191723584|1082|switch_05_f2r_00001_4194304_terminal|fixed|1346371075|8193|8193
1786191723584|1082|switch_05_f2r_00001_4194304_terminal|rotating|1346371075|8193|8193
1786191724014|1083|switch_05_f2r_00002_4194304_active|fixed|1346371075|8193|8193
1786191724014|1083|switch_05_f2r_00002_4194304_active|rotating|1350557187|8193|8193
1786191728298|1083|switch_05_f2r_00002_4194304_terminal|fixed|1350565379|8193|8193
1786191728298|1083|switch_05_f2r_00002_4194304_terminal|rotating|1346371075|8193|8193
1786191728815|1084|switch_05_f2r_00003_1048576_active|fixed|1350565379|8193|8193
1786191728815|1084|switch_05_f2r_00003_1048576_active|rotating|1346362883|8193|8193
1786191730350|1084|switch_05_f2r_00003_1048576_terminal|fixed|1350565379|8193|8193
1786191730350|1084|switch_05_f2r_00003_1048576_terminal|rotating|1346371075|8193|8193
1786191730838|1085|switch_05_f2r_00004_1048576_active|fixed|1350565379|8193|8193
1786191730838|1085|switch_05_f2r_00004_1048576_active|rotating|1346362883|8193|8193
1786191732453|1085|switch_05_f2r_00004_1048576_terminal|fixed|1350565379|8193|8193
1786191732453|1085|switch_05_f2r_00004_1048576_terminal|rotating|1350565379|8193|8193
1786191732997|1086|switch_05_f2r_00005_1048576_active|fixed|1346371075|8193|8193
1786191732997|1086|switch_05_f2r_00005_1048576_active|rotating|1350557187|8193|8193
1786191734636|1086|switch_05_f2r_00005_1048576_terminal|fixed|1346371075|8193|8193
1786191734636|1086|switch_05_f2r_00005_1048576_terminal|rotating|1346371075|8193|8193
1786191735173|1087|switch_05_f2r_00006_1048576_active|fixed|1346371075|8193|8193
1786191735173|1087|switch_05_f2r_00006_1048576_active|rotating|1350557187|8193|8193
1786191736715|1087|switch_05_f2r_00006_1048576_terminal|fixed|1346371075|8193|8193
1786191736715|1087|switch_05_f2r_00006_1048576_terminal|rotating|1346371075|8193|8193
1786191737269|1088|switch_05_f2r_00007_1048576_active|fixed|1346371075|8193|8193
1786191737269|1088|switch_05_f2r_00007_1048576_active|rotating|1350557187|8193|8193
1786191738876|1088|switch_05_f2r_00007_1048576_terminal|fixed|1346371075|8193|8193
1786191738876|1088|switch_05_f2r_00007_1048576_terminal|rotating|1346371075|8193|8193
1786191744548|1089|switch_05_r2f_00000_4194304_active|fixed|1346362883|8193|8193
1786191744548|1089|switch_05_r2f_00000_4194304_active|rotating|1350565379|8193|8193
1786191748808|1089|switch_05_r2f_00000_4194304_terminal|fixed|1346371075|8193|8193
1786191748808|1089|switch_05_r2f_00000_4194304_terminal|rotating|1346371075|8193|8193
1786191749342|1090|switch_05_r2f_00001_4194304_active|fixed|1350557187|8193|8193
1786191749342|1090|switch_05_r2f_00001_4194304_active|rotating|1346371075|8193|8193
1786191753659|1090|switch_05_r2f_00001_4194304_terminal|fixed|1346371075|8193|8193
1786191753659|1090|switch_05_r2f_00001_4194304_terminal|rotating|1346371075|8193|8193
1786191754092|1091|switch_05_r2f_00002_4194304_active|fixed|1350557187|8193|8193
1786191754092|1091|switch_05_r2f_00002_4194304_active|rotating|1346371075|8193|8193
1786191758332|1091|switch_05_r2f_00002_4194304_terminal|fixed|1346371075|8193|8193
1786191758332|1091|switch_05_r2f_00002_4194304_terminal|rotating|1346371075|8193|8193
1786191758912|1092|switch_05_r2f_00003_1048576_active|fixed|1346362883|8193|8193
1786191758912|1092|switch_05_r2f_00003_1048576_active|rotating|1346371075|8193|8193
1786191760475|1092|switch_05_r2f_00003_1048576_terminal|fixed|1350565379|8193|8193
1786191760475|1092|switch_05_r2f_00003_1048576_terminal|rotating|1346371075|8193|8193
1786191760864|1093|switch_05_r2f_00004_1048576_active|fixed|1350557187|8193|8193
1786191760864|1093|switch_05_r2f_00004_1048576_active|rotating|1346371075|8193|8193
1786191762405|1093|switch_05_r2f_00004_1048576_terminal|fixed|1350565379|8193|8193
1786191762405|1093|switch_05_r2f_00004_1048576_terminal|rotating|1350565379|8193|8193
1786191763093|1094|switch_05_r2f_00005_1048576_active|fixed|1346362883|8193|8193
1786191763093|1094|switch_05_r2f_00005_1048576_active|rotating|1350565379|8193|8193
1786191764669|1094|switch_05_r2f_00005_1048576_terminal|fixed|1350565379|8193|8193
1786191764669|1094|switch_05_r2f_00005_1048576_terminal|rotating|1350565379|8193|8193
1786191765081|1095|switch_05_r2f_00006_1048576_active|fixed|1350557187|8193|8193
1786191765081|1095|switch_05_r2f_00006_1048576_active|rotating|1350565378|8193|8193
1786191766631|1095|switch_05_r2f_00006_1048576_terminal|fixed|1350565379|8193|8193
1786191766631|1095|switch_05_r2f_00006_1048576_terminal|rotating|1346371075|8193|8193
1786191767201|1096|switch_05_r2f_00007_1048576_active|fixed|1350557187|8193|8193
1786191767201|1096|switch_05_r2f_00007_1048576_active|rotating|1346371075|8193|8193
1786191768705|1096|switch_05_r2f_00007_1048576_terminal|fixed|1350565379|8193|8193
1786191768705|1096|switch_05_r2f_00007_1048576_terminal|rotating|1350565379|8193|8193
1786191774594|1097|switch_06_f2r_00000_4194304_active|fixed|1350565379|8193|8193
1786191774594|1097|switch_06_f2r_00000_4194304_active|rotating|1350557187|8193|8193
1786191779041|1097|switch_06_f2r_00000_4194304_terminal|fixed|1350565379|8193|8193
1786191779041|1097|switch_06_f2r_00000_4194304_terminal|rotating|1346371075|8193|8193
1786191779532|1098|switch_06_f2r_00001_4194304_active|fixed|1350565379|8193|8193
1786191779532|1098|switch_06_f2r_00001_4194304_active|rotating|1350557187|8193|8193
1786191783772|1098|switch_06_f2r_00001_4194304_terminal|fixed|1350565379|8193|8193
1786191783772|1098|switch_06_f2r_00001_4194304_terminal|rotating|1346371075|8193|8193
1786191784228|1099|switch_06_f2r_00002_4194304_active|fixed|1346371075|8193|8193
1786191784228|1099|switch_06_f2r_00002_4194304_active|rotating|1350557187|8193|8193
1786191788455|1099|switch_06_f2r_00002_4194304_terminal|fixed|1346371075|8193|8193
1786191788455|1099|switch_06_f2r_00002_4194304_terminal|rotating|1346371075|8193|8193
1786191788869|1100|switch_06_f2r_00003_1048576_active|fixed|1350565379|8193|8193
1786191788869|1100|switch_06_f2r_00003_1048576_active|rotating|1346362883|8193|8193
1786191790343|1100|switch_06_f2r_00003_1048576_terminal|fixed|1350565379|8193|8193
1786191790343|1100|switch_06_f2r_00003_1048576_terminal|rotating|1350565379|8193|8193
1786191790808|1101|switch_06_f2r_00004_1048576_active|fixed|1350565379|8193|8193
1786191790808|1101|switch_06_f2r_00004_1048576_active|rotating|1350557187|8193|8193
1786191792262|1101|switch_06_f2r_00004_1048576_terminal|fixed|1346371075|8193|8193
1786191792262|1101|switch_06_f2r_00004_1048576_terminal|rotating|1346371075|8193|8193
1786191792682|1102|switch_06_f2r_00005_1048576_active|fixed|1350565379|8193|8193
1786191792682|1102|switch_06_f2r_00005_1048576_active|rotating|1346362883|8193|8193
1786191794151|1102|switch_06_f2r_00005_1048576_terminal|fixed|1350565379|8193|8193
1786191794151|1102|switch_06_f2r_00005_1048576_terminal|rotating|1346371075|8193|8193
1786191794559|1103|switch_06_f2r_00006_1048576_active|fixed|1350565379|8193|8193
1786191794559|1103|switch_06_f2r_00006_1048576_active|rotating|1350557187|8193|8193
1786191796028|1103|switch_06_f2r_00006_1048576_terminal|fixed|1350565379|8193|8193
1786191796028|1103|switch_06_f2r_00006_1048576_terminal|rotating|1350565379|8193|8193
1786191796408|1104|switch_06_f2r_00007_1048576_active|fixed|1346371075|8193|8193
1786191796408|1104|switch_06_f2r_00007_1048576_active|rotating|1346362883|8193|8193
1786191797860|1104|switch_06_f2r_00007_1048576_terminal|fixed|1350565379|8193|8193
1786191797860|1104|switch_06_f2r_00007_1048576_terminal|rotating|1350565379|8193|8193
1786191798309|1105|switch_06_f2r_00008_1048576_active|fixed|1346371075|8193|8193
1786191798309|1105|switch_06_f2r_00008_1048576_active|rotating|1350557187|8193|8193
1786191799782|1105|switch_06_f2r_00008_1048576_terminal|fixed|1346371075|8193|8193
1786191799782|1105|switch_06_f2r_00008_1048576_terminal|rotating|1350565379|8193|8193
1786191804576|1106|switch_06_r2f_00000_4194304_active|fixed|1346362883|8193|8193
1786191804576|1106|switch_06_r2f_00000_4194304_active|rotating|1350565379|8193|8193
1786191808761|1106|switch_06_r2f_00000_4194304_terminal|fixed|1346371075|8193|8193
1786191808761|1106|switch_06_r2f_00000_4194304_terminal|rotating|1350565379|8193|8193
1786191809130|1107|switch_06_r2f_00001_4194304_active|fixed|1346362883|8193|8193
1786191809130|1107|switch_06_r2f_00001_4194304_active|rotating|1346371075|8193|8193
1786191813272|1107|switch_06_r2f_00001_4194304_terminal|fixed|1350565379|8193|8193
1786191813272|1107|switch_06_r2f_00001_4194304_terminal|rotating|1346371075|8193|8193
1786191813667|1108|switch_06_r2f_00002_4194304_active|fixed|1350557187|8193|8193
1786191813667|1108|switch_06_r2f_00002_4194304_active|rotating|1346371075|8193|8193
1786191817838|1108|switch_06_r2f_00002_4194304_terminal|fixed|1350565379|8193|8193
1786191817838|1108|switch_06_r2f_00002_4194304_terminal|rotating|1346371075|8193|8193
1786191818240|1109|switch_06_r2f_00003_1048576_active|fixed|1346362883|8193|8193
1786191818240|1109|switch_06_r2f_00003_1048576_active|rotating|1350565379|8193|8193
1786191819704|1109|switch_06_r2f_00003_1048576_terminal|fixed|1346371075|8193|8193
1786191819704|1109|switch_06_r2f_00003_1048576_terminal|rotating|1350565379|8193|8193
1786191820104|1110|switch_06_r2f_00004_1048576_active|fixed|1346362883|8193|8193
1786191820104|1110|switch_06_r2f_00004_1048576_active|rotating|1350565379|8193|8193
1786191821582|1110|switch_06_r2f_00004_1048576_terminal|fixed|1346371075|8193|8193
1786191821582|1110|switch_06_r2f_00004_1048576_terminal|rotating|1346371075|8193|8193
1786191821986|1111|switch_06_r2f_00005_1048576_active|fixed|1346362883|8193|8193
1786191821986|1111|switch_06_r2f_00005_1048576_active|rotating|1350565379|8193|8193
1786191823462|1111|switch_06_r2f_00005_1048576_terminal|fixed|1346371075|8193|8193
1786191823462|1111|switch_06_r2f_00005_1048576_terminal|rotating|1350565379|8193|8193
1786191823894|1112|switch_06_r2f_00006_1048576_active|fixed|1350557187|8193|8193
1786191823894|1112|switch_06_r2f_00006_1048576_active|rotating|1346371075|8193|8193
1786191825348|1112|switch_06_r2f_00006_1048576_terminal|fixed|1350565379|8193|8193
1786191825348|1112|switch_06_r2f_00006_1048576_terminal|rotating|1350565379|8193|8193
1786191825767|1113|switch_06_r2f_00007_1048576_active|fixed|1346362883|8193|8193
1786191825767|1113|switch_06_r2f_00007_1048576_active|rotating|1350565379|8193|8193
1786191827208|1113|switch_06_r2f_00007_1048576_terminal|fixed|1350565379|8193|8193
1786191827208|1113|switch_06_r2f_00007_1048576_terminal|rotating|1346371075|8193|8193
1786191827601|1114|switch_06_r2f_00008_1048576_active|fixed|1350557187|8193|8193
1786191827601|1114|switch_06_r2f_00008_1048576_active|rotating|1350565379|8193|8193
1786191829070|1114|switch_06_r2f_00008_1048576_terminal|fixed|1346371075|8193|8193
1786191829070|1114|switch_06_r2f_00008_1048576_terminal|rotating|1346371075|8193|8193
1786191834579|1115|switch_07_f2r_00000_4194304_active|fixed|1346371075|8193|8193
1786191834579|1115|switch_07_f2r_00000_4194304_active|rotating|1346362883|8193|8193
1786191838765|1115|switch_07_f2r_00000_4194304_terminal|fixed|1346371075|8193|8193
1786191838765|1115|switch_07_f2r_00000_4194304_terminal|rotating|1350565379|8193|8193
1786191839192|1116|switch_07_f2r_00001_4194304_active|fixed|1350565379|8193|8193
1786191839192|1116|switch_07_f2r_00001_4194304_active|rotating|1346362883|8193|8193
1786191843348|1116|switch_07_f2r_00001_4194304_terminal|fixed|1350565379|8193|8193
1786191843348|1116|switch_07_f2r_00001_4194304_terminal|rotating|1350565379|8193|8193
1786191843782|1117|switch_07_f2r_00002_4194304_active|fixed|1350565379|8193|8193
1786191843782|1117|switch_07_f2r_00002_4194304_active|rotating|1346362883|8193|8193
1786191847934|1117|switch_07_f2r_00002_4194304_terminal|fixed|1350565379|8193|8193
1786191847934|1117|switch_07_f2r_00002_4194304_terminal|rotating|1346371075|8193|8193
1786191848372|1118|switch_07_f2r_00003_1048576_active|fixed|1350565379|8193|8193
1786191848372|1118|switch_07_f2r_00003_1048576_active|rotating|1346362883|8193|8193
1786191849832|1118|switch_07_f2r_00003_1048576_terminal|fixed|1346371075|8193|8193
1786191849832|1118|switch_07_f2r_00003_1048576_terminal|rotating|1350565379|8193|8193
1786191850237|1119|switch_07_f2r_00004_1048576_active|fixed|1346371075|8193|8193
1786191850237|1119|switch_07_f2r_00004_1048576_active|rotating|1350557187|8193|8193
1786191851718|1119|switch_07_f2r_00004_1048576_terminal|fixed|1346371075|8193|8193
1786191851718|1119|switch_07_f2r_00004_1048576_terminal|rotating|1350565379|8193|8193
1786191852154|1120|switch_07_f2r_00005_1048576_active|fixed|1350565379|8193|8193
1786191852154|1120|switch_07_f2r_00005_1048576_active|rotating|1346362883|8193|8193
1786191853602|1120|switch_07_f2r_00005_1048576_terminal|fixed|1346371075|8193|8193
1786191853602|1120|switch_07_f2r_00005_1048576_terminal|rotating|1346371075|8193|8193
1786191854088|1121|switch_07_f2r_00006_1048576_active|fixed|1346371075|8193|8193
1786191854088|1121|switch_07_f2r_00006_1048576_active|rotating|1350557187|8193|8193
1786191855543|1121|switch_07_f2r_00006_1048576_terminal|fixed|1346371075|8193|8193
1786191855543|1121|switch_07_f2r_00006_1048576_terminal|rotating|1350565379|8193|8193
1786191855977|1122|switch_07_f2r_00007_1048576_active|fixed|1346371075|8193|8193
1786191855977|1122|switch_07_f2r_00007_1048576_active|rotating|1346362883|8193|8193
1786191857425|1122|switch_07_f2r_00007_1048576_terminal|fixed|1346371075|8193|8193
1786191857425|1122|switch_07_f2r_00007_1048576_terminal|rotating|1350565379|8193|8193
1786191857861|1123|switch_07_f2r_00008_1048576_active|fixed|1346371075|8193|8193
1786191857861|1123|switch_07_f2r_00008_1048576_active|rotating|1350557187|8193|8193
1786191859335|1123|switch_07_f2r_00008_1048576_terminal|fixed|1350565379|8193|8193
1786191859335|1123|switch_07_f2r_00008_1048576_terminal|rotating|1350565379|8193|8193
1786191864587|1124|switch_07_r2f_00000_4194304_active|fixed|1350557187|8193|8193
1786191864587|1124|switch_07_r2f_00000_4194304_active|rotating|1346371075|8193|8193
1786191868837|1124|switch_07_r2f_00000_4194304_terminal|fixed|1346371075|8193|8193
1786191868837|1124|switch_07_r2f_00000_4194304_terminal|rotating|1346371075|8193|8193
1786191869244|1125|switch_07_r2f_00001_4194304_active|fixed|1346362883|8193|8193
1786191869244|1125|switch_07_r2f_00001_4194304_active|rotating|1346371075|8193|8193
1786191873414|1125|switch_07_r2f_00001_4194304_terminal|fixed|1350565379|8193|8193
1786191873414|1125|switch_07_r2f_00001_4194304_terminal|rotating|1346371075|8193|8193
1786191873824|1126|switch_07_r2f_00002_4194304_active|fixed|1350557187|8193|8193
1786191873824|1126|switch_07_r2f_00002_4194304_active|rotating|1346371075|8193|8193
1786191878001|1126|switch_07_r2f_00002_4194304_terminal|fixed|1350565379|8193|8193
1786191878001|1126|switch_07_r2f_00002_4194304_terminal|rotating|1350565379|8193|8193
1786191878419|1127|switch_07_r2f_00003_1048576_active|fixed|1350557187|8193|8193
1786191878419|1127|switch_07_r2f_00003_1048576_active|rotating|1350565379|8193|8193
1786191879885|1127|switch_07_r2f_00003_1048576_terminal|fixed|1350565379|8193|8193
1786191879885|1127|switch_07_r2f_00003_1048576_terminal|rotating|1346371075|8193|8193
1786191880282|1128|switch_07_r2f_00004_1048576_active|fixed|1350557187|8193|8193
1786191880282|1128|switch_07_r2f_00004_1048576_active|rotating|1350565379|8193|8193
1786191881753|1128|switch_07_r2f_00004_1048576_terminal|fixed|1346371075|8193|8193
1786191881753|1128|switch_07_r2f_00004_1048576_terminal|rotating|1350565379|8193|8193
1786191882182|1129|switch_07_r2f_00005_1048576_active|fixed|1350557187|8193|8193
1786191882182|1129|switch_07_r2f_00005_1048576_active|rotating|1346371075|8193|8193
1786191883680|1129|switch_07_r2f_00005_1048576_terminal|fixed|1346371075|8193|8193
1786191883680|1129|switch_07_r2f_00005_1048576_terminal|rotating|1350565379|8193|8193
1786191884103|1130|switch_07_r2f_00006_1048576_active|fixed|1346362883|8193|8193
1786191884103|1130|switch_07_r2f_00006_1048576_active|rotating|1346371075|8193|8193
1786191885605|1130|switch_07_r2f_00006_1048576_terminal|fixed|1346371075|8193|8193
1786191885605|1130|switch_07_r2f_00006_1048576_terminal|rotating|1350565379|8193|8193
1786191886014|1131|switch_07_r2f_00007_1048576_active|fixed|1350557187|8193|8193
1786191886014|1131|switch_07_r2f_00007_1048576_active|rotating|1350565379|8193|8193
1786191887494|1131|switch_07_r2f_00007_1048576_terminal|fixed|1346371075|8193|8193
1786191887494|1131|switch_07_r2f_00007_1048576_terminal|rotating|1346371075|8193|8193
1786191887886|1132|switch_07_r2f_00008_1048576_active|fixed|1346362883|8193|8193
1786191887886|1132|switch_07_r2f_00008_1048576_active|rotating|1350565379|8193|8193
1786191889375|1132|switch_07_r2f_00008_1048576_terminal|fixed|1350565379|8193|8193
1786191889375|1132|switch_07_r2f_00008_1048576_terminal|rotating|1346371075|8193|8193
1786191894612|1133|switch_08_f2r_00000_4194304_active|fixed|1346371075|8193|8193
1786191894612|1133|switch_08_f2r_00000_4194304_active|rotating|1346362883|8193|8193
1786191898788|1133|switch_08_f2r_00000_4194304_terminal|fixed|1346371075|8193|8193
1786191898788|1133|switch_08_f2r_00000_4194304_terminal|rotating|1346371075|8193|8193
1786191899211|1134|switch_08_f2r_00001_4194304_active|fixed|1350565379|8193|8193
1786191899211|1134|switch_08_f2r_00001_4194304_active|rotating|1346362883|8193|8193
1786191903406|1134|switch_08_f2r_00001_4194304_terminal|fixed|1350565379|8193|8193
1786191903406|1134|switch_08_f2r_00001_4194304_terminal|rotating|1350565379|8193|8193
1786191903800|1135|switch_08_f2r_00002_4194304_active|fixed|1350565379|8193|8193
1786191903800|1135|switch_08_f2r_00002_4194304_active|rotating|1346362883|8193|8193
1786191907981|1135|switch_08_f2r_00002_4194304_terminal|fixed|1346371075|8193|8193
1786191907981|1135|switch_08_f2r_00002_4194304_terminal|rotating|1350565379|8193|8193
1786191908406|1136|switch_08_f2r_00003_1048576_active|fixed|1350565379|8193|8193
1786191908406|1136|switch_08_f2r_00003_1048576_active|rotating|1350557187|8193|8193
1786191909882|1136|switch_08_f2r_00003_1048576_terminal|fixed|1350565379|8193|8193
1786191909882|1136|switch_08_f2r_00003_1048576_terminal|rotating|1346371075|8193|8193
1786191910333|1137|switch_08_f2r_00004_1048576_active|fixed|1350565379|8193|8193
1786191910333|1137|switch_08_f2r_00004_1048576_active|rotating|1350557187|8193|8193
1786191911828|1137|switch_08_f2r_00004_1048576_terminal|fixed|1346371075|8193|8193
1786191911828|1137|switch_08_f2r_00004_1048576_terminal|rotating|1350565379|8193|8193
1786191912251|1138|switch_08_f2r_00005_1048576_active|fixed|1350565379|8193|8193
1786191912251|1138|switch_08_f2r_00005_1048576_active|rotating|1350557187|8193|8193
1786191913690|1138|switch_08_f2r_00005_1048576_terminal|fixed|1350565379|8193|8193
1786191913690|1138|switch_08_f2r_00005_1048576_terminal|rotating|1350565379|8193|8193
1786191914133|1139|switch_08_f2r_00006_1048576_active|fixed|1350565379|8193|8193
1786191914133|1139|switch_08_f2r_00006_1048576_active|rotating|1346362883|8193|8193
1786191915608|1139|switch_08_f2r_00006_1048576_terminal|fixed|1346371075|8193|8193
1786191915608|1139|switch_08_f2r_00006_1048576_terminal|rotating|1350565379|8193|8193
1786191916024|1140|switch_08_f2r_00007_1048576_active|fixed|1346371075|8193|8193
1786191916024|1140|switch_08_f2r_00007_1048576_active|rotating|1350557187|8193|8193
1786191917476|1140|switch_08_f2r_00007_1048576_terminal|fixed|1350565379|8193|8193
1786191917476|1140|switch_08_f2r_00007_1048576_terminal|rotating|1346371075|8193|8193
1786191917918|1141|switch_08_f2r_00008_1048576_active|fixed|1346371075|8193|8193
1786191917918|1141|switch_08_f2r_00008_1048576_active|rotating|1346362883|8193|8193
1786191919376|1141|switch_08_f2r_00008_1048576_terminal|fixed|1346371075|8193|8193
1786191919376|1141|switch_08_f2r_00008_1048576_terminal|rotating|1346371075|8193|8193
1786191924627|1142|switch_08_r2f_00000_4194304_active|fixed|1350557187|8193|8193
1786191924627|1142|switch_08_r2f_00000_4194304_active|rotating|1350565379|8193|8193
1786191928810|1142|switch_08_r2f_00000_4194304_terminal|fixed|1350565379|8193|8193
1786191928810|1142|switch_08_r2f_00000_4194304_terminal|rotating|1350565379|8193|8193
1786191929255|1143|switch_08_r2f_00001_4194304_active|fixed|1346362883|8193|8193
1786191929255|1143|switch_08_r2f_00001_4194304_active|rotating|1346371075|8193|8193
1786191933402|1143|switch_08_r2f_00001_4194304_terminal|fixed|1350565379|8193|8193
1786191933402|1143|switch_08_r2f_00001_4194304_terminal|rotating|1350565379|8193|8193
1786191933815|1144|switch_08_r2f_00002_4194304_active|fixed|1346362883|8193|8193
1786191933815|1144|switch_08_r2f_00002_4194304_active|rotating|1346371075|8193|8193
1786191937979|1144|switch_08_r2f_00002_4194304_terminal|fixed|1350565379|8193|8193
1786191937979|1144|switch_08_r2f_00002_4194304_terminal|rotating|1350565379|8193|8193
1786191938372|1145|switch_08_r2f_00003_1048576_active|fixed|1350557187|8193|8193
1786191938372|1145|switch_08_r2f_00003_1048576_active|rotating|1350565379|8193|8193
1786191939829|1145|switch_08_r2f_00003_1048576_terminal|fixed|1350565379|8193|8193
1786191939829|1145|switch_08_r2f_00003_1048576_terminal|rotating|1346371075|8193|8193
1786191940259|1146|switch_08_r2f_00004_1048576_active|fixed|1350557187|8193|8193
1786191940259|1146|switch_08_r2f_00004_1048576_active|rotating|1346371075|8193|8193
1786191941739|1146|switch_08_r2f_00004_1048576_terminal|fixed|1346371075|8193|8193
1786191941739|1146|switch_08_r2f_00004_1048576_terminal|rotating|1346371075|8193|8193
1786191942145|1147|switch_08_r2f_00005_1048576_active|fixed|1346362883|8193|8193
1786191942145|1147|switch_08_r2f_00005_1048576_active|rotating|1350565379|8193|8193
1786191943637|1147|switch_08_r2f_00005_1048576_terminal|fixed|1350565379|8193|8193
1786191943637|1147|switch_08_r2f_00005_1048576_terminal|rotating|1350565379|8193|8193
1786191944047|1148|switch_08_r2f_00006_1048576_active|fixed|1346362883|8193|8193
1786191944047|1148|switch_08_r2f_00006_1048576_active|rotating|1350565379|8193|8193
1786191945507|1148|switch_08_r2f_00006_1048576_terminal|fixed|1346371075|8193|8193
1786191945507|1148|switch_08_r2f_00006_1048576_terminal|rotating|1346371075|8193|8193
1786191945887|1149|switch_08_r2f_00007_1048576_active|fixed|1346362883|8193|8193
1786191945887|1149|switch_08_r2f_00007_1048576_active|rotating|1350565379|8193|8193
1786191947353|1149|switch_08_r2f_00007_1048576_terminal|fixed|1350565379|8193|8193
1786191947353|1149|switch_08_r2f_00007_1048576_terminal|rotating|1346371075|8193|8193
1786191947807|1150|switch_08_r2f_00008_1048576_active|fixed|1346362883|8193|8193
1786191947807|1150|switch_08_r2f_00008_1048576_active|rotating|1346371075|8193|8193
1786191949324|1150|switch_08_r2f_00008_1048576_terminal|fixed|1346371075|8193|8193
1786191949324|1150|switch_08_r2f_00008_1048576_terminal|rotating|1346371075|8193|8193
1786191954649|1151|switch_09_f2r_00000_4194304_active|fixed|1350565379|8193|8193
1786191954649|1151|switch_09_f2r_00000_4194304_active|rotating|1350557187|8193|8193
1786191958833|1151|switch_09_f2r_00000_4194304_terminal|fixed|1346371075|8193|8193
1786191958833|1151|switch_09_f2r_00000_4194304_terminal|rotating|1346371075|8193|8193
1786191959251|1152|switch_09_f2r_00001_4194304_active|fixed|1346371075|8193|8193
1786191959251|1152|switch_09_f2r_00001_4194304_active|rotating|1350557187|8193|8193
1786191963410|1152|switch_09_f2r_00001_4194304_terminal|fixed|1346371075|8193|8193
1786191963410|1152|switch_09_f2r_00001_4194304_terminal|rotating|1350565379|8193|8193
1786191963779|1153|switch_09_f2r_00002_4194304_active|fixed|1350565379|8193|8193
1786191963779|1153|switch_09_f2r_00002_4194304_active|rotating|1350557187|8193|8193
1786191967958|1153|switch_09_f2r_00002_4194304_terminal|fixed|1350565379|8193|8193
1786191967958|1153|switch_09_f2r_00002_4194304_terminal|rotating|1346371075|8193|8193
1786191968377|1154|switch_09_f2r_00003_1048576_active|fixed|1346371075|8193|8193
1786191968377|1154|switch_09_f2r_00003_1048576_active|rotating|1346362883|8193|8193
1786191969825|1154|switch_09_f2r_00003_1048576_terminal|fixed|1350565379|8193|8193
1786191969825|1154|switch_09_f2r_00003_1048576_terminal|rotating|1346371075|8193|8193
1786191970282|1155|switch_09_f2r_00004_1048576_active|fixed|1350565379|8193|8193
1786191970282|1155|switch_09_f2r_00004_1048576_active|rotating|1346362883|8193|8193
1786191971739|1155|switch_09_f2r_00004_1048576_terminal|fixed|1346371075|8193|8193
1786191971739|1155|switch_09_f2r_00004_1048576_terminal|rotating|1346371075|8193|8193
1786191972179|1156|switch_09_f2r_00005_1048576_active|fixed|1350565379|8193|8193
1786191972179|1156|switch_09_f2r_00005_1048576_active|rotating|1346362883|8193|8193
1786191973636|1156|switch_09_f2r_00005_1048576_terminal|fixed|1346371075|8193|8193
1786191973636|1156|switch_09_f2r_00005_1048576_terminal|rotating|1346371075|8193|8193
1786191974054|1157|switch_09_f2r_00006_1048576_active|fixed|1350565379|8193|8193
1786191974054|1157|switch_09_f2r_00006_1048576_active|rotating|1346362883|8193|8193
1786191975548|1157|switch_09_f2r_00006_1048576_terminal|fixed|1346371075|8193|8193
1786191975548|1157|switch_09_f2r_00006_1048576_terminal|rotating|1346371075|8193|8193
1786191975977|1158|switch_09_f2r_00007_1048576_active|fixed|1350565379|8193|8193
1786191975977|1158|switch_09_f2r_00007_1048576_active|rotating|1350557187|8193|8193
1786191977409|1158|switch_09_f2r_00007_1048576_terminal|fixed|1346371075|8193|8193
1786191977409|1158|switch_09_f2r_00007_1048576_terminal|rotating|1346371075|8193|8193
1786191977824|1159|switch_09_f2r_00008_1048576_active|fixed|1350565379|8193|8193
1786191977824|1159|switch_09_f2r_00008_1048576_active|rotating|1346362883|8193|8193
1786191979294|1159|switch_09_f2r_00008_1048576_terminal|fixed|1350565379|8193|8193
1786191979294|1159|switch_09_f2r_00008_1048576_terminal|rotating|1346371075|8193|8193
1786191984650|1160|switch_09_r2f_00000_4194304_active|fixed|1346362883|8193|8193
1786191984650|1160|switch_09_r2f_00000_4194304_active|rotating|1346371075|8193|8193
1786191988993|1160|switch_09_r2f_00000_4194304_terminal|fixed|1346371075|8193|8193
1786191988993|1160|switch_09_r2f_00000_4194304_terminal|rotating|1350565379|8193|8193
1786191989387|1161|switch_09_r2f_00001_4194304_active|fixed|1346362883|8193|8193
1786191989387|1161|switch_09_r2f_00001_4194304_active|rotating|1346371075|8193|8193
1786191993505|1161|switch_09_r2f_00001_4194304_terminal|fixed|1346371075|8193|8193
1786191993505|1161|switch_09_r2f_00001_4194304_terminal|rotating|1346371075|8193|8193
1786191993936|1162|switch_09_r2f_00002_4194304_active|fixed|1346362883|8193|8193
1786191993936|1162|switch_09_r2f_00002_4194304_active|rotating|1350565379|8193|8193
1786191998122|1162|switch_09_r2f_00002_4194304_terminal|fixed|1346371075|8193|8193
1786191998122|1162|switch_09_r2f_00002_4194304_terminal|rotating|1346371075|8193|8193
1786191998539|1163|switch_09_r2f_00003_1048576_active|fixed|1346362883|8193|8193
1786191998539|1163|switch_09_r2f_00003_1048576_active|rotating|1350565379|8193|8193
1786191999983|1163|switch_09_r2f_00003_1048576_terminal|fixed|1346371075|8193|8193
1786191999983|1163|switch_09_r2f_00003_1048576_terminal|rotating|1346371075|8193|8193
1786192000453|1164|switch_09_r2f_00004_1048576_active|fixed|1346362883|8193|8193
1786192000453|1164|switch_09_r2f_00004_1048576_active|rotating|1350565379|8193|8193
1786192001968|1164|switch_09_r2f_00004_1048576_terminal|fixed|1350565379|8193|8193
1786192001968|1164|switch_09_r2f_00004_1048576_terminal|rotating|1350565379|8193|8193
1786192002434|1165|switch_09_r2f_00005_1048576_active|fixed|1346362883|8193|8193
1786192002434|1165|switch_09_r2f_00005_1048576_active|rotating|1346371075|8193|8193
1786192003925|1165|switch_09_r2f_00005_1048576_terminal|fixed|1346371075|8193|8193
1786192003925|1165|switch_09_r2f_00005_1048576_terminal|rotating|1346371075|8193|8193
1786192004266|1166|switch_09_r2f_00006_1048576_active|fixed|1350557187|8193|8193
1786192004266|1166|switch_09_r2f_00006_1048576_active|rotating|1350565379|8193|8193
1786192005640|1166|switch_09_r2f_00006_1048576_terminal|fixed|1346371075|8193|8193
1786192005640|1166|switch_09_r2f_00006_1048576_terminal|rotating|1346371075|8193|8193
1786192005973|1167|switch_09_r2f_00007_1048576_active|fixed|1346362883|8193|8193
1786192005973|1167|switch_09_r2f_00007_1048576_active|rotating|1346371075|8193|8193
1786192007379|1167|switch_09_r2f_00007_1048576_terminal|fixed|1346371075|8193|8193
1786192007379|1167|switch_09_r2f_00007_1048576_terminal|rotating|1346371075|8193|8193
1786192007764|1168|switch_09_r2f_00008_1048576_active|fixed|1346362883|8193|8193
1786192007764|1168|switch_09_r2f_00008_1048576_active|rotating|1346371075|8193|8193
1786192009182|1168|switch_09_r2f_00008_1048576_terminal|fixed|1346371075|8193|8193
1786192009182|1168|switch_09_r2f_00008_1048576_terminal|rotating|1350565379|8193|8193
1786192015089|1169|P10_4-DIRECTION_SWITCH_endpoint_shutdown_terminal|fixed|1350565379|8193|8193
1786192015089|1169|P10_4-DIRECTION_SWITCH_endpoint_shutdown_terminal|rotating|1346371075|8193|8193
