captured_ms|sequence|label|role|admission_snapshot_words_csv|ps_runtime_words_csv|pl_perf_snapshot_words_csv
1788101764535|1001|primary_300s|fixed|2,1378943233,16780339,6057408,6048800,6057408,6048800,6057408,6048800,10953,10924,5470,5461,0,0,0,0,177025697,176863308,4096,4096,0,0,5471,5471,360405393,360405414,360405409,360405422,0,0,0,0,0,0,0,0,4096,256,131072,4,15|4,0,300000000,262144,1145,0,0,0,0,96,0,80,0,13,10,0,1,96,0|4,1080714331,0,2722712,0,2621440,0,2621440,0,3048088,0,10,10,297588722,0,297588722,0,2080,307406294,0,14284106,0,0,0,0,0
1788101764535|1001|primary_300s|rotating|2,1378943233,33555404,6127087,6118478,0,0,0,0,0,0,0,0,0,0,5532,5523,0,0,0,0,0,0,0,0,0,0,0,0,0,0,0,0,0,0,0,0,4096,256,131072,4,15|4,0,300000000,262144,1145,0,0,0,0,96,0,80,0,13,10,0,1,96,0|4,395813997,0,2750868,0,2621440,0,2621440,0,3079429,0,10,10,300780656,0,300780656,0,2080,310301201,0,14286243,0,0,0,0,0
1788101769545|1001|primary_300s|fixed|4,1378943233,16780339,12121420,12104063,12121420,12104063,12121420,12104063,21905,21846,10941,10922,0,0,0,0,354053010,353727693,4096,4096,0,0,10942,10942,680892046,680892051,680892054,680892059,0,0,0,0,0,0,0,0,4096,256,131072,4,15|4,0,300000000,262144,1145,0,0,0,0,176,0,160,0,23,20,0,1,176,0|6,1401882139,0,5424672,0,5242880,0,5242880,0,6084576,0,20,20,593702203,0,593702203,0,2080,613335436,0,26312911,0,0,0,0,0
1788101769545|1001|primary_300s|rotating|4,1378943233,33558272,12233062,12215905,0,0,0,0,0,0,0,0,0,0,11042,11023,0,0,0,0,0,0,0,0,0,0,0,0,0,0,0,0,0,0,0,0,4096,256,131072,4,15|4,0,300000000,262144,1145,0,0,0,0,176,0,160,0,23,20,0,1,176,0|6,718608527,0,5467156,0,5242880,0,5242880,0,6131384,0,20,20,598514682,0,598514682,0,2080,617535296,0,26317778,0,0,0,0,0
1788101774552|1001|primary_300s|fixed|6,1378943233,16780339,18180570,18155503,18180570,18155503,18180570,18155503,32857,32768,16412,16383,0,0,0,0,531069692,530581584,4096,4096,0,0,16413,16413,1001364962,1001364991,1001364970,1001364951,0,0,0,0,0,0,0,0,4096,256,131072,4,15|4,0,300000000,262144,1145,0,0,0,0,256,0,240,0,33,30,0,1,256,0|8,1721823807,0,8115768,0,7864320,0,7864320,0,9107021,0,30,30,888595949,0,888595949,0,2080,918037929,0,38342207,0,0,0,0,0
1788101774552|1001|primary_300s|rotating|6,1378943233,33555404,18259441,18234305,0,0,0,0,0,0,0,0,0,0,16483,16454,0,0,0,0,0,0,0,0,0,0,0,0,0,0,0,0,0,0,0,0,4096,256,131072,4,15|4,0,300000000,262144,1145,0,0,0,0,264,0,248,0,34,31,0,1,264,0|8,1037690646,0,8136840,0,8126464,0,8126464,0,9128634,0,31,31,890107246,0,890107246,0,2080,919503824,0,39555022,0,0,0,0,0
1788101779552|1001|primary_300s|fixed|8,1378943233,16780339,24195948,24162144,24195948,24162144,24195948,24162144,43732,43610,21844,21804,0,0,0,0,706825715,706158704,4096,4096,0,0,21845,21845,1321230445,1321230450,1321230453,1321230426,0,0,0,0,0,0,0,0,4096,256,131072,4,15|4,0,300000000,262144,1145,0,0,0,0,344,0,328,0,44,41,0,1,344,0|10,2041840788,0,10793352,0,10747904,0,10747904,0,12113952,0,41,41,1181125894,0,1181125894,0,2080,1221291838,0,51574373,0,0,0,0,0
1788101779552|1001|primary_300s|rotating|8,1378943233,33555404,24271270,24237370,0,0,0,0,0,0,0,0,0,0,21912,21872,0,0,0,0,0,0,0,0,0,0,0,0,0,0,0,0,0,0,0,0,4096,256,131072,4,15|4,0,300000000,262144,1145,0,0,0,0,344,0,328,0,44,41,0,1,344,0|10,1357026398,0,10822500,0,10747904,0,10747904,0,12143889,0,41,41,1184391850,0,1184391850,0,2080,1223279220,0,51584856,0,0,0,0,0
1788101784565|1001|primary_300s|fixed|10,1378943233,16780339,30288484,30245852,30288484,30245852,30288484,30245852,54740,54588,27343,27293,0,0,0,0,884755381,883927264,4096,4096,0,0,27344,27344,1643274282,1643274287,1643274290,1643274263,0,0,0,0,0,0,0,0,4096,256,131072,4,15|4,0,300000000,262144,1145,0,0,0,0,424,0,408,0,54,51,0,1,424,0|12,2363963223,0,13504208,0,13369344,0,13369344,0,15158619,0,51,51,1478190129,0,1478190129,0,2080,1528175190,0,63603557,0,0,0,0,0
1788101784565|1001|primary_300s|rotating|10,1378943233,33555404,30356063,30313316,0,0,0,0,0,0,0,0,0,0,27404,27354,0,0,0,0,0,0,0,0,0,0,0,0,0,0,0,0,0,0,0,0,4096,256,131072,4,15|4,0,300000000,262144,1145,0,0,0,0,424,0,408,0,54,51,0,1,424,0|12,1678634849,0,13528908,0,13369344,0,13369344,0,15182993,0,51,51,1480943816,0,1480943816,0,2080,1529327553,0,63614834,0,0,0,0,0
1788101789567|1001|primary_300s|fixed|12,1378943233,16780339,36326330,36274354,36326330,36274354,36326330,36274354,65644,65462,32791,32731,0,0,0,0,1061002637,1060012192,4096,4096,0,0,32791,32791,1962419518,1962419851,1962419526,1962419859,0,0,0,0,0,0,0,0,4096,256,131072,4,15|4,0,300000000,262144,1145,0,0,0,0,504,0,488,0,64,61,0,1,504,0|14,2682029632,0,16179000,0,15990784,0,15990784,0,18164632,0,61,61,1771211139,0,1771211139,0,2080,1831002784,0,75632524,0,0,0,0,0
1788101789567|1001|primary_300s|rotating|12,1378943233,33555404,36376869,36324942,0,0,0,0,0,0,0,0,0,0,32836,32776,0,0,0,0,0,0,0,0,0,0,0,0,0,0,0,0,0,0,0,0,4096,256,131072,4,15|4,0,300000000,262144,1145,0,0,0,0,504,0,488,0,64,61,0,1,504,0|14,1996881027,0,16205152,0,15990784,0,15990784,0,18189953,0,61,61,1774140873,0,1774140873,0,2080,1832016954,0,75644966,0,0,0,0,0
1788101794570|1001|primary_300s|fixed|14,1378943233,16780339,42377244,42316843,42377244,42316843,42377244,42316843,76579,76367,38253,38183,0,0,0,0,1237740949,1236587360,4096,4096,0,0,38254,38254,2282420289,2282420278,2282420297,2282420286,0,0,0,0,0,0,0,0,4096,256,131072,4,15|4,0,300000000,262144,1145,0,0,0,0,588,0,576,0,75,72,0,1,588,0|16,3003825243,0,18874368,0,18874368,0,18874368,0,21200457,0,72,72,2066582380,0,2066582380,0,2080,2137099377,0,88121691,0,0,0,0,0
1788101794570|1001|primary_300s|rotating|14,1378943233,33558272,42440399,42379175,0,0,0,0,0,0,0,0,0,0,38311,38240,0,0,0,0,0,0,0,0,0,0,0,0,0,0,0,0,0,0,0,0,4096,256,131072,4,15|4,0,300000000,262144,1145,0,0,0,0,592,0,576,0,75,72,0,1,592,0|16,2319216536,0,18903020,0,18874368,0,18874368,0,21219950,0,72,72,2068978315,0,2068978315,0,2080,2137234949,0,88883745,0,0,0,0,0
1788101799577|1001|primary_300s|fixed|16,1378943233,16780339,48412070,48341663,48412070,48341663,48412070,48341663,87485,87240,43700,43619,0,0,0,0,1413968458,1412634616,4096,4096,0,0,43701,43701,2603099789,2603099810,2603099797,2603099786,0,0,0,0,0,0,0,0,4096,256,131072,4,15|4,0,300000000,262144,1145,0,0,0,0,672,0,656,0,85,82,0,1,672,0|18,3322719483,0,21554100,0,21495808,0,21495808,0,24203065,0,82,82,2359371730,0,2359371730,0,2080,2439691056,0,100893355,0,0,0,0,0
1788101799577|1001|primary_300s|rotating|16,1378943233,33555404,48463267,48392853,0,0,0,0,0,0,0,0,0,0,43746,43665,0,0,0,0,0,0,0,0,0,0,0,0,0,0,0,0,0,0,0,0,4096,256,131072,4,15|4,0,300000000,262144,1145,0,0,0,0,672,0,656,0,85,82,0,1,672,0|18,2637629702,0,21580776,0,21495808,0,21495808,0,24227401,0,82,82,2362336568,0,2362336568,0,2080,2440091110,0,100919310,0,0,0,0,0
1788101804580|1001|primary_300s|fixed|18,1378943233,16780339,54463577,54384334,54463577,54384334,54463577,54384334,98425,98150,49165,49074,0,0,0,0,1590796663,1589300394,4096,4096,0,0,49166,49166,2923245648,2923245661,2923245656,2923245669,0,0,0,0,0,0,0,0,4096,256,131072,4,15|4,0,300000000,262144,1145,0,0,0,0,752,0,736,0,95,92,0,1,752,0|20,3643939391,0,24256556,0,24117248,0,24117248,0,27237391,0,92,92,2655534172,0,2655534172,0,2080,2745671834,0,112922582,0,0,0,0,0
1788101804580|1001|primary_300s|rotating|18,1378943233,33555404,54531736,54452557,0,0,0,0,0,0,0,0,0,0,49226,49135,0,0,0,0,0,0,0,0,0,0,0,0,0,0,0,0,0,0,0,0,4096,256,131072,4,15|4,0,300000000,262144,1145,0,0,0,0,752,0,736,0,95,92,0,1,752,0|20,2958516130,0,24280268,0,24117248,0,24117248,0,27257639,0,92,92,2658169468,0,2658169468,0,2080,2745417334,0,112948084,0,0,0,0,0
1788101809592|1001|primary_300s|fixed|20,1378943233,16780339,60533359,60445951,60533359,60445951,60533359,60445951,109381,109076,54638,54537,0,0,0,0,1767896155,1766238206,4096,4096,0,0,54639,54639,3243853710,3243853691,3243853718,3243853699,0,0,0,0,0,0,0,0,4096,256,131072,4,15|4,0,300000000,262144,1145,0,0,0,0,832,0,816,0,105,102,0,1,832,0|22,3964508037,0,26953580,0,26738688,0,26738688,0,30269670,0,102,102,2951053282,0,2951053282,0,2080,3051002537,0,124950623,0,0,0,0,0
1788101809592|1001|primary_300s|rotating|20,1378943233,33558272,60609273,60521841,0,0,0,0,0,0,0,0,0,0,54707,54606,0,0,0,0,0,0,0,0,0,0,0,0,0,0,0,0,0,0,0,0,4096,256,131072,4,15|4,0,300000000,262144,1145,0,0,0,0,832,0,816,0,105,102,0,1,832,0|22,3279395317,0,26980256,0,26738688,0,26738688,0,30292532,0,102,102,2953993077,0,2953993077,0,2080,3050739773,0,124978800,0,0,0,0,0
1788101814604|1001|primary_300s|fixed|22,1378943233,16781056,66599515,66502088,66599515,66502088,66599515,66502088,120343,120006,60115,60003,0,0,0,0,1945071680,1943233880,4096,4096,0,0,60115,60115,3564619330,3564619330,3564619338,3564619338,0,0,0,0,0,0,0,0,4096,256,131072,4,15|5,0,300000000,262144,1145,0,0,0,0,920,0,904,0,116,113,0,1,920,0|24,4285152441,0,29637092,0,29622272,0,29622272,0,33283732,0,113,113,3244213895,0,3244213895,0,2080,3354884165,0,138182532,0,0,0,0,0
1788101814604|1001|primary_300s|rotating|22,1378943233,33555404,66660616,66563202,0,0,0,0,0,0,0,0,0,0,60170,60058,0,0,0,0,0,0,0,0,0,0,0,0,0,0,0,0,0,0,0,0,4096,256,131072,4,15|4,0,300000000,262144,1145,0,0,0,0,920,0,904,0,116,113,0,1,920,0|24,3601318626,0,29674636,0,29622272,0,29622272,0,33318496,0,113,113,3248421639,0,3248421639,0,2080,3355549084,0,138215057,0,0,0,0,0
1788101819618|1001|primary_300s|fixed|24,1378943233,16780339,72640317,72534282,72640317,72534282,72640317,72534282,131260,130892,65567,65445,0,0,0,0,2121489200,2119488995,4096,4096,0,0,65568,65568,3885609662,3885609691,3885609678,3885609699,0,0,0,0,0,0,0,0,4096,256,131072,4,15|4,0,300000000,262144,1145,0,0,0,0,1000,0,984,0,126,123,0,1,1000,0|26,311215477,1,32337572,0,32243712,0,32243712,0,36317796,0,123,123,3540191216,0,3540191216,0,2080,3660675107,0,150212008,0,0,0,0,0
1788101819618|1001|primary_300s|rotating|24,1378943233,33555404,72715856,72609824,0,0,0,0,0,0,0,0,0,0,65635,65513,0,0,0,0,0,0,0,0,0,0,0,0,0,0,0,0,0,0,0,0,4096,256,131072,4,15|4,0,300000000,262144,1145,0,0,0,0,1000,0,984,0,126,123,0,1,1000,0|26,3921387573,0,32367212,0,32243712,0,32243712,0,36342389,0,123,123,3543434017,0,3543434017,0,2080,3660057276,0,150248615,0,0,0,0,0
1788101824621|1001|primary_300s|fixed|26,1378943233,16781056,78699775,78585538,78699775,78585538,78699775,78585538,142206,141808,71036,70904,0,0,0,0,2298439392,2296274872,4096,4096,0,0,71036,71036,4205949456,4205949781,4205949464,4205949789,0,0,0,0,0,0,0,0,4096,256,131072,4,15|4,0,300000000,262144,1145,0,0,0,0,1080,0,1064,0,136,133,0,1,1080,0|28,631774074,1,35034596,0,34865152,0,34865152,0,39347474,0,133,133,3835698939,0,3835698939,0,2080,3965994825,0,162240996,0,0,0,0,0
1788101824621|1001|primary_300s|rotating|26,1378943233,33558272,78767651,78653419,0,0,0,0,0,0,0,0,0,0,71097,70965,0,0,0,0,0,0,0,0,0,0,0,0,0,0,0,0,0,0,0,0,4096,256,131072,4,15|4,0,300000000,262144,1145,0,0,0,0,1080,0,1064,0,136,133,0,1,1080,0|28,4241327467,0,35058308,0,34865152,0,34865152,0,39365331,0,133,133,3838319129,0,3838319129,0,2080,3964438594,0,162280727,0,0,0,0,0
1788101829624|1001|primary_300s|fixed|28,1378943233,16780339,84757688,84635283,84757688,84635283,84757688,84635283,153144,152716,76499,76357,0,0,0,0,2475228384,2472901310,4096,4096,0,0,76500,76500,231068573,231068546,231068549,231068554,0,0,0,0,0,0,0,0,4096,256,131072,4,15|4,0,300000000,262144,1145,0,0,0,0,1160,0,1144,0,146,143,0,1,1160,0|30,951613655,1,37724700,0,37486592,0,37486592,0,42371949,0,143,143,4130487760,0,4130487760,0,2080,4270595527,0,174270008,0,0,0,0,0
1788101829624|1001|primary_300s|rotating|28,1378943233,33555404,84831463,84709070,0,0,0,0,0,0,0,0,0,0,76566,76424,0,0,0,0,0,0,0,0,0,0,0,0,0,0,0,0,0,0,0,0,4096,256,131072,4,15|4,0,300000000,262144,1145,0,0,0,0,1160,0,1144,0,146,143,0,1,1160,0|30,266702905,1,37748736,0,37486592,0,37486592,0,42394051,0,144,143,4133111425,0,4133111425,0,2048,4269223295,0,174310654,0,0,0,0,0
1788101834630|1001|primary_300s|fixed|30,1378943233,16780339,90784655,90653754,90784655,90653754,90784655,90653754,164037,163576,81940,81787,0,0,0,0,2651258201,2648751036,4096,4096,0,0,81941,81941,551410019,551410024,551410027,551410032,0,0,0,0,0,0,0,0,4096,256,131072,4,15|4,0,300000000,262144,1145,0,0,0,0,1248,0,1232,0,157,154,0,1,1248,0|32,1271953867,1,40405252,0,40370176,0,40370176,0,45383270,0,154,154,128374024,1,128374024,1,2080,279205664,1,187501873,0,0,0,0,0
1788101834630|1001|primary_300s|rotating|30,1378943233,33555404,90876446,90745532,0,0,0,0,0,0,0,0,0,0,82023,81870,0,0,0,0,0,0,0,0,0,0,0,0,0,0,0,0,0,0,0,0,4096,256,131072,4,15|4,0,300000000,262144,1145,0,0,0,0,1248,0,1232,0,157,154,0,1,1248,0|32,588223736,1,40444276,0,40370176,0,40370176,0,45416282,0,154,154,132669048,1,132669048,1,2080,278660377,1,187545693,0,0,0,0,0
1788101839636|1001|primary_300s|fixed|32,1378943233,16780339,96850176,96710844,96850176,96710844,96850176,96710844,174995,174504,87415,87252,0,0,0,0,2828382011,2825711198,4096,4096,0,0,87415,87415,872059598,872059939,872059606,872059947,0,0,0,0,0,0,0,0,4096,256,131072,4,15|4,0,300000000,262144,1145,0,0,0,0,1328,0,1312,0,167,164,0,1,1328,0|34,1592616287,1,43103260,0,42991616,0,42991616,0,48414143,0,164,164,423986146,1,423986146,1,2080,584629548,1,199530537,0,0,0,0,0
1788101839636|1001|primary_300s|rotating|32,1378943233,33555404,96917608,96778238,0,0,0,0,0,0,0,0,0,0,87475,87312,0,0,0,0,0,0,0,0,0,0,0,0,0,0,0,0,0,0,0,0,4096,256,131072,4,15|4,0,300000000,262144,1145,0,0,0,0,1328,0,1312,0,167,164,0,1,1328,0|34,907191043,1,43126916,0,42991616,0,42991616,0,48429747,0,164,164,426583312,1,426583312,1,2080,582069217,1,199578145,0,0,0,0,0
1788101844650|1001|primary_300s|fixed|34,1378943233,16781056,102919568,102772015,102919568,102772015,102919568,102772015,185959,185438,92892,92719,0,0,0,0,3005602664,3002768352,4096,4096,0,0,92892,92892,1192876108,1192876433,1192876116,1192876441,0,0,0,0,0,0,0,0,4096,256,131072,4,15|4,0,300000000,262144,1145,0,0,0,0,1408,0,1392,0,177,174,0,1,1408,0|36,1913498176,1,45802752,0,45613056,0,45613056,0,51447366,0,174,174,719820664,1,719820664,1,2080,890272857,1,211559215,0,0,0,0,0
1788101844650|1001|primary_300s|rotating|34,1378943233,33555404,102987173,102839796,0,0,0,0,0,0,0,0,0,0,92952,92779,0,0,0,0,0,0,0,0,0,0,0,0,0,0,0,0,0,0,0,0,4096,256,131072,4,15|4,0,300000000,262144,1145,0,0,0,0,1408,0,1392,0,177,174,0,1,1408,0|36,1228190875,1,45827452,0,45613056,0,45613056,0,51463399,0,174,174,722522166,1,722522166,1,2080,887510455,1,211614088,0,0,0,0,0
1788101849657|1001|primary_300s|fixed|36,1378943233,16781056,108975813,108818432,108975813,108818432,108975813,108818432,196905,196354,98360,98177,0,0,0,0,3182530496,3179531960,4096,4096,0,0,98360,98360,1513191118,1513191459,1513191126,1513191467,0,0,0,0,0,0,0,0,4096,256,131072,4,15|4,0,300000000,262144,1145,0,0,0,0,1488,0,1472,0,187,184,0,1,1488,0|38,2233820169,1,48496640,0,48234496,0,48234496,0,54472903,0,185,184,1015015892,1,1015015892,1,2048,1195355674,1,223588531,0,0,0,0,0
1788101849657|1001|primary_300s|rotating|36,1378943233,33558272,109039917,108881957,0,0,0,0,0,0,0,0,0,0,98419,98235,0,0,0,0,0,0,0,0,0,0,0,0,0,0,0,0,0,0,0,0,4096,256,131072,4,15|5,0,300000000,262144,1145,0,0,0,0,1496,0,1480,0,188,185,0,1,1496,0|38,1548911464,1,48511460,0,48496640,0,48496640,0,54476337,0,185,185,1015752687,1,1015752687,1,2080,1191116861,1,224848193,0,0,0,0,0
1788101854664|1001|primary_300s|fixed|38,1378943233,16780339,115011076,114844023,115011076,114844023,115011076,114844023,207804,207220,103803,103609,0,0,0,0,3358639564,3355459975,4096,4096,0,0,103804,103804,1833680758,1833680755,1833680766,1833680763,0,0,0,0,0,0,0,0,4096,256,131072,4,15|4,0,300000000,262144,1145,0,0,0,0,1576,0,1560,0,198,195,0,1,1576,0|40,2554403799,1,51179832,0,51118080,0,51118080,0,57489330,0,195,195,1308185784,1,1308185784,1,2080,1499177044,1,236819928,0,0,0,0,0
1788101854664|1001|primary_300s|rotating|38,1378943233,33558272,115085718,114918794,0,0,0,0,0,0,0,0,0,0,103871,103677,0,0,0,0,0,0,0,0,0,0,0,0,0,0,0,0,0,0,0,0,4096,256,131072,4,15|4,0,300000000,262144,1145,0,0,0,0,1576,0,1560,0,198,195,0,1,1576,0|40,1870118902,1,51213916,0,51118080,0,51118080,0,57514191,0,195,195,1311907539,1,1311907539,1,2080,1496766104,1,236875226,0,0,0,0,0
1788101859686|1001|primary_300s|fixed|40,1378943233,16780339,121094947,120918182,121094947,120918182,121094947,120918182,218790,218176,109291,109087,0,0,0,0,3536205712,3532864131,4096,4096,0,0,109292,109292,2155101070,2155101043,2155101078,2155101051,0,0,0,0,0,0,0,0,4096,256,131072,4,15|4,0,300000000,262144,1145,0,0,0,0,1656,0,1640,0,208,205,0,1,1656,0|42,2876722417,1,53892168,0,53739520,0,53739520,0,60537923,0,205,205,1605452228,1,1605452228,1,2080,1806256694,1,248848998,0,0,0,0,0
1788101859686|1001|primary_300s|rotating|40,1378943233,33555404,121185860,121009195,0,0,0,0,0,0,0,0,0,0,109373,109169,0,0,0,0,0,0,0,0,0,0,0,0,0,0,0,0,0,0,0,0,4096,256,131072,4,15|4,0,300000000,262144,1145,0,0,0,0,1656,0,1640,0,208,205,0,1,1656,0|42,2192973903,1,53930700,0,53739520,0,53739520,0,60567598,0,205,205,1609697686,1,1609697686,1,2080,1804061501,1,248910958,0,0,0,0,0
1788101864696|1001|primary_300s|fixed|42,1378943233,16780339,127169997,126984437,127169997,126984437,127169997,126984437,229760,229116,114771,114557,0,0,0,0,3713528392,3710024104,4096,4096,0,0,114772,114772,2476096262,2476096291,2476096270,2476096251,0,0,0,0,0,0,0,0,4096,256,131072,4,15|4,0,300000000,262144,1145,0,0,0,0,1736,0,1720,0,218,215,0,1,1736,0|44,3197509145,1,56591164,0,56360960,0,56360960,0,63570841,0,215,215,1901189381,1,1901189381,1,2080,2111804341,1,260878163,0,0,0,0,0
1788101864696|1001|primary_300s|rotating|42,1378943233,33558272,127253268,127067697,0,0,0,0,0,0,0,0,0,0,114847,114633,0,0,0,0,0,0,0,0,0,0,0,0,0,0,0,0,0,0,0,0,4096,256,131072,4,15|4,0,300000000,262144,1145,0,0,0,0,1736,0,1720,0,218,215,0,1,1736,0|44,2512315816,1,56616852,0,56360960,0,56360960,0,63585165,0,215,215,1903983558,1,1903983558,1,2070,2107844339,1,260945506,0,0,0,0,0
1788101869703|1001|primary_300s|fixed|44,1378943233,16781056,133221352,133025933,133221352,133025933,133221352,133025933,240688,240012,120231,120006,0,0,0,0,3890150928,3886468184,4096,4096,0,0,120231,120231,2795911166,2795911166,2795911174,2795911174,0,0,0,0,0,0,0,0,4096,256,131072,4,15|5,0,300000000,262144,1145,0,0,0,0,1824,0,1808,0,229,226,0,1,1824,0|46,3516785421,1,59262328,0,59244544,0,59244544,0,66573475,0,226,226,2192981487,1,2192981487,1,2080,2414318591,1,274109275,0,0,0,0,0
1788101869703|1001|primary_300s|rotating|44,1378943233,33558272,133271310,133075840,0,0,0,0,0,0,0,0,0,0,120276,120051,0,0,0,0,0,0,0,0,0,0,0,0,0,0,0,0,0,0,0,0,4096,256,131072,4,15|4,0,300000000,262144,1145,0,0,0,0,1824,0,1808,0,229,226,0,1,1824,0|46,2831990119,1,59291476,0,59244544,0,59244544,0,66591090,0,226,226,2196170476,1,2196170476,1,2080,2410402847,1,274179301,0,0,0,0,0
1788101874713|1001|primary_300s|fixed|46,1378943233,16780339,139263716,139059653,139263716,139059653,139263716,139059653,251609,250902,125685,125450,0,0,0,0,4066645288,4062800691,4096,4096,0,0,125686,125686,3117031109,3117031114,3117031117,3117031122,0,0,0,0,0,0,0,0,4096,256,131072,4,15|4,0,300000000,262144,1145,0,0,0,0,1904,0,1888,0,239,236,0,1,1904,0|48,3837664519,1,61961820,0,61865984,0,61865984,0,69605400,0,236,236,2488811765,1,2488811765,1,2080,2719958968,1,286138099,0,0,0,0,0
1788101874713|1001|primary_300s|rotating|46,1378943233,33555404,139332326,139128253,0,0,0,0,0,0,0,0,0,0,125747,125512,0,0,0,0,0,0,0,0,0,0,0,0,0,0,0,0,0,0,0,0,4096,256,131072,4,15|4,0,300000000,262144,1145,0,0,0,0,1904,0,1888,0,239,236,0,1,1904,0|48,3153102677,1,61992944,0,61865984,0,61865984,0,69624865,0,236,236,2492224560,1,2492224560,1,2080,2715958245,1,286212506,0,0,0,0,0
1788101879718|1001|primary_300s|fixed|48,1378943233,16781056,145319671,145107547,145319671,145107547,145319671,145107547,262549,261812,131151,130906,0,0,0,0,4243484864,4239479192,4096,4096,0,0,131151,131151,3437186448,3437186765,3437186456,3437186781,0,0,0,0,0,0,0,0,4096,256,131072,4,15|4,0,300000000,262144,1145,0,0,0,0,1984,0,1968,0,249,246,0,1,1984,0|50,4157761297,1,64654396,0,64487424,0,64487424,0,72630780,0,246,246,2783860222,1,2783860222,1,2080,3024816875,1,298167098,0,0,0,0,0
1788101879718|1001|primary_300s|rotating|48,1378943233,33555404,145395626,145183447,0,0,0,0,0,0,0,0,0,0,131219,130974,0,0,0,0,0,0,0,0,0,0,0,0,0,0,0,0,0,0,0,0,4096,256,131072,4,15|4,0,300000000,262144,1145,0,0,0,0,1984,0,1968,0,249,246,0,1,1984,0|50,3473742325,1,64690460,0,64487424,0,64487424,0,72655108,0,246,246,2787804110,1,2787804110,1,2080,3021037046,1,298248307,0,0,0,0,0
1788101884748|1001|primary_300s|fixed|50,1378943233,16780339,151410185,151189848,151410185,151189848,151410185,151189848,273553,272786,136647,136392,0,0,0,0,4294967295,4294967295,4096,4096,0,0,136648,136648,3759096637,3759096610,3759096645,3759096618,0,0,0,0,0,0,0,0,4096,256,131072,4,15|4,0,300000000,262144,1145,0,0,0,0,2064,0,2048,0,259,256,0,1,2064,0|52,184746356,2,67363276,0,67108864,0,67108864,0,75674540,0,256,256,3080761543,1,3080761543,1,2074,3331530186,1,310196244,0,0,0,0,0
1788101884748|1001|primary_300s|rotating|50,1378943233,33555404,151484808,151264496,0,0,0,0,0,0,0,0,0,0,136714,136459,0,0,0,0,0,0,0,0,0,0,0,0,0,0,0,0,0,0,0,0,4096,256,131072,4,15|4,0,300000000,262144,1145,0,0,0,0,2068,0,2056,0,260,257,0,1,2068,0|52,3794666194,1,67371008,0,67371008,0,67371008,0,75674099,0,257,257,3081474722,1,3081474722,1,2080,3325085402,1,311483889,0,0,0,0,0
1788101889754|1001|primary_300s|fixed|52,1378943233,16780339,157446209,157215566,157446209,157215566,157446209,157215566,284453,283653,142092,141826,0,0,0,0,4294967295,4294967295,4096,4096,0,0,142093,142093,4079645679,4079645660,4079645687,4079645668,0,0,0,0,0,0,0,0,4096,256,131072,4,15|4,0,300000000,262144,1145,0,0,0,0,2152,0,2136,0,270,267,0,1,2152,0|54,505431085,2,70046788,0,69992448,0,69992448,0,78691507,0,267,267,3373959051,1,3373959051,1,2080,3635452217,1,323428063,0,0,0,0,0
1788101889754|1001|primary_300s|rotating|52,1378943233,33558272,157540607,157309869,0,0,0,0,0,0,0,0,0,0,142177,141911,0,0,0,0,0,0,0,0,0,0,0,0,0,0,0,0,0,0,0,0,4096,256,131072,4,15|4,0,300000000,262144,1145,0,0,0,0,2152,0,2136,0,270,267,0,1,2152,0|54,4117011762,1,70088780,0,69992448,0,69992448,0,78720588,0,267,267,3378520886,1,3378520886,1,2080,3631633452,1,323516564,0,0,0,0,0
1788101894763|1001|primary_300s|fixed|54,1378943233,16780339,163514671,163274667,163514671,163274667,163514671,163274667,295404,294574,147562,147286,0,0,0,0,4294967295,4294967295,4096,4096,0,0,147563,147563,105136546,105136519,105136554,105136535,0,0,0,0,0,0,0,0,4096,256,131072,4,15|4,0,300000000,262144,1145,0,0,0,0,2232,0,2216,0,280,277,0,1,2232,0|56,825814539,2,72742328,0,72613888,0,72613888,0,81722399,0,277,277,3669292627,1,3669292627,1,2080,3940596793,1,335457026,0,0,0,0,0
1788101894763|1001|primary_300s|rotating|54,1378943233,33555404,163590474,163350463,0,0,0,0,0,0,0,0,0,0,147631,147355,0,0,0,0,0,0,0,0,0,0,0,0,0,0,0,0,0,0,0,0,4096,256,131072,4,15|4,0,300000000,262144,1145,0,0,0,0,2232,0,2216,0,280,277,0,1,2232,0|56,140934404,2,72770488,0,72613888,0,72613888,0,81736125,0,277,277,3672356665,1,3672356665,1,2080,3934963714,1,335550379,0,0,0,0,0
1788101899771|1001|primary_300s|fixed|56,1378943233,16780339,169576817,169328170,169576817,169328170,169576817,169328170,306363,305503,153037,152751,0,0,0,0,4294967295,4294967295,4096,4096,0,0,153038,153038,425809412,425809417,425809420,425809393,0,0,0,0,0,0,0,0,4096,256,131072,4,15|4,0,300000000,262144,1145,0,0,0,0,2312,0,2296,0,290,287,0,1,2312,0|58,1146263499,2,75437868,0,75235328,0,75235328,0,84749180,0,287,287,3964691717,1,3964691717,1,2080,4245806882,1,347486020,0,0,0,0,0
1788101899771|1001|primary_300s|rotating|56,1378943233,33555404,169657629,169408939,0,0,0,0,0,0,0,0,0,0,153109,152823,0,0,0,0,0,0,0,0,0,0,0,0,0,0,0,0,0,0,0,0,4096,256,131072,4,15|4,0,300000000,262144,1145,0,0,0,0,2312,0,2296,0,290,287,0,1,2312,0|58,462828404,2,75479364,0,75235328,0,75235328,0,84776227,0,287,287,3969190078,1,3969190078,1,2080,4241298409,1,347583816,0,0,0,0,0
1788101904781|1001|primary_300s|fixed|58,1378943233,16781056,175635520,175376782,175635520,175376782,175635520,175376782,317314,316424,158508,158212,0,0,0,0,4294967295,4294967295,4096,4096,0,0,158508,158508,746269547,746269880,746269555,746269888,0,0,0,0,0,0,0,0,4096,256,131072,4,15|5,0,300000000,262144,1145,0,0,0,0,2400,0,2384,0,301,298,0,1,2400,0|60,1468501424,2,78135216,0,78118912,0,78118912,0,87777648,0,298,298,4259442485,1,4259442485,1,2080,256314834,2,360717753,0,0,0,0,0
1788101904781|1001|primary_300s|rotating|58,1378943233,33555404,175721581,175462074,0,0,0,0,0,0,0,0,0,0,158586,158289,0,0,0,0,0,0,0,0,0,0,0,0,0,0,0,0,0,0,0,0,4096,256,131072,4,15|4,0,300000000,262144,1145,0,0,0,0,2400,0,2384,0,301,298,0,1,2400,0|60,784060569,2,78167820,0,78118912,0,78118912,0,87794268,0,298,298,4262931043,1,4262931043,1,2080,250451339,2,360817994,0,0,0,0,0
1788101909795|1001|primary_300s|fixed|60,1378943233,16780339,181676205,181408233,181676205,181408233,181676205,181408233,328229,327306,163960,163653,0,0,0,0,4294967295,4294967295,4096,4096,0,0,163960,163960,1067219496,1067219813,1067219504,1067219821,0,0,0,0,0,0,0,0,4096,256,131072,4,15|4,0,300000000,262144,1145,0,0,0,0,2480,0,2464,0,311,308,0,1,2480,0|62,1787905623,2,80821864,0,80740352,0,80740352,0,90796087,0,308,308,258829558,2,258829558,2,2080,560480406,2,372746486,0,0,0,0,0
1788101909795|1001|primary_300s|rotating|60,1378943233,33555404,181751660,181483542,0,0,0,0,0,0,0,0,0,0,164028,163721,0,0,0,0,0,0,0,0,0,0,0,0,0,0,0,0,0,0,0,0,4096,256,131072,4,15|4,0,300000000,262144,1145,0,0,0,0,2480,0,2464,0,311,308,0,1,2480,0|62,1102902735,2,80849032,0,80740352,0,80740352,0,90806367,0,308,308,261753396,2,261753396,2,2080,553732922,2,372850282,0,0,0,0,0
1788101914806|1001|primary_300s|fixed|62,1378943233,16780339,187744734,187469382,187744734,187469382,187744734,187469382,339191,338238,169435,169118,0,0,0,0,4294967295,4294967295,4096,4096,0,0,169436,169436,1387960963,1387960960,1387960947,1387960968,0,0,0,0,0,0,0,0,4096,256,131072,4,15|4,0,300000000,262144,1145,0,0,0,0,2560,0,2544,0,321,318,0,1,2560,0|64,2108610549,2,83519872,0,83361792,0,83361792,0,93828316,0,318,318,554483912,2,554483912,2,2080,865947010,2,384774917,0,0,0,0,0
1788101914806|1001|primary_300s|rotating|62,1378943233,33555404,187819876,187544563,0,0,0,0,0,0,0,0,0,0,169503,169186,0,0,0,0,0,0,0,0,0,0,0,0,0,0,0,0,0,0,0,0,4096,256,131072,4,15|4,0,300000000,262144,1145,0,0,0,0,2560,0,2544,0,321,318,0,1,2560,0|64,1423820006,2,83549020,0,83361792,0,83361792,0,93840254,0,318,318,557615870,2,557615870,2,2080,859093811,2,384880126,0,0,0,0,0
1788101919830|1001|primary_300s|fixed|64,1378943233,16780339,193857046,193571747,193857046,193571747,193857046,193571747,350233,349250,174952,174625,0,0,0,0,4294967295,4294967295,4096,4096,0,0,174953,174953,1710990799,1710990812,1710990807,1710990788,0,0,0,0,0,0,0,0,4096,256,131072,4,15|4,0,300000000,262144,1145,0,0,0,0,2640,0,2624,0,331,328,0,1,2640,0|66,2431102510,2,86233692,0,85983232,0,85983232,0,96876591,0,328,328,851922376,2,851922376,2,2080,1173200156,2,396803845,0,0,0,0,0
1788101919830|1001|primary_300s|rotating|64,1378943233,33555404,193917322,193631899,0,0,0,0,0,0,0,0,0,0,175006,174679,0,0,0,0,0,0,0,0,0,0,0,0,0,0,0,0,0,0,0,0,4096,256,131072,4,15|4,0,300000000,262144,1145,0,0,0,0,2644,0,2632,0,332,329,0,1,2648,0|66,1746909744,2,86254268,0,86245376,0,86245376,0,96877618,0,329,329,853206257,2,853206257,2,2080,1165067047,2,398118205,0,0,0,0,0
1788101924843|1001|primary_300s|fixed|66,1378943233,16781056,199871051,199576157,199871051,199576157,199871051,199576157,361096,360080,180378,180040,0,0,0,0,4294967295,4294967295,4096,4096,0,0,180378,180378,2030472057,2030472398,2030472065,2030472406,0,0,0,0,0,0,0,0,4096,256,131072,4,15|4,0,300000000,262144,1145,0,0,0,0,2728,0,2712,0,342,339,0,1,2728,0|68,2751680816,2,88916216,0,88866816,0,88866816,0,99892167,0,339,339,1145010036,2,1145010036,2,2080,1477015901,2,410035495,0,0,0,0,0
1788101924843|1001|primary_300s|rotating|66,1378943233,33555404,199955059,199660136,0,0,0,0,0,0,0,0,0,0,180453,180115,0,0,0,0,0,0,0,0,0,0,0,0,0,0,0,0,0,0,0,0,4096,256,131072,4,15|4,0,300000000,262144,1145,0,0,0,0,2728,0,2712,0,342,339,0,1,2728,0|68,2066719508,2,88943880,0,88866816,0,88866816,0,99900931,0,339,339,1147966603,2,1147966603,2,2080,1469318038,2,410145278,0,0,0,0,0
1788101929846|1001|primary_300s|fixed|68,1378943233,16780339,205930760,205627642,205930760,205627642,205930760,205627642,372042,370996,185845,185497,0,0,0,0,4294967295,4294967295,4096,4096,0,0,185846,185846,2350776705,2350776686,2350776713,2350776694,0,0,0,0,0,0,0,0,4096,256,131072,4,15|4,0,300000000,262144,1145,0,0,0,0,2808,0,2792,0,352,349,0,1,2808,0|70,3070845726,2,91600888,0,91488256,0,91488256,0,102908639,0,349,349,1439122726,2,1439122726,2,2080,1780941718,2,422064756,0,0,0,0,0
1788101929846|1001|primary_300s|rotating|68,1378943233,33558272,205992196,205688988,0,0,0,0,0,0,0,0,0,0,185901,185553,0,0,0,0,0,0,0,0,0,0,0,0,0,0,0,0,0,0,0,0,4096,256,131072,4,15|4,0,300000000,262144,1145,0,0,0,0,2808,0,2792,0,352,349,0,1,2808,0|70,2386503259,2,91633988,0,91488256,0,91488256,0,102922748,0,349,349,1442700959,2,1442700959,2,2080,1773544130,2,422172201,0,0,0,0,0
1788101934871|1001|primary_300s|fixed|70,1378943233,16780339,212010930,211697927,212010930,211697927,212010930,211697927,383028,381952,191333,190975,0,0,0,0,4294967295,4294967295,4096,4096,0,0,191334,191334,2672186899,2672186880,2672186907,2672186888,0,0,0,0,0,0,0,0,4096,256,131072,4,15|4,0,300000000,262144,1145,0,0,0,0,2888,0,2872,0,362,359,0,1,2888,0|72,3392889934,2,94310756,0,94109696,0,94109696,0,105952601,0,359,359,1736109768,2,1736109768,2,2080,2087747774,2,434093018,0,0,0,0,0
1788101934871|1001|primary_300s|rotating|70,1378943233,33555404,212104487,211791473,0,0,0,0,0,0,0,0,0,0,191417,191059,0,0,0,0,0,0,0,0,0,0,0,0,0,0,0,0,0,0,0,0,4096,256,131072,4,15|4,0,300000000,262144,1145,0,0,0,0,2888,0,2872,0,362,359,0,1,2888,0|72,2708940656,2,94347312,0,94109696,0,94109696,0,105969706,0,359,359,1740079888,2,1740079888,2,2080,2080421024,2,434202413,0,0,0,0,0
1788101939886|1001|primary_300s|fixed|72,1378943233,16780339,218091229,217769706,218091229,217769706,218091229,217769706,394006,392900,196817,196449,0,0,0,0,4294967295,4294967295,4096,4096,0,0,196818,196818,2993396836,2993396825,2993396844,2993396833,0,0,0,0,0,0,0,0,4096,256,131072,4,15|4,0,300000000,262144,1145,0,0,0,0,2972,0,2960,0,373,370,0,1,2972,0|74,3713784398,2,96993280,0,96993280,0,96993280,0,108976636,0,370,370,2030032986,2,2030032986,2,2080,2392390753,2,447134564,0,0,0,0,0
1788101939886|1001|primary_300s|rotating|72,1378943233,33558272,218137603,217815360,0,0,0,0,0,0,0,0,0,0,196860,196491,0,0,0,0,0,0,0,0,0,0,0,0,0,0,0,0,0,0,0,0,4096,256,131072,4,15|4,0,300000000,262144,1145,0,0,0,0,2976,0,2960,0,373,370,0,1,2976,0|74,3029900098,2,97033296,0,96993280,0,96993280,0,108988842,0,370,370,2033545879,2,2033545879,2,2080,2384266978,2,447439442,0,0,0,0,0
1788101944894|1001|primary_300s|fixed|74,1378943233,16780339,224118917,223788484,224118917,223788484,224118917,223788484,404903,403764,202260,201881,0,0,0,0,4294967295,4294967295,4096,4096,0,0,202261,202261,3313858903,3313858908,3313858919,3313858916,0,0,0,0,0,0,0,0,4096,256,131072,4,15|4,0,300000000,262144,1145,0,0,0,0,3056,0,3040,0,383,380,0,1,3056,0|76,4034257876,2,99691832,0,99614720,0,99614720,0,111999265,0,380,380,2324943868,2,2324943868,2,2080,2697114101,2,459353766,0,0,0,0,0
1788101944894|1001|primary_300s|rotating|74,1378943233,33555404,224198618,223868304,0,0,0,0,0,0,0,0,0,0,202332,201953,0,0,0,0,0,0,0,0,0,0,0,0,0,0,0,0,0,0,0,0,4096,256,131072,4,15|4,0,300000000,262144,1145,0,0,0,0,3056,0,3040,0,383,380,0,1,3056,0|76,3350285201,2,99728340,0,99614720,0,99614720,0,112014902,0,380,380,2328875457,2,2328875457,2,2080,2689093351,2,459471246,0,0,0,0,0
1788101949902|1001|primary_300s|fixed|76,1378943233,16780339,230183563,229845081,230183563,229845081,230183563,229845081,415855,414686,207731,207342,0,0,0,0,4294967295,4294967295,4096,4096,0,0,207732,207732,3634340162,3634340143,3634340170,3634340151,0,0,0,0,0,0,0,0,4096,256,131072,4,15|4,0,300000000,262144,1145,0,0,0,0,3136,0,3120,0,393,390,0,1,3136,0|78,60708546,3,102396216,0,102236160,0,102236160,0,115038886,0,390,390,2621310839,2,2621310839,2,2080,3003293544,2,471382384,0,0,0,0,0
1788101949902|1001|primary_300s|rotating|76,1378943233,33558272,230286268,229947866,0,0,0,0,0,0,0,0,0,0,207824,207435,0,0,0,0,0,0,0,0,0,0,0,0,0,0,0,0,0,0,0,0,4096,256,131072,4,15|4,0,300000000,262144,1145,0,0,0,0,3136,0,3120,0,393,390,0,1,3136,0|78,3672059876,2,102436232,0,102236160,0,102236160,0,115057558,0,390,390,2625591088,2,2625591088,2,2080,2995310757,2,471503411,0,0,0,0,0
1788101954924|1001|primary_300s|fixed|78,1378943233,16781056,236259018,235912957,236259018,235912957,236259018,235912957,426835,425636,213217,212818,0,0,0,0,4294967295,4294967295,4096,4096,0,0,213217,213217,3955617140,3955617489,3955617148,3955617497,0,0,0,0,0,0,0,0,4096,256,131072,4,15|4,0,300000000,262144,1145,0,0,0,0,3216,0,3200,0,403,400,0,1,3216,0|80,381315524,3,105093732,0,104857600,0,104857600,0,118067875,0,400,400,2916863222,2,2916863222,2,2080,3308661548,2,483411406,0,0,0,0,0
1788101954924|1001|primary_300s|rotating|78,1378943233,33555404,236334747,235988716,0,0,0,0,0,0,0,0,0,0,213285,212886,0,0,0,0,0,0,0,0,0,0,0,0,0,0,0,0,0,0,0,0,4096,256,131072,4,15|4,0,300000000,262144,1145,0,0,0,0,3216,0,3200,0,403,400,0,1,3216,0|80,3991388879,2,105119744,0,104857600,0,104857600,0,118072742,0,401,400,2919620377,2,2919620377,2,2048,3299079401,2,483533746,0,0,0,0,0
1788101959938|1001|primary_300s|fixed|80,1378943233,16780339,242297015,241940558,242297015,241940558,242297015,241940558,437748,436516,218667,218257,0,0,0,0,4294967295,4294967295,4096,4096,0,0,218668,218668,4276508874,4276508863,4276508882,4276508871,0,0,0,0,0,0,0,0,4096,256,131072,4,15|4,0,300000000,262144,1145,0,0,0,0,3304,0,3288,0,414,411,0,1,3304,0|82,703096743,3,107786632,0,107741184,0,107741184,0,121093293,0,411,411,3211153803,2,3211153803,2,2080,3613680378,2,496642914,0,0,0,0,0
1788101959938|1001|primary_300s|rotating|80,1378943233,33555404,242386196,242029759,0,0,0,0,0,0,0,0,0,0,218748,218338,0,0,0,0,0,0,0,0,0,0,0,0,0,0,0,0,0,0,0,0,4096,256,131072,4,15|4,0,300000000,262144,1145,0,0,0,0,3304,0,3288,0,414,411,0,1,3304,0|82,18263125,3,107815780,0,107741184,0,107741184,0,121098317,0,411,411,3214218376,2,3214218376,2,2080,3603805137,2,496766859,0,0,0,0,0
1788101964953|1001|primary_300s|fixed|82,1378943233,16780339,248372489,248006807,248372489,248006807,248372489,248006807,448724,447462,224150,223730,0,0,0,0,4294967295,4294967295,4096,4096,0,0,224151,224151,302671601,302671598,302671617,302671606,0,0,0,0,0,0,0,0,4096,256,131072,4,15|4,0,300000000,262144,1145,0,0,0,0,3384,0,3368,0,424,421,0,1,3384,0|84,1023264191,3,110480196,0,110362624,0,110362624,0,124119134,0,421,421,3506273489,2,3506273489,2,2080,3918609142,2,508671709,0,0,0,0,0
1788101964953|1001|primary_300s|rotating|82,1378943233,33555404,248440409,248074674,0,0,0,0,0,0,0,0,0,0,224211,223791,0,0,0,0,0,0,0,0,0,0,0,0,0,0,0,0,0,0,0,0,4096,256,131072,4,15|4,0,300000000,262144,1145,0,0,0,0,3384,0,3368,0,424,421,0,1,3384,0|84,338220632,3,110507368,0,110362624,0,110362624,0,124121839,0,421,421,3509119320,2,3509119320,2,2080,3908204463,2,508800566,0,0,0,0,0
1788101969956|1001|primary_300s|fixed|84,1378943233,16781056,254428661,254052774,254428661,254052774,254428661,254052774,459666,458374,229617,229187,0,0,0,0,4294967295,4294967295,4096,4096,0,0,229617,229617,622898408,622898741,622898416,622898749,0,0,0,0,0,0,0,0,4096,256,131072,4,15|4,0,300000000,262144,1145,0,0,0,0,3464,0,3448,0,434,431,0,1,3464,0|86,1343436629,3,113173268,0,112984064,0,112984064,0,127143939,0,431,431,3801396071,2,3801396071,2,2080,4223542848,2,520700575,0,0,0,0,0
1788101969956|1001|primary_300s|rotating|84,1378943233,33558272,254511626,254135762,0,0,0,0,0,0,0,0,0,0,229692,229262,0,0,0,0,0,0,0,0,0,0,0,0,0,0,0,0,0,0,0,0,4096,256,131072,4,15|4,0,300000000,262144,1145,0,0,0,0,3464,0,3448,0,434,431,0,1,3464,0|86,659351595,3,113208836,0,112984064,0,112984064,0,127154962,0,431,431,3805192040,2,3805192040,2,2080,4213775870,2,520833512,0,0,0,0,0
1788101974961|1001|primary_300s|fixed|86,1378943233,16780339,260485391,260100774,260485391,260100774,260485391,260100774,470608,469286,235082,234642,0,0,0,0,4294967295,4294967295,4096,4096,0,0,235083,235083,943082935,943082964,943082943,943082980,0,0,0,0,0,0,0,0,4096,256,131072,4,15|4,0,300000000,262144,1145,0,0,0,0,3544,0,3528,0,444,441,0,1,3544,0|88,1663709270,3,115867324,0,115605504,0,115605504,0,130171164,0,441,441,4096620111,2,4096620111,2,2048,233609020,3,532729875,0,0,0,0,0
1788101974961|1001|primary_300s|rotating|86,1378943233,33558272,260551470,260166043,0,0,0,0,0,0,0,0,0,0,235143,234702,0,0,0,0,0,0,0,0,0,0,0,0,0,0,0,0,0,0,0,0,4096,256,131072,4,15|4,0,300000000,262144,1145,0,0,0,0,3552,0,3536,0,445,442,0,1,3552,0|88,979844034,3,115890868,0,115867648,0,115867648,0,130167980,0,442,442,4098192007,2,4098192007,2,2080,222188057,3,534070534,0,0,0,0,0
1788101979979|1001|primary_300s|fixed|88,1378943233,16781056,266532930,266139773,266532930,266139773,266532930,266139773,481529,480174,240538,240087,0,0,0,0,4294967295,4294967295,4096,4096,0,0,240538,240538,1264219894,1264220235,1264219902,1264220243,0,0,0,0,0,0,0,0,4096,256,131072,4,15|4,0,300000000,262144,1145,0,0,0,0,3632,0,3616,0,455,452,0,1,3632,0|90,1984911668,3,118555780,0,118489088,0,118489088,0,133193238,0,452,452,95366865,3,95366865,3,2080,538048356,3,545962118,0,0,0,0,0
1788101979979|1001|primary_300s|rotating|88,1378943233,33558272,266608288,266215187,0,0,0,0,0,0,0,0,0,0,240606,240155,0,0,0,0,0,0,0,0,0,0,0,0,0,0,0,0,0,0,0,0,4096,256,131072,4,15|4,0,300000000,262144,1145,0,0,0,0,3632,0,3616,0,455,452,0,1,3632,0|90,1300087183,3,118584924,0,118489088,0,118489088,0,133195698,0,452,452,98413981,3,98413981,3,2080,526871207,3,546100986,0,0,0,0,0
1788101984993|1001|primary_300s|fixed|90,1378943233,16781056,272602890,272200633,272602890,272200633,272602890,272200633,492497,491112,246017,245556,0,0,0,0,4294967295,4294967295,4096,4096,0,0,246017,246017,1585148874,1585149223,1585148882,1585149231,0,0,0,0,0,0,0,0,4096,256,131072,4,15|4,0,300000000,262144,1145,0,0,0,0,3712,0,3696,0,465,462,0,1,3712,0|92,2305861140,3,121255764,0,121110528,0,121110528,0,136226291,0,462,462,391264623,3,391264623,3,2080,843758327,3,557991759,0,0,0,0,0
1788101984993|1001|primary_300s|rotating|90,1378943233,33558272,272677313,272274931,0,0,0,0,0,0,0,0,0,0,246084,245623,0,0,0,0,0,0,0,0,0,0,0,0,0,0,0,0,0,0,0,0,4096,256,131072,4,15|4,0,300000000,262144,1145,0,0,0,0,3712,0,3696,0,465,462,0,1,3712,0|92,1620785739,3,121282936,0,121110528,0,121110528,0,136225544,0,462,462,394055836,3,394055836,3,2080,832011524,3,558133222,0,0,0,0,0
1788101990004|1001|primary_300s|fixed|92,1378943233,16780339,278667564,278258469,278667564,278258469,278667564,278258469,503459,502044,251492,251021,0,0,0,0,4294967295,4294967295,4096,4096,0,0,251493,251493,1905895878,1905895843,1905895854,1905895851,0,0,0,0,0,0,0,0,4096,256,131072,4,15|4,0,300000000,262144,1145,0,0,0,0,3792,0,3776,0,475,472,0,1,3792,0|94,2626648651,3,123954764,0,123731968,0,123731968,0,139257116,0,472,472,686995385,3,686995385,3,2080,1149306741,3,570020941,0,0,0,0,0
1788101990004|1001|primary_300s|rotating|92,1378943233,33555404,278743502,278334267,0,0,0,0,0,0,0,0,0,0,251561,251090,0,0,0,0,0,0,0,0,0,0,0,0,0,0,0,0,0,0,0,0,4096,256,131072,4,15|4,0,300000000,262144,1145,0,0,0,0,3792,0,3776,0,475,472,0,1,3792,0|94,1941518691,3,123980944,0,123731968,0,123731968,0,139254931,0,472,472,689733835,3,689733835,3,2080,1137182294,3,570163722,0,0,0,0,0
1788101995010|1001|primary_300s|fixed|94,1378943233,16781056,284717105,284298654,284717105,284298654,284717105,284298654,514393,512946,256955,256473,0,0,0,0,4294967295,4294967295,4096,4096,0,0,256955,256955,2225880685,2225880685,2225880693,2225880693,0,0,0,0,0,0,0,0,4096,256,131072,4,15|5,0,300000000,262144,1145,0,0,0,0,3880,0,3864,0,486,483,0,1,3880,0|96,2946960543,3,126634820,0,126615552,0,126615552,0,142267752,0,483,483,979824639,3,979824639,3,2080,1452855879,3,583252812,0,0,0,0,0
1788101995010|1001|primary_300s|rotating|94,1378943233,33558272,284769347,284350981,0,0,0,0,0,0,0,0,0,0,257002,256520,0,0,0,0,0,0,0,0,0,0,0,0,0,0,0,0,0,0,0,0,4096,256,131072,4,15|4,0,300000000,262144,1145,0,0,0,0,3880,0,3864,0,486,483,0,1,3880,0|96,2262428580,3,126666436,0,126615552,0,126615552,0,142271097,0,483,483,983153065,3,983153065,3,2080,1440980317,3,583398093,0,0,0,0,0
1788102000017|1001|primary_300s|fixed|96,1378943233,16780339,290774057,290347893,290774057,290347893,290774057,290347893,525337,523859,262421,261929,0,0,0,0,4294967295,4294967295,4096,4096,0,0,262422,262422,2547640502,2547640515,2547640510,2547640507,0,0,0,0,0,0,0,0,4096,256,131072,4,15|4,0,300000000,262144,1145,0,0,0,0,3960,0,3944,0,496,493,0,1,3960,0|98,3268738077,3,129342708,0,129236992,0,129236992,0,145309952,0,493,493,1276547873,3,1276547873,3,2080,1759394809,3,595281497,0,0,0,0,0
1788102000017|1001|primary_300s|rotating|96,1378943233,33558272,290854114,290427999,0,0,0,0,0,0,0,0,0,0,262493,262001,0,0,0,0,0,0,0,0,0,0,0,0,0,0,0,0,0,0,0,0,4096,256,131072,4,15|4,0,300000000,262144,1145,0,0,0,0,3960,0,3944,0,496,493,0,1,3960,0|98,2584549355,3,129377288,0,129236992,0,129236992,0,145316145,0,493,493,1280214827,3,1280214827,3,2080,1747542242,3,595429462,0,0,0,0,0
1788102005026|1001|primary_300s|fixed|98,1378943233,16781056,296824124,296390081,296824124,296390081,296824124,296390081,536266,534758,267881,267379,0,0,0,0,4294967295,4294967295,4096,4096,0,0,267881,267881,2867490194,2867490535,2867490202,2867490543,0,0,0,0,0,0,0,0,4096,256,131072,4,15|4,0,300000000,262144,1145,0,0,0,0,4040,0,4024,0,506,503,0,1,4040,0|100,3588433490,3,132031332,0,131858432,0,131858432,0,148331288,0,503,503,1571189390,3,1571189390,3,2080,2063850806,3,607311015,0,0,0,0,0
1788102005026|1001|primary_300s|rotating|98,1378943233,33558272,296916261,296482258,0,0,0,0,0,0,0,0,0,0,267964,267462,0,0,0,0,0,0,0,0,0,0,0,0,0,0,0,0,0,0,0,0,4096,256,131072,4,15|4,0,300000000,262144,1145,0,0,0,0,4040,0,4024,0,506,503,0,1,4040,0|100,2904102969,3,132064924,0,131858432,0,131858432,0,148335183,0,503,503,1574716321,3,1574716321,3,2080,2051534497,3,607459747,0,0,0,0,0
1788102010031|1001|primary_300s|fixed|100,1378943233,16780339,302881550,302439368,302881550,302439368,302881550,302439368,547208,545670,273346,272834,0,0,0,0,4294967295,4294967295,4096,4096,0,0,273347,273347,3187660585,3187660598,3187660593,3187660606,0,0,0,0,0,0,0,0,4096,256,131072,4,15|4,0,300000000,262144,1145,0,0,0,0,4120,0,4104,0,516,513,0,1,4120,0|102,3908246760,3,134721872,0,134479872,0,134479872,0,151354514,0,513,513,1865952671,3,1865952671,3,2080,2368425497,3,619339671,0,0,0,0,0
1788102010031|1001|primary_300s|rotating|100,1378943233,33555404,302955823,302513732,0,0,0,0,0,0,0,0,0,0,273413,272901,0,0,0,0,0,0,0,0,0,0,0,0,0,0,0,0,0,0,0,0,4096,256,131072,4,15|4,0,300000000,262144,1145,0,0,0,0,4120,0,4104,0,516,513,0,1,4120,0|102,3223321859,3,134742016,0,134742016,0,134742016,0,151351288,0,514,514,1867999662,3,1867999662,3,2048,2355192169,3,619490182,0,0,0,0,0
1788102015043|1001|primary_300s|fixed|102,1378943233,16780339,308921446,308469461,308921446,308469461,308921446,308469461,558117,556546,278795,278272,0,0,0,0,4294967295,4294967295,4096,4096,0,0,278796,278796,3508475116,3508475097,3508475124,3508475105,0,0,0,0,0,0,0,0,4096,256,131072,4,15|4,0,300000000,262144,1145,0,0,0,0,4208,0,4192,0,527,524,0,1,4208,0|104,4229130530,3,137406928,0,137363456,0,137363456,0,154372653,0,524,524,2159352429,3,2159352429,3,2080,2672546496,3,632571583,0,0,0,0,0
1788102015043|1001|primary_300s|rotating|102,1378943233,33555404,308994720,308542832,0,0,0,0,0,0,0,0,0,0,278861,278338,0,0,0,0,0,0,0,0,0,0,0,0,0,0,0,0,0,0,0,0,4096,256,131072,4,15|4,0,300000000,262144,1145,0,0,0,0,4208,0,4192,0,527,524,0,1,4208,0|104,3544876705,3,137441016,0,137363456,0,137363456,0,154375990,0,524,524,2162942616,3,2162942616,3,2080,2659634522,3,632728269,0,0,0,0,0
1788102020045|1001|primary_300s|fixed|104,1378943233,16781056,314981296,314520549,314981296,314520549,314981296,314520549,569061,567460,284263,283730,0,0,0,0,4294967295,4294967295,4096,4096,0,0,284263,284263,3828734694,3828735003,3828734702,3828735019,0,0,0,0,0,0,0,0,4096,256,131072,4,15|4,0,300000000,262144,1145,0,0,0,0,4288,0,4272,0,537,534,0,1,4288,0|106,254568585,4,140102468,0,139984896,0,139984896,0,157401530,0,534,534,2454711494,3,2454711494,3,2080,2977713302,3,644600212,0,0,0,0,0
1788102020045|1001|primary_300s|rotating|104,1378943233,33558272,315049809,314589031,0,0,0,0,0,0,0,0,0,0,284325,283792,0,0,0,0,0,0,0,0,0,0,0,0,0,0,0,0,0,0,0,0,4096,256,131072,4,15|4,0,300000000,262144,1145,0,0,0,0,4288,0,4272,0,537,534,0,1,4288,0|106,3864812603,3,140132108,0,139984896,0,139984896,0,157399466,0,534,534,2457822126,3,2457822126,3,2080,2964014119,3,644761939,0,0,0,0,0
1788102025047|1001|primary_300s|fixed|106,1378943233,16780339,321029120,320558881,321029120,320558881,321029120,320558881,579995,578364,289724,289181,0,0,0,0,4294967295,4294967295,4096,4096,0,0,289725,289725,4148694398,4148694395,4148694390,4148694403,0,0,0,0,0,0,0,0,4096,256,131072,4,15|4,0,300000000,262144,1145,0,0,0,0,4368,0,4352,0,547,544,0,1,4368,0|108,575969959,4,142806408,0,142606336,0,142606336,0,160437843,0,544,544,2751060578,3,2751060578,3,2080,3283876505,3,656628472,0,0,0,0,0
1788102025047|1001|primary_300s|rotating|106,1378943233,33555404,321146910,320676768,0,0,0,0,0,0,0,0,0,0,289830,289287,0,0,0,0,0,0,0,0,0,0,0,0,0,0,0,0,0,0,0,0,4096,256,131072,4,15|4,0,300000000,262144,1145,0,0,0,0,4368,0,4352,0,547,544,0,1,4368,0|108,4187218467,3,142845432,0,142606336,0,142606336,0,160444790,0,544,544,2755168294,3,2755168294,3,2080,3270861657,3,656793320,0,0,0,0,0
1788102030050|1001|primary_300s|fixed|108,1378943233,16780339,327082902,326604416,327082902,326604416,327082902,326604416,590939,589278,295191,294638,0,0,0,0,4294967295,4294967295,4096,4096,0,0,295192,295192,173985414,173985443,173985422,173985451,0,0,0,0,0,0,0,0,4096,256,131072,4,15|4,0,300000000,262144,1145,0,0,0,0,4448,0,4432,0,557,554,0,1,4448,0|110,894539117,4,145485644,0,145227776,0,145227776,0,163445672,0,554,554,3044582507,3,3044582507,3,2060,3587206608,3,668657635,0,0,0,0,0
1788102030050|1001|primary_300s|rotating|108,1378943233,33558272,327156702,326677499,0,0,0,0,0,0,0,0,0,0,295258,294705,0,0,0,0,0,0,0,0,0,0,0,0,0,0,0,0,0,0,0,0,4096,256,131072,4,15|4,0,300000000,262144,1145,0,0,0,0,4456,0,4440,0,558,555,0,1,4456,0|110,209694804,4,145500296,0,145489920,0,145489920,0,163425114,0,555,555,3045126456,3,3045126456,3,2080,3571189901,3,670030145,0,0,0,0,0
1788102035064|1001|primary_300s|fixed|110,1378943233,16781056,333126754,332639097,333126754,332639097,333126754,332639097,601856,600162,300645,300081,0,0,0,0,4294967295,4294967295,4096,4096,0,0,300645,300645,495012306,495012647,495012314,495012655,0,0,0,0,0,0,0,0,4096,256,131072,4,15|4,0,300000000,262144,1145,0,0,0,0,4536,0,4520,0,568,565,0,1,4536,0|112,1215659459,4,148173112,0,148111360,0,148111360,0,166466153,0,565,565,3338214113,3,3338214113,3,2080,3891563859,3,681889824,0,0,0,0,0
1788102035064|1001|primary_300s|rotating|110,1378943233,33558272,333194367,332706689,0,0,0,0,0,0,0,0,0,0,300706,300142,0,0,0,0,0,0,0,0,0,0,0,0,0,0,0,0,0,0,0,0,4096,256,131072,4,15|4,0,300000000,262144,1145,0,0,0,0,4536,0,4520,0,568,565,0,1,4536,0|112,530412644,4,148198304,0,148111360,0,148111360,0,166456975,0,565,565,3340788334,3,3340788334,3,2080,3876346234,3,682061638,0,0,0,0,0
1788102040072|1001|primary_300s|fixed|112,1378943233,16780339,339189194,338693000,339189194,338693000,339189194,338693000,612810,611086,306117,305543,0,0,0,0,4294967295,4294967295,4096,4096,0,0,306117,306117,815549775,815550132,815549783,815550140,0,0,0,0,0,0,0,0,4096,256,131072,4,15|4,0,300000000,262144,1145,0,0,0,0,4616,0,4600,0,578,575,0,1,4616,0|114,1536175360,4,150869640,0,150732800,0,150732800,0,169495047,0,575,575,3633679363,3,3633679363,3,2080,4196841272,3,693918442,0,0,0,0,0
1788102040072|1001|primary_300s|rotating|112,1378943233,33555404,339256715,338760568,0,0,0,0,0,0,0,0,0,0,306177,305603,0,0,0,0,0,0,0,0,0,0,0,0,0,0,0,0,0,0,0,0,4096,256,131072,4,15|4,0,300000000,262144,1145,0,0,0,0,4616,0,4600,0,578,575,0,1,4616,0|114,850910806,4,150894832,0,150732800,0,150732800,0,169485192,0,575,575,3636231006,3,3636231006,3,2080,4181286174,3,694093050,0,0,0,0,0
1788102045084|1001|primary_300s|fixed|114,1378943233,16780339,345261207,344756962,345261207,344756962,345261207,344756962,623774,622020,311593,311009,0,0,0,0,4294967295,4294967295,4096,4096,0,0,311594,311594,1136342065,1136342078,1136342073,1136342086,0,0,0,0,0,0,0,0,4096,256,131072,4,15|4,0,300000000,262144,1145,0,0,0,0,4696,0,4680,0,588,585,0,1,4696,0|116,1855873008,4,153558756,0,153354240,0,153354240,0,172518214,0,585,585,3928327641,3,3928327641,3,2080,206332957,4,705947210,0,0,0,0,0
1788102045084|1001|primary_300s|rotating|114,1378943233,33555404,345313397,344809165,0,0,0,0,0,0,0,0,0,0,311640,311056,0,0,0,0,0,0,0,0,0,0,0,0,0,0,0,0,0,0,0,0,4096,256,131072,4,15|4,0,300000000,262144,1145,0,0,0,0,4696,0,4680,0,588,585,0,1,4696,0|116,1171601932,4,153592348,0,153354240,0,153354240,0,172517481,0,585,585,3931865824,3,3931865824,3,2080,191450825,4,706125049,0,0,0,0,0
1788102050089|1001|primary_300s|fixed|116,1378943233,16780339,351324451,350811731,351324451,350811731,351324451,350811731,634720,632936,317061,316467,0,0,0,0,4294967295,4294967295,4096,4096,0,0,317062,317062,1456669293,1456669282,1456669301,1456669298,0,0,0,0,0,0,0,0,4096,256,131072,4,15|5,0,300000000,262144,1145,0,0,0,0,4784,0,4768,0,599,596,0,1,4784,0|118,2177343632,4,156249188,0,156237824,0,156237824,0,175543198,0,596,596,4222312793,3,4222312793,3,2080,511040917,4,719178990,0,0,0,0,0
1788102050089|1001|primary_300s|rotating|116,1378943233,33555404,351360995,350847613,0,0,0,0,0,0,0,0,0,0,317095,316500,0,0,0,0,0,0,0,0,0,0,0,0,0,0,0,0,0,0,0,0,4096,256,131072,4,15|4,0,300000000,262144,1145,0,0,0,0,4784,0,4768,0,599,596,0,1,4784,0|118,1492091697,4,156274380,0,156237824,0,156237824,0,175531993,0,596,596,4224865698,3,4224865698,3,2080,494828301,4,719359530,0,0,0,0,0
1788102055099|1001|primary_300s|fixed|118,1378943233,16781056,357355425,356835217,357355425,356835217,357355425,356835217,645619,643802,322506,321901,0,0,0,0,4294967295,4294967295,4096,4096,0,0,322506,322506,1777185144,1777185461,1777185152,1777185469,0,0,0,0,0,0,0,0,4096,256,131072,4,15|4,0,300000000,262144,1145,0,0,0,0,4864,0,4848,0,609,606,0,1,4864,0|120,2497220227,4,158939788,0,158859264,0,158859264,0,178566319,0,606,606,222173688,4,222173688,4,2080,815678604,4,731208009,0,0,0,0,0
1788102055099|1001|primary_300s|rotating|118,1378943233,33558272,357429862,356909725,0,0,0,0,0,0,0,0,0,0,322573,321968,0,0,0,0,0,0,0,0,0,0,0,0,0,0,0,0,0,0,0,0,4096,256,131072,4,15|4,0,300000000,262144,1145,0,0,0,0,4864,0,4848,0,609,606,0,1,4864,0|120,1812953511,4,158973872,0,158859264,0,158859264,0,178564193,0,606,606,225701623,4,225701623,4,2080,800130723,4,731393310,0,0,0,0,0
