sample|module|direction|lane_mask|tail_cycles|sender_raw|sender_raw_while_tx|sender_blanked_raw|sender_blanked_frame|sender_blanked_crc_valid|sender_local_source_reject|sender_accepted_remote|receiver_raw|receiver_accepted_remote|sender_last_txd_rise|sender_last_txd_fall|sender_first_rxd_after_tx|sender_last_rxd_after_tx|sender_overlap_violation|sender_admission_violation|sender_non_target_accepted|sender_cross_lane_accepted|receiver_overlap_violation|receiver_admission_violation|receiver_non_target_accepted|receiver_cross_lane_accepted
0|F1|0|2|0|1|1|1|0|0|0|0|1|0|3912488261|3912488266|0|0|0|0|0|0|0|0|0|0
1|F1|0|2|0|1|1|1|0|0|0|0|1|0|3920499891|3920499896|0|0|0|0|0|0|0|0|0|0
2|F1|0|2|0|1|1|1|0|0|0|0|1|0|3928318693|3928318698|0|0|0|0|0|0|0|0|0|0
3|F1|0|2|0|1|1|1|0|0|0|0|1|0|3937333641|3937333646|0|0|0|0|0|0|0|0|0|0
4|F1|0|2|0|1|1|1|0|0|0|0|1|0|3944532590|3944532595|0|0|0|0|0|0|0|0|0|0
5|F1|0|2|0|1|1|1|0|0|0|0|1|0|3951998186|3951998191|0|0|0|0|0|0|0|0|0|0
6|F1|0|2|0|1|1|1|0|0|0|0|1|0|3958766366|3958766371|0|0|0|0|0|0|0|0|0|0
7|F1|0|2|0|1|1|1|0|0|0|0|1|0|3966103228|3966103233|0|0|0|0|0|0|0|0|0|0
8|F1|0|2|0|1|1|1|0|0|0|0|1|0|3974256180|3974256185|0|0|0|0|0|0|0|0|0|0
9|F1|0|2|0|1|1|1|0|0|0|0|1|0|3982046073|3982046078|0|0|0|0|0|0|0|0|0|0
10|F1|0|2|0|1|1|1|0|0|0|0|1|0|3989373290|3989373295|0|0|0|0|0|0|0|0|0|0
11|F1|0|2|0|1|1|1|0|0|0|0|1|0|3996102894|3996102899|0|0|0|0|0|0|0|0|0|0
12|F1|0|2|0|1|1|1|0|0|0|0|1|0|4006675824|4006675829|0|0|0|0|0|0|0|0|0|0
13|F1|0|2|0|1|1|1|0|0|0|0|1|0|4014076905|4014076910|0|0|0|0|0|0|0|0|0|0
14|F1|0|2|0|1|1|1|0|0|0|0|1|0|4021442681|4021442686|0|0|0|0|0|0|0|0|0|0
15|F1|0|2|0|1|1|1|0|0|0|0|1|0|4029242469|4029242474|0|0|0|0|0|0|0|0|0|0
16|F1|0|2|0|1|1|1|0|0|0|0|1|0|4039785861|4039785866|0|0|0|0|0|0|0|0|0|0
17|F1|0|2|0|1|1|1|0|0|0|0|1|0|4047013761|4047013766|0|0|0|0|0|0|0|0|0|0
18|F1|0|2|0|1|1|1|0|0|0|0|1|0|4055041415|4055041420|0|0|0|0|0|0|0|0|0|0
19|F1|0|2|0|1|1|1|0|0|0|0|1|0|4062953706|4062953711|0|0|0|0|0|0|0|0|0|0
20|F1|0|2|0|1|1|1|0|0|0|0|1|0|4073404121|4073404126|0|0|0|0|0|0|0|0|0|0
21|F1|0|2|0|1|1|1|0|0|0|0|1|0|4081836590|4081836595|0|0|0|0|0|0|0|0|0|0
22|F1|0|2|0|1|1|1|0|0|0|0|1|0|4089321514|4089321519|0|0|0|0|0|0|0|0|0|0
23|F1|0|2|0|1|1|1|0|0|0|0|1|0|4097927989|4097927994|0|0|0|0|0|0|0|0|0|0
24|F1|0|2|0|1|1|1|0|0|0|0|1|0|4104930711|4104930716|0|0|0|0|0|0|0|0|0|0
25|F1|0|2|0|1|1|1|0|0|0|0|1|0|4112968016|4112968021|0|0|0|0|0|0|0|0|0|0
26|F1|0|2|0|1|1|1|0|0|0|0|1|0|4120218119|4120218124|0|0|0|0|0|0|0|0|0|0
27|F1|0|2|0|1|1|1|0|0|0|0|1|0|4129807412|4129807417|0|0|0|0|0|0|0|0|0|0
28|F1|0|2|0|1|1|1|0|0|0|0|1|0|4138606135|4138606140|0|0|0|0|0|0|0|0|0|0
29|F1|0|2|0|1|1|1|0|0|0|0|1|0|4146319189|4146319194|0|0|0|0|0|0|0|0|0|0
30|F1|0|2|0|1|1|1|0|0|0|0|1|0|4154780720|4154780725|0|0|0|0|0|0|0|0|0|0
31|F1|0|2|0|1|1|1|0|0|0|0|1|0|4162332880|4162332885|0|0|0|0|0|0|0|0|0|0
32|F1|0|2|0|1|1|1|0|0|0|0|1|0|4169756503|4169756508|0|0|0|0|0|0|0|0|0|0
33|F1|0|2|0|1|1|1|0|0|0|0|1|0|4177022666|4177022671|0|0|0|0|0|0|0|0|0|0
34|F1|0|2|0|1|1|1|0|0|0|0|1|0|4185333038|4185333043|0|0|0|0|0|0|0|0|0|0
35|F1|0|2|0|1|1|1|0|0|0|0|1|0|4194311737|4194311742|0|0|0|0|0|0|0|0|0|0
36|F1|0|2|0|1|1|1|0|0|0|0|1|0|4202716171|4202716176|0|0|0|0|0|0|0|0|0|0
37|F1|0|2|0|1|1|1|0|0|0|0|1|0|4210512500|4210512505|0|0|0|0|0|0|0|0|0|0
38|F1|0|2|0|1|1|1|0|0|0|0|1|0|4217389921|4217389926|0|0|0|0|0|0|0|0|0|0
39|F1|0|2|0|1|1|1|0|0|0|0|1|0|4227078785|4227078790|0|0|0|0|0|0|0|0|0|0
40|F1|0|2|0|1|1|1|0|0|0|0|1|0|4234441369|4234441374|0|0|0|0|0|0|0|0|0|0
41|F1|0|2|0|1|1|1|0|0|0|0|1|0|4241492609|4241492614|0|0|0|0|0|0|0|0|0|0
42|F1|0|2|0|1|1|1|0|0|0|0|1|0|4249321098|4249321103|0|0|0|0|0|0|0|0|0|0
43|F1|0|2|0|1|1|1|0|0|0|0|1|0|4258994108|4258994113|0|0|0|0|0|0|0|0|0|0
44|F1|0|2|0|1|1|1|0|0|0|0|1|0|4267118443|4267118448|0|0|0|0|0|0|0|0|0|0
45|F1|0|2|0|1|1|1|0|0|0|0|1|0|4276341317|4276341322|0|0|0|0|0|0|0|0|0|0
46|F1|0|2|0|1|1|1|0|0|0|0|1|0|4284687307|4284687312|0|0|0|0|0|0|0|0|0|0
47|F1|0|2|0|1|1|1|0|0|0|0|1|0|4293447662|4293447667|0|0|0|0|0|0|0|0|0|0
48|F1|0|2|0|1|1|1|0|0|0|0|1|0|5303170|5303175|0|0|0|0|0|0|0|0|0|0
49|F1|0|2|0|1|1|1|0|0|0|0|1|0|12424768|12424773|0|0|0|0|0|0|0|0|0|0
50|F1|0|2|0|1|1|1|0|0|0|0|1|0|20272491|20272496|0|0|0|0|0|0|0|0|0|0
51|F1|0|2|0|1|1|1|0|0|0|0|1|0|30867269|30867274|0|0|0|0|0|0|0|0|0|0
52|F1|0|2|0|1|1|1|0|0|0|0|1|0|39508887|39508892|0|0|0|0|0|0|0|0|0|0
53|F1|0|2|0|1|1|1|0|0|0|0|1|0|47164327|47164332|0|0|0|0|0|0|0|0|0|0
54|F1|0|2|0|1|1|1|0|0|0|0|1|0|54189537|54189542|0|0|0|0|0|0|0|0|0|0
55|F1|0|2|0|1|1|1|0|0|0|0|1|0|61722565|61722570|0|0|0|0|0|0|0|0|0|0
56|F1|0|2|0|1|1|1|0|0|0|0|1|0|68484309|68484314|0|0|0|0|0|0|0|0|0|0
57|F1|0|2|0|1|1|1|0|0|0|0|1|0|75924137|75924142|0|0|0|0|0|0|0|0|0|0
58|F1|0|2|0|1|1|1|0|0|0|0|1|0|82920441|82920446|0|0|0|0|0|0|0|0|0|0
59|F1|0|2|0|1|1|1|0|0|0|0|1|0|92168985|92168990|0|0|0|0|0|0|0|0|0|0
60|F1|0|2|0|1|1|1|0|0|0|0|1|0|99579740|99579745|0|0|0|0|0|0|0|0|0|0
61|F1|0|2|0|1|1|1|0|0|0|0|1|0|107430681|107430686|0|0|0|0|0|0|0|0|0|0
62|F1|0|2|0|1|1|1|0|0|0|0|1|0|116065701|116065706|0|0|0|0|0|0|0|0|0|0
63|F1|0|2|0|1|1|1|0|0|0|0|1|0|125465299|125465304|0|0|0|0|0|0|0|0|0|0
64|F1|0|2|0|1|1|1|0|0|0|0|1|0|133274775|133274780|0|0|0|0|0|0|0|0|0|0
65|F1|0|2|0|1|1|1|0|0|0|0|1|0|139753761|139753766|0|0|0|0|0|0|0|0|0|0
66|F1|0|2|0|1|1|1|0|0|0|0|1|0|147585410|147585415|0|0|0|0|0|0|0|0|0|0
67|F1|0|2|0|1|1|1|0|0|0|0|1|0|156371568|156371573|0|0|0|0|0|0|0|0|0|0
68|F1|0|2|0|1|1|1|0|0|0|0|1|0|164303088|164303093|0|0|0|0|0|0|0|0|0|0
69|F1|0|2|0|1|1|1|0|0|0|0|1|0|173378419|173378424|0|0|0|0|0|0|0|0|0|0
70|F1|0|2|0|1|1|1|0|0|0|0|1|0|182094405|182094410|0|0|0|0|0|0|0|0|0|0
71|F1|0|2|0|1|1|1|0|0|0|0|1|0|190424101|190424106|0|0|0|0|0|0|0|0|0|0
72|F1|0|2|0|1|1|1|0|0|0|0|1|0|198114698|198114703|0|0|0|0|0|0|0|0|0|0
73|F1|0|2|0|1|1|1|0|0|0|0|1|0|207279722|207279727|0|0|0|0|0|0|0|0|0|0
74|F1|0|2|0|1|1|1|0|0|0|0|1|0|215297716|215297721|0|0|0|0|0|0|0|0|0|0
75|F1|0|2|0|1|1|1|0|0|0|0|1|0|222477185|222477190|0|0|0|0|0|0|0|0|0|0
76|F1|0|2|0|1|1|1|0|0|0|0|1|0|230177121|230177126|0|0|0|0|0|0|0|0|0|0
77|F1|0|2|0|1|1|1|0|0|0|0|1|0|238381488|238381493|0|0|0|0|0|0|0|0|0|0
78|F1|0|2|0|1|1|1|0|0|0|0|1|0|247315178|247315183|0|0|0|0|0|0|0|0|0|0
79|F1|0|2|0|1|1|1|0|0|0|0|1|0|256901230|256901235|0|0|0|0|0|0|0|0|0|0
80|F1|0|2|0|1|1|1|0|0|0|0|1|0|263981049|263981054|0|0|0|0|0|0|0|0|0|0
81|F1|0|2|0|1|1|1|0|0|0|0|1|0|271803063|271803068|0|0|0|0|0|0|0|0|0|0
82|F1|0|2|0|1|1|1|0|0|0|0|1|0|280682121|280682126|0|0|0|0|0|0|0|0|0|0
83|F1|0|2|0|1|1|1|0|0|0|0|1|0|288562274|288562279|0|0|0|0|0|0|0|0|0|0
84|F1|0|2|0|1|1|1|0|0|0|0|1|0|297916884|297916889|0|0|0|0|0|0|0|0|0|0
85|F1|0|2|0|1|1|1|0|0|0|0|1|0|305337273|305337278|0|0|0|0|0|0|0|0|0|0
86|F1|0|2|0|1|1|1|0|0|0|0|1|0|313451662|313451667|0|0|0|0|0|0|0|0|0|0
87|F1|0|2|0|1|1|1|0|0|0|0|1|0|320772473|320772478|0|0|0|0|0|0|0|0|0|0
88|F1|0|2|0|1|1|1|0|0|0|0|1|0|335277372|335277377|0|0|0|0|0|0|0|0|0|0
89|F1|0|2|0|1|1|1|0|0|0|0|1|0|342598389|342598394|0|0|0|0|0|0|0|0|0|0
90|F1|0|2|0|1|1|1|0|0|0|0|1|0|350915243|350915248|0|0|0|0|0|0|0|0|0|0
91|F1|0|2|0|1|1|1|0|0|0|0|1|0|358053253|358053258|0|0|0|0|0|0|0|0|0|0
92|F1|0|2|0|1|1|1|0|0|0|0|1|0|367417468|367417473|0|0|0|0|0|0|0|0|0|0
93|F1|0|2|0|1|1|1|0|0|0|0|1|0|374728636|374728641|0|0|0|0|0|0|0|0|0|0
94|F1|0|2|0|1|1|1|0|0|0|0|1|0|383890448|383890453|0|0|0|0|0|0|0|0|0|0
95|F1|0|2|0|1|1|1|0|0|0|0|1|0|391034519|391034524|0|0|0|0|0|0|0|0|0|0
96|F1|0|2|0|1|1|1|0|0|0|0|1|0|398908563|398908568|0|0|0|0|0|0|0|0|0|0
97|F1|0|2|0|1|1|1|0|0|0|0|1|0|408026123|408026128|0|0|0|0|0|0|0|0|0|0
98|F1|0|2|0|1|1|1|0|0|0|0|1|0|416976208|416976213|0|0|0|0|0|0|0|0|0|0
99|F1|0|2|0|1|1|1|0|0|0|0|1|0|424644121|424644126|0|0|0|0|0|0|0|0|0|0
100|F1|0|2|0|1|1|1|0|0|0|0|1|0|432932148|432932153|0|0|0|0|0|0|0|0|0|0
101|F1|0|2|0|1|1|1|0|0|0|0|1|0|441046539|441046544|0|0|0|0|0|0|0|0|0|0
102|F1|0|2|0|1|1|1|0|0|0|0|1|0|449810265|449810270|0|0|0|0|0|0|0|0|0|0
103|F1|0|2|0|1|1|1|0|0|0|0|1|0|457580860|457580865|0|0|0|0|0|0|0|0|0|0
104|F1|0|2|0|1|1|1|0|0|0|0|1|0|464606067|464606072|0|0|0|0|0|0|0|0|0|0
105|F1|0|2|0|1|1|1|0|0|0|0|1|0|471910794|471910799|0|0|0|0|0|0|0|0|0|0
106|F1|0|2|0|1|1|1|0|0|0|0|1|0|481654163|481654168|0|0|0|0|0|0|0|0|0|0
107|F1|0|2|0|1|1|1|0|0|0|0|1|0|491532485|491532490|0|0|0|0|0|0|0|0|0|0
108|F1|0|2|0|1|1|1|0|0|0|0|1|0|498458342|498458347|0|0|0|0|0|0|0|0|0|0
109|F1|0|2|0|1|1|1|0|0|0|0|1|0|505718099|505718104|0|0|0|0|0|0|0|0|0|0
110|F1|0|2|0|1|1|1|0|0|0|0|1|0|513855022|513855027|0|0|0|0|0|0|0|0|0|0
111|F1|0|2|0|1|1|1|0|0|0|0|1|0|523344549|523344554|0|0|0|0|0|0|0|0|0|0
112|F1|0|2|0|1|1|1|0|0|0|0|1|0|529775385|529775390|0|0|0|0|0|0|0|0|0|0
113|F1|0|2|0|1|1|1|0|0|0|0|1|0|537234649|537234654|0|0|0|0|0|0|0|0|0|0
114|F1|0|2|0|1|1|1|0|0|0|0|1|0|547045607|547045612|0|0|0|0|0|0|0|0|0|0
115|F1|0|2|0|1|1|1|0|0|0|0|1|0|553325410|553325415|0|0|0|0|0|0|0|0|0|0
116|F1|0|2|0|1|1|1|0|0|0|0|1|0|561003545|561003550|0|0|0|0|0|0|0|0|0|0
117|F1|0|2|0|1|1|1|0|0|0|0|1|0|569272153|569272158|0|0|0|0|0|0|0|0|0|0
118|F1|0|2|0|1|1|1|0|0|0|0|1|0|579401057|579401062|0|0|0|0|0|0|0|0|0|0
119|F1|0|2|0|1|1|1|0|0|0|0|1|0|586574323|586574328|0|0|0|0|0|0|0|0|0|0
120|F1|0|2|0|1|1|1|0|0|0|0|1|0|593924033|593924038|0|0|0|0|0|0|0|0|0|0
121|F1|0|2|0|1|1|1|0|0|0|0|1|0|601495495|601495500|0|0|0|0|0|0|0|0|0|0
122|F1|0|2|0|1|1|1|0|0|0|0|1|0|609879915|609879920|0|0|0|0|0|0|0|0|0|0
123|F1|0|2|0|1|1|1|0|0|0|0|1|0|619176665|619176670|0|0|0|0|0|0|0|0|0|0
124|F1|0|2|0|1|1|1|0|0|0|0|1|0|626870153|626870158|0|0|0|0|0|0|0|0|0|0
125|F1|0|2|0|1|1|1|0|0|0|0|1|0|635668976|635668981|0|0|0|0|0|0|0|0|0|0
126|F1|0|2|0|1|1|1|0|0|0|0|1|0|644724775|644724780|0|0|0|0|0|0|0|0|0|0
127|F1|0|2|0|1|1|1|0|0|0|0|1|0|652909840|652909845|0|0|0|0|0|0|0|0|0|0
128|F1|0|2|0|1|1|1|0|0|0|0|1|0|660532650|660532655|0|0|0|0|0|0|0|0|0|0
129|F1|0|2|0|1|1|1|0|0|0|0|1|0|669803699|669803704|0|0|0|0|0|0|0|0|0|0
130|F1|0|2|0|1|1|1|0|0|0|0|1|0|678220098|678220103|0|0|0|0|0|0|0|0|0|0
131|F1|0|2|0|1|1|1|0|0|0|0|1|0|686103458|686103463|0|0|0|0|0|0|0|0|0|0
132|F1|0|2|0|1|1|1|0|0|0|0|1|0|693286099|693286104|0|0|0|0|0|0|0|0|0|0
133|F1|0|2|0|1|1|1|0|0|0|0|1|0|701882423|701882428|0|0|0|0|0|0|0|0|0|0
134|F1|0|2|0|1|1|1|0|0|0|0|1|0|709727211|709727216|0|0|0|0|0|0|0|0|0|0
135|F1|0|2|0|1|1|1|0|0|0|0|1|0|716614291|716614296|0|0|0|0|0|0|0|0|0|0
136|F1|0|2|0|1|1|1|0|0|0|0|1|0|724519856|724519861|0|0|0|0|0|0|0|0|0|0
137|F1|0|2|0|1|1|1|0|0|0|0|1|0|732355205|732355210|0|0|0|0|0|0|0|0|0|0
138|F1|0|2|0|1|1|1|0|0|0|0|1|0|739457552|739457557|0|0|0|0|0|0|0|0|0|0
139|F1|0|2|0|1|1|1|0|0|0|0|1|0|747957518|747957523|0|0|0|0|0|0|0|0|0|0
140|F1|0|2|0|1|1|1|0|0|0|0|1|0|756525057|756525062|0|0|0|0|0|0|0|0|0|0
141|F1|0|2|0|1|1|1|0|0|0|0|1|0|764960732|764960737|0|0|0|0|0|0|0|0|0|0
142|F1|0|2|0|1|1|1|0|0|0|0|1|0|771854222|771854227|0|0|0|0|0|0|0|0|0|0
143|F1|0|2|0|1|1|1|0|0|0|0|1|0|779072505|779072510|0|0|0|0|0|0|0|0|0|0
144|F1|0|2|0|1|1|1|0|0|0|0|1|0|787090803|787090808|0|0|0|0|0|0|0|0|0|0
145|F1|0|2|0|1|1|1|0|0|0|0|1|0|796924115|796924120|0|0|0|0|0|0|0|0|0|0
146|F1|0|2|0|1|1|1|0|0|0|0|1|0|804569675|804569680|0|0|0|0|0|0|0|0|0|0
147|F1|0|2|0|1|1|1|0|0|0|0|1|0|812921857|812921862|0|0|0|0|0|0|0|0|0|0
148|F1|0|2|0|1|1|1|0|0|0|0|1|0|821868407|821868412|0|0|0|0|0|0|0|0|0|0
149|F1|0|2|0|1|1|1|0|0|0|0|1|0|830255888|830255893|0|0|0|0|0|0|0|0|0|0
150|F1|0|2|0|1|1|1|0|0|0|0|1|0|838341646|838341651|0|0|0|0|0|0|0|0|0|0
151|F1|0|2|0|1|1|1|0|0|0|0|1|0|846028990|846028995|0|0|0|0|0|0|0|0|0|0
152|F1|0|2|0|1|1|1|0|0|0|0|1|0|853173084|853173089|0|0|0|0|0|0|0|0|0|0
153|F1|0|2|0|1|1|1|0|0|0|0|1|0|861428846|861428851|0|0|0|0|0|0|0|0|0|0
154|F1|0|2|0|1|1|1|0|0|0|0|1|0|869646059|869646064|0|0|0|0|0|0|0|0|0|0
155|F1|0|2|0|1|1|1|0|0|0|0|1|0|877840837|877840842|0|0|0|0|0|0|0|0|0|0
156|F1|0|2|0|1|1|1|0|0|0|0|1|0|887074049|887074054|0|0|0|0|0|0|0|0|0|0
157|F1|0|2|0|1|1|1|0|0|0|0|1|0|896547777|896547782|0|0|0|0|0|0|0|0|0|0
158|F1|0|2|0|1|1|1|0|0|0|0|1|0|904639685|904639690|0|0|0|0|0|0|0|0|0|0
159|F1|0|2|0|1|1|1|0|0|0|0|1|0|912860138|912860143|0|0|0|0|0|0|0|0|0|0
160|F1|0|2|0|1|1|1|0|0|0|0|1|0|921270873|921270878|0|0|0|0|0|0|0|0|0|0
161|F1|0|2|0|1|1|1|0|0|0|0|1|0|928980441|928980446|0|0|0|0|0|0|0|0|0|0
162|F1|0|2|0|1|1|1|0|0|0|0|1|0|937290809|937290814|0|0|0|0|0|0|0|0|0|0
163|F1|0|2|0|1|1|1|0|0|0|0|1|0|947285601|947285606|0|0|0|0|0|0|0|0|0|0
164|F1|0|2|0|1|1|1|0|0|0|0|1|0|953761396|953761401|0|0|0|0|0|0|0|0|0|0
165|F1|0|2|0|1|1|1|0|0|0|0|1|0|963059059|963059064|0|0|0|0|0|0|0|0|0|0
166|F1|0|2|0|1|1|1|0|0|0|0|1|0|970039280|970039285|0|0|0|0|0|0|0|0|0|0
167|F1|0|2|0|1|1|1|0|0|0|0|1|0|977719918|977719923|0|0|0|0|0|0|0|0|0|0
168|F1|0|2|0|1|1|1|0|0|0|0|1|0|984214995|984215000|0|0|0|0|0|0|0|0|0|0
169|F1|0|2|0|1|1|1|0|0|0|0|1|0|991603260|991603265|0|0|0|0|0|0|0|0|0|0
170|F1|0|2|0|1|1|1|0|0|0|0|1|0|999389980|999389985|0|0|0|0|0|0|0|0|0|0
171|F1|0|2|0|1|1|1|0|0|0|0|1|0|1007102761|1007102766|0|0|0|0|0|0|0|0|0|0
172|F1|0|2|0|1|1|1|0|0|0|0|1|0|1015442064|1015442069|0|0|0|0|0|0|0|0|0|0
173|F1|0|2|0|1|1|1|0|0|0|0|1|0|1022897798|1022897803|0|0|0|0|0|0|0|0|0|0
174|F1|0|2|0|1|1|1|0|0|0|0|1|0|1030109628|1030109633|0|0|0|0|0|0|0|0|0|0
175|F1|0|2|0|1|1|1|0|0|0|0|1|0|1037909300|1037909305|0|0|0|0|0|0|0|0|0|0
176|F1|0|2|0|1|1|1|0|0|0|0|1|0|1046689057|1046689062|0|0|0|0|0|0|0|0|0|0
177|F1|0|2|0|1|1|1|0|0|0|0|1|0|1056483819|1056483824|0|0|0|0|0|0|0|0|0|0
178|F1|0|2|0|1|1|1|0|0|0|0|1|0|1063865657|1063865662|0|0|0|0|0|0|0|0|0|0
179|F1|0|2|0|1|1|1|0|0|0|0|1|0|1070617761|1070617766|0|0|0|0|0|0|0|0|0|0
180|F1|0|2|0|1|1|1|0|0|0|0|1|0|1078844870|1078844875|0|0|0|0|0|0|0|0|0|0
181|F1|0|2|0|1|1|1|0|0|0|0|1|0|1091087902|1091087907|0|0|0|0|0|0|0|0|0|0
182|F1|0|2|0|1|1|1|0|0|0|0|1|0|1099295799|1099295804|0|0|0|0|0|0|0|0|0|0
183|F1|0|2|0|1|1|1|0|0|0|0|1|0|1107313801|1107313806|0|0|0|0|0|0|0|0|0|0
184|F1|0|2|0|1|1|1|0|0|0|0|1|0|1116074899|1116074904|0|0|0|0|0|0|0|0|0|0
185|F1|0|2|0|1|1|1|0|0|0|0|1|0|1123061550|1123061555|0|0|0|0|0|0|0|0|0|0
186|F1|0|2|0|1|1|1|0|0|0|0|1|0|1130784833|1130784838|0|0|0|0|0|0|0|0|0|0
187|F1|0|2|0|1|1|1|0|0|0|0|1|0|1139766945|1139766950|0|0|0|0|0|0|0|0|0|0
188|F1|0|2|0|1|1|1|0|0|0|0|1|0|1147727127|1147727132|0|0|0|0|0|0|0|0|0|0
189|F1|0|2|0|1|1|1|0|0|0|0|1|0|1156008967|1156008972|0|0|0|0|0|0|0|0|0|0
190|F1|0|2|0|1|1|1|0|0|0|0|1|0|1165524230|1165524235|0|0|0|0|0|0|0|0|0|0
191|F1|0|2|0|1|1|1|0|0|0|0|1|0|1173128033|1173128038|0|0|0|0|0|0|0|0|0|0
192|F1|0|2|0|1|1|1|0|0|0|0|1|0|1182396610|1182396615|0|0|0|0|0|0|0|0|0|0
193|F1|0|2|0|1|1|1|0|0|0|0|1|0|1189640331|1189640336|0|0|0|0|0|0|0|0|0|0
194|F1|0|2|0|1|1|1|0|0|0|0|1|0|1197253541|1197253546|0|0|0|0|0|0|0|0|0|0
195|F1|0|2|0|1|1|1|0|0|0|0|1|0|1205075865|1205075870|0|0|0|0|0|0|0|0|0|0
196|F1|0|2|0|1|1|1|0|0|0|0|1|0|1214221593|1214221598|0|0|0|0|0|0|0|0|0|0
197|F1|0|2|0|1|1|1|0|0|0|0|1|0|1222294492|1222294497|0|0|0|0|0|0|0|0|0|0
198|F1|0|2|0|1|1|1|0|0|0|0|1|0|1229133395|1229133400|0|0|0|0|0|0|0|0|0|0
199|F1|0|2|0|1|1|1|0|0|0|0|1|0|1236486314|1236486319|0|0|0|0|0|0|0|0|0|0
200|F1|0|2|0|1|1|1|0|0|0|0|1|0|1242441609|1242441614|0|0|0|0|0|0|0|0|0|0
201|F1|0|2|0|1|1|1|0|0|0|0|1|0|1250806876|1250806881|0|0|0|0|0|0|0|0|0|0
202|F1|0|2|0|1|1|1|0|0|0|0|1|0|1258166300|1258166305|0|0|0|0|0|0|0|0|0|0
203|F1|0|2|0|1|1|1|0|0|0|0|1|0|1265259246|1265259251|0|0|0|0|0|0|0|0|0|0
204|F1|0|2|0|1|1|1|0|0|0|0|1|0|1273579557|1273579562|0|0|0|0|0|0|0|0|0|0
205|F1|0|2|0|1|1|1|0|0|0|0|1|0|1281642560|1281642565|0|0|0|0|0|0|0|0|0|0
206|F1|0|2|0|1|1|1|0|0|0|0|1|0|1288648622|1288648627|0|0|0|0|0|0|0|0|0|0
207|F1|0|2|0|1|1|1|0|0|0|0|1|0|1296628066|1296628071|0|0|0|0|0|0|0|0|0|0
208|F1|0|2|0|1|1|1|0|0|0|0|1|0|1305002711|1305002716|0|0|0|0|0|0|0|0|0|0
209|F1|0|2|0|1|1|1|0|0|0|0|1|0|1315401497|1315401502|0|0|0|0|0|0|0|0|0|0
210|F1|0|2|0|1|1|1|0|0|0|0|1|0|1324338446|1324338451|0|0|0|0|0|0|0|0|0|0
211|F1|0|2|0|1|1|1|0|0|0|0|1|0|1330904198|1330904203|0|0|0|0|0|0|0|0|0|0
212|F1|0|2|0|1|1|1|0|0|0|0|1|0|1339873189|1339873194|0|0|0|0|0|0|0|0|0|0
213|F1|0|2|0|1|1|1|0|0|0|0|1|0|1348659376|1348659381|0|0|0|0|0|0|0|0|0|0
214|F1|0|2|0|1|1|1|0|0|0|0|1|0|1358026809|1358026814|0|0|0|0|0|0|0|0|0|0
215|F1|0|2|0|1|1|1|0|0|0|0|1|0|1365254697|1365254702|0|0|0|0|0|0|0|0|0|0
216|F1|0|2|0|1|1|1|0|0|0|0|1|0|1374673587|1374673592|0|0|0|0|0|0|0|0|0|0
217|F1|0|2|0|1|1|1|0|0|0|0|1|0|1383745431|1383745436|0|0|0|0|0|0|0|0|0|0
218|F1|0|2|0|1|1|1|0|0|0|0|1|0|1390950817|1390950822|0|0|0|0|0|0|0|0|0|0
219|F1|0|2|0|1|1|1|0|0|0|0|1|0|1398741003|1398741008|0|0|0|0|0|0|0|0|0|0
220|F1|0|2|0|1|1|1|0|0|0|0|1|0|1408760656|1408760661|0|0|0|0|0|0|0|0|0|0
221|F1|0|2|0|1|1|1|0|0|0|0|1|0|1415217171|1415217176|0|0|0|0|0|0|0|0|0|0
222|F1|0|2|0|1|1|1|0|0|0|0|1|0|1422470839|1422470844|0|0|0|0|0|0|0|0|0|0
223|F1|0|2|0|1|1|1|0|0|0|0|1|0|1430482699|1430482704|0|0|0|0|0|0|0|0|0|0
224|F1|0|2|0|1|1|1|0|0|0|0|1|0|1443031607|1443031612|0|0|0|0|0|0|0|0|0|0
225|F1|0|2|0|1|1|1|0|0|0|0|1|0|1452434393|1452434398|0|0|0|0|0|0|0|0|0|0
226|F1|0|2|0|1|1|1|0|0|0|0|1|0|1461040352|1461040357|0|0|0|0|0|0|0|0|0|0
227|F1|0|2|0|1|1|1|0|0|0|0|1|0|1469935484|1469935489|0|0|0|0|0|0|0|0|0|0
228|F1|0|2|0|1|1|1|0|0|0|0|1|0|1479257945|1479257950|0|0|0|0|0|0|0|0|0|0
229|F1|0|2|0|1|1|1|0|0|0|0|1|0|1486389369|1486389374|0|0|0|0|0|0|0|0|0|0
230|F1|0|2|0|1|1|1|0|0|0|0|1|0|1495631516|1495631521|0|0|0|0|0|0|0|0|0|0
231|F1|0|2|0|1|1|1|0|0|0|0|1|0|1504103380|1504103385|0|0|0|0|0|0|0|0|0|0
232|F1|0|2|0|1|1|1|0|0|0|0|1|0|1511331009|1511331014|0|0|0|0|0|0|0|0|0|0
233|F1|0|2|0|1|1|1|0|0|0|0|1|0|1518577953|1518577958|0|0|0|0|0|0|0|0|0|0
234|F1|0|2|0|1|1|1|0|0|0|0|1|0|1525310771|1525310776|0|0|0|0|0|0|0|0|0|0
235|F1|0|2|0|1|1|1|0|0|0|0|1|0|1532815091|1532815096|0|0|0|0|0|0|0|0|0|0
236|F1|0|2|0|1|1|1|0|0|0|0|1|0|1542015444|1542015449|0|0|0|0|0|0|0|0|0|0
237|F1|0|2|0|1|1|1|0|0|0|0|1|0|1549930624|1549930629|0|0|0|0|0|0|0|0|0|0
238|F1|0|2|0|1|1|1|0|0|0|0|1|0|1558006729|1558006734|0|0|0|0|0|0|0|0|0|0
239|F1|0|2|0|1|1|1|0|0|0|0|1|0|1567245639|1567245644|0|0|0|0|0|0|0|0|0|0
240|F1|0|2|0|1|1|1|0|0|0|0|1|0|1576741578|1576741583|0|0|0|0|0|0|0|0|0|0
241|F1|0|2|0|1|1|1|0|0|0|0|1|0|1584377230|1584377235|0|0|0|0|0|0|0|0|0|0
242|F1|0|2|0|1|1|1|0|0|0|0|1|0|1592344115|1592344120|0|0|0|0|0|0|0|0|0|0
243|F1|0|2|0|1|1|1|0|0|0|0|1|0|1602405614|1602405619|0|0|0|0|0|0|0|0|0|0
244|F1|0|2|0|1|1|1|0|0|0|0|1|0|1610600601|1610600606|0|0|0|0|0|0|0|0|0|0
245|F1|0|2|0|1|1|1|0|0|0|0|1|0|1618319938|1618319943|0|0|0|0|0|0|0|0|0|0
246|F1|0|2|0|1|1|1|0|0|0|0|1|0|1625473655|1625473660|0|0|0|0|0|0|0|0|0|0
247|F1|0|2|0|1|1|1|0|0|0|0|1|0|1633980129|1633980134|0|0|0|0|0|0|0|0|0|0
248|F1|0|2|0|1|1|1|0|0|0|0|1|0|1642512201|1642512206|0|0|0|0|0|0|0|0|0|0
249|F1|0|2|0|1|1|1|0|0|0|0|1|0|1649663028|1649663033|0|0|0|0|0|0|0|0|0|0
250|F1|0|2|0|1|1|1|0|0|0|0|1|0|1656893853|1656893858|0|0|0|0|0|0|0|0|0|0
251|F1|0|2|0|1|1|1|0|0|0|0|1|0|1666322332|1666322337|0|0|0|0|0|0|0|0|0|0
252|F1|0|2|0|1|1|1|0|0|0|0|1|0|1673595220|1673595225|0|0|0|0|0|0|0|0|0|0
253|F1|0|2|0|1|1|1|0|0|0|0|1|0|1680109570|1680109575|0|0|0|0|0|0|0|0|0|0
254|F1|0|2|0|1|1|1|0|0|0|0|1|0|1688757310|1688757315|0|0|0|0|0|0|0|0|0|0
255|F1|0|2|0|1|1|1|0|0|0|0|1|0|1697106281|1697106286|0|0|0|0|0|0|0|0|0|0
256|F1|0|2|0|1|1|1|0|0|0|0|1|0|1704436979|1704436984|0|0|0|0|0|0|0|0|0|0
257|F1|0|2|0|1|1|1|0|0|0|0|1|0|1712226940|1712226945|0|0|0|0|0|0|0|0|0|0
258|F1|0|2|0|1|1|1|0|0|0|0|1|0|1720569449|1720569454|0|0|0|0|0|0|0|0|0|0
259|F1|0|2|0|1|1|1|0|0|0|0|1|0|1729638185|1729638190|0|0|0|0|0|0|0|0|0|0
260|F1|0|2|0|1|1|1|0|0|0|0|1|0|1737392727|1737392732|0|0|0|0|0|0|0|0|0|0
261|F1|0|2|0|1|1|1|0|0|0|0|1|0|1745899095|1745899100|0|0|0|0|0|0|0|0|0|0
262|F1|0|2|0|1|1|1|0|0|0|0|1|0|1753531854|1753531859|0|0|0|0|0|0|0|0|0|0
263|F1|0|2|0|1|1|1|0|0|0|0|1|0|1763368409|1763368414|0|0|0|0|0|0|0|0|0|0
264|F1|0|2|0|1|1|1|0|0|0|0|1|0|1770702064|1770702069|0|0|0|0|0|0|0|0|0|0
265|F1|0|2|0|1|1|1|0|0|0|0|1|0|1778254323|1778254328|0|0|0|0|0|0|0|0|0|0
266|F1|0|2|0|1|1|1|0|0|0|0|1|0|1785350229|1785350234|0|0|0|0|0|0|0|0|0|0
267|F1|0|2|0|1|1|1|0|0|0|0|1|0|1793207873|1793207878|0|0|0|0|0|0|0|0|0|0
268|F1|0|2|0|1|1|1|0|0|0|0|1|0|1801540738|1801540743|0|0|0|0|0|0|0|0|0|0
269|F1|0|2|0|1|1|1|0|0|0|0|1|0|1809892897|1809892902|0|0|0|0|0|0|0|0|0|0
270|F1|0|2|0|1|1|1|0|0|0|0|1|0|1817008329|1817008334|0|0|0|0|0|0|0|0|0|0
271|F1|0|2|0|1|1|1|0|0|0|0|1|0|1826584610|1826584615|0|0|0|0|0|0|0|0|0|0
272|F1|0|2|0|1|1|1|0|0|0|0|1|0|1834014949|1834014954|0|0|0|0|0|0|0|0|0|0
273|F1|0|2|0|1|1|1|0|0|0|0|1|0|1840783114|1840783119|0|0|0|0|0|0|0|0|0|0
274|F1|0|2|0|1|1|1|0|0|0|0|1|0|1848643671|1848643676|0|0|0|0|0|0|0|0|0|0
275|F1|0|2|0|1|1|1|0|0|0|0|1|0|1856825525|1856825530|0|0|0|0|0|0|0|0|0|0
276|F1|0|2|0|1|1|1|0|0|0|0|1|0|1864644595|1864644600|0|0|0|0|0|0|0|0|0|0
277|F1|0|2|0|1|1|1|0|0|0|0|1|0|1874101995|1874102000|0|0|0|0|0|0|0|0|0|0
278|F1|0|2|0|1|1|1|0|0|0|0|1|0|1882219605|1882219610|0|0|0|0|0|0|0|0|0|0
279|F1|0|2|0|1|1|1|0|0|0|0|1|0|1890832016|1890832021|0|0|0|0|0|0|0|0|0|0
280|F1|0|2|0|1|1|1|0|0|0|0|1|0|1898185084|1898185089|0|0|0|0|0|0|0|0|0|0
281|F1|0|2|0|1|1|1|0|0|0|0|1|0|1905117104|1905117109|0|0|0|0|0|0|0|0|0|0
282|F1|0|2|0|1|1|1|0|0|0|0|1|0|1912020220|1912020225|0|0|0|0|0|0|0|0|0|0
283|F1|0|2|0|1|1|1|0|0|0|0|1|0|1920073561|1920073566|0|0|0|0|0|0|0|0|0|0
284|F1|0|2|0|1|1|1|0|0|0|0|1|0|1927599988|1927599993|0|0|0|0|0|0|0|0|0|0
285|F1|0|2|0|1|1|1|0|0|0|0|1|0|1935547635|1935547640|0|0|0|0|0|0|0|0|0|0
286|F1|0|2|0|1|1|1|0|0|0|0|1|0|1943578803|1943578808|0|0|0|0|0|0|0|0|0|0
287|F1|0|2|0|1|1|1|0|0|0|0|1|0|1951445797|1951445802|0|0|0|0|0|0|0|0|0|0
288|F1|0|2|0|1|1|1|0|0|0|0|1|0|1959065721|1959065726|0|0|0|0|0|0|0|0|0|0
289|F1|0|2|0|1|1|1|0|0|0|0|1|0|1967061504|1967061509|0|0|0|0|0|0|0|0|0|0
290|F1|0|2|0|1|1|1|0|0|0|0|1|0|1976618496|1976618501|0|0|0|0|0|0|0|0|0|0
291|F1|0|2|0|1|1|1|0|0|0|0|1|0|1984893811|1984893816|0|0|0|0|0|0|0|0|0|0
292|F1|0|2|0|1|1|1|0|0|0|0|1|0|1994656432|1994656437|0|0|0|0|0|0|0|0|0|0
293|F1|0|2|0|1|1|1|0|0|0|0|1|0|2002549382|2002549387|0|0|0|0|0|0|0|0|0|0
294|F1|0|2|0|1|1|1|0|0|0|0|1|0|2011445299|2011445304|0|0|0|0|0|0|0|0|0|0
295|F1|0|2|0|1|1|1|0|0|0|0|1|0|2020566259|2020566264|0|0|0|0|0|0|0|0|0|0
296|F1|0|2|0|1|1|1|0|0|0|0|1|0|2028870465|2028870470|0|0|0|0|0|0|0|0|0|0
297|F1|0|2|0|1|1|1|0|0|0|0|1|0|2037126439|2037126444|0|0|0|0|0|0|0|0|0|0
298|F1|0|2|0|1|1|1|0|0|0|0|1|0|2049134923|2049134928|0|0|0|0|0|0|0|0|0|0
299|F1|0|2|0|1|1|1|0|0|0|0|1|0|2056333633|2056333638|0|0|0|0|0|0|0|0|0|0
300|F1|0|2|0|1|1|1|0|0|0|0|1|0|2065556490|2065556495|0|0|0|0|0|0|0|0|0|0
301|F1|0|2|0|1|1|1|0|0|0|0|1|0|2073976092|2073976097|0|0|0|0|0|0|0|0|0|0
302|F1|0|2|0|1|1|1|0|0|0|0|1|0|2083812617|2083812622|0|0|0|0|0|0|0|0|0|0
303|F1|0|2|0|1|1|1|0|0|0|0|1|0|2089896418|2089896423|0|0|0|0|0|0|0|0|0|0
304|F1|0|2|0|1|1|1|0|0|0|0|1|0|2098094560|2098094565|0|0|0|0|0|0|0|0|0|0
305|F1|0|2|0|1|1|1|0|0|0|0|1|0|2106247804|2106247809|0|0|0|0|0|0|0|0|0|0
306|F1|0|2|0|1|1|1|0|0|0|0|1|0|2115795143|2115795148|0|0|0|0|0|0|0|0|0|0
307|F1|0|2|0|1|1|1|0|0|0|0|1|0|2124552993|2124552998|0|0|0|0|0|0|0|0|0|0
308|F1|0|2|0|1|1|1|0|0|0|0|1|0|2132323737|2132323742|0|0|0|0|0|0|0|0|0|0
309|F1|0|2|0|1|1|1|0|0|0|0|1|0|2139358635|2139358640|0|0|0|0|0|0|0|0|0|0
310|F1|0|2|0|1|1|1|0|0|0|0|1|0|2148447315|2148447320|0|0|0|0|0|0|0|0|0|0
311|F1|0|2|0|1|1|1|0|0|0|0|1|0|2156484885|2156484890|0|0|0|0|0|0|0|0|0|0
312|F1|0|2|0|1|1|1|0|0|0|0|1|0|2164053248|2164053253|0|0|0|0|0|0|0|0|0|0
313|F1|0|2|0|1|1|1|0|0|0|0|1|0|2172052151|2172052156|0|0|0|0|0|0|0|0|0|0
314|F1|0|2|0|1|1|1|0|0|0|0|1|0|2181985372|2181985377|0|0|0|0|0|0|0|0|0|0
315|F1|0|2|0|1|1|1|0|0|0|0|1|0|2189984110|2189984115|0|0|0|0|0|0|0|0|0|0
316|F1|0|2|0|1|1|1|0|0|0|0|1|0|2199181264|2199181269|0|0|0|0|0|0|0|0|0|0
317|F1|0|2|0|1|1|1|0|0|0|0|1|0|2208963169|2208963174|0|0|0|0|0|0|0|0|0|0
318|F1|0|2|0|1|1|1|0|0|0|0|1|0|2217813310|2217813315|0|0|0|0|0|0|0|0|0|0
319|F1|0|2|0|1|1|1|0|0|0|0|1|0|2227190396|2227190401|0|0|0|0|0|0|0|0|0|0
320|F1|0|2|0|1|1|1|0|0|0|0|1|0|2234649358|2234649363|0|0|0|0|0|0|0|0|0|0
321|F1|0|2|0|1|1|1|0|0|0|0|1|0|2244345367|2244345372|0|0|0|0|0|0|0|0|0|0
322|F1|0|2|0|1|1|1|0|0|0|0|1|0|2251499082|2251499087|0|0|0|0|0|0|0|0|0|0
323|F1|0|2|0|1|1|1|0|0|0|0|1|0|2259983251|2259983256|0|0|0|0|0|0|0|0|0|0
324|F1|0|2|0|1|1|1|0|0|0|0|1|0|2267310492|2267310497|0|0|0|0|0|0|0|0|0|0
325|F1|0|2|0|1|1|1|0|0|0|0|1|0|2277321335|2277321340|0|0|0|0|0|0|0|0|0|0
326|F1|0|2|0|1|1|1|0|0|0|0|1|0|2285490387|2285490392|0|0|0|0|0|0|0|0|0|0
327|F1|0|2|0|1|1|1|0|0|0|0|1|0|2293604787|2293604792|0|0|0|0|0|0|0|0|0|0
328|F1|0|2|0|1|1|1|0|0|0|0|1|0|2301102542|2301102547|0|0|0|0|0|0|0|0|0|0
329|F1|0|2|0|1|1|1|0|0|0|0|1|0|2310328610|2310328615|0|0|0|0|0|0|0|0|0|0
330|F1|0|2|0|1|1|1|0|0|0|0|1|0|2318154113|2318154118|0|0|0|0|0|0|0|0|0|0
331|F1|0|2|0|1|1|1|0|0|0|0|1|0|2324864454|2324864459|0|0|0|0|0|0|0|0|0|0
332|F1|0|2|0|1|1|1|0|0|0|0|1|0|2332970076|2332970081|0|0|0|0|0|0|0|0|0|0
333|F1|0|2|0|1|1|1|0|0|0|0|1|0|2342781029|2342781034|0|0|0|0|0|0|0|0|0|0
334|F1|0|2|0|1|1|1|0|0|0|0|1|0|2351171860|2351171865|0|0|0|0|0|0|0|0|0|0
335|F1|0|2|0|1|1|1|0|0|0|0|1|0|2357204400|2357204405|0|0|0|0|0|0|0|0|0|0
336|F1|0|2|0|1|1|1|0|0|0|0|1|0|2364146068|2364146073|0|0|0|0|0|0|0|0|0|0
337|F1|0|2|0|1|1|1|0|0|0|0|1|0|2371878117|2371878122|0|0|0|0|0|0|0|0|0|0
338|F1|0|2|0|1|1|1|0|0|0|0|1|0|2378845491|2378845496|0|0|0|0|0|0|0|0|0|0
339|F1|0|2|0|1|1|1|0|0|0|0|1|0|2386243536|2386243541|0|0|0|0|0|0|0|0|0|0
340|F1|0|2|0|1|1|1|0|0|0|0|1|0|2393198050|2393198055|0|0|0|0|0|0|0|0|0|0
341|F1|0|2|0|1|1|1|0|0|0|0|1|0|2402337363|2402337368|0|0|0|0|0|0|0|0|0|0
342|F1|0|2|0|1|1|1|0|0|0|0|1|0|2411412417|2411412422|0|0|0|0|0|0|0|0|0|0
343|F1|0|2|0|1|1|1|0|0|0|0|1|0|2417615120|2417615125|0|0|0|0|0|0|0|0|0|0
344|F1|0|2|0|1|1|1|0|0|0|0|1|0|2425883728|2425883733|0|0|0|0|0|0|0|0|0|0
345|F1|0|2|0|1|1|1|0|0|0|0|1|0|2433340425|2433340430|0|0|0|0|0|0|0|0|0|0
346|F1|0|2|0|1|1|1|0|0|0|0|1|0|2440886117|2440886122|0|0|0|0|0|0|0|0|0|0
347|F1|0|2|0|1|1|1|0|0|0|0|1|0|2448836645|2448836650|0|0|0|0|0|0|0|0|0|0
348|F1|0|2|0|1|1|1|0|0|0|0|1|0|2456221703|2456221708|0|0|0|0|0|0|0|0|0|0
349|F1|0|2|0|1|1|1|0|0|0|0|1|0|2467151315|2467151320|0|0|0|0|0|0|0|0|0|0
350|F1|0|2|0|1|1|1|0|0|0|0|1|0|2475069843|2475069848|0|0|0|0|0|0|0|0|0|0
351|F1|0|2|0|1|1|1|0|0|0|0|1|0|2482962539|2482962544|0|0|0|0|0|0|0|0|0|0
352|F1|0|2|0|1|1|1|0|0|0|0|1|0|2490257843|2490257848|0|0|0|0|0|0|0|0|0|0
353|F1|0|2|0|1|1|1|0|0|0|0|1|0|2499227904|2499227909|0|0|0|0|0|0|0|0|0|0
354|F1|0|2|0|1|1|1|0|0|0|0|1|0|2509659449|2509659454|0|0|0|0|0|0|0|0|0|0
355|F1|0|2|0|1|1|1|0|0|0|0|1|0|2516941689|2516941694|0|0|0|0|0|0|0|0|0|0
356|F1|0|2|0|1|1|1|0|0|0|0|1|0|2524789422|2524789427|0|0|0|0|0|0|0|0|0|0
357|F1|0|2|0|1|1|1|0|0|0|0|1|0|2534471717|2534471722|0|0|0|0|0|0|0|0|0|0
358|F1|0|2|0|1|1|1|0|0|0|0|1|0|2542023888|2542023893|0|0|0|0|0|0|0|0|0|0
359|F1|0|2|0|1|1|1|0|0|0|0|1|0|2549929477|2549929482|0|0|0|0|0|0|0|0|0|0
360|F1|0|2|0|1|1|1|0|0|0|0|1|0|2558487242|2558487247|0|0|0|0|0|0|0|0|0|0
361|F1|0|2|0|1|1|1|0|0|0|0|1|0|2567343836|2567343841|0|0|0|0|0|0|0|0|0|0
362|F1|0|2|0|1|1|1|0|0|0|0|1|0|2574002937|2574002942|0|0|0|0|0|0|0|0|0|0
363|F1|0|2|0|1|1|1|0|0|0|0|1|0|2581963141|2581963146|0|0|0|0|0|0|0|0|0|0
364|F1|0|2|0|1|1|1|0|0|0|0|1|0|2589447808|2589447813|0|0|0|0|0|0|0|0|0|0
365|F1|0|2|0|1|1|1|0|0|0|0|1|0|2598349337|2598349342|0|0|0|0|0|0|0|0|0|0
366|F1|0|2|0|1|1|1|0|0|0|0|1|0|2605779429|2605779434|0|0|0|0|0|0|0|0|0|0
367|F1|0|2|0|1|1|1|0|0|0|0|1|0|2615086512|2615086517|0|0|0|0|0|0|0|0|0|0
368|F1|0|2|0|1|1|1|0|0|0|0|1|0|2626651911|2626651916|0|0|0|0|0|0|0|0|0|0
369|F1|0|2|0|1|1|1|0|0|0|0|1|0|2635296441|2635296446|0|0|0|0|0|0|0|0|0|0
370|F1|0|2|0|1|1|1|0|0|0|0|1|0|2643414053|2643414058|0|0|0|0|0|0|0|0|0|0
371|F1|0|2|0|1|1|1|0|0|0|0|1|0|2651053097|2651053102|0|0|0|0|0|0|0|0|0|0
372|F1|0|2|0|1|1|1|0|0|0|0|1|0|2659408531|2659408536|0|0|0|0|0|0|0|0|0|0
373|F1|0|2|0|1|1|1|0|0|0|0|1|0|2666832211|2666832216|0|0|0|0|0|0|0|0|0|0
374|F1|0|2|0|1|1|1|0|0|0|0|1|0|2674082539|2674082544|0|0|0|0|0|0|0|0|0|0
375|F1|0|2|0|1|1|1|0|0|0|0|1|0|2682222629|2682222634|0|0|0|0|0|0|0|0|0|0
376|F1|0|2|0|1|1|1|0|0|0|0|1|0|2691233428|2691233433|0|0|0|0|0|0|0|0|0|0
377|F1|0|2|0|1|1|1|0|0|0|0|1|0|2699447520|2699447525|0|0|0|0|0|0|0|0|0|0
378|F1|0|2|0|1|1|1|0|0|0|0|1|0|2707320942|2707320947|0|0|0|0|0|0|0|0|0|0
379|F1|0|2|0|1|1|1|0|0|0|0|1|0|2713211975|2713211980|0|0|0|0|0|0|0|0|0|0
380|F1|0|2|0|1|1|1|0|0|0|0|1|0|2721352065|2721352070|0|0|0|0|0|0|0|0|0|0
381|F1|0|2|0|1|1|1|0|0|0|0|1|0|2730488171|2730488176|0|0|0|0|0|0|0|0|0|0
382|F1|0|2|0|1|1|1|0|0|0|0|1|0|2737748005|2737748010|0|0|0|0|0|0|0|0|0|0
383|F1|0|2|0|1|1|1|0|0|0|0|1|0|2745750213|2745750218|0|0|0|0|0|0|0|0|0|0
384|F1|0|2|0|1|1|1|0|0|0|0|1|0|2752566585|2752566590|0|0|0|0|0|0|0|0|0|0
385|F1|0|2|0|1|1|1|0|0|0|0|1|0|2761995063|2761995068|0|0|0|0|0|0|0|0|0|0
386|F1|0|2|0|1|1|1|0|0|0|0|1|0|2768030685|2768030690|0|0|0|0|0|0|0|0|0|0
387|F1|0|2|0|1|1|1|0|0|0|0|1|0|2776120238|2776120243|0|0|0|0|0|0|0|0|0|0
388|F1|0|2|0|1|1|1|0|0|0|0|1|0|2785115818|2785115823|0|0|0|0|0|0|0|0|0|0
389|F1|0|2|0|1|1|1|0|0|0|0|1|0|2795016585|2795016590|0|0|0|0|0|0|0|0|0|0
390|F1|0|2|0|1|1|1|0|0|0|0|1|0|2803449063|2803449068|0|0|0|0|0|0|0|0|0|0
391|F1|0|2|0|1|1|1|0|0|0|0|1|0|2809651769|2809651774|0|0|0|0|0|0|0|0|0|0
392|F1|0|2|0|1|1|1|0|0|0|0|1|0|2817255301|2817255306|0|0|0|0|0|0|0|0|0|0
393|F1|0|2|0|1|1|1|0|0|0|0|1|0|2826021916|2826021921|0|0|0|0|0|0|0|0|0|0
394|F1|0|2|0|1|1|1|0|0|0|0|1|0|2832912192|2832912197|0|0|0|0|0|0|0|0|0|0
395|F1|0|2|0|1|1|1|0|0|0|0|1|0|2838951031|2838951036|0|0|0|0|0|0|0|0|0|0
396|F1|0|2|0|1|1|1|0|0|0|0|1|0|2846223920|2846223925|0|0|0|0|0|0|0|0|0|0
397|F1|0|2|0|1|1|1|0|0|0|0|1|0|2856269301|2856269306|0|0|0|0|0|0|0|0|0|0
398|F1|0|2|0|1|1|1|0|0|0|0|1|0|2865103392|2865103397|0|0|0|0|0|0|0|0|0|0
399|F1|0|2|0|1|1|1|0|0|0|0|1|0|2873118222|2873118227|0|0|0|0|0|0|0|0|0|0
400|F1|0|2|0|1|1|1|0|0|0|0|1|0|2880378251|2880378256|0|0|0|0|0|0|0|0|0|0
401|F1|0|2|0|1|1|1|0|0|0|0|1|0|2889167392|2889167397|0|0|0|0|0|0|0|0|0|0
402|F1|0|2|0|1|1|1|0|0|0|0|1|0|2896260349|2896260354|0|0|0|0|0|0|0|0|0|0
403|F1|0|2|0|1|1|1|0|0|0|0|1|0|2904568103|2904568108|0|0|0|0|0|0|0|0|0|0
404|F1|0|2|0|1|1|1|0|0|0|0|1|0|2911789289|2911789294|0|0|0|0|0|0|0|0|0|0
405|F1|0|2|0|1|1|1|0|0|0|0|1|0|2920074260|2920074265|0|0|0|0|0|0|0|0|0|0
406|F1|0|2|0|1|1|1|0|0|0|0|1|0|2926803891|2926803896|0|0|0|0|0|0|0|0|0|0
407|F1|0|2|0|1|1|1|0|0|0|0|1|0|2934054277|2934054282|0|0|0|0|0|0|0|0|0|0
408|F1|0|2|0|1|1|1|0|0|0|0|1|0|2941976133|2941976138|0|0|0|0|0|0|0|0|0|0
409|F1|0|2|0|1|1|1|0|0|0|0|1|0|2950942214|2950942219|0|0|0|0|0|0|0|0|0|0
410|F1|0|2|0|1|1|1|0|0|0|0|1|0|2957710389|2957710394|0|0|0|0|0|0|0|0|0|0
411|F1|0|2|0|1|1|1|0|0|0|0|1|0|2966901102|2966901107|0|0|0|0|0|0|0|0|0|0
412|F1|0|2|0|1|1|1|0|0|0|0|1|0|2974742537|2974742542|0|0|0|0|0|0|0|0|0|0
413|F1|0|2|0|1|1|1|0|0|0|0|1|0|2982818382|2982818387|0|0|0|0|0|0|0|0|0|0
414|F1|0|2|0|1|1|1|0|0|0|0|1|0|2990698231|2990698236|0|0|0|0|0|0|0|0|0|0
415|F1|0|2|0|1|1|1|0|0|0|0|1|0|2998327475|2998327480|0|0|0|0|0|0|0|0|0|0
416|F1|0|2|0|1|1|1|0|0|0|0|1|0|3006519077|3006519082|0|0|0|0|0|0|0|0|0|0
417|F1|0|2|0|1|1|1|0|0|0|0|1|0|3016561543|3016561548|0|0|0|0|0|0|0|0|0|0
418|F1|0|2|0|1|1|1|0|0|0|0|1|0|3024946067|3024946072|0|0|0|0|0|0|0|0|0|0
419|F1|0|2|0|1|1|1|0|0|0|0|1|0|3033793153|3033793158|0|0|0|0|0|0|0|0|0|0
420|F1|0|2|0|1|1|1|0|0|0|0|1|0|3041550949|3041550954|0|0|0|0|0|0|0|0|0|0
421|F1|0|2|0|1|1|1|0|0|0|0|1|0|3049466128|3049466133|0|0|0|0|0|0|0|0|0|0
422|F1|0|2|0|1|1|1|0|0|0|0|1|0|3057709025|3057709030|0|0|0|0|0|0|0|0|0|0
423|F1|0|2|0|1|1|1|0|0|0|0|1|0|3066266839|3066266844|0|0|0|0|0|0|0|0|0|0
424|F1|0|2|0|1|1|1|0|0|0|0|1|0|3076222460|3076222465|0|0|0|0|0|0|0|0|0|0
425|F1|0|2|0|1|1|1|0|0|0|0|1|0|3082351293|3082351298|0|0|0|0|0|0|0|0|0|0
426|F1|0|2|0|1|1|1|0|0|0|0|1|0|3089929417|3089929422|0|0|0|0|0|0|0|0|0|0
427|F1|0|2|0|1|1|1|0|0|0|0|1|0|3098667118|3098667123|0|0|0|0|0|0|0|0|0|0
428|F1|0|2|0|1|1|1|0|0|0|0|1|0|3107459444|3107459449|0|0|0|0|0|0|0|0|0|0
429|F1|0|2|0|1|1|1|0|0|0|0|1|0|3115021200|3115021205|0|0|0|0|0|0|0|0|0|0
430|F1|0|2|0|1|1|1|0|0|0|0|1|0|3124051257|3124051262|0|0|0|0|0|0|0|0|0|0
431|F1|0|2|0|1|1|1|0|0|0|0|1|0|3131359219|3131359224|0|0|0|0|0|0|0|0|0|0
432|F1|0|2|0|1|1|1|0|0|0|0|1|0|3140222224|3140222229|0|0|0|0|0|0|0|0|0|0
433|F1|0|2|0|1|1|1|0|0|0|0|1|0|3148972896|3148972901|0|0|0|0|0|0|0|0|0|0
434|F1|0|2|0|1|1|1|0|0|0|0|1|0|3158186176|3158186181|0|0|0|0|0|0|0|0|0|0
435|F1|0|2|0|1|1|1|0|0|0|0|1|0|3166898249|3166898254|0|0|0|0|0|0|0|0|0|0
436|F1|0|2|0|1|1|1|0|0|0|0|1|0|3177538062|3177538067|0|0|0|0|0|0|0|0|0|0
437|F1|0|2|0|1|1|1|0|0|0|0|1|0|3185578585|3185578590|0|0|0|0|0|0|0|0|0|0
438|F1|0|2|0|1|1|1|0|0|0|0|1|0|3194448901|3194448906|0|0|0|0|0|0|0|0|0|0
439|F1|0|2|0|1|1|1|0|0|0|0|1|0|3204089514|3204089519|0|0|0|0|0|0|0|0|0|0
440|F1|0|2|0|1|1|1|0|0|0|0|1|0|3212882073|3212882078|0|0|0|0|0|0|0|0|0|0
441|F1|0|2|0|1|1|1|0|0|0|0|1|0|3221272846|3221272851|0|0|0|0|0|0|0|0|0|0
442|F1|0|2|0|1|1|1|0|0|0|0|1|0|3228400865|3228400870|0|0|0|0|0|0|0|0|0|0
443|F1|0|2|0|1|1|1|0|0|0|0|1|0|3237954643|3237954648|0|0|0|0|0|0|0|0|0|0
444|F1|0|2|0|1|1|1|0|0|0|0|1|0|3246605620|3246605625|0|0|0|0|0|0|0|0|0|0
445|F1|0|2|0|1|1|1|0|0|0|0|1|0|3255048407|3255048412|0|0|0|0|0|0|0|0|0|0
446|F1|0|2|0|1|1|1|0|0|0|0|1|0|3263667228|3263667233|0|0|0|0|0|0|0|0|0|0
447|F1|0|2|0|1|1|1|0|0|0|0|1|0|3273458763|3273458768|0|0|0|0|0|0|0|0|0|0
448|F1|0|2|0|1|1|1|0|0|0|0|1|0|3281130313|3281130318|0|0|0|0|0|0|0|0|0|0
449|F1|0|2|0|1|1|1|0|0|0|0|1|0|3289395740|3289395745|0|0|0|0|0|0|0|0|0|0
450|F1|0|2|0|1|1|1|0|0|0|0|1|0|3297404106|3297404111|0|0|0|0|0|0|0|0|0|0
451|F1|0|2|0|1|1|1|0|0|0|0|1|0|3305267878|3305267883|0|0|0|0|0|0|0|0|0|0
452|F1|0|2|0|1|1|1|0|0|0|0|1|0|3313318007|3313318012|0|0|0|0|0|0|0|0|0|0
453|F1|0|2|0|1|1|1|0|0|0|0|1|0|3321359301|3321359306|0|0|0|0|0|0|0|0|0|0
454|F1|0|2|0|1|1|1|0|0|0|0|1|0|3328487353|3328487358|0|0|0|0|0|0|0|0|0|0
455|F1|0|2|0|1|1|1|0|0|0|0|1|0|3337768005|3337768010|0|0|0|0|0|0|0|0|0|0
456|F1|0|2|0|1|1|1|0|0|0|0|1|0|3345143420|3345143425|0|0|0|0|0|0|0|0|0|0
457|F1|0|2|0|1|1|1|0|0|0|0|1|0|3353036302|3353036307|0|0|0|0|0|0|0|0|0|0
458|F1|0|2|0|1|1|1|0|0|0|0|1|0|3362127463|3362127468|0|0|0|0|0|0|0|0|0|0
459|F1|0|2|0|1|1|1|0|0|0|0|1|0|3371096793|3371096798|0|0|0|0|0|0|0|0|0|0
460|F1|0|2|0|1|1|1|0|0|0|0|1|0|3377787845|3377787850|0|0|0|0|0|0|0|0|0|0
461|F1|0|2|0|1|1|1|0|0|0|0|1|0|3384703818|3384703823|0|0|0|0|0|0|0|0|0|0
462|F1|0|2|0|1|1|1|0|0|0|0|1|0|3391186036|3391186041|0|0|0|0|0|0|0|0|0|0
463|F1|0|2|0|1|1|1|0|0|0|0|1|0|3400315691|3400315696|0|0|0|0|0|0|0|0|0|0
464|F1|0|2|0|1|1|1|0|0|0|0|1|0|3408041433|3408041438|0|0|0|0|0|0|0|0|0|0
465|F1|0|2|0|1|1|1|0|0|0|0|1|0|3414655385|3414655390|0|0|0|0|0|0|0|0|0|0
466|F1|0|2|0|1|1|1|0|0|0|0|1|0|3424318397|3424318402|0|0|0|0|0|0|0|0|0|0
467|F1|0|2|0|1|1|1|0|0|0|0|1|0|3433730812|3433730817|0|0|0|0|0|0|0|0|0|0
468|F1|0|2|0|1|1|1|0|0|0|0|1|0|3442230749|3442230754|0|0|0|0|0|0|0|0|0|0
469|F1|0|2|0|1|1|1|0|0|0|0|1|0|3449220604|3449220609|0|0|0|0|0|0|0|0|0|0
470|F1|0|2|0|1|1|1|0|0|0|0|1|0|3458539969|3458539974|0|0|0|0|0|0|0|0|0|0
471|F1|0|2|0|1|1|1|0|0|0|0|1|0|3466095329|3466095334|0|0|0|0|0|0|0|0|0|0
472|F1|0|2|0|1|1|1|0|0|0|0|1|0|3473984801|3473984806|0|0|0|0|0|0|0|0|0|0
473|F1|0|2|0|1|1|1|0|0|0|0|1|0|3481154859|3481154864|0|0|0|0|0|0|0|0|0|0
474|F1|0|2|0|1|1|1|0|0|0|0|1|0|3488970589|3488970594|0|0|0|0|0|0|0|0|0|0
475|F1|0|2|0|1|1|1|0|0|0|0|1|0|3497011091|3497011096|0|0|0|0|0|0|0|0|0|0
476|F1|0|2|0|1|1|1|0|0|0|0|1|0|3503043520|3503043525|0|0|0|0|0|0|0|0|0|0
477|F1|0|2|0|1|1|1|0|0|0|0|1|0|3509400448|3509400453|0|0|0|0|0|0|0|0|0|0
478|F1|0|2|0|1|1|1|0|0|0|0|1|0|3516419380|3516419385|0|0|0|0|0|0|0|0|0|0
479|F1|0|2|0|1|1|1|0|0|0|0|1|0|3523259022|3523259027|0|0|0|0|0|0|0|0|0|0
480|F1|0|2|0|1|1|1|0|0|0|0|1|0|3529599868|3529599873|0|0|0|0|0|0|0|0|0|0
481|F1|0|2|0|1|1|1|0|0|0|0|1|0|3536808393|3536808398|0|0|0|0|0|0|0|0|0|0
482|F1|0|2|0|1|1|1|0|0|0|0|1|0|3543326227|3543326232|0|0|0|0|0|0|0|0|0|0
483|F1|0|2|0|1|1|1|0|0|0|0|1|0|3549554626|3549554631|0|0|0|0|0|0|0|0|0|0
484|F1|0|2|0|1|1|1|0|0|0|0|1|0|3559288480|3559288485|0|0|0|0|0|0|0|0|0|0
485|F1|0|2|0|1|1|1|0|0|0|0|1|0|3566352244|3566352249|0|0|0|0|0|0|0|0|0|0
486|F1|0|2|0|1|1|1|0|0|0|0|1|0|3575176688|3575176693|0|0|0|0|0|0|0|0|0|0
487|F1|0|2|0|1|1|1|0|0|0|0|1|0|3583098297|3583098302|0|0|0|0|0|0|0|0|0|0
488|F1|0|2|0|1|1|1|0|0|0|0|1|0|3591678585|3591678590|0|0|0|0|0|0|0|0|0|0
489|F1|0|2|0|1|1|1|0|0|0|0|1|0|3601203440|3601203445|0|0|0|0|0|0|0|0|0|0
490|F1|0|2|0|1|1|1|0|0|0|0|1|0|3608193305|3608193310|0|0|0|0|0|0|0|0|0|0
491|F1|0|2|0|1|1|1|0|0|0|0|1|0|3616609716|3616609721|0|0|0|0|0|0|0|0|0|0
492|F1|0|2|0|1|1|1|0|0|0|0|1|0|3628621386|3628621391|0|0|0|0|0|0|0|0|0|0
493|F1|0|2|0|1|1|1|0|0|0|0|1|0|3636151297|3636151302|0|0|0|0|0|0|0|0|0|0
494|F1|0|2|0|1|1|1|0|0|0|0|1|0|3644288174|3644288179|0|0|0|0|0|0|0|0|0|0
495|F1|0|2|0|1|1|1|0|0|0|0|1|0|3652046201|3652046206|0|0|0|0|0|0|0|0|0|0
496|F1|0|2|0|1|1|1|0|0|0|0|1|0|3661705989|3661705994|0|0|0|0|0|0|0|0|0|0
497|F1|0|2|0|1|1|1|0|0|0|0|1|0|3668628526|3668628531|0|0|0|0|0|0|0|0|0|0
498|F1|0|2|0|1|1|1|0|0|0|0|1|0|3677376135|3677376140|0|0|0|0|0|0|0|0|0|0
499|F1|0|2|0|1|1|1|0|0|0|0|1|0|3686056009|3686056014|0|0|0|0|0|0|0|0|0|0
500|F1|0|2|0|1|1|1|0|0|0|0|1|0|3695808989|3695808994|0|0|0|0|0|0|0|0|0|0
501|F1|0|2|0|1|1|1|0|0|0|0|1|0|3704694480|3704694485|0|0|0|0|0|0|0|0|0|0
502|F1|0|2|0|1|1|1|0|0|0|0|1|0|3711854899|3711854904|0|0|0|0|0|0|0|0|0|0
503|F1|0|2|0|1|1|1|0|0|0|0|1|0|3720701821|3720701826|0|0|0|0|0|0|0|0|0|0
504|F1|0|2|0|1|1|1|0|0|0|0|1|0|3728196249|3728196254|0|0|0|0|0|0|0|0|0|0
505|F1|0|2|0|1|1|1|0|0|0|0|1|0|3735073674|3735073679|0|0|0|0|0|0|0|0|0|0
506|F1|0|2|0|1|1|1|0|0|0|0|1|0|3742857488|3742857493|0|0|0|0|0|0|0|0|0|0
507|F1|0|2|0|1|1|1|0|0|0|0|1|0|3751550209|3751550214|0|0|0|0|0|0|0|0|0|0
508|F1|0|2|0|1|1|1|0|0|0|0|1|0|3758639690|3758639695|0|0|0|0|0|0|0|0|0|0
509|F1|0|2|0|1|1|1|0|0|0|0|1|0|3765401610|3765401615|0|0|0|0|0|0|0|0|0|0
510|F1|0|2|0|1|1|1|0|0|0|0|1|0|3775312025|3775312030|0|0|0|0|0|0|0|0|0|0
511|F1|0|2|0|1|1|1|0|0|0|0|1|0|3783991964|3783991969|0|0|0|0|0|0|0|0|0|0
512|F1|0|2|0|1|1|1|0|0|0|0|1|0|3791499257|3791499262|0|0|0|0|0|0|0|0|0|0
513|F1|0|2|0|1|1|1|0|0|0|0|1|0|3800227315|3800227320|0|0|0|0|0|0|0|0|0|0
514|F1|0|2|0|1|1|1|0|0|0|0|1|0|3808049328|3808049333|0|0|0|0|0|0|0|0|0|0
515|F1|0|2|0|1|1|1|0|0|0|0|1|0|3817712573|3817712578|0|0|0|0|0|0|0|0|0|0
516|F1|0|2|0|1|1|1|0|0|0|0|1|0|3826517744|3826517749|0|0|0|0|0|0|0|0|0|0
517|F1|0|2|0|1|1|1|0|0|0|0|1|0|3833131681|3833131686|0|0|0|0|0|0|0|0|0|0
518|F1|0|2|0|1|1|1|0|0|0|0|1|0|3841641550|3841641555|0|0|0|0|0|0|0|0|0|0
519|F1|0|2|0|1|1|1|0|0|0|0|1|0|3851786487|3851786492|0|0|0|0|0|0|0|0|0|0
520|F1|0|2|0|1|1|1|0|0|0|0|1|0|3860729826|3860729831|0|0|0|0|0|0|0|0|0|0
521|F1|0|2|0|1|1|1|0|0|0|0|1|0|3868105428|3868105433|0|0|0|0|0|0|0|0|0|0
522|F1|0|2|0|1|1|1|0|0|0|0|1|0|3875513121|3875513126|0|0|0|0|0|0|0|0|0|0
523|F1|0|2|0|1|1|1|0|0|0|0|1|0|3887450928|3887450933|0|0|0|0|0|0|0|0|0|0
524|F1|0|2|0|1|1|1|0|0|0|0|1|0|3895362909|3895362914|0|0|0|0|0|0|0|0|0|0
525|F1|0|2|0|1|1|1|0|0|0|0|1|0|3902558652|3902558657|0|0|0|0|0|0|0|0|0|0
526|F1|0|2|0|1|1|1|0|0|0|0|1|0|3912179911|3912179916|0|0|0|0|0|0|0|0|0|0
527|F1|0|2|0|1|1|1|0|0|0|0|1|0|3920789084|3920789089|0|0|0|0|0|0|0|0|0|0
528|F1|0|2|0|1|1|1|0|0|0|0|1|0|3928495664|3928495669|0|0|0|0|0|0|0|0|0|0
529|F1|0|2|0|1|1|1|0|0|0|0|1|0|3936867237|3936867242|0|0|0|0|0|0|0|0|0|0
530|F1|0|2|0|1|1|1|0|0|0|0|1|0|3944885355|3944885360|0|0|0|0|0|0|0|0|0|0
531|F1|0|2|0|1|1|1|0|0|0|0|1|0|3953847989|3953847994|0|0|0|0|0|0|0|0|0|0
532|F1|0|2|0|1|1|1|0|0|0|0|1|0|3961258736|3961258741|0|0|0|0|0|0|0|0|0|0
533|F1|0|2|0|1|1|1|0|0|0|0|1|0|3969016746|3969016751|0|0|0|0|0|0|0|0|0|0
534|F1|0|2|0|1|1|1|0|0|0|0|1|0|3978371389|3978371394|0|0|0|0|0|0|0|0|0|0
535|F1|0|2|0|1|1|1|0|0|0|0|1|0|3985592747|3985592752|0|0|0|0|0|0|0|0|0|0
536|F1|0|2|0|1|1|1|0|0|0|0|1|0|3993173794|3993173799|0|0|0|0|0|0|0|0|0|0
537|F1|0|2|0|1|1|1|0|0|0|0|1|0|4000398492|4000398497|0|0|0|0|0|0|0|0|0|0
538|F1|0|2|0|1|1|1|0|0|0|0|1|0|4008618910|4008618915|0|0|0|0|0|0|0|0|0|0
539|F1|0|2|0|1|1|1|0|0|0|0|1|0|4016302761|4016302766|0|0|0|0|0|0|0|0|0|0
540|F1|0|2|0|1|1|1|0|0|0|0|1|0|4024060700|4024060705|0|0|0|0|0|0|0|0|0|0
541|F1|0|2|0|1|1|1|0|0|0|0|1|0|4031018492|4031018497|0|0|0|0|0|0|0|0|0|0
542|F1|0|2|0|1|1|1|0|0|0|0|1|0|4039287097|4039287102|0|0|0|0|0|0|0|0|0|0
543|F1|0|2|0|1|1|1|0|0|0|0|1|0|4046601733|4046601738|0|0|0|0|0|0|0|0|0|0
544|F1|0|2|0|1|1|1|0|0|0|0|1|0|4054182748|4054182753|0|0|0|0|0|0|0|0|0|0
545|F1|0|2|0|1|1|1|0|0|0|0|1|0|4062027278|4062027283|0|0|0|0|0|0|0|0|0|0
546|F1|0|2|0|1|1|1|0|0|0|0|1|0|4070203723|4070203728|0|0|0|0|0|0|0|0|0|0
547|F1|0|2|0|1|1|1|0|0|0|0|1|0|4077482798|4077482803|0|0|0|0|0|0|0|0|0|0
548|F1|0|2|0|1|1|1|0|0|0|0|1|0|4083434894|4083434899|0|0|0|0|0|0|0|0|0|0
549|F1|0|2|0|1|1|1|0|0|0|0|1|0|4090752468|4090752473|0|0|0|0|0|0|0|0|0|0
550|F1|0|2|0|1|1|1|0|0|0|0|1|0|4097813168|4097813173|0|0|0|0|0|0|0|0|0|0
551|F1|0|2|0|1|1|1|0|0|0|0|1|0|4107322119|4107322124|0|0|0|0|0|0|0|0|0|0
552|F1|0|2|0|1|1|1|0|0|0|0|1|0|4116419673|4116419678|0|0|0|0|0|0|0|0|0|0
553|F1|0|2|0|1|1|1|0|0|0|0|1|0|4124865043|4124865048|0|0|0|0|0|0|0|0|0|0
554|F1|0|2|0|1|1|1|0|0|0|0|1|0|4133134407|4133134412|0|0|0|0|0|0|0|0|0|0
555|F1|0|2|0|1|1|1|0|0|0|0|1|0|4142026325|4142026330|0|0|0|0|0|0|0|0|0|0
556|F1|0|2|0|1|1|1|0|0|0|0|1|0|4150645145|4150645150|0|0|0|0|0|0|0|0|0|0
557|F1|0|2|0|1|1|1|0|0|0|0|1|0|4158062352|4158062357|0|0|0|0|0|0|0|0|0|0
558|F1|0|2|0|1|1|1|0|0|0|0|1|0|4166536613|4166536618|0|0|0|0|0|0|0|0|0|0
559|F1|0|2|0|1|1|1|0|0|0|0|1|0|4173433303|4173433308|0|0|0|0|0|0|0|0|0|0
560|F1|0|2|0|1|1|1|0|0|0|0|1|0|4180950080|4180950085|0|0|0|0|0|0|0|0|0|0
561|F1|0|2|0|1|1|1|0|0|0|0|1|0|4188945605|4188945610|0|0|0|0|0|0|0|0|0|0
562|F1|0|2|0|1|1|1|0|0|0|0|1|0|4197773271|4197773276|0|0|0|0|0|0|0|0|0|0
563|F1|0|2|0|1|1|1|0|0|0|0|1|0|4205328775|4205328780|0|0|0|0|0|0|0|0|0|0
564|F1|0|2|0|1|1|1|0|0|0|0|1|0|4215470519|4215470524|0|0|0|0|0|0|0|0|0|0
565|F1|0|2|0|1|1|1|0|0|0|0|1|0|4222817025|4222817030|0|0|0|0|0|0|0|0|0|0
566|F1|0|2|0|1|1|1|0|0|0|0|1|0|4233447434|4233447439|0|0|0|0|0|0|0|0|0|0
567|F1|0|2|0|1|1|1|0|0|0|0|1|0|4241359694|4241359699|0|0|0|0|0|0|0|0|0|0
568|F1|0|2|0|1|1|1|0|0|0|0|1|0|4250100746|4250100751|0|0|0|0|0|0|0|0|0|0
569|F1|0|2|0|1|1|1|0|0|0|0|1|0|4256881762|4256881767|0|0|0|0|0|0|0|0|0|0
570|F1|0|2|0|1|1|1|0|0|0|0|1|0|4265831495|4265831500|0|0|0|0|0|0|0|0|0|0
571|F1|0|2|0|1|1|1|0|0|0|0|1|0|4274081061|4274081066|0|0|0|0|0|0|0|0|0|0
572|F1|0|2|0|1|1|1|0|0|0|0|1|0|4282304704|4282304709|0|0|0|0|0|0|0|0|0|0
573|F1|0|2|0|1|1|1|0|0|0|0|1|0|4291132371|4291132376|0|0|0|0|0|0|0|0|0|0
574|F1|0|2|0|1|1|1|0|0|0|0|1|0|5436121|5436126|0|0|0|0|0|0|0|0|0|0
575|F1|0|2|0|1|1|1|0|0|0|0|1|0|13335248|13335253|0|0|0|0|0|0|0|0|0|0
576|F1|0|2|0|1|1|1|0|0|0|0|1|0|21350137|21350142|0|0|0|0|0|0|0|0|0|0
577|F1|0|2|0|1|1|1|0|0|0|0|1|0|30633998|30634003|0|0|0|0|0|0|0|0|0|0
578|F1|0|2|0|1|1|1|0|0|0|0|1|0|38453152|38453157|0|0|0|0|0|0|0|0|0|0
579|F1|0|2|0|1|1|1|0|0|0|0|1|0|46310817|46310822|0|0|0|0|0|0|0|0|0|0
580|F1|0|2|0|1|1|1|0|0|0|0|1|0|54100842|54100847|0|0|0|0|0|0|0|0|0|0
581|F1|0|2|0|1|1|1|0|0|0|0|1|0|62160609|62160614|0|0|0|0|0|0|0|0|0|0
582|F1|0|2|0|1|1|1|0|0|0|0|1|0|69979408|69979413|0|0|0|0|0|0|0|0|0|0
583|F1|0|2|0|1|1|1|0|0|0|0|1|0|77743888|77743893|0|0|0|0|0|0|0|0|0|0
584|F1|0|2|0|1|1|1|0|0|0|0|1|0|86500865|86500870|0|0|0|0|0|0|0|0|0|0
585|F1|0|2|0|1|1|1|0|0|0|0|1|0|93770273|93770278|0|0|0|0|0|0|0|0|0|0
586|F1|0|2|0|1|1|1|0|0|0|0|1|0|99728797|99728802|0|0|0|0|0|0|0|0|0|0
587|F1|0|2|0|1|1|1|0|0|0|0|1|0|106754035|106754040|0|0|0|0|0|0|0|0|0|0
588|F1|0|2|0|1|1|1|0|0|0|0|1|0|114788372|114788377|0|0|0|0|0|0|0|0|0|0
589|F1|0|2|0|1|1|1|0|0|0|0|1|0|122215219|122215224|0|0|0|0|0|0|0|0|0|0
590|F1|0|2|0|1|1|1|0|0|0|0|1|0|130355348|130355353|0|0|0|0|0|0|0|0|0|0
591|F1|0|2|0|1|1|1|0|0|0|0|1|0|138633609|138633614|0|0|0|0|0|0|0|0|0|0
592|F1|0|2|0|1|1|1|0|0|0|0|1|0|146182560|146182565|0|0|0|0|0|0|0|0|0|0
593|F1|0|2|0|1|1|1|0|0|0|0|1|0|156542798|156542803|0|0|0|0|0|0|0|0|0|0
594|F1|0|2|0|1|1|1|0|0|0|0|1|0|166266899|166266904|0|0|0|0|0|0|0|0|0|0
595|F1|0|2|0|1|1|1|0|0|0|0|1|0|173459479|173459484|0|0|0|0|0|0|0|0|0|0
596|F1|0|2|0|1|1|1|0|0|0|0|1|0|182434926|182434931|0|0|0|0|0|0|0|0|0|0
597|F1|0|2|0|1|1|1|0|0|0|0|1|0|190957345|190957350|0|0|0|0|0|0|0|0|0|0
598|F1|0|2|0|1|1|1|0|0|0|0|1|0|199454073|199454078|0|0|0|0|0|0|0|0|0|0
599|F1|0|2|0|1|1|1|0|0|0|0|1|0|208487388|208487393|0|0|0|0|0|0|0|0|0|0
600|F1|0|2|0|1|1|1|0|0|0|0|1|0|216007641|216007646|0|0|0|0|0|0|0|0|0|0
601|F1|0|2|0|1|1|1|0|0|0|0|1|0|225221075|225221080|0|0|0|0|0|0|0|0|0|0
602|F1|0|2|0|1|1|1|0|0|0|0|1|0|232024590|232024595|0|0|0|0|0|0|0|0|0|0
603|F1|0|2|0|1|1|1|0|0|0|0|1|0|239849813|239849818|0|0|0|0|0|0|0|0|0|0
604|F1|0|2|0|1|1|1|0|0|0|0|1|0|247305538|247305543|0|0|0|0|0|0|0|0|0|0
605|F1|0|2|0|1|1|1|0|0|0|0|1|0|256354937|256354942|0|0|0|0|0|0|0|0|0|0
606|F1|0|2|0|1|1|1|0|0|0|0|1|0|264289395|264289400|0|0|0|0|0|0|0|0|0|0
607|F1|0|2|0|1|1|1|0|0|0|0|1|0|272188793|272188798|0|0|0|0|0|0|0|0|0|0
608|F1|0|2|0|1|1|1|0|0|0|0|1|0|280910434|280910439|0|0|0|0|0|0|0|0|0|0
609|F1|0|2|0|1|1|1|0|0|0|0|1|0|288012791|288012796|0|0|0|0|0|0|0|0|0|0
610|F1|0|2|0|1|1|1|0|0|0|0|1|0|296657296|296657301|0|0|0|0|0|0|0|0|0|0
611|F1|0|2|0|1|1|1|0|0|0|0|1|0|304549985|304549990|0|0|0|0|0|0|0|0|0|0
612|F1|0|2|0|1|1|1|0|0|0|0|1|0|314328710|314328715|0|0|0|0|0|0|0|0|0|0
613|F1|0|2|0|1|1|1|0|0|0|0|1|0|322537195|322537200|0|0|0|0|0|0|0|0|0|0
614|F1|0|2|0|1|1|1|0|0|0|0|1|0|329768042|329768047|0|0|0|0|0|0|0|0|0|0
615|F1|0|2|0|1|1|1|0|0|0|0|1|0|337088833|337088838|0|0|0|0|0|0|0|0|0|0
616|F1|0|2|0|1|1|1|0|0|0|0|1|0|344313241|344313246|0|0|0|0|0|0|0|0|0|0
617|F1|0|2|0|1|1|1|0|0|0|0|1|0|352900206|352900211|0|0|0|0|0|0|0|0|0|0
618|F1|0|2|0|1|1|1|0|0|0|0|1|0|361592944|361592949|0|0|0|0|0|0|0|0|0|0
619|F1|0|2|0|1|1|1|0|0|0|0|1|0|370539481|370539486|0|0|0|0|0|0|0|0|0|0
620|F1|0|2|0|1|1|1|0|0|0|0|1|0|378653963|378653968|0|0|0|0|0|0|0|0|0|0
621|F1|0|2|0|1|1|1|0|0|0|0|1|0|386926090|386926095|0|0|0|0|0|0|0|0|0|0
622|F1|0|2|0|1|1|1|0|0|0|0|1|0|394195475|394195480|0|0|0|0|0|0|0|0|0|0
623|F1|0|2|0|1|1|1|0|0|0|0|1|0|402152441|402152446|0|0|0|0|0|0|0|0|0|0
624|F1|0|2|0|1|1|1|0|0|0|0|1|0|410210259|410210264|0|0|0|0|0|0|0|0|0|0
625|F1|0|2|0|1|1|1|0|0|0|0|1|0|418751979|418751984|0|0|0|0|0|0|0|0|0|0
626|F1|0|2|0|1|1|1|0|0|0|0|1|0|426663987|426663992|0|0|0|0|0|0|0|0|0|0
627|F1|0|2|0|1|1|1|0|0|0|0|1|0|433599383|433599388|0|0|0|0|0|0|0|0|0|0
628|F1|0|2|0|1|1|1|0|0|0|0|1|0|443092212|443092217|0|0|0|0|0|0|0|0|0|0
629|F1|0|2|0|1|1|1|0|0|0|0|1|0|452025934|452025939|0|0|0|0|0|0|0|0|0|0
630|F1|0|2|0|1|1|1|0|0|0|0|1|0|458945253|458945258|0|0|0|0|0|0|0|0|0|0
631|F1|0|2|0|1|1|1|0|0|0|0|1|0|466105395|466105400|0|0|0|0|0|0|0|0|0|0
632|F1|0|2|0|1|1|1|0|0|0|0|1|0|476108979|476108984|0|0|0|0|0|0|0|0|0|0
633|F1|0|2|0|1|1|1|0|0|0|0|1|0|483462149|483462154|0|0|0|0|0|0|0|0|0|0
634|F1|0|2|0|1|1|1|0|0|0|0|1|0|490789367|490789372|0|0|0|0|0|0|0|0|0|0
635|F1|0|2|0|1|1|1|0|0|0|0|1|0|498171516|498171521|0|0|0|0|0|0|0|0|0|0
636|F1|0|2|0|1|1|1|0|0|0|0|1|0|507198391|507198396|0|0|0|0|0|0|0|0|0|0
637|F1|0|2|0|1|1|1|0|0|0|0|1|0|515232595|515232600|0|0|0|0|0|0|0|0|0|0
638|F1|0|2|0|1|1|1|0|0|0|0|1|0|522283507|522283512|0|0|0|0|0|0|0|0|0|0
639|F1|0|2|0|1|1|1|0|0|0|0|1|0|530031920|530031925|0|0|0|0|0|0|0|0|0|0
640|F1|0|2|0|1|1|1|0|0|0|0|1|0|538812162|538812167|0|0|0|0|0|0|0|0|0|0
641|F1|0|2|0|1|1|1|0|0|0|0|1|0|545461454|545461459|0|0|0|0|0|0|0|0|0|0
642|F1|0|2|0|1|1|1|0|0|0|0|1|0|553126250|553126255|0|0|0|0|0|0|0|0|0|0
643|F1|0|2|0|1|1|1|0|0|0|0|1|0|561314530|561314535|0|0|0|0|0|0|0|0|0|0
644|F1|0|2|0|1|1|1|0|0|0|0|1|0|567979909|567979914|0|0|0|0|0|0|0|0|0|0
645|F1|0|2|0|1|1|1|0|0|0|0|1|0|575448496|575448501|0|0|0|0|0|0|0|0|0|0
646|F1|0|2|0|1|1|1|0|0|0|0|1|0|582554309|582554314|0|0|0|0|0|0|0|0|0|0
647|F1|0|2|0|1|1|1|0|0|0|0|1|0|590797212|590797217|0|0|0|0|0|0|0|0|0|0
648|F1|0|2|0|1|1|1|0|0|0|0|1|0|598657783|598657788|0|0|0|0|0|0|0|0|0|0
649|F1|0|2|0|1|1|1|0|0|0|0|1|0|607148080|607148085|0|0|0|0|0|0|0|0|0|0
650|F1|0|2|0|1|1|1|0|0|0|0|1|0|615050420|615050425|0|0|0|0|0|0|0|0|0|0
651|F1|0|2|0|1|1|1|0|0|0|0|1|0|621394529|621394534|0|0|0|0|0|0|0|0|0|0
652|F1|0|2|0|1|1|1|0|0|0|0|1|0|628635289|628635294|0|0|0|0|0|0|0|0|0|0
653|F1|0|2|0|1|1|1|0|0|0|0|1|0|640997849|640997854|0|0|0|0|0|0|0|0|0|0
654|F1|0|2|0|1|1|1|0|0|0|0|1|0|649597404|649597409|0|0|0|0|0|0|0|0|0|0
655|F1|0|2|0|1|1|1|0|0|0|0|1|0|659218656|659218661|0|0|0|0|0|0|0|0|0|0
656|F1|0|2|0|1|1|1|0|0|0|0|1|0|666636473|666636478|0|0|0|0|0|0|0|0|0|0
657|F1|0|2|0|1|1|1|0|0|0|0|1|0|673918713|673918718|0|0|0|0|0|0|0|0|0|0
658|F1|0|2|0|1|1|1|0|0|0|0|1|0|681837113|681837118|0|0|0|0|0|0|0|0|0|0
659|F1|0|2|0|1|1|1|0|0|0|0|1|0|689684800|689684805|0|0|0|0|0|0|0|0|0|0
660|F1|0|2|0|1|1|1|0|0|0|0|1|0|698820921|698820926|0|0|0|0|0|0|0|0|0|0
661|F1|0|2|0|1|1|1|0|0|0|0|1|0|707240544|707240549|0|0|0|0|0|0|0|0|0|0
662|F1|0|2|0|1|1|1|0|0|0|0|1|0|714934041|714934046|0|0|0|0|0|0|0|0|0|0
663|F1|0|2|0|1|1|1|0|0|0|0|1|0|723376190|723376195|0|0|0|0|0|0|0|0|0|0
664|F1|0|2|0|1|1|1|0|0|0|0|1|0|732313143|732313148|0|0|0|0|0|0|0|0|0|0
665|F1|0|2|0|1|1|1|0|0|0|0|1|0|739836394|739836399|0|0|0|0|0|0|0|0|0|0
666|F1|0|2|0|1|1|1|0|0|0|0|1|0|747822323|747822328|0|0|0|0|0|0|0|0|0|0
667|F1|0|2|0|1|1|1|0|0|0|0|1|0|756890976|756890981|0|0|0|0|0|0|0|0|0|0
668|F1|0|2|0|1|1|1|0|0|0|0|1|0|768164718|768164723|0|0|0|0|0|0|0|0|0|0
669|F1|0|2|0|1|1|1|0|0|0|0|1|0|775472700|775472705|0|0|0|0|0|0|0|0|0|0
670|F1|0|2|0|1|1|1|0|0|0|0|1|0|783163310|783163315|0|0|0|0|0|0|0|0|0|0
671|F1|0|2|0|1|1|1|0|0|0|0|1|0|792017638|792017643|0|0|0|0|0|0|0|0|0|0
672|F1|0|2|0|1|1|1|0|0|0|0|1|0|801109134|801109139|0|0|0|0|0|0|0|0|0|0
673|F1|0|2|0|1|1|1|0|0|0|0|1|0|810159179|810159184|0|0|0|0|0|0|0|0|0|0
674|F1|0|2|0|1|1|1|0|0|0|0|1|0|817782210|817782215|0|0|0|0|0|0|0|0|0|0
675|F1|0|2|0|1|1|1|0|0|0|0|1|0|825019470|825019475|0|0|0|0|0|0|0|0|0|0
676|F1|0|2|0|1|1|1|0|0|0|0|1|0|832102505|832102510|0|0|0|0|0|0|0|0|0|0
677|F1|0|2|0|1|1|1|0|0|0|0|1|0|839490780|839490785|0|0|0|0|0|0|0|0|0|0
678|F1|0|2|0|1|1|1|0|0|0|0|1|0|848537184|848537189|0|0|0|0|0|0|0|0|0|0
679|F1|0|2|0|1|1|1|0|0|0|0|1|0|856205116|856205121|0|0|0|0|0|0|0|0|0|0
680|F1|0|2|0|1|1|1|0|0|0|0|1|0|865524366|865524371|0|0|0|0|0|0|0|0|0|0
681|F1|0|2|0|1|1|1|0|0|0|0|1|0|873433157|873433162|0|0|0|0|0|0|0|0|0|0
682|F1|0|2|0|1|1|1|0|0|0|0|1|0|880644965|880644970|0|0|0|0|0|0|0|0|0|0
683|F1|0|2|0|1|1|1|0|0|0|0|1|0|888666478|888666483|0|0|0|0|0|0|0|0|0|0
684|F1|0|2|0|1|1|1|0|0|0|0|1|0|896687671|896687676|0|0|0|0|0|0|0|0|0|0
685|F1|0|2|0|1|1|1|0|0|0|0|1|0|903947421|903947426|0|0|0|0|0|0|0|0|0|0
686|F1|0|2|0|1|1|1|0|0|0|0|1|0|912306049|912306054|0|0|0|0|0|0|0|0|0|0
687|F1|0|2|0|1|1|1|0|0|0|0|1|0|921027689|921027694|0|0|0|0|0|0|0|0|0|0
688|F1|0|2|0|1|1|1|0|0|0|0|1|0|928615255|928615260|0|0|0|0|0|0|0|0|0|0
689|F1|0|2|0|1|1|1|0|0|0|0|1|0|937896197|937896202|0|0|0|0|0|0|0|0|0|0
690|F1|0|2|0|1|1|1|0|0|0|0|1|0|945759988|945759993|0|0|0|0|0|0|0|0|0|0
691|F1|0|2|0|1|1|1|0|0|0|0|1|0|952521747|952521752|0|0|0|0|0|0|0|0|0|0
692|F1|0|2|0|1|1|1|0|0|0|0|1|0|961911941|961911946|0|0|0|0|0|0|0|0|0|0
693|F1|0|2|0|1|1|1|0|0|0|0|1|0|970010305|970010310|0|0|0|0|0|0|0|0|0|0
694|F1|0|2|0|1|1|1|0|0|0|0|1|0|978478256|978478261|0|0|0|0|0|0|0|0|0|0
695|F1|0|2|0|1|1|1|0|0|0|0|1|0|984780567|984780572|0|0|0|0|0|0|0|0|0|0
696|F1|0|2|0|1|1|1|0|0|0|0|1|0|993727257|993727262|0|0|0|0|0|0|0|0|0|0
697|F1|0|2|0|1|1|1|0|0|0|0|1|0|1003239273|1003239278|0|0|0|0|0|0|0|0|0|0
698|F1|0|2|0|1|1|1|0|0|0|0|1|0|1011138396|1011138401|0|0|0|0|0|0|0|0|0|0
699|F1|0|2|0|1|1|1|0|0|0|0|1|0|1019342748|1019342753|0|0|0|0|0|0|0|0|0|0
700|F1|0|2|0|1|1|1|0|0|0|0|1|0|1027672400|1027672405|0|0|0|0|0|0|0|0|0|0
701|F1|0|2|0|1|1|1|0|0|0|0|1|0|1035873552|1035873557|0|0|0|0|0|0|0|0|0|0
702|F1|0|2|0|1|1|1|0|0|0|0|1|0|1044174890|1044174895|0|0|0|0|0|0|0|0|0|0
703|F1|0|2|0|1|1|1|0|0|0|0|1|0|1053053993|1053053998|0|0|0|0|0|0|0|0|0|0
704|F1|0|2|0|1|1|1|0|0|0|0|1|0|1061653529|1061653534|0|0|0|0|0|0|0|0|0|0
705|F1|0|2|0|1|1|1|0|0|0|0|1|0|1070371965|1070371970|0|0|0|0|0|0|0|0|0|0
706|F1|0|2|0|1|1|1|0|0|0|0|1|0|1079151443|1079151448|0|0|0|0|0|0|0|0|0|0
707|F1|0|2|0|1|1|1|0|0|0|0|1|0|1089412087|1089412092|0|0|0|0|0|0|0|0|0|0
708|F1|0|2|0|1|1|1|0|0|0|0|1|0|1097417545|1097417550|0|0|0|0|0|0|0|0|0|0
709|F1|0|2|0|1|1|1|0|0|0|0|1|0|1106113509|1106113514|0|0|0|0|0|0|0|0|0|0
710|F1|0|2|0|1|1|1|0|0|0|0|1|0|1113978057|1113978062|0|0|0|0|0|0|0|0|0|0
711|F1|0|2|0|1|1|1|0|0|0|0|1|0|1122815351|1122815356|0|0|0|0|0|0|0|0|0|0
712|F1|0|2|0|1|1|1|0|0|0|0|1|0|1130521806|1130521811|0|0|0|0|0|0|0|0|0|0
713|F1|0|2|0|1|1|1|0|0|0|0|1|0|1138215895|1138215900|0|0|0|0|0|0|0|0|0|0
714|F1|0|2|0|1|1|1|0|0|0|0|1|0|1146025090|1146025095|0|0|0|0|0|0|0|0|0|0
715|F1|0|2|0|1|1|1|0|0|0|0|1|0|1154444709|1154444714|0|0|0|0|0|0|0|0|0|0
716|F1|0|2|0|1|1|1|0|0|0|0|1|0|1162376103|1162376108|0|0|0|0|0|0|0|0|0|0
717|F1|0|2|0|1|1|1|0|0|0|0|1|0|1170326643|1170326648|0|0|0|0|0|0|0|0|0|0
718|F1|0|2|0|1|1|1|0|0|0|0|1|0|1178264391|1178264396|0|0|0|0|0|0|0|0|0|0
719|F1|0|2|0|1|1|1|0|0|0|0|1|0|1187150137|1187150142|0|0|0|0|0|0|0|0|0|0
720|F1|0|2|0|1|1|1|0|0|0|0|1|0|1195898265|1195898270|0|0|0|0|0|0|0|0|0|0
721|F1|0|2|0|1|1|1|0|0|0|0|1|0|1203794455|1203794460|0|0|0|0|0|0|0|0|0|0
722|F1|0|2|0|1|1|1|0|0|0|0|1|0|1211719284|1211719289|0|0|0|0|0|0|0|0|0|0
723|F1|0|2|0|1|1|1|0|0|0|0|1|0|1219843301|1219843306|0|0|0|0|0|0|0|0|0|0
724|F1|0|2|0|1|1|1|0|0|0|0|1|0|1227684596|1227684601|0|0|0|0|0|0|0|0|0|0
725|F1|0|2|0|1|1|1|0|0|0|0|1|0|1234899655|1234899660|0|0|0|0|0|0|0|0|0|0
726|F1|0|2|0|1|1|1|0|0|0|0|1|0|1243088083|1243088088|0|0|0|0|0|0|0|0|0|0
727|F1|0|2|0|1|1|1|0|0|0|0|1|0|1251250676|1251250681|0|0|0|0|0|0|0|0|0|0
728|F1|0|2|0|1|1|1|0|0|0|0|1|0|1258272855|1258272860|0|0|0|0|0|0|0|0|0|0
729|F1|0|2|0|1|1|1|0|0|0|0|1|0|1265455773|1265455778|0|0|0|0|0|0|0|0|0|0
730|F1|0|2|0|1|1|1|0|0|0|0|1|0|1274415795|1274415800|0|0|0|0|0|0|0|0|0|0
731|F1|0|2|0|1|1|1|0|0|0|0|1|0|1281155056|1281155061|0|0|0|0|0|0|0|0|0|0
732|F1|0|2|0|1|1|1|0|0|0|0|1|0|1288636811|1288636816|0|0|0|0|0|0|0|0|0|0
733|F1|0|2|0|1|1|1|0|0|0|0|1|0|1295258003|1295258008|0|0|0|0|0|0|0|0|0|0
734|F1|0|2|0|1|1|1|0|0|0|0|1|0|1303436916|1303436921|0|0|0|0|0|0|0|0|0|0
735|F1|0|2|0|1|1|1|0|0|0|0|1|0|1314227667|1314227672|0|0|0|0|0|0|0|0|0|0
736|F1|0|2|0|1|1|1|0|0|0|0|1|0|1323280226|1323280231|0|0|0|0|0|0|0|0|0|0
737|F1|0|2|0|1|1|1|0|0|0|0|1|0|1330530615|1330530620|0|0|0|0|0|0|0|0|0|0
738|F1|0|2|0|1|1|1|0|0|0|0|1|0|1339747742|1339747747|0|0|0|0|0|0|0|0|0|0
739|F1|0|2|0|1|1|1|0|0|0|0|1|0|1346066117|1346066122|0|0|0|0|0|0|0|0|0|0
740|F1|0|2|0|1|1|1|0|0|0|0|1|0|1354845573|1354845578|0|0|0|0|0|0|0|0|0|0
741|F1|0|2|0|1|1|1|0|0|0|0|1|0|1361160755|1361160760|0|0|0|0|0|0|0|0|0|0
742|F1|0|2|0|1|1|1|0|0|0|0|1|0|1367331342|1367331347|0|0|0|0|0|0|0|0|0|0
743|F1|0|2|0|1|1|1|0|0|0|0|1|0|1376978304|1376978309|0|0|0|0|0|0|0|0|0|0
744|F1|0|2|0|1|1|1|0|0|0|0|1|0|1384138465|1384138470|0|0|0|0|0|0|0|0|0|0
745|F1|0|2|0|1|1|1|0|0|0|0|1|0|1392362510|1392362515|0|0|0|0|0|0|0|0|0|0
746|F1|0|2|0|1|1|1|0|0|0|0|1|0|1400274777|1400274782|0|0|0|0|0|0|0|0|0|0
747|F1|0|2|0|1|1|1|0|0|0|0|1|0|1409086565|1409086570|0|0|0|0|0|0|0|0|0|0
748|F1|0|2|0|1|1|1|0|0|0|0|1|0|1418688535|1418688540|0|0|0|0|0|0|0|0|0|0
749|F1|0|2|0|1|1|1|0|0|0|0|1|0|1426154163|1426154168|0|0|0|0|0|0|0|0|0|0
750|F1|0|2|0|1|1|1|0|0|0|0|1|0|1434870137|1434870142|0|0|0|0|0|0|0|0|0|0
751|F1|0|2|0|1|1|1|0|0|0|0|1|0|1442987728|1442987733|0|0|0|0|0|0|0|0|0|0
752|F1|0|2|0|1|1|1|0|0|0|0|1|0|1450144985|1450144990|0|0|0|0|0|0|0|0|0|0
753|F1|0|2|0|1|1|1|0|0|0|0|1|0|1458054036|1458054041|0|0|0|0|0|0|0|0|0|0
754|F1|0|2|0|1|1|1|0|0|0|0|1|0|1466730688|1466730693|0|0|0|0|0|0|0|0|0|0
755|F1|0|2|0|1|1|1|0|0|0|0|1|0|1474299050|1474299055|0|0|0|0|0|0|0|0|0|0
756|F1|0|2|0|1|1|1|0|0|0|0|1|0|1481921861|1481921866|0|0|0|0|0|0|0|0|0|0
757|F1|0|2|0|1|1|1|0|0|0|0|1|0|1489830629|1489830634|0|0|0|0|0|0|0|0|0|0
758|F1|0|2|0|1|1|1|0|0|0|0|1|0|1497511278|1497511283|0|0|0|0|0|0|0|0|0|0
759|F1|0|2|0|1|1|1|0|0|0|0|1|0|1506438542|1506438547|0|0|0|0|0|0|0|0|0|0
760|F1|0|2|0|1|1|1|0|0|0|0|1|0|1514058137|1514058142|0|0|0|0|0|0|0|0|0|0
761|F1|0|2|0|1|1|1|0|0|0|0|1|0|1522625565|1522625570|0|0|0|0|0|0|0|0|0|0
762|F1|0|2|0|1|1|1|0|0|0|0|1|0|1531469310|1531469315|0|0|0|0|0|0|0|0|0|0
763|F1|0|2|0|1|1|1|0|0|0|0|1|0|1539648001|1539648006|0|0|0|0|0|0|0|0|0|0
764|F1|0|2|0|1|1|1|0|0|0|0|1|0|1548434021|1548434026|0|0|0|0|0|0|0|0|0|0
765|F1|0|2|0|1|1|1|0|0|0|0|1|0|1555649089|1555649094|0|0|0|0|0|0|0|0|0|0
766|F1|0|2|0|1|1|1|0|0|0|0|1|0|1565659600|1565659605|0|0|0|0|0|0|0|0|0|0
767|F1|0|2|0|1|1|1|0|0|0|0|1|0|1574564513|1574564518|0|0|0|0|0|0|0|0|0|0
768|F1|0|2|0|1|1|1|0|0|0|0|1|0|1582341547|1582341552|0|0|0|0|0|0|0|0|0|0
769|F1|0|2|0|1|1|1|0|0|0|0|1|0|1590388505|1590388510|0|0|0|0|0|0|0|0|0|0
770|F1|0|2|0|1|1|1|0|0|0|0|1|0|1599570268|1599570273|0|0|0|0|0|0|0|0|0|0
771|F1|0|2|0|1|1|1|0|0|0|0|1|0|1607231662|1607231667|0|0|0|0|0|0|0|0|0|0
772|F1|0|2|0|1|1|1|0|0|0|0|1|0|1612971699|1612971704|0|0|0|0|0|0|0|0|0|0
773|F1|0|2|0|1|1|1|0|0|0|0|1|0|1619601843|1619601848|0|0|0|0|0|0|0|0|0|0
774|F1|0|2|0|1|1|1|0|0|0|0|1|0|1627134708|1627134713|0|0|0|0|0|0|0|0|0|0
775|F1|0|2|0|1|1|1|0|0|0|0|1|0|1633790423|1633790428|0|0|0|0|0|0|0|0|0|0
776|F1|0|2|0|1|1|1|0|0|0|0|1|0|1641564407|1641564412|0|0|0|0|0|0|0|0|0|0
777|F1|0|2|0|1|1|1|0|0|0|0|1|0|1648448252|1648448257|0|0|0|0|0|0|0|0|0|0
778|F1|0|2|0|1|1|1|0|0|0|0|1|0|1655396473|1655396478|0|0|0|0|0|0|0|0|0|0
779|F1|0|2|0|1|1|1|0|0|0|0|1|0|1664272469|1664272474|0|0|0|0|0|0|0|0|0|0
780|F1|0|2|0|1|1|1|0|0|0|0|1|0|1671676814|1671676819|0|0|0|0|0|0|0|0|0|0
781|F1|0|2|0|1|1|1|0|0|0|0|1|0|1680160682|1680160687|0|0|0|0|0|0|0|0|0|0
782|F1|0|2|0|1|1|1|0|0|0|0|1|0|1688034144|1688034149|0|0|0|0|0|0|0|0|0|0
783|F1|0|2|0|1|1|1|0|0|0|0|1|0|1696938917|1696938922|0|0|0|0|0|0|0|0|0|0
784|F1|0|2|0|1|1|1|0|0|0|0|1|0|1705676609|1705676614|0|0|0|0|0|0|0|0|0|0
785|F1|0|2|0|1|1|1|0|0|0|0|1|0|1711410222|1711410227|0|0|0|0|0|0|0|0|0|0
786|F1|0|2|0|1|1|1|0|0|0|0|1|0|1719560083|1719560088|0|0|0|0|0|0|0|0|0|0
787|F1|0|2|0|1|1|1|0|0|0|0|1|0|1727581313|1727581318|0|0|0|0|0|0|0|0|0|0
788|F1|0|2|0|1|1|1|0|0|0|0|1|0|1734706396|1734706401|0|0|0|0|0|0|0|0|0|0
789|F1|0|2|0|1|1|1|0|0|0|0|1|0|1743579045|1743579050|0|0|0|0|0|0|0|0|0|0
790|F1|0|2|0|1|1|1|0|0|0|0|1|0|1750552976|1750552981|0|0|0|0|0|0|0|0|0|0
791|F1|0|2|0|1|1|1|0|0|0|0|1|0|1759406521|1759406526|0|0|0|0|0|0|0|0|0|0
792|F1|0|2|0|1|1|1|0|0|0|0|1|0|1767103238|1767103243|0|0|0|0|0|0|0|0|0|0
793|F1|0|2|0|1|1|1|0|0|0|0|1|0|1774858062|1774858067|0|0|0|0|0|0|0|0|0|0
794|F1|0|2|0|1|1|1|0|0|0|0|1|0|1783094533|1783094538|0|0|0|0|0|0|0|0|0|0
795|F1|0|2|0|1|1|1|0|0|0|0|1|0|1792468490|1792468495|0|0|0|0|0|0|0|0|0|0
796|F1|0|2|0|1|1|1|0|0|0|0|1|0|1800763068|1800763073|0|0|0|0|0|0|0|0|0|0
797|F1|0|2|0|1|1|1|0|0|0|0|1|0|1807251996|1807252001|0|0|0|0|0|0|0|0|0|0
798|F1|0|2|0|1|1|1|0|0|0|0|1|0|1815189918|1815189923|0|0|0|0|0|0|0|0|0|0
799|F1|0|2|0|1|1|1|0|0|0|0|1|0|1824978259|1824978264|0|0|0|0|0|0|0|0|0|0
800|F1|0|2|0|1|1|1|0|0|0|0|1|0|1833780212|1833780217|0|0|0|0|0|0|0|0|0|0
801|F1|0|2|0|1|1|1|0|0|0|0|1|0|1840892165|1840892170|0|0|0|0|0|0|0|0|0|0
802|F1|0|2|0|1|1|1|0|0|0|0|1|0|1848431443|1848431448|0|0|0|0|0|0|0|0|0|0
803|F1|0|2|0|1|1|1|0|0|0|0|1|0|1856076925|1856076930|0|0|0|0|0|0|0|0|0|0
804|F1|0|2|0|1|1|1|0|0|0|0|1|0|1862597701|1862597706|0|0|0|0|0|0|0|0|0|0
805|F1|0|2|0|1|1|1|0|0|0|0|1|0|1870330050|1870330055|0|0|0|0|0|0|0|0|0|0
806|F1|0|2|0|1|1|1|0|0|0|0|1|0|1879491854|1879491859|0|0|0|0|0|0|0|0|0|0
807|F1|0|2|0|1|1|1|0|0|0|0|1|0|1888497108|1888497113|0|0|0|0|0|0|0|0|0|0
808|F1|0|2|0|1|1|1|0|0|0|0|1|0|1894802794|1894802799|0|0|0|0|0|0|0|0|0|0
809|F1|0|2|0|1|1|1|0|0|0|0|1|0|1901481294|1901481299|0|0|0|0|0|0|0|0|0|0
810|F1|0|2|0|1|1|1|0|0|0|0|1|0|1907584400|1907584405|0|0|0|0|0|0|0|0|0|0
811|F1|0|2|0|1|1|1|0|0|0|0|1|0|1916084340|1916084345|0|0|0|0|0|0|0|0|0|0
812|F1|0|2|0|1|1|1|0|0|0|0|1|0|1923418000|1923418005|0|0|0|0|0|0|0|0|0|0
813|F1|0|2|0|1|1|1|0|0|0|0|1|0|1931725153|1931725158|0|0|0|0|0|0|0|0|0|0
814|F1|0|2|0|1|1|1|0|0|0|0|1|0|1939984224|1939984229|0|0|0|0|0|0|0|0|0|0
815|F1|0|2|0|1|1|1|0|0|0|0|1|0|1948901853|1948901858|0|0|0|0|0|0|0|0|0|0
816|F1|0|2|0|1|1|1|0|0|0|0|1|0|1959027577|1959027582|0|0|0|0|0|0|0|0|0|0
817|F1|0|2|0|1|1|1|0|0|0|0|1|0|1966245835|1966245840|0|0|0|0|0|0|0|0|0|0
818|F1|0|2|0|1|1|1|0|0|0|0|1|0|1974495900|1974495905|0|0|0|0|0|0|0|0|0|0
819|F1|0|2|0|1|1|1|0|0|0|0|1|0|1983731609|1983731614|0|0|0|0|0|0|0|0|0|0
820|F1|0|2|0|1|1|1|0|0|0|0|1|0|1991515353|1991515358|0|0|0|0|0|0|0|0|0|0
821|F1|0|2|0|1|1|1|0|0|0|0|1|0|1999408325|1999408330|0|0|0|0|0|0|0|0|0|0
822|F1|0|2|0|1|1|1|0|0|0|0|1|0|2007307623|2007307628|0|0|0|0|0|0|0|0|0|0
823|F1|0|2|0|1|1|1|0|0|0|0|1|0|2017070259|2017070264|0|0|0|0|0|0|0|0|0|0
824|F1|0|2|0|1|1|1|0|0|0|0|1|0|2024288508|2024288513|0|0|0|0|0|0|0|0|0|0
825|F1|0|2|0|1|1|1|0|0|0|0|1|0|2032612043|2032612048|0|0|0|0|0|0|0|0|0|0
826|F1|0|2|0|1|1|1|0|0|0|0|1|0|2039402729|2039402734|0|0|0|0|0|0|0|0|0|0
827|F1|0|2|0|1|1|1|0|0|0|0|1|0|2047790505|2047790510|0|0|0|0|0|0|0|0|0|0
828|F1|0|2|0|1|1|1|0|0|0|0|1|0|2057716988|2057716993|0|0|0|0|0|0|0|0|0|0
829|F1|0|2|0|1|1|1|0|0|0|0|1|0|2066490025|2066490030|0|0|0|0|0|0|0|0|0|0
830|F1|0|2|0|1|1|1|0|0|0|0|1|0|2076288009|2076288014|0|0|0|0|0|0|0|0|0|0
831|F1|0|2|0|1|1|1|0|0|0|0|1|0|2085536590|2085536595|0|0|0|0|0|0|0|0|0|0
832|F1|0|2|0|1|1|1|0|0|0|0|1|0|2092835041|2092835046|0|0|0|0|0|0|0|0|0|0
833|F1|0|2|0|1|1|1|0|0|0|0|1|0|2099921281|2099921286|0|0|0|0|0|0|0|0|0|0
834|F1|0|2|0|1|1|1|0|0|0|0|1|0|2109285735|2109285740|0|0|0|0|0|0|0|0|0|0
835|F1|0|2|0|1|1|1|0|0|0|0|1|0|2115732619|2115732624|0|0|0|0|0|0|0|0|0|0
836|F1|0|2|0|1|1|1|0|0|0|0|1|0|2124569909|2124569914|0|0|0|0|0|0|0|0|0|0
837|F1|0|2|0|1|1|1|0|0|0|0|1|0|2130814396|2130814401|0|0|0|0|0|0|0|0|0|0
838|F1|0|2|0|1|1|1|0|0|0|0|1|0|2136862972|2136862977|0|0|0|0|0|0|0|0|0|0
839|F1|0|2|0|1|1|1|0|0|0|0|1|0|2144714347|2144714352|0|0|0|0|0|0|0|0|0|0
840|F1|0|2|0|1|1|1|0|0|0|0|1|0|2151896988|2151896993|0|0|0|0|0|0|0|0|0|0
841|F1|0|2|0|1|1|1|0|0|0|0|1|0|2160033876|2160033881|0|0|0|0|0|0|0|0|0|0
842|F1|0|2|0|1|1|1|0|0|0|0|1|0|2168125785|2168125790|0|0|0|0|0|0|0|0|0|0
843|F1|0|2|0|1|1|1|0|0|0|0|1|0|2177926981|2177926986|0|0|0|0|0|0|0|0|0|0
844|F1|0|2|0|1|1|1|0|0|0|0|1|0|2184457401|2184457406|0|0|0|0|0|0|0|0|0|0
845|F1|0|2|0|1|1|1|0|0|0|0|1|0|2191781692|2191781697|0|0|0|0|0|0|0|0|0|0
846|F1|0|2|0|1|1|1|0|0|0|0|1|0|2201290507|2201290512|0|0|0|0|0|0|0|0|0|0
847|F1|0|2|0|1|1|1|0|0|0|0|1|0|2210285250|2210285255|0|0|0|0|0|0|0|0|0|0
848|F1|0|2|0|1|1|1|0|0|0|0|1|0|2216513669|2216513674|0|0|0|0|0|0|0|0|0|0
849|F1|0|2|0|1|1|1|0|0|0|0|1|0|2223706241|2223706246|0|0|0|0|0|0|0|0|0|0
850|F1|0|2|0|1|1|1|0|0|0|0|1|0|2232726689|2232726694|0|0|0|0|0|0|0|0|0|0
851|F1|0|2|0|1|1|1|0|0|0|0|1|0|2241647563|2241647568|0|0|0|0|0|0|0|0|0|0
852|F1|0|2|0|1|1|1|0|0|0|0|1|0|2248798259|2248798264|0|0|0|0|0|0|0|0|0|0
853|F1|0|2|0|1|1|1|0|0|0|0|1|0|2256884000|2256884005|0|0|0|0|0|0|0|0|0|0
854|F1|0|2|0|1|1|1|0|0|0|0|1|0|2264883353|2264883358|0|0|0|0|0|0|0|0|0|0
855|F1|0|2|0|1|1|1|0|0|0|0|1|0|2273495769|2273495774|0|0|0|0|0|0|0|0|0|0
856|F1|0|2|0|1|1|1|0|0|0|0|1|0|2280990062|2280990067|0|0|0|0|0|0|0|0|0|0
857|F1|0|2|0|1|1|1|0|0|0|0|1|0|2288491063|2288491068|0|0|0|0|0|0|0|0|0|0
858|F1|0|2|0|1|1|1|0|0|0|0|1|0|2299040841|2299040846|0|0|0|0|0|0|0|0|0|0
859|F1|0|2|0|1|1|1|0|0|0|0|1|0|2308283360|2308283365|0|0|0|0|0|0|0|0|0|0
860|F1|0|2|0|1|1|1|0|0|0|0|1|0|2316137568|2316137573|0|0|0|0|0|0|0|0|0|0
861|F1|0|2|0|1|1|1|0|0|0|0|1|0|2323394155|2323394160|0|0|0|0|0|0|0|0|0|0
862|F1|0|2|0|1|1|1|0|0|0|0|1|0|2333205093|2333205098|0|0|0|0|0|0|0|0|0|0
863|F1|0|2|0|1|1|1|0|0|0|0|1|0|2342434442|2342434447|0|0|0|0|0|0|0|0|0|0
864|F1|0|2|0|1|1|1|0|0|0|0|1|0|2350092608|2350092613|0|0|0|0|0|0|0|0|0|0
865|F1|0|2|0|1|1|1|0|0|0|0|1|0|2357709056|2357709061|0|0|0|0|0|0|0|0|0|0
866|F1|0|2|0|1|1|1|0|0|0|0|1|0|2365871673|2365871678|0|0|0|0|0|0|0|0|0|0
867|F1|0|2|0|1|1|1|0|0|0|0|1|0|2373905856|2373905861|0|0|0|0|0|0|0|0|0|0
868|F1|0|2|0|1|1|1|0|0|0|0|1|0|2381641145|2381641150|0|0|0|0|0|0|0|0|0|0
869|F1|0|2|0|1|1|1|0|0|0|0|1|0|2389247950|2389247955|0|0|0|0|0|0|0|0|0|0
870|F1|0|2|0|1|1|1|0|0|0|0|1|0|2398426553|2398426558|0|0|0|0|0|0|0|0|0|0
871|F1|0|2|0|1|1|1|0|0|0|0|1|0|2408009290|2408009295|0|0|0|0|0|0|0|0|0|0
872|F1|0|2|0|1|1|1|0|0|0|0|1|0|2415008944|2415008949|0|0|0|0|0|0|0|0|0|0
873|F1|0|2|0|1|1|1|0|0|0|0|1|0|2421998821|2421998826|0|0|0|0|0|0|0|0|0|0
874|F1|0|2|0|1|1|1|0|0|0|0|1|0|2430229633|2430229638|0|0|0|0|0|0|0|0|0|0
875|F1|0|2|0|1|1|1|0|0|0|0|1|0|2437958608|2437958613|0|0|0|0|0|0|0|0|0|0
876|F1|0|2|0|1|1|1|0|0|0|0|1|0|2445305154|2445305159|0|0|0|0|0|0|0|0|0|0
877|F1|0|2|0|1|1|1|0|0|0|0|1|0|2453480610|2453480615|0|0|0|0|0|0|0|0|0|0
878|F1|0|2|0|1|1|1|0|0|0|0|1|0|2463163566|2463163571|0|0|0|0|0|0|0|0|0|0
879|F1|0|2|0|1|1|1|0|0|0|0|1|0|2471531828|2471531833|0|0|0|0|0|0|0|0|0|0
880|F1|0|2|0|1|1|1|0|0|0|0|1|0|2479578812|2479578817|0|0|0|0|0|0|0|0|0|0
881|F1|0|2|0|1|1|1|0|0|0|0|1|0|2487693244|2487693249|0|0|0|0|0|0|0|0|0|0
882|F1|0|2|0|1|1|1|0|0|0|0|1|0|2497311621|2497311626|0|0|0|0|0|0|0|0|0|0
883|F1|0|2|0|1|1|1|0|0|0|0|1|0|2504626035|2504626040|0|0|0|0|0|0|0|0|0|0
884|F1|0|2|0|1|1|1|0|0|0|0|1|0|2512264957|2512264962|0|0|0|0|0|0|0|0|0|0
885|F1|0|2|0|1|1|1|0|0|0|0|1|0|2519695027|2519695032|0|0|0|0|0|0|0|0|0|0
886|F1|0|2|0|1|1|1|0|0|0|0|1|0|2527825502|2527825507|0|0|0|0|0|0|0|0|0|0
887|F1|0|2|0|1|1|1|0|0|0|0|1|0|2535978510|2535978515|0|0|0|0|0|0|0|0|0|0
888|F1|0|2|0|1|1|1|0|0|0|0|1|0|2543906570|2543906575|0|0|0|0|0|0|0|0|0|0
889|F1|0|2|0|1|1|1|0|0|0|0|1|0|2551767138|2551767143|0|0|0|0|0|0|0|0|0|0
890|F1|0|2|0|1|1|1|0|0|0|0|1|0|2560007708|2560007713|0|0|0|0|0|0|0|0|0|0
891|F1|0|2|0|1|1|1|0|0|0|0|1|0|2567897436|2567897441|0|0|0|0|0|0|0|0|0|0
892|F1|0|2|0|1|1|1|0|0|0|0|1|0|2576028206|2576028211|0|0|0|0|0|0|0|0|0|0
893|F1|0|2|0|1|1|1|0|0|0|0|1|0|2584056166|2584056171|0|0|0|0|0|0|0|0|0|0
894|F1|0|2|0|1|1|1|0|0|0|0|1|0|2593693477|2593693482|0|0|0|0|0|0|0|0|0|0
895|F1|0|2|0|1|1|1|0|0|0|0|1|0|2601113889|2601113894|0|0|0|0|0|0|0|0|0|0
896|F1|0|2|0|1|1|1|0|0|0|0|1|0|2609173687|2609173692|0|0|0|0|0|0|0|0|0|0
897|F1|0|2|0|1|1|1|0|0|0|0|1|0|2617391904|2617391909|0|0|0|0|0|0|0|0|0|0
898|F1|0|2|0|1|1|1|0|0|0|0|1|0|2624776958|2624776963|0|0|0|0|0|0|0|0|0|0
899|F1|0|2|0|1|1|1|0|0|0|0|1|0|2632056299|2632056304|0|0|0|0|0|0|0|0|0|0
900|F1|0|2|0|1|1|1|0|0|0|0|1|0|2640344229|2640344234|0|0|0|0|0|0|0|0|0|0
901|F1|0|2|0|1|1|1|0|0|0|0|1|0|2648182318|2648182323|0|0|0|0|0|0|0|0|0|0
902|F1|0|2|0|1|1|1|0|0|0|0|1|0|2655773139|2655773144|0|0|0|0|0|0|0|0|0|0
903|F1|0|2|0|1|1|1|0|0|0|0|1|0|2662981500|2662981505|0|0|0|0|0|0|0|0|0|0
904|F1|0|2|0|1|1|1|0|0|0|0|1|0|2670867790|2670867795|0|0|0|0|0|0|0|0|0|0
905|F1|0|2|0|1|1|1|0|0|0|0|1|0|2679020737|2679020742|0|0|0|0|0|0|0|0|0|0
906|F1|0|2|0|1|1|1|0|0|0|0|1|0|2687347196|2687347201|0|0|0|0|0|0|0|0|0|0
907|F1|0|2|0|1|1|1|0|0|0|0|1|0|2694937872|2694937877|0|0|0|0|0|0|0|0|0|0
908|F1|0|2|0|1|1|1|0|0|0|0|1|0|2702994731|2702994736|0|0|0|0|0|0|0|0|0|0
909|F1|0|2|0|1|1|1|0|0|0|0|1|0|2711652633|2711652638|0|0|0|0|0|0|0|0|0|0
910|F1|0|2|0|1|1|1|0|0|0|0|1|0|2718889913|2718889918|0|0|0|0|0|0|0|0|0|0
911|F1|0|2|0|1|1|1|0|0|0|0|1|0|2725995733|2725995738|0|0|0|0|0|0|0|0|0|0
912|F1|0|2|0|1|1|1|0|0|0|0|1|0|2734274009|2734274014|0|0|0|0|0|0|0|0|0|0
913|F1|0|2|0|1|1|1|0|0|0|0|1|0|2744448773|2744448778|0|0|0|0|0|0|0|0|0|0
914|F1|0|2|0|1|1|1|0|0|0|0|1|0|2752694900|2752694905|0|0|0|0|0|0|0|0|0|0
915|F1|0|2|0|1|1|1|0|0|0|0|1|0|2760629364|2760629369|0|0|0|0|0|0|0|0|0|0
916|F1|0|2|0|1|1|1|0|0|0|0|1|0|2767966261|2767966266|0|0|0|0|0|0|0|0|0|0
917|F1|0|2|0|1|1|1|0|0|0|0|1|0|2777622857|2777622862|0|0|0|0|0|0|0|0|0|0
918|F1|0|2|0|1|1|1|0|0|0|0|1|0|2784969372|2784969377|0|0|0|0|0|0|0|0|0|0
919|F1|0|2|0|1|1|1|0|0|0|0|1|0|2793199431|2793199436|0|0|0|0|0|0|0|0|0|0
920|F1|0|2|0|1|1|1|0|0|0|0|1|0|2800616765|2800616770|0|0|0|0|0|0|0|0|0|0
921|F1|0|2|0|1|1|1|0|0|0|0|1|0|2808152841|2808152846|0|0|0|0|0|0|0|0|0|0
922|F1|0|2|0|1|1|1|0|0|0|0|1|0|2815284085|2815284090|0|0|0|0|0|0|0|0|0|0
923|F1|0|2|0|1|1|1|0|0|0|0|1|0|2822547022|2822547027|0|0|0|0|0|0|0|0|0|0
924|F1|0|2|0|1|1|1|0|0|0|0|1|0|2830131264|2830131269|0|0|0|0|0|0|0|0|0|0
925|F1|0|2|0|1|1|1|0|0|0|0|1|0|2839026414|2839026419|0|0|0|0|0|0|0|0|0|0
926|F1|0|2|0|1|1|1|0|0|0|0|1|0|2848085413|2848085418|0|0|0|0|0|0|0|0|0|0
927|F1|0|2|0|1|1|1|0|0|0|0|1|0|2855627904|2855627909|0|0|0|0|0|0|0|0|0|0
928|F1|0|2|0|1|1|1|0|0|0|0|1|0|2862550304|2862550309|0|0|0|0|0|0|0|0|0|0
929|F1|0|2|0|1|1|1|0|0|0|0|1|0|2870523333|2870523338|0|0|0|0|0|0|0|0|0|0
930|F1|0|2|0|1|1|1|0|0|0|0|1|0|2878464225|2878464230|0|0|0|0|0|0|0|0|0|0
931|F1|0|2|0|1|1|1|0|0|0|0|1|0|2885544203|2885544208|0|0|0|0|0|0|0|0|0|0
932|F1|0|2|0|1|1|1|0|0|0|0|1|0|2892527667|2892527672|0|0|0|0|0|0|0|0|0|0
933|F1|0|2|0|1|1|1|0|0|0|0|1|0|2901294401|2901294406|0|0|0|0|0|0|0|0|0|0
934|F1|0|2|0|1|1|1|0|0|0|0|1|0|2908981468|2908981473|0|0|0|0|0|0|0|0|0|0
935|F1|0|2|0|1|1|1|0|0|0|0|1|0|2916887287|2916887292|0|0|0|0|0|0|0|0|0|0
936|F1|0|2|0|1|1|1|0|0|0|0|1|0|2924654690|2924654695|0|0|0|0|0|0|0|0|0|0
937|F1|0|2|0|1|1|1|0|0|0|0|1|0|2932714519|2932714524|0|0|0|0|0|0|0|0|0|0
938|F1|0|2|0|1|1|1|0|0|0|0|1|0|2939559806|2939559811|0|0|0|0|0|0|0|0|0|0
939|F1|0|2|0|1|1|1|0|0|0|0|1|0|2947128128|2947128133|0|0|0|0|0|0|0|0|0|0
940|F1|0|2|0|1|1|1|0|0|0|0|1|0|2954069794|2954069799|0|0|0|0|0|0|0|0|0|0
941|F1|0|2|0|1|1|1|0|0|0|0|1|0|2962490190|2962490195|0|0|0|0|0|0|0|0|0|0
942|F1|0|2|0|1|1|1|0|0|0|0|1|0|2969926643|2969926648|0|0|0|0|0|0|0|0|0|0
943|F1|0|2|0|1|1|1|0|0|0|0|1|0|2977604071|2977604076|0|0|0|0|0|0|0|0|0|0
944|F1|0|2|0|1|1|1|0|0|0|0|1|0|2985307466|2985307471|0|0|0|0|0|0|0|0|0|0
945|F1|0|2|0|1|1|1|0|0|0|0|1|0|2994649824|2994649829|0|0|0|0|0|0|0|0|0|0
946|F1|0|2|0|1|1|1|0|0|0|0|1|0|3002616441|3002616446|0|0|0|0|0|0|0|0|0|0
947|F1|0|2|0|1|1|1|0|0|0|0|1|0|3010136436|3010136441|0|0|0|0|0|0|0|0|0|0
948|F1|0|2|0|1|1|1|0|0|0|0|1|0|3017791406|3017791411|0|0|0|0|0|0|0|0|0|0
949|F1|0|2|0|1|1|1|0|0|0|0|1|0|3025735526|3025735531|0|0|0|0|0|0|0|0|0|0
950|F1|0|2|0|1|1|1|0|0|0|0|1|0|3033991591|3033991596|0|0|0|0|0|0|0|0|0|0
951|F1|0|2|0|1|1|1|0|0|0|0|1|0|3041900618|3041900623|0|0|0|0|0|0|0|0|0|0
952|F1|0|2|0|1|1|1|0|0|0|0|1|0|3051274503|3051274508|0|0|0|0|0|0|0|0|0|0
953|F1|0|2|0|1|1|1|0|0|0|0|1|0|3059970478|3059970483|0|0|0|0|0|0|0|0|0|0
954|F1|0|2|0|1|1|1|0|0|0|0|1|0|3069032860|3069032865|0|0|0|0|0|0|0|0|0|0
955|F1|0|2|0|1|1|1|0|0|0|0|1|0|3075820339|3075820344|0|0|0|0|0|0|0|0|0|0
956|F1|0|2|0|1|1|1|0|0|0|0|1|0|3085521934|3085521939|0|0|0|0|0|0|0|0|0|0
957|F1|0|2|0|1|1|1|0|0|0|0|1|0|3094571283|3094571288|0|0|0|0|0|0|0|0|0|0
958|F1|0|2|0|1|1|1|0|0|0|0|1|0|3102952494|3102952499|0|0|0|0|0|0|0|0|0|0
959|F1|0|2|0|1|1|1|0|0|0|0|1|0|3110514306|3110514311|0|0|0|0|0|0|0|0|0|0
960|F1|0|2|0|1|1|1|0|0|0|0|1|0|3118442345|3118442350|0|0|0|0|0|0|0|0|0|0
961|F1|0|2|0|1|1|1|0|0|0|0|1|0|3128610647|3128610652|0|0|0|0|0|0|0|0|0|0
962|F1|0|2|0|1|1|1|0|0|0|0|1|0|3137513017|3137513022|0|0|0|0|0|0|0|0|0|0
963|F1|0|2|0|1|1|1|0|0|0|0|1|0|3145364115|3145364120|0|0|0|0|0|0|0|0|0|0
964|F1|0|2|0|1|1|1|0|0|0|0|1|0|3154850442|3154850447|0|0|0|0|0|0|0|0|0|0
965|F1|0|2|0|1|1|1|0|0|0|0|1|0|3163289353|3163289358|0|0|0|0|0|0|0|0|0|0
966|F1|0|2|0|1|1|1|0|0|0|0|1|0|3171654469|3171654474|0|0|0|0|0|0|0|0|0|0
967|F1|0|2|0|1|1|1|0|0|0|0|1|0|3179881314|3179881319|0|0|0|0|0|0|0|0|0|0
968|F1|0|2|0|1|1|1|0|0|0|0|1|0|3188805364|3188805369|0|0|0|0|0|0|0|0|0|0
969|F1|0|2|0|1|1|1|0|0|0|0|1|0|3198143868|3198143873|0|0|0|0|0|0|0|0|0|0
970|F1|0|2|0|1|1|1|0|0|0|0|1|0|3205516385|3205516390|0|0|0|0|0|0|0|0|0|0
971|F1|0|2|0|1|1|1|0|0|0|0|1|0|3213364115|3213364120|0|0|0|0|0|0|0|0|0|0
972|F1|0|2|0|1|1|1|0|0|0|0|1|0|3221597381|3221597386|0|0|0|0|0|0|0|0|0|0
973|F1|0|2|0|1|1|1|0|0|0|0|1|0|3229349118|3229349123|0|0|0|0|0|0|0|0|0|0
974|F1|0|2|0|1|1|1|0|0|0|0|1|0|3236811429|3236811434|0|0|0|0|0|0|0|0|0|0
975|F1|0|2|0|1|1|1|0|0|0|0|1|0|3244202981|3244202986|0|0|0|0|0|0|0|0|0|0
976|F1|0|2|0|1|1|1|0|0|0|0|1|0|3252934311|3252934316|0|0|0|0|0|0|0|0|0|0
977|F1|0|2|0|1|1|1|0|0|0|0|1|0|3260942693|3260942698|0|0|0|0|0|0|0|0|0|0
978|F1|0|2|0|1|1|1|0|0|0|0|1|0|3268254131|3268254136|0|0|0|0|0|0|0|0|0|0
979|F1|0|2|0|1|1|1|0|0|0|0|1|0|3276272441|3276272446|0|0|0|0|0|0|0|0|0|0
980|F1|0|2|0|1|1|1|0|0|0|0|1|0|3285752339|3285752344|0|0|0|0|0|0|0|0|0|0
981|F1|0|2|0|1|1|1|0|0|0|0|1|0|3294666759|3294666764|0|0|0|0|0|0|0|0|0|0
982|F1|0|2|0|1|1|1|0|0|0|0|1|0|3301235719|3301235724|0|0|0|0|0|0|0|0|0|0
983|F1|0|2|0|1|1|1|0|0|0|0|1|0|3310198337|3310198342|0|0|0|0|0|0|0|0|0|0
984|F1|0|2|0|1|1|1|0|0|0|0|1|0|3317059690|3317059695|0|0|0|0|0|0|0|0|0|0
985|F1|0|2|0|1|1|1|0|0|0|0|1|0|3326529953|3326529958|0|0|0|0|0|0|0|0|0|0
986|F1|0|2|0|1|1|1|0|0|0|0|1|0|3333998814|3333998819|0|0|0|0|0|0|0|0|0|0
987|F1|0|2|0|1|1|1|0|0|0|0|1|0|3341579874|3341579879|0|0|0|0|0|0|0|0|0|0
988|F1|0|2|0|1|1|1|0|0|0|0|1|0|3347644462|3347644467|0|0|0|0|0|0|0|0|0|0
989|F1|0|2|0|1|1|1|0|0|0|0|1|0|3356488160|3356488165|0|0|0|0|0|0|0|0|0|0
990|F1|0|2|0|1|1|1|0|0|0|0|1|0|3363786745|3363786750|0|0|0|0|0|0|0|0|0|0
991|F1|0|2|0|1|1|1|0|0|0|0|1|0|3371830740|3371830745|0|0|0|0|0|0|0|0|0|0
992|F1|0|2|0|1|1|1|0|0|0|0|1|0|3380334574|3380334579|0|0|0|0|0|0|0|0|0|0
993|F1|0|2|0|1|1|1|0|0|0|0|1|0|3389188289|3389188294|0|0|0|0|0|0|0|0|0|0
994|F1|0|2|0|1|1|1|0|0|0|0|1|0|3396959028|3396959033|0|0|0|0|0|0|0|0|0|0
995|F1|0|2|0|1|1|1|0|0|0|0|1|0|3403608339|3403608344|0|0|0|0|0|0|0|0|0|0
996|F1|0|2|0|1|1|1|0|0|0|0|1|0|3412128193|3412128198|0|0|0|0|0|0|0|0|0|0
997|F1|0|2|0|1|1|1|0|0|0|0|1|0|3418925273|3418925278|0|0|0|0|0|0|0|0|0|0
998|F1|0|2|0|1|1|1|0|0|0|0|1|0|3427299929|3427299934|0|0|0|0|0|0|0|0|0|0
999|F1|0|2|0|1|1|1|0|0|0|0|1|0|3436648085|3436648090|0|0|0|0|0|0|0|0|0|0
