sample|module|direction|lane_mask|tail_cycles|sender_raw|sender_raw_while_tx|sender_blanked_raw|sender_blanked_frame|sender_blanked_crc_valid|sender_local_source_reject|sender_accepted_remote|receiver_raw|receiver_accepted_remote|sender_last_txd_rise|sender_last_txd_fall|sender_first_rxd_after_tx|sender_last_rxd_after_tx|sender_overlap_violation|sender_admission_violation|sender_non_target_accepted|sender_cross_lane_accepted|receiver_overlap_violation|receiver_admission_violation|receiver_non_target_accepted|receiver_cross_lane_accepted
0|R1|1|2|0|1|1|1|0|0|0|0|1|0|2925604655|2925604660|0|0|0|0|0|0|0|0|0|0
1|R1|1|2|0|1|1|1|0|0|0|0|1|0|2933587370|2933587375|0|0|0|0|0|0|0|0|0|0
2|R1|1|2|0|1|1|1|0|0|0|0|1|0|2942366876|2942366881|0|0|0|0|0|0|0|0|0|0
3|R1|1|2|0|1|1|1|0|0|0|0|1|0|2949588225|2949588230|0|0|0|0|0|0|0|0|0|0
4|R1|1|2|0|1|1|1|0|0|0|0|1|0|2956613465|2956613470|0|0|0|0|0|0|0|0|0|0
5|R1|1|2|0|1|1|1|0|0|0|0|1|0|2963863865|2963863870|0|0|0|0|0|0|0|0|0|0
6|R1|1|2|0|1|1|1|0|0|0|0|1|0|2974130904|2974130909|0|0|0|0|0|0|0|0|0|0
7|R1|1|2|0|1|1|1|0|0|0|0|1|0|2982107283|2982107288|0|0|0|0|0|0|0|0|0|0
8|R1|1|2|0|1|1|1|0|0|0|0|1|0|2989412357|2989412362|0|0|0|0|0|0|0|0|0|0
9|R1|1|2|0|1|1|1|0|0|0|0|1|0|2996585520|2996585525|0|0|0|0|0|0|0|0|0|0
10|R1|1|2|0|1|1|1|0|0|0|0|1|0|3003251137|3003251142|0|0|0|0|0|0|0|0|0|0
11|R1|1|2|0|1|1|1|0|0|0|0|1|0|3013116565|3013116570|0|0|0|0|0|0|0|0|0|0
12|R1|1|2|0|1|1|1|0|0|0|0|1|0|3021031763|3021031768|0|0|0|0|0|0|0|0|0|0
13|R1|1|2|0|1|1|1|0|0|0|0|1|0|3028012124|3028012129|0|0|0|0|0|0|0|0|0|0
14|R1|1|2|0|1|1|1|0|0|0|0|1|0|3035586750|3035586755|0|0|0|0|0|0|0|0|0|0
15|R1|1|2|0|1|1|1|0|0|0|0|1|0|3043958168|3043958173|0|0|0|0|0|0|0|0|0|0
16|R1|1|2|0|1|1|1|0|0|0|0|1|0|3052657438|3052657443|0|0|0|0|0|0|0|0|0|0
17|R1|1|2|0|1|1|1|0|0|0|0|1|0|3060511603|3060511608|0|0|0|0|0|0|0|0|0|0
18|R1|1|2|0|1|1|1|0|0|0|0|1|0|3068919116|3068919121|0|0|0|0|0|0|0|0|0|0
19|R1|1|2|0|1|1|1|0|0|0|0|1|0|3075944321|3075944326|0|0|0|0|0|0|0|0|0|0
20|R1|1|2|0|1|1|1|0|0|0|0|1|0|3083660302|3083660307|0|0|0|0|0|0|0|0|0|0
21|R1|1|2|0|1|1|1|0|0|0|0|1|0|3091418492|3091418497|0|0|0|0|0|0|0|0|0|0
22|R1|1|2|0|1|1|1|0|0|0|0|1|0|3099969845|3099969850|0|0|0|0|0|0|0|0|0|0
23|R1|1|2|0|1|1|1|0|0|0|0|1|0|3108270602|3108270607|0|0|0|0|0|0|0|0|0|0
24|R1|1|2|0|1|1|1|0|0|0|0|1|0|3115944961|3115944966|0|0|0|0|0|0|0|0|0|0
25|R1|1|2|0|1|1|1|0|0|0|0|1|0|3122896300|3122896305|0|0|0|0|0|0|0|0|0|0
26|R1|1|2|0|1|1|1|0|0|0|0|1|0|3131916738|3131916743|0|0|0|0|0|0|0|0|0|0
27|R1|1|2|0|1|1|1|0|0|0|0|1|0|3140163774|3140163779|0|0|0|0|0|0|0|0|0|0
28|R1|1|2|0|1|1|1|0|0|0|0|1|0|3148994613|3148994618|0|0|0|0|0|0|0|0|0|0
29|R1|1|2|0|1|1|1|0|0|0|0|1|0|3157649043|3157649048|0|0|0|0|0|0|0|0|0|0
30|R1|1|2|0|1|1|1|0|0|0|0|1|0|3167257441|3167257446|0|0|0|0|0|0|0|0|0|0
31|R1|1|2|0|1|1|1|0|0|0|0|1|0|3175654572|3175654577|0|0|0|0|0|0|0|0|0|0
32|R1|1|2|0|1|1|1|0|0|0|0|1|0|3184691061|3184691066|0|0|0|0|0|0|0|0|0|0
33|R1|1|2|0|1|1|1|0|0|0|0|1|0|3191931530|3191931535|0|0|0|0|0|0|0|0|0|0
34|R1|1|2|0|1|1|1|0|0|0|0|1|0|3201687768|3201687773|0|0|0|0|0|0|0|0|0|0
35|R1|1|2|0|1|1|1|0|0|0|0|1|0|3210544350|3210544355|0|0|0|0|0|0|0|0|0|0
36|R1|1|2|0|1|1|1|0|0|0|0|1|0|3217778702|3217778707|0|0|0|0|0|0|0|0|0|0
37|R1|1|2|0|1|1|1|0|0|0|0|1|0|3226436368|3226436373|0|0|0|0|0|0|0|0|0|0
38|R1|1|2|0|1|1|1|0|0|0|0|1|0|3235909967|3235909972|0|0|0|0|0|0|0|0|0|0
39|R1|1|2|0|1|1|1|0|0|0|0|1|0|3245858983|3245858988|0|0|0|0|0|0|0|0|0|0
40|R1|1|2|0|1|1|1|0|0|0|0|1|0|3253680998|3253681003|0|0|0|0|0|0|0|0|0|0
41|R1|1|2|0|1|1|1|0|0|0|0|1|0|3260346364|3260346369|0|0|0|0|0|0|0|0|0|0
42|R1|1|2|0|1|1|1|0|0|0|0|1|0|3268206933|3268206938|0|0|0|0|0|0|0|0|0|0
43|R1|1|2|0|1|1|1|0|0|0|0|1|0|3275196798|3275196803|0|0|0|0|0|0|0|0|0|0
44|R1|1|2|0|1|1|1|0|0|0|0|1|0|3282900606|3282900611|0|0|0|0|0|0|0|0|0|0
45|R1|1|2|0|1|1|1|0|0|0|0|1|0|3290838561|3290838566|0|0|0|0|0|0|0|0|0|0
46|R1|1|2|0|1|1|1|0|0|0|0|1|0|3300646158|3300646163|0|0|0|0|0|0|0|0|0|0
47|R1|1|2|0|1|1|1|0|0|0|0|1|0|3307877253|3307877258|0|0|0|0|0|0|0|0|0|0
48|R1|1|2|0|1|1|1|0|0|0|0|1|0|3316969099|3316969104|0|0|0|0|0|0|0|0|0|0
49|R1|1|2|0|1|1|1|0|0|0|0|1|0|3326070602|3326070607|0|0|0|0|0|0|0|0|0|0
50|R1|1|2|0|1|1|1|0|0|0|0|1|0|3332430748|3332430753|0|0|0|0|0|0|0|0|0|0
51|R1|1|2|0|1|1|1|0|0|0|0|1|0|3339321020|3339321025|0|0|0|0|0|0|0|0|0|0
52|R1|1|2|0|1|1|1|0|0|0|0|1|0|3346310896|3346310901|0|0|0|0|0|0|0|0|0|0
53|R1|1|2|0|1|1|1|0|0|0|0|1|0|3353956204|3353956209|0|0|0|0|0|0|0|0|0|0
54|R1|1|2|0|1|1|1|0|0|0|0|1|0|3362986282|3362986287|0|0|0|0|0|0|0|0|0|0
55|R1|1|2|0|1|1|1|0|0|0|0|1|0|3371534419|3371534424|0|0|0|0|0|0|0|0|0|0
56|R1|1|2|0|1|1|1|0|0|0|0|1|0|3378996614|3378996619|0|0|0|0|0|0|0|0|0|0
57|R1|1|2|0|1|1|1|0|0|0|0|1|0|3386777122|3386777127|0|0|0|0|0|0|0|0|0|0
58|R1|1|2|0|1|1|1|0|0|0|0|1|0|3396899594|3396899599|0|0|0|0|0|0|0|0|0|0
59|R1|1|2|0|1|1|1|0|0|0|0|1|0|3402883822|3402883827|0|0|0|0|0|0|0|0|0|0
60|R1|1|2|0|1|1|1|0|0|0|0|1|0|3410696441|3410696446|0|0|0|0|0|0|0|0|0|0
61|R1|1|2|0|1|1|1|0|0|0|0|1|0|3419936220|3419936225|0|0|0|0|0|0|0|0|0|0
62|R1|1|2|0|1|1|1|0|0|0|0|1|0|3427973502|3427973507|0|0|0|0|0|0|0|0|0|0
63|R1|1|2|0|1|1|1|0|0|0|0|1|0|3436454169|3436454174|0|0|0|0|0|0|0|0|0|0
64|R1|1|2|0|1|1|1|0|0|0|0|1|0|3443061793|3443061798|0|0|0|0|0|0|0|0|0|0
65|R1|1|2|0|1|1|1|0|0|0|0|1|0|3450729598|3450729603|0|0|0|0|0|0|0|0|0|0
66|R1|1|2|0|1|1|1|0|0|0|0|1|0|3459913907|3459913912|0|0|0|0|0|0|0|0|0|0
67|R1|1|2|0|1|1|1|0|0|0|0|1|0|3467787358|3467787363|0|0|0|0|0|0|0|0|0|0
68|R1|1|2|0|1|1|1|0|0|0|0|1|0|3473733029|3473733034|0|0|0|0|0|0|0|0|0|0
69|R1|1|2|0|1|1|1|0|0|0|0|1|0|3482560696|3482560701|0|0|0|0|0|0|0|0|0|0
70|R1|1|2|0|1|1|1|0|0|0|0|1|0|3491606860|3491606865|0|0|0|0|0|0|0|0|0|0
71|R1|1|2|0|1|1|1|0|0|0|0|1|0|3500845802|3500845807|0|0|0|0|0|0|0|0|0|0
72|R1|1|2|0|1|1|1|0|0|0|0|1|0|3509303978|3509303983|0|0|0|0|0|0|0|0|0|0
73|R1|1|2|0|1|1|1|0|0|0|0|1|0|3517119562|3517119567|0|0|0|0|0|0|0|0|0|0
74|R1|1|2|0|1|1|1|0|0|0|0|1|0|3526468030|3526468035|0|0|0|0|0|0|0|0|0|0
75|R1|1|2|0|1|1|1|0|0|0|0|1|0|3533197662|3533197667|0|0|0|0|0|0|0|0|0|0
76|R1|1|2|0|1|1|1|0|0|0|0|1|0|3540338552|3540338557|0|0|0|0|0|0|0|0|0|0
77|R1|1|2|0|1|1|1|0|0|0|0|1|0|3548211983|3548211988|0|0|0|0|0|0|0|0|0|0
78|R1|1|2|0|1|1|1|0|0|0|0|1|0|3556011783|3556011788|0|0|0|0|0|0|0|0|0|0
79|R1|1|2|0|1|1|1|0|0|0|0|1|0|3562818535|3562818540|0|0|0|0|0|0|0|0|0|0
80|R1|1|2|0|1|1|1|0|0|0|0|1|0|3572426942|3572426947|0|0|0|0|0|0|0|0|0|0
81|R1|1|2|0|1|1|1|0|0|0|0|1|0|3580300358|3580300363|0|0|0|0|0|0|0|0|0|0
82|R1|1|2|0|1|1|1|0|0|0|0|1|0|3587360906|3587360911|0|0|0|0|0|0|0|0|0|0
83|R1|1|2|0|1|1|1|0|0|0|0|1|0|3595330712|3595330717|0|0|0|0|0|0|0|0|0|0
84|R1|1|2|0|1|1|1|0|0|0|0|1|0|3602928092|3602928097|0|0|0|0|0|0|0|0|0|0
85|R1|1|2|0|1|1|1|0|0|0|0|1|0|3610782382|3610782387|0|0|0|0|0|0|0|0|0|0
86|R1|1|2|0|1|1|1|0|0|0|0|1|0|3618774684|3618774689|0|0|0|0|0|0|0|0|0|0
87|R1|1|2|0|1|1|1|0|0|0|0|1|0|3626056926|3626056931|0|0|0|0|0|0|0|0|0|0
88|R1|1|2|0|1|1|1|0|0|0|0|1|0|3633978823|3633978828|0|0|0|0|0|0|0|0|0|0
89|R1|1|2|0|1|1|1|0|0|0|0|1|0|3643713395|3643713400|0|0|0|0|0|0|0|0|0|0
90|R1|1|2|0|1|1|1|0|0|0|0|1|0|3651737839|3651737844|0|0|0|0|0|0|0|0|0|0
91|R1|1|2|0|1|1|1|0|0|0|0|1|0|3661596844|3661596849|0|0|0|0|0|0|0|0|0|0
92|R1|1|2|0|1|1|1|0|0|0|0|1|0|3669338539|3669338544|0|0|0|0|0|0|0|0|0|0
93|R1|1|2|0|1|1|1|0|0|0|0|1|0|3675431996|3675432001|0|0|0|0|0|0|0|0|0|0
94|R1|1|2|0|1|1|1|0|0|0|0|1|0|3684439576|3684439581|0|0|0|0|0|0|0|0|0|0
95|R1|1|2|0|1|1|1|0|0|0|0|1|0|3693768453|3693768458|0|0|0|0|0|0|0|0|0|0
96|R1|1|2|0|1|1|1|0|0|0|0|1|0|3701471854|3701471859|0|0|0|0|0|0|0|0|0|0
97|R1|1|2|0|1|1|1|0|0|0|0|1|0|3708535621|3708535626|0|0|0|0|0|0|0|0|0|0
98|R1|1|2|0|1|1|1|0|0|0|0|1|0|3717501438|3717501443|0|0|0|0|0|0|0|0|0|0
99|R1|1|2|0|1|1|1|0|0|0|0|1|0|3724770832|3724770837|0|0|0|0|0|0|0|0|0|0
100|R1|1|2|0|1|1|1|0|0|0|0|1|0|3733347877|3733347882|0|0|0|0|0|0|0|0|0|0
101|R1|1|2|0|1|1|1|0|0|0|0|1|0|3739553790|3739553795|0|0|0|0|0|0|0|0|0|0
102|R1|1|2|0|1|1|1|0|0|0|0|1|0|3749142913|3749142918|0|0|0|0|0|0|0|0|0|0
103|R1|1|2|0|1|1|1|0|0|0|0|1|0|3756814415|3756814420|0|0|0|0|0|0|0|0|0|0
104|R1|1|2|0|1|1|1|0|0|0|0|1|0|3764543384|3764543389|0|0|0|0|0|0|0|0|0|0
105|R1|1|2|0|1|1|1|0|0|0|0|1|0|3771645749|3771645754|0|0|0|0|0|0|0|0|0|0
106|R1|1|2|0|1|1|1|0|0|0|0|1|0|3779024376|3779024381|0|0|0|0|0|0|0|0|0|0
107|R1|1|2|0|1|1|1|0|0|0|0|1|0|3786595804|3786595809|0|0|0|0|0|0|0|0|0|0
108|R1|1|2|0|1|1|1|0|0|0|0|1|0|3794523855|3794523860|0|0|0|0|0|0|0|0|0|0
109|R1|1|2|0|1|1|1|0|0|0|0|1|0|3802150044|3802150049|0|0|0|0|0|0|0|0|0|0
110|R1|1|2|0|1|1|1|0|0|0|0|1|0|3811215772|3811215777|0|0|0|0|0|0|0|0|0|0
111|R1|1|2|0|1|1|1|0|0|0|0|1|0|3819574343|3819574348|0|0|0|0|0|0|0|0|0|0
112|R1|1|2|0|1|1|1|0|0|0|0|1|0|3827258465|3827258470|0|0|0|0|0|0|0|0|0|0
113|R1|1|2|0|1|1|1|0|0|0|0|1|0|3835880518|3835880523|0|0|0|0|0|0|0|0|0|0
114|R1|1|2|0|1|1|1|0|0|0|0|1|0|3845125884|3845125889|0|0|0|0|0|0|0|0|0|0
115|R1|1|2|0|1|1|1|0|0|0|0|1|0|3853260505|3853260510|0|0|0|0|0|0|0|0|0|0
116|R1|1|2|0|1|1|1|0|0|0|0|1|0|3862062485|3862062490|0|0|0|0|0|0|0|0|0|0
117|R1|1|2|0|1|1|1|0|0|0|0|1|0|3869698872|3869698877|0|0|0|0|0|0|0|0|0|0
118|R1|1|2|0|1|1|1|0|0|0|0|1|0|3876913662|3876913667|0|0|0|0|0|0|0|0|0|0
119|R1|1|2|0|1|1|1|0|0|0|0|1|0|3884462581|3884462586|0|0|0|0|0|0|0|0|0|0
120|R1|1|2|0|1|1|1|0|0|0|0|1|0|3892721583|3892721588|0|0|0|0|0|0|0|0|0|0
121|R1|1|2|0|1|1|1|0|0|0|0|1|0|3901350028|3901350033|0|0|0|0|0|0|0|0|0|0
122|R1|1|2|0|1|1|1|0|0|0|0|1|0|3909894956|3909894961|0|0|0|0|0|0|0|0|0|0
123|R1|1|2|0|1|1|1|0|0|0|0|1|0|3917659310|3917659315|0|0|0|0|0|0|0|0|0|0
124|R1|1|2|0|1|1|1|0|0|0|0|1|0|3924649214|3924649219|0|0|0|0|0|0|0|0|0|0
125|R1|1|2|0|1|1|1|0|0|0|0|1|0|3935449628|3935449633|0|0|0|0|0|0|0|0|0|0
126|R1|1|2|0|1|1|1|0|0|0|0|1|0|3943208051|3943208056|0|0|0|0|0|0|0|0|0|0
127|R1|1|2|0|1|1|1|0|0|0|0|1|0|3950152921|3950152926|0|0|0|0|0|0|0|0|0|0
128|R1|1|2|0|1|1|1|0|0|0|0|1|0|3958142328|3958142333|0|0|0|0|0|0|0|0|0|0
129|R1|1|2|0|1|1|1|0|0|0|0|1|0|3964942616|3964942621|0|0|0|0|0|0|0|0|0|0
130|R1|1|2|0|1|1|1|0|0|0|0|1|0|3974159020|3974159025|0|0|0|0|0|0|0|0|0|0
131|R1|1|2|0|1|1|1|0|0|0|0|1|0|3982068056|3982068061|0|0|0|0|0|0|0|0|0|0
132|R1|1|2|0|1|1|1|0|0|0|0|1|0|3990022054|3990022059|0|0|0|0|0|0|0|0|0|0
133|R1|1|2|0|1|1|1|0|0|0|0|1|0|3998821669|3998821674|0|0|0|0|0|0|0|0|0|0
134|R1|1|2|0|1|1|1|0|0|0|0|1|0|4006296691|4006296696|0|0|0|0|0|0|0|0|0|0
135|R1|1|2|0|1|1|1|0|0|0|0|1|0|4013739576|4013739581|0|0|0|0|0|0|0|0|0|0
136|R1|1|2|0|1|1|1|0|0|0|0|1|0|4023219461|4023219466|0|0|0|0|0|0|0|0|0|0
137|R1|1|2|0|1|1|1|0|0|0|0|1|0|4031434282|4031434287|0|0|0|0|0|0|0|0|0|0
138|R1|1|2|0|1|1|1|0|0|0|0|1|0|4037649839|4037649844|0|0|0|0|0|0|0|0|0|0
139|R1|1|2|0|1|1|1|0|0|0|0|1|0|4044189904|4044189909|0|0|0|0|0|0|0|0|0|0
140|R1|1|2|0|1|1|1|0|0|0|0|1|0|4053284222|4053284227|0|0|0|0|0|0|0|0|0|0
141|R1|1|2|0|1|1|1|0|0|0|0|1|0|4062478168|4062478173|0|0|0|0|0|0|0|0|0|0
142|R1|1|2|0|1|1|1|0|0|0|0|1|0|4070460965|4070460970|0|0|0|0|0|0|0|0|0|0
143|R1|1|2|0|1|1|1|0|0|0|0|1|0|4078376414|4078376419|0|0|0|0|0|0|0|0|0|0
144|R1|1|2|0|1|1|1|0|0|0|0|1|0|4086593676|4086593681|0|0|0|0|0|0|0|0|0|0
145|R1|1|2|0|1|1|1|0|0|0|0|1|0|4095389208|4095389213|0|0|0|0|0|0|0|0|0|0
146|R1|1|2|0|1|1|1|0|0|0|0|1|0|4103044302|4103044307|0|0|0|0|0|0|0|0|0|0
147|R1|1|2|0|1|1|1|0|0|0|0|1|0|4109931367|4109931372|0|0|0|0|0|0|0|0|0|0
148|R1|1|2|0|1|1|1|0|0|0|0|1|0|4117849806|4117849811|0|0|0|0|0|0|0|0|0|0
149|R1|1|2|0|1|1|1|0|0|0|0|1|0|4126548953|4126548958|0|0|0|0|0|0|0|0|0|0
150|R1|1|2|0|1|1|1|0|0|0|0|1|0|4134271385|4134271390|0|0|0|0|0|0|0|0|0|0
151|R1|1|2|0|1|1|1|0|0|0|0|1|0|4141396208|4141396213|0|0|0|0|0|0|0|0|0|0
152|R1|1|2|0|1|1|1|0|0|0|0|1|0|4147422224|4147422229|0|0|0|0|0|0|0|0|0|0
153|R1|1|2|0|1|1|1|0|0|0|0|1|0|4157750982|4157750987|0|0|0|0|0|0|0|0|0|0
154|R1|1|2|0|1|1|1|0|0|0|0|1|0|4164663820|4164663825|0|0|0|0|0|0|0|0|0|0
155|R1|1|2|0|1|1|1|0|0|0|0|1|0|4171904289|4171904294|0|0|0|0|0|0|0|0|0|0
156|R1|1|2|0|1|1|1|0|0|0|0|1|0|4178511814|4178511819|0|0|0|0|0|0|0|0|0|0
157|R1|1|2|0|1|1|1|0|0|0|0|1|0|4185546794|4185546799|0|0|0|0|0|0|0|0|0|0
158|R1|1|2|0|1|1|1|0|0|0|0|1|0|4193115061|4193115066|0|0|0|0|0|0|0|0|0|0
159|R1|1|2|0|1|1|1|0|0|0|0|1|0|4200901758|4200901763|0|0|0|0|0|0|0|0|0|0
160|R1|1|2|0|1|1|1|0|0|0|0|1|0|4208524604|4208524609|0|0|0|0|0|0|0|0|0|0
161|R1|1|2|0|1|1|1|0|0|0|0|1|0|4215951664|4215951669|0|0|0|0|0|0|0|0|0|0
162|R1|1|2|0|1|1|1|0|0|0|0|1|0|4225094190|4225094195|0|0|0|0|0|0|0|0|0|0
163|R1|1|2|0|1|1|1|0|0|0|0|1|0|4232890494|4232890499|0|0|0|0|0|0|0|0|0|0
164|R1|1|2|0|1|1|1|0|0|0|0|1|0|4241001679|4241001684|0|0|0|0|0|0|0|0|0|0
165|R1|1|2|0|1|1|1|0|0|0|0|1|0|4247085505|4247085510|0|0|0|0|0|0|0|0|0|0
166|R1|1|2|0|1|1|1|0|0|0|0|1|0|4255251466|4255251471|0|0|0|0|0|0|0|0|0|0
167|R1|1|2|0|1|1|1|0|0|0|0|1|0|4263018872|4263018877|0|0|0|0|0|0|0|0|0|0
168|R1|1|2|0|1|1|1|0|0|0|0|1|0|4270269276|4270269281|0|0|0|0|0|0|0|0|0|0
169|R1|1|2|0|1|1|1|0|0|0|0|1|0|4277924207|4277924212|0|0|0|0|0|0|0|0|0|0
170|R1|1|2|0|1|1|1|0|0|0|0|1|0|4286688110|4286688115|0|0|0|0|0|0|0|0|0|0
171|R1|1|2|0|1|1|1|0|0|0|0|1|0|439302|439307|0|0|0|0|0|0|0|0|0|0
172|R1|1|2|0|1|1|1|0|0|0|0|1|0|9116757|9116762|0|0|0|0|0|0|0|0|0|0
173|R1|1|2|0|1|1|1|0|0|0|0|1|0|17642479|17642484|0|0|0|0|0|0|0|0|0|0
174|R1|1|2|0|1|1|1|0|0|0|0|1|0|29085502|29085507|0|0|0|0|0|0|0|0|0|0
175|R1|1|2|0|1|1|1|0|0|0|0|1|0|38508357|38508362|0|0|0|0|0|0|0|0|0|0
176|R1|1|2|0|1|1|1|0|0|0|0|1|0|50069889|50069894|0|0|0|0|0|0|0|0|0|0
177|R1|1|2|0|1|1|1|0|0|0|0|1|0|60976332|60976337|0|0|0|0|0|0|0|0|0|0
178|R1|1|2|0|1|1|1|0|0|0|0|1|0|70992866|70992871|0|0|0|0|0|0|0|0|0|0
179|R1|1|2|0|1|1|1|0|0|0|0|1|0|78031310|78031315|0|0|0|0|0|0|0|0|0|0
180|R1|1|2|0|1|1|1|0|0|0|0|1|0|85487045|85487050|0|0|0|0|0|0|0|0|0|0
181|R1|1|2|0|1|1|1|0|0|0|0|1|0|96192039|96192044|0|0|0|0|0|0|0|0|0|0
182|R1|1|2|0|1|1|1|0|0|0|0|1|0|103805226|103805231|0|0|0|0|0|0|0|0|0|0
183|R1|1|2|0|1|1|1|0|0|0|0|1|0|111746133|111746138|0|0|0|0|0|0|0|0|0|0
184|R1|1|2|0|1|1|1|0|0|0|0|1|0|118658896|118658901|0|0|0|0|0|0|0|0|0|0
185|R1|1|2|0|1|1|1|0|0|0|0|1|0|126995000|126995005|0|0|0|0|0|0|0|0|0|0
186|R1|1|2|0|1|1|1|0|0|0|0|1|0|134058766|134058771|0|0|0|0|0|0|0|0|0|0
187|R1|1|2|0|1|1|1|0|0|0|0|1|0|141993292|141993297|0|0|0|0|0|0|0|0|0|0
188|R1|1|2|0|1|1|1|0|0|0|0|1|0|149323742|149323747|0|0|0|0|0|0|0|0|0|0
189|R1|1|2|0|1|1|1|0|0|0|0|1|0|157881665|157881670|0|0|0|0|0|0|0|0|0|0
190|R1|1|2|0|1|1|1|0|0|0|0|1|0|164662694|164662699|0|0|0|0|0|0|0|0|0|0
191|R1|1|2|0|1|1|1|0|0|0|0|1|0|172288870|172288875|0|0|0|0|0|0|0|0|0|0
192|R1|1|2|0|1|1|1|0|0|0|0|1|0|181293470|181293475|0|0|0|0|0|0|0|0|0|0
193|R1|1|2|0|1|1|1|0|0|0|0|1|0|191152481|191152486|0|0|0|0|0|0|0|0|0|0
194|R1|1|2|0|1|1|1|0|0|0|0|1|0|197313656|197313661|0|0|0|0|0|0|0|0|0|0
195|R1|1|2|0|1|1|1|0|0|0|0|1|0|204708354|204708359|0|0|0|0|0|0|0|0|0|0
196|R1|1|2|0|1|1|1|0|0|0|0|1|0|212736298|212736303|0|0|0|0|0|0|0|0|0|0
197|R1|1|2|0|1|1|1|0|0|0|0|1|0|222314035|222314040|0|0|0|0|0|0|0|0|0|0
198|R1|1|2|0|1|1|1|0|0|0|0|1|0|231710384|231710389|0|0|0|0|0|0|0|0|0|0
199|R1|1|2|0|1|1|1|0|0|0|0|1|0|238957290|238957295|0|0|0|0|0|0|0|0|0|0
200|R1|1|2|0|1|1|1|0|0|0|0|1|0|246789025|246789030|0|0|0|0|0|0|0|0|0|0
201|R1|1|2|0|1|1|1|0|0|0|0|1|0|255999838|255999843|0|0|0|0|0|0|0|0|0|0
202|R1|1|2|0|1|1|1|0|0|0|0|1|0|262909395|262909400|0|0|0|0|0|0|0|0|0|0
203|R1|1|2|0|1|1|1|0|0|0|0|1|0|270281941|270281946|0|0|0|0|0|0|0|0|0|0
204|R1|1|2|0|1|1|1|0|0|0|0|1|0|276597368|276597373|0|0|0|0|0|0|0|0|0|0
205|R1|1|2|0|1|1|1|0|0|0|0|1|0|284474018|284474023|0|0|0|0|0|0|0|0|0|0
206|R1|1|2|0|1|1|1|0|0|0|0|1|0|293372387|293372392|0|0|0|0|0|0|0|0|0|0
207|R1|1|2|0|1|1|1|0|0|0|0|1|0|300105232|300105237|0|0|0|0|0|0|0|0|0|0
208|R1|1|2|0|1|1|1|0|0|0|0|1|0|307426076|307426081|0|0|0|0|0|0|0|0|0|0
209|R1|1|2|0|1|1|1|0|0|0|0|1|0|317397557|317397562|0|0|0|0|0|0|0|0|0|0
210|R1|1|2|0|1|1|1|0|0|0|0|1|0|327475061|327475066|0|0|0|0|0|0|0|0|0|0
211|R1|1|2|0|1|1|1|0|0|0|0|1|0|335415992|335415997|0|0|0|0|0|0|0|0|0|0
212|R1|1|2|0|1|1|1|0|0|0|0|1|0|342813893|342813898|0|0|0|0|0|0|0|0|0|0
213|R1|1|2|0|1|1|1|0|0|0|0|1|0|350478762|350478767|0|0|0|0|0|0|0|0|0|0
214|R1|1|2|0|1|1|1|0|0|0|0|1|0|359586654|359586659|0|0|0|0|0|0|0|0|0|0
215|R1|1|2|0|1|1|1|0|0|0|0|1|0|367563205|367563210|0|0|0|0|0|0|0|0|0|0
216|R1|1|2|0|1|1|1|0|0|0|0|1|0|375931430|375931435|0|0|0|0|0|0|0|0|0|0
217|R1|1|2|0|1|1|1|0|0|0|0|1|0|384190424|384190429|0|0|0|0|0|0|0|0|0|0
218|R1|1|2|0|1|1|1|0|0|0|0|1|0|391334517|391334522|0|0|0|0|0|0|0|0|0|0
219|R1|1|2|0|1|1|1|0|0|0|0|1|0|399928558|399928563|0|0|0|0|0|0|0|0|0|0
220|R1|1|2|0|1|1|1|0|0|0|0|1|0|407901880|407901885|0|0|0|0|0|0|0|0|0|0
221|R1|1|2|0|1|1|1|0|0|0|0|1|0|417510283|417510288|0|0|0|0|0|0|0|0|0|0
222|R1|1|2|0|1|1|1|0|0|0|0|1|0|425415850|425415855|0|0|0|0|0|0|0|0|0|0
223|R1|1|2|0|1|1|1|0|0|0|0|1|0|433283123|433283128|0|0|0|0|0|0|0|0|0|0
224|R1|1|2|0|1|1|1|0|0|0|0|1|0|443251448|443251453|0|0|0|0|0|0|0|0|0|0
225|R1|1|2|0|1|1|1|0|0|0|0|1|0|452323301|452323306|0|0|0|0|0|0|0|0|0|0
226|R1|1|2|0|1|1|1|0|0|0|0|1|0|461504418|461504423|0|0|0|0|0|0|0|0|0|0
227|R1|1|2|0|1|1|1|0|0|0|0|1|0|468520211|468520216|0|0|0|0|0|0|0|0|0|0
228|R1|1|2|0|1|1|1|0|0|0|0|1|0|477020188|477020193|0|0|0|0|0|0|0|0|0|0
229|R1|1|2|0|1|1|1|0|0|0|0|1|0|487059151|487059156|0|0|0|0|0|0|0|0|0|0
230|R1|1|2|0|1|1|1|0|0|0|0|1|0|495099662|495099667|0|0|0|0|0|0|0|0|0|0
231|R1|1|2|0|1|1|1|0|0|0|0|1|0|502680985|502680990|0|0|0|0|0|0|0|0|0|0
232|R1|1|2|0|1|1|1|0|0|0|0|1|0|511566501|511566506|0|0|0|0|0|0|0|0|0|0
233|R1|1|2|0|1|1|1|0|0|0|0|1|0|520474501|520474506|0|0|0|0|0|0|0|0|0|0
234|R1|1|2|0|1|1|1|0|0|0|0|1|0|529273310|529273315|0|0|0|0|0|0|0|0|0|0
235|R1|1|2|0|1|1|1|0|0|0|0|1|0|537034293|537034298|0|0|0|0|0|0|0|0|0|0
236|R1|1|2|0|1|1|1|0|0|0|0|1|0|545881194|545881199|0|0|0|0|0|0|0|0|0|0
237|R1|1|2|0|1|1|1|0|0|0|0|1|0|552941886|552941891|0|0|0|0|0|0|0|0|0|0
238|R1|1|2|0|1|1|1|0|0|0|0|1|0|560037779|560037784|0|0|0|0|0|0|0|0|0|0
239|R1|1|2|0|1|1|1|0|0|0|0|1|0|567223905|567223910|0|0|0|0|0|0|0|0|0|0
240|R1|1|2|0|1|1|1|0|0|0|0|1|0|579650186|579650191|0|0|0|0|0|0|0|0|0|0
241|R1|1|2|0|1|1|1|0|0|0|0|1|0|586588661|586588666|0|0|0|0|0|0|0|0|0|0
242|R1|1|2|0|1|1|1|0|0|0|0|1|0|594648458|594648463|0|0|0|0|0|0|0|0|0|0
243|R1|1|2|0|1|1|1|0|0|0|0|1|0|602615070|602615075|0|0|0|0|0|0|0|0|0|0
244|R1|1|2|0|1|1|1|0|0|0|0|1|0|611500568|611500573|0|0|0|0|0|0|0|0|0|0
245|R1|1|2|0|1|1|1|0|0|0|0|1|0|618590174|618590179|0|0|0|0|0|0|0|0|0|0
246|R1|1|2|0|1|1|1|0|0|0|0|1|0|625650730|625650735|0|0|0|0|0|0|0|0|0|0
247|R1|1|2|0|1|1|1|0|0|0|0|1|0|633665781|633665786|0|0|0|0|0|0|0|0|0|0
248|R1|1|2|0|1|1|1|0|0|0|0|1|0|642920766|642920771|0|0|0|0|0|0|0|0|0|0
249|R1|1|2|0|1|1|1|0|0|0|0|1|0|651430373|651430378|0|0|0|0|0|0|0|0|0|0
250|R1|1|2|0|1|1|1|0|0|0|0|1|0|659188142|659188147|0|0|0|0|0|0|0|0|0|0
251|R1|1|2|0|1|1|1|0|0|0|0|1|0|666814501|666814506|0|0|0|0|0|0|0|0|0|0
252|R1|1|2|0|1|1|1|0|0|0|0|1|0|676480755|676480760|0|0|0|0|0|0|0|0|0|0
253|R1|1|2|0|1|1|1|0|0|0|0|1|0|686060239|686060244|0|0|0|0|0|0|0|0|0|0
254|R1|1|2|0|1|1|1|0|0|0|0|1|0|693769803|693769808|0|0|0|0|0|0|0|0|0|0
255|R1|1|2|0|1|1|1|0|0|0|0|1|0|704988846|704988851|0|0|0|0|0|0|0|0|0|0
256|R1|1|2|0|1|1|1|0|0|0|0|1|0|712206882|712206887|0|0|0|0|0|0|0|0|0|0
257|R1|1|2|0|1|1|1|0|0|0|0|1|0|720141365|720141370|0|0|0|0|0|0|0|0|0|0
258|R1|1|2|0|1|1|1|0|0|0|0|1|0|727407818|727407823|0|0|0|0|0|0|0|0|0|0
259|R1|1|2|0|1|1|1|0|0|0|0|1|0|737286119|737286124|0|0|0|0|0|0|0|0|0|0
260|R1|1|2|0|1|1|1|0|0|0|0|1|0|746049637|746049642|0|0|0|0|0|0|0|0|0|0
261|R1|1|2|0|1|1|1|0|0|0|0|1|0|755304665|755304670|0|0|0|0|0|0|0|0|0|0
262|R1|1|2|0|1|1|1|0|0|0|0|1|0|763955682|763955687|0|0|0|0|0|0|0|0|0|0
263|R1|1|2|0|1|1|1|0|0|0|0|1|0|772805852|772805857|0|0|0|0|0|0|0|0|0|0
264|R1|1|2|0|1|1|1|0|0|0|0|1|0|779092110|779092115|0|0|0|0|0|0|0|0|0|0
265|R1|1|2|0|1|1|1|0|0|0|0|1|0|784523745|784523750|0|0|0|0|0|0|0|0|0|0
266|R1|1|2|0|1|1|1|0|0|0|0|1|0|792175728|792175733|0|0|0|0|0|0|0|0|0|0
267|R1|1|2|0|1|1|1|0|0|0|0|1|0|801485340|801485345|0|0|0|0|0|0|0|0|0|0
268|R1|1|2|0|1|1|1|0|0|0|0|1|0|809455292|809455297|0|0|0|0|0|0|0|0|0|0
269|R1|1|2|0|1|1|1|0|0|0|0|1|0|817058826|817058831|0|0|0|0|0|0|0|0|0|0
270|R1|1|2|0|1|1|1|0|0|0|0|1|0|825144309|825144314|0|0|0|0|0|0|0|0|0|0
271|R1|1|2|0|1|1|1|0|0|0|0|1|0|833554393|833554398|0|0|0|0|0|0|0|0|0|0
272|R1|1|2|0|1|1|1|0|0|0|0|1|0|842362798|842362803|0|0|0|0|0|0|0|0|0|0
273|R1|1|2|0|1|1|1|0|0|0|0|1|0|850287644|850287649|0|0|0|0|0|0|0|0|0|0
274|R1|1|2|0|1|1|1|0|0|0|0|1|0|858803653|858803658|0|0|0|0|0|0|0|0|0|0
275|R1|1|2|0|1|1|1|0|0|0|0|1|0|867788748|867788753|0|0|0|0|0|0|0|0|0|0
276|R1|1|2|0|1|1|1|0|0|0|0|1|0|875803641|875803646|0|0|0|0|0|0|0|0|0|0
277|R1|1|2|0|1|1|1|0|0|0|0|1|0|883243333|883243338|0|0|0|0|0|0|0|0|0|0
278|R1|1|2|0|1|1|1|0|0|0|0|1|0|889825171|889825176|0|0|0|0|0|0|0|0|0|0
279|R1|1|2|0|1|1|1|0|0|0|0|1|0|898366899|898366904|0|0|0|0|0|0|0|0|0|0
280|R1|1|2|0|1|1|1|0|0|0|0|1|0|905957596|905957601|0|0|0|0|0|0|0|0|0|0
281|R1|1|2|0|1|1|1|0|0|0|0|1|0|913892376|913892381|0|0|0|0|0|0|0|0|0|0
282|R1|1|2|0|1|1|1|0|0|0|0|1|0|920631644|920631649|0|0|0|0|0|0|0|0|0|0
283|R1|1|2|0|1|1|1|0|0|0|0|1|0|930413798|930413803|0|0|0|0|0|0|0|0|0|0
284|R1|1|2|0|1|1|1|0|0|0|0|1|0|938595667|938595672|0|0|0|0|0|0|0|0|0|0
285|R1|1|2|0|1|1|1|0|0|0|0|1|0|947869934|947869939|0|0|0|0|0|0|0|0|0|0
286|R1|1|2|0|1|1|1|0|0|0|0|1|0|956212455|956212460|0|0|0|0|0|0|0|0|0|0
287|R1|1|2|0|1|1|1|0|0|0|0|1|0|964188728|964188733|0|0|0|0|0|0|0|0|0|0
288|R1|1|2|0|1|1|1|0|0|0|0|1|0|970998677|970998682|0|0|0|0|0|0|0|0|0|0
289|R1|1|2|0|1|1|1|0|0|0|0|1|0|977371792|977371797|0|0|0|0|0|0|0|0|0|0
290|R1|1|2|0|1|1|1|0|0|0|0|1|0|983610014|983610019|0|0|0|0|0|0|0|0|0|0
291|R1|1|2|0|1|1|1|0|0|0|0|1|0|993459416|993459421|0|0|0|0|0|0|0|0|0|0
292|R1|1|2|0|1|1|1|0|0|0|0|1|0|1002126462|1002126467|0|0|0|0|0|0|0|0|0|0
293|R1|1|2|0|1|1|1|0|0|0|0|1|0|1010909190|1010909195|0|0|0|0|0|0|0|0|0|0
294|R1|1|2|0|1|1|1|0|0|0|0|1|0|1019188065|1019188070|0|0|0|0|0|0|0|0|0|0
295|R1|1|2|0|1|1|1|0|0|0|0|1|0|1028443050|1028443055|0|0|0|0|0|0|0|0|0|0
296|R1|1|2|0|1|1|1|0|0|0|0|1|0|1035590534|1035590539|0|0|0|0|0|0|0|0|0|0
297|R1|1|2|0|1|1|1|0|0|0|0|1|0|1043644207|1043644212|0|0|0|0|0|0|0|0|0|0
298|R1|1|2|0|1|1|1|0|0|0|0|1|0|1052414918|1052414923|0|0|0|0|0|0|0|0|0|0
299|R1|1|2|0|1|1|1|0|0|0|0|1|0|1059504400|1059504405|0|0|0|0|0|0|0|0|0|0
300|R1|1|2|0|1|1|1|0|0|0|0|1|0|1068441318|1068441323|0|0|0|0|0|0|0|0|0|0
301|R1|1|2|0|1|1|1|0|0|0|0|1|0|1075170945|1075170950|0|0|0|0|0|0|0|0|0|0
302|R1|1|2|0|1|1|1|0|0|0|0|1|0|1082896591|1082896596|0|0|0|0|0|0|0|0|0|0
303|R1|1|2|0|1|1|1|0|0|0|0|1|0|1092717126|1092717131|0|0|0|0|0|0|0|0|0|0
304|R1|1|2|0|1|1|1|0|0|0|0|1|0|1100574480|1100574485|0|0|0|0|0|0|0|0|0|0
305|R1|1|2|0|1|1|1|0|0|0|0|1|0|1109655973|1109655978|0|0|0|0|0|0|0|0|0|0
306|R1|1|2|0|1|1|1|0|0|0|0|1|0|1117860312|1117860317|0|0|0|0|0|0|0|0|0|0
307|R1|1|2|0|1|1|1|0|0|0|0|1|0|1125775649|1125775654|0|0|0|0|0|0|0|0|0|0
308|R1|1|2|0|1|1|1|0|0|0|0|1|0|1134423390|1134423395|0|0|0|0|0|0|0|0|0|0
309|R1|1|2|0|1|1|1|0|0|0|0|1|0|1140989445|1140989450|0|0|0|0|0|0|0|0|0|0
310|R1|1|2|0|1|1|1|0|0|0|0|1|0|1149772901|1149772906|0|0|0|0|0|0|0|0|0|0
311|R1|1|2|0|1|1|1|0|0|0|0|1|0|1156843114|1156843119|0|0|0|0|0|0|0|0|0|0
312|R1|1|2|0|1|1|1|0|0|0|0|1|0|1164549653|1164549658|0|0|0|0|0|0|0|0|0|0
313|R1|1|2|0|1|1|1|0|0|0|0|1|0|1173175160|1173175165|0|0|0|0|0|0|0|0|0|0
314|R1|1|2|0|1|1|1|0|0|0|0|1|0|1181778544|1181778549|0|0|0|0|0|0|0|0|0|0
315|R1|1|2|0|1|1|1|0|0|0|0|1|0|1189089702|1189089707|0|0|0|0|0|0|0|0|0|0
316|R1|1|2|0|1|1|1|0|0|0|0|1|0|1195038590|1195038595|0|0|0|0|0|0|0|0|0|0
317|R1|1|2|0|1|1|1|0|0|0|0|1|0|1202083207|1202083212|0|0|0|0|0|0|0|0|0|0
318|R1|1|2|0|1|1|1|0|0|0|0|1|0|1209635352|1209635357|0|0|0|0|0|0|0|0|0|0
319|R1|1|2|0|1|1|1|0|0|0|0|1|0|1217486318|1217486323|0|0|0|0|0|0|0|0|0|0
320|R1|1|2|0|1|1|1|0|0|0|0|1|0|1225658940|1225658945|0|0|0|0|0|0|0|0|0|0
321|R1|1|2|0|1|1|1|0|0|0|0|1|0|1234172012|1234172017|0|0|0|0|0|0|0|0|0|0
322|R1|1|2|0|1|1|1|0|0|0|0|1|0|1241968463|1241968468|0|0|0|0|0|0|0|0|0|0
323|R1|1|2|0|1|1|1|0|0|0|0|1|0|1252380312|1252380317|0|0|0|0|0|0|0|0|0|0
324|R1|1|2|0|1|1|1|0|0|0|0|1|0|1260558969|1260558974|0|0|0|0|0|0|0|0|0|0
325|R1|1|2|0|1|1|1|0|0|0|0|1|0|1268763568|1268763573|0|0|0|0|0|0|0|0|0|0
326|R1|1|2|0|1|1|1|0|0|0|0|1|0|1277974278|1277974283|0|0|0|0|0|0|0|0|0|0
327|R1|1|2|0|1|1|1|0|0|0|0|1|0|1284280097|1284280102|0|0|0|0|0|0|0|0|0|0
328|R1|1|2|0|1|1|1|0|0|0|0|1|0|1292972824|1292972829|0|0|0|0|0|0|0|0|0|0
329|R1|1|2|0|1|1|1|0|0|0|0|1|0|1300965127|1300965132|0|0|0|0|0|0|0|0|0|0
330|R1|1|2|0|1|1|1|0|0|0|0|1|0|1307852193|1307852198|0|0|0|0|0|0|0|0|0|0
331|R1|1|2|0|1|1|1|0|0|0|0|1|0|1317932901|1317932906|0|0|0|0|0|0|0|0|0|0
332|R1|1|2|0|1|1|1|0|0|0|0|1|0|1325279605|1325279610|0|0|0|0|0|0|0|0|0|0
333|R1|1|2|0|1|1|1|0|0|0|0|1|0|1332407628|1332407633|0|0|0|0|0|0|0|0|0|0
334|R1|1|2|0|1|1|1|0|0|0|0|1|0|1339111868|1339111873|0|0|0|0|0|0|0|0|0|0
335|R1|1|2|0|1|1|1|0|0|0|0|1|0|1347499372|1347499377|0|0|0|0|0|0|0|0|0|0
336|R1|1|2|0|1|1|1|0|0|0|0|1|0|1355061420|1355061425|0|0|0|0|0|0|0|0|0|0
337|R1|1|2|0|1|1|1|0|0|0|0|1|0|1362070616|1362070621|0|0|0|0|0|0|0|0|0|0
338|R1|1|2|0|1|1|1|0|0|0|0|1|0|1370175370|1370175375|0|0|0|0|0|0|0|0|0|0
339|R1|1|2|0|1|1|1|0|0|0|0|1|0|1378752430|1378752435|0|0|0|0|0|0|0|0|0|0
340|R1|1|2|0|1|1|1|0|0|0|0|1|0|1385806702|1385806707|0|0|0|0|0|0|0|0|0|0
341|R1|1|2|0|1|1|1|0|0|0|0|1|0|1392054389|1392054394|0|0|0|0|0|0|0|0|0|0
342|R1|1|2|0|1|1|1|0|0|0|0|1|0|1400435452|1400435457|0|0|0|0|0|0|0|0|0|0
343|R1|1|2|0|1|1|1|0|0|0|0|1|0|1409809313|1409809318|0|0|0|0|0|0|0|0|0|0
344|R1|1|2|0|1|1|1|0|0|0|0|1|0|1417374566|1417374571|0|0|0|0|0|0|0|0|0|0
345|R1|1|2|0|1|1|1|0|0|0|0|1|0|1424708239|1424708244|0|0|0|0|0|0|0|0|0|0
346|R1|1|2|0|1|1|1|0|0|0|0|1|0|1432006826|1432006831|0|0|0|0|0|0|0|0|0|0
347|R1|1|2|0|1|1|1|0|0|0|0|1|0|1441284254|1441284259|0|0|0|0|0|0|0|0|0|0
348|R1|1|2|0|1|1|1|0|0|0|0|1|0|1449887006|1449887011|0|0|0|0|0|0|0|0|0|0
349|R1|1|2|0|1|1|1|0|0|0|0|1|0|1456976483|1456976488|0|0|0|0|0|0|0|0|0|0
350|R1|1|2|0|1|1|1|0|0|0|0|1|0|1464259014|1464259019|0|0|0|0|0|0|0|0|0|0
351|R1|1|2|0|1|1|1|0|0|0|0|1|0|1473234799|1473234804|0|0|0|0|0|0|0|0|0|0
352|R1|1|2|0|1|1|1|0|0|0|0|1|0|1480796888|1480796893|0|0|0|0|0|0|0|0|0|0
353|R1|1|2|0|1|1|1|0|0|0|0|1|0|1488098410|1488098415|0|0|0|0|0|0|0|0|0|0
354|R1|1|2|0|1|1|1|0|0|0|0|1|0|1495737552|1495737557|0|0|0|0|0|0|0|0|0|0
355|R1|1|2|0|1|1|1|0|0|0|0|1|0|1504713281|1504713286|0|0|0|0|0|0|0|0|0|0
356|R1|1|2|0|1|1|1|0|0|0|0|1|0|1512532206|1512532211|0|0|0|0|0|0|0|0|0|0
357|R1|1|2|0|1|1|1|0|0|0|0|1|0|1519464510|1519464515|0|0|0|0|0|0|0|0|0|0
358|R1|1|2|0|1|1|1|0|0|0|0|1|0|1527476097|1527476102|0|0|0|0|0|0|0|0|0|0
359|R1|1|2|0|1|1|1|0|0|0|0|1|0|1539365953|1539365958|0|0|0|0|0|0|0|0|0|0
360|R1|1|2|0|1|1|1|0|0|0|0|1|0|1547172039|1547172044|0|0|0|0|0|0|0|0|0|0
361|R1|1|2|0|1|1|1|0|0|0|0|1|0|1555296357|1555296362|0|0|0|0|0|0|0|0|0|0
362|R1|1|2|0|1|1|1|0|0|0|0|1|0|1565570574|1565570579|0|0|0|0|0|0|0|0|0|0
363|R1|1|2|0|1|1|1|0|0|0|0|1|0|1572021022|1572021027|0|0|0|0|0|0|0|0|0|0
364|R1|1|2|0|1|1|1|0|0|0|0|1|0|1579855902|1579855907|0|0|0|0|0|0|0|0|0|0
365|R1|1|2|0|1|1|1|0|0|0|0|1|0|1587125296|1587125301|0|0|0|0|0|0|0|0|0|0
366|R1|1|2|0|1|1|1|0|0|0|0|1|0|1594867292|1594867297|0|0|0|0|0|0|0|0|0|0
367|R1|1|2|0|1|1|1|0|0|0|0|1|0|1602821043|1602821048|0|0|0|0|0|0|0|0|0|0
368|R1|1|2|0|1|1|1|0|0|0|0|1|0|1612307361|1612307366|0|0|0|0|0|0|0|0|0|0
369|R1|1|2|0|1|1|1|0|0|0|0|1|0|1620052555|1620052560|0|0|0|0|0|0|0|0|0|0
370|R1|1|2|0|1|1|1|0|0|0|0|1|0|1626181372|1626181377|0|0|0|0|0|0|0|0|0|0
371|R1|1|2|0|1|1|1|0|0|0|0|1|0|1635211454|1635211459|0|0|0|0|0|0|0|0|0|0
372|R1|1|2|0|1|1|1|0|0|0|0|1|0|1641873605|1641873610|0|0|0|0|0|0|0|0|0|0
373|R1|1|2|0|1|1|1|0|0|0|0|1|0|1649824130|1649824135|0|0|0|0|0|0|0|0|0|0
374|R1|1|2|0|1|1|1|0|0|0|0|1|0|1657842131|1657842136|0|0|0|0|0|0|0|0|0|0
375|R1|1|2|0|1|1|1|0|0|0|0|1|0|1667383070|1667383075|0|0|0|0|0|0|0|0|0|0
376|R1|1|2|0|1|1|1|0|0|0|0|1|0|1675346748|1675346753|0|0|0|0|0|0|0|0|0|0
377|R1|1|2|0|1|1|1|0|0|0|0|1|0|1683384332|1683384337|0|0|0|0|0|0|0|0|0|0
378|R1|1|2|0|1|1|1|0|0|0|0|1|0|1694165451|1694165456|0|0|0|0|0|0|0|0|0|0
379|R1|1|2|0|1|1|1|0|0|0|0|1|0|1702177035|1702177040|0|0|0|0|0|0|0|0|0|0
380|R1|1|2|0|1|1|1|0|0|0|0|1|0|1709883685|1709883690|0|0|0|0|0|0|0|0|0|0
381|R1|1|2|0|1|1|1|0|0|0|0|1|0|1717676953|1717676958|0|0|0|0|0|0|0|0|0|0
382|R1|1|2|0|1|1|1|0|0|0|0|1|0|1724686092|1724686097|0|0|0|0|0|0|0|0|0|0
383|R1|1|2|0|1|1|1|0|0|0|0|1|0|1731746640|1731746645|0|0|0|0|0|0|0|0|0|0
384|R1|1|2|0|1|1|1|0|0|0|0|1|0|1739774380|1739774385|0|0|0|0|0|0|0|0|0|0
385|R1|1|2|0|1|1|1|0|0|0|0|1|0|1747696275|1747696280|0|0|0|0|0|0|0|0|0|0
386|R1|1|2|0|1|1|1|0|0|0|0|1|0|1755627809|1755627814|0|0|0|0|0|0|0|0|0|0
387|R1|1|2|0|1|1|1|0|0|0|0|1|0|1764204865|1764204870|0|0|0|0|0|0|0|0|0|0
388|R1|1|2|0|1|1|1|0|0|0|0|1|0|1773597982|1773597987|0|0|0|0|0|0|0|0|0|0
389|R1|1|2|0|1|1|1|0|0|0|0|1|0|1779701094|1779701099|0|0|0|0|0|0|0|0|0|0
390|R1|1|2|0|1|1|1|0|0|0|0|1|0|1788159274|1788159279|0|0|0|0|0|0|0|0|0|0
391|R1|1|2|0|1|1|1|0|0|0|0|1|0|1797523535|1797523540|0|0|0|0|0|0|0|0|0|0
392|R1|1|2|0|1|1|1|0|0|0|0|1|0|1806123100|1806123105|0|0|0|0|0|0|0|0|0|0
393|R1|1|2|0|1|1|1|0|0|0|0|1|0|1813437784|1813437789|0|0|0|0|0|0|0|0|0|0
394|R1|1|2|0|1|1|1|0|0|0|0|1|0|1822612578|1822612583|0|0|0|0|0|0|0|0|0|0
395|R1|1|2|0|1|1|1|0|0|0|0|1|0|1831163900|1831163905|0|0|0|0|0|0|0|0|0|0
396|R1|1|2|0|1|1|1|0|0|0|0|1|0|1840219686|1840219691|0|0|0|0|0|0|0|0|0|0
397|R1|1|2|0|1|1|1|0|0|0|0|1|0|1847704702|1847704707|0|0|0|0|0|0|0|0|0|0
398|R1|1|2|0|1|1|1|0|0|0|0|1|0|1856831896|1856831901|0|0|0|0|0|0|0|0|0|0
399|R1|1|2|0|1|1|1|0|0|0|0|1|0|1867249976|1867249981|0|0|0|0|0|0|0|0|0|0
400|R1|1|2|0|1|1|1|0|0|0|0|1|0|1875573221|1875573226|0|0|0|0|0|0|0|0|0|0
401|R1|1|2|0|1|1|1|0|0|0|0|1|0|1884481226|1884481231|0|0|0|0|0|0|0|0|0|0
402|R1|1|2|0|1|1|1|0|0|0|0|1|0|1893122543|1893122548|0|0|0|0|0|0|0|0|0|0
403|R1|1|2|0|1|1|1|0|0|0|0|1|0|1900819253|1900819258|0|0|0|0|0|0|0|0|0|0
404|R1|1|2|0|1|1|1|0|0|0|0|1|0|1909226041|1909226046|0|0|0|0|0|0|0|0|0|0
405|R1|1|2|0|1|1|1|0|0|0|0|1|0|1920457016|1920457021|0|0|0|0|0|0|0|0|0|0
406|R1|1|2|0|1|1|1|0|0|0|0|1|0|1929091878|1929091883|0|0|0|0|0|0|0|0|0|0
407|R1|1|2|0|1|1|1|0|0|0|0|1|0|1938411160|1938411165|0|0|0|0|0|0|0|0|0|0
408|R1|1|2|0|1|1|1|0|0|0|0|1|0|1945430095|1945430100|0|0|0|0|0|0|0|0|0|0
409|R1|1|2|0|1|1|1|0|0|0|0|1|0|1954711068|1954711073|0|0|0|0|0|0|0|0|0|0
410|R1|1|2|0|1|1|1|0|0|0|0|1|0|1964628211|1964628216|0|0|0|0|0|0|0|0|0|0
411|R1|1|2|0|1|1|1|0|0|0|0|1|0|1973571774|1973571779|0|0|0|0|0|0|0|0|0|0
412|R1|1|2|0|1|1|1|0|0|0|0|1|0|1981727950|1981727955|0|0|0|0|0|0|0|0|0|0
413|R1|1|2|0|1|1|1|0|0|0|0|1|0|1992190990|1992190995|0|0|0|0|0|0|0|0|0|0
414|R1|1|2|0|1|1|1|0|0|0|0|1|0|2002589766|2002589771|0|0|0|0|0|0|0|0|0|0
415|R1|1|2|0|1|1|1|0|0|0|0|1|0|2009682469|2009682474|0|0|0|0|0|0|0|0|0|0
416|R1|1|2|0|1|1|1|0|0|0|0|1|0|2016669158|2016669163|0|0|0|0|0|0|0|0|0|0
417|R1|1|2|0|1|1|1|0|0|0|0|1|0|2027987132|2027987137|0|0|0|0|0|0|0|0|0|0
418|R1|1|2|0|1|1|1|0|0|0|0|1|0|2036609446|2036609451|0|0|0|0|0|0|0|0|0|0
419|R1|1|2|0|1|1|1|0|0|0|0|1|0|2046002566|2046002571|0|0|0|0|0|0|0|0|0|0
420|R1|1|2|0|1|1|1|0|0|0|0|1|0|2053207742|2053207747|0|0|0|0|0|0|0|0|0|0
421|R1|1|2|0|1|1|1|0|0|0|0|1|0|2061617726|2061617731|0|0|0|0|0|0|0|0|0|0
422|R1|1|2|0|1|1|1|0|0|0|0|1|0|2068125653|2068125658|0|0|0|0|0|0|0|0|0|0
423|R1|1|2|0|1|1|1|0|0|0|0|1|0|2074466526|2074466531|0|0|0|0|0|0|0|0|0|0
424|R1|1|2|0|1|1|1|0|0|0|0|1|0|2081234850|2081234855|0|0|0|0|0|0|0|0|0|0
425|R1|1|2|0|1|1|1|0|0|0|0|1|0|2091987056|2091987061|0|0|0|0|0|0|0|0|0|0
426|R1|1|2|0|1|1|1|0|0|0|0|1|0|2099574534|2099574539|0|0|0|0|0|0|0|0|0|0
427|R1|1|2|0|1|1|1|0|0|0|0|1|0|2107531522|2107531527|0|0|0|0|0|0|0|0|0|0
428|R1|1|2|0|1|1|1|0|0|0|0|1|0|2114412185|2114412190|0|0|0|0|0|0|0|0|0|0
429|R1|1|2|0|1|1|1|0|0|0|0|1|0|2125624933|2125624938|0|0|0|0|0|0|0|0|0|0
430|R1|1|2|0|1|1|1|0|0|0|0|1|0|2133373048|2133373053|0|0|0|0|0|0|0|0|0|0
431|R1|1|2|0|1|1|1|0|0|0|0|1|0|2142030383|2142030388|0|0|0|0|0|0|0|0|0|0
432|R1|1|2|0|1|1|1|0|0|0|0|1|0|2148499768|2148499773|0|0|0|0|0|0|0|0|0|0
433|R1|1|2|0|1|1|1|0|0|0|0|1|0|2157247116|2157247121|0|0|0|0|0|0|0|0|0|0
434|R1|1|2|0|1|1|1|0|0|0|0|1|0|2164278789|2164278794|0|0|0|0|0|0|0|0|0|0
435|R1|1|2|0|1|1|1|0|0|0|0|1|0|2171352204|2171352209|0|0|0|0|0|0|0|0|0|0
436|R1|1|2|0|1|1|1|0|0|0|0|1|0|2178419174|2178419179|0|0|0|0|0|0|0|0|0|0
437|R1|1|2|0|1|1|1|0|0|0|0|1|0|2186897500|2186897505|0|0|0|0|0|0|0|0|0|0
438|R1|1|2|0|1|1|1|0|0|0|0|1|0|2195863320|2195863325|0|0|0|0|0|0|0|0|0|0
439|R1|1|2|0|1|1|1|0|0|0|0|1|0|2203759518|2203759523|0|0|0|0|0|0|0|0|0|0
440|R1|1|2|0|1|1|1|0|0|0|0|1|0|2211777799|2211777804|0|0|0|0|0|0|0|0|0|0
441|R1|1|2|0|1|1|1|0|0|0|0|1|0|2220313094|2220313099|0|0|0|0|0|0|0|0|0|0
442|R1|1|2|0|1|1|1|0|0|0|0|1|0|2230956085|2230956090|0|0|0|0|0|0|0|0|0|0
443|R1|1|2|0|1|1|1|0|0|0|0|1|0|2238383202|2238383207|0|0|0|0|0|0|0|0|0|0
444|R1|1|2|0|1|1|1|0|0|0|0|1|0|2246430136|2246430141|0|0|0|0|0|0|0|0|0|0
445|R1|1|2|0|1|1|1|0|0|0|0|1|0|2256003180|2256003185|0|0|0|0|0|0|0|0|0|0
446|R1|1|2|0|1|1|1|0|0|0|0|1|0|2264078991|2264078996|0|0|0|0|0|0|0|0|0|0
447|R1|1|2|0|1|1|1|0|0|0|0|1|0|2271097781|2271097786|0|0|0|0|0|0|0|0|0|0
448|R1|1|2|0|1|1|1|0|0|0|0|1|0|2278280709|2278280714|0|0|0|0|0|0|0|0|0|0
449|R1|1|2|0|1|1|1|0|0|0|0|1|0|2288130085|2288130090|0|0|0|0|0|0|0|0|0|0
450|R1|1|2|0|1|1|1|0|0|0|0|1|0|2295187699|2295187704|0|0|0|0|0|0|0|0|0|0
451|R1|1|2|0|1|1|1|0|0|0|0|1|0|2304478238|2304478243|0|0|0|0|0|0|0|0|0|0
452|R1|1|2|0|1|1|1|0|0|0|0|1|0|2312682997|2312683002|0|0|0|0|0|0|0|0|0|0
453|R1|1|2|0|1|1|1|0|0|0|0|1|0|2321392001|2321392006|0|0|0|0|0|0|0|0|0|0
454|R1|1|2|0|1|1|1|0|0|0|0|1|0|2329236646|2329236651|0|0|0|0|0|0|0|0|0|0
455|R1|1|2|0|1|1|1|0|0|0|0|1|0|2336187960|2336187965|0|0|0|0|0|0|0|0|0|0
456|R1|1|2|0|1|1|1|0|0|0|0|1|0|2344017086|2344017091|0|0|0|0|0|0|0|0|0|0
457|R1|1|2|0|1|1|1|0|0|0|0|1|0|2352938206|2352938211|0|0|0|0|0|0|0|0|0|0
458|R1|1|2|0|1|1|1|0|0|0|0|1|0|2360686466|2360686471|0|0|0|0|0|0|0|0|0|0
459|R1|1|2|0|1|1|1|0|0|0|0|1|0|2367708496|2367708501|0|0|0|0|0|0|0|0|0|0
460|R1|1|2|0|1|1|1|0|0|0|0|1|0|2375996376|2375996381|0|0|0|0|0|0|0|0|0|0
461|R1|1|2|0|1|1|1|0|0|0|0|1|0|2385996711|2385996716|0|0|0|0|0|0|0|0|0|0
462|R1|1|2|0|1|1|1|0|0|0|0|1|0|2392690990|2392690995|0|0|0|0|0|0|0|0|0|0
463|R1|1|2|0|1|1|1|0|0|0|0|1|0|2400207795|2400207800|0|0|0|0|0|0|0|0|0|0
464|R1|1|2|0|1|1|1|0|0|0|0|1|0|2408241881|2408241886|0|0|0|0|0|0|0|0|0|0
465|R1|1|2|0|1|1|1|0|0|0|0|1|0|2417137162|2417137167|0|0|0|0|0|0|0|0|0|0
466|R1|1|2|0|1|1|1|0|0|0|0|1|0|2425255046|2425255051|0|0|0|0|0|0|0|0|0|0
467|R1|1|2|0|1|1|1|0|0|0|0|1|0|2433144563|2433144568|0|0|0|0|0|0|0|0|0|0
468|R1|1|2|0|1|1|1|0|0|0|0|1|0|2442293518|2442293523|0|0|0|0|0|0|0|0|0|0
469|R1|1|2|0|1|1|1|0|0|0|0|1|0|2450041807|2450041812|0|0|0|0|0|0|0|0|0|0
470|R1|1|2|0|1|1|1|0|0|0|0|1|0|2456970625|2456970630|0|0|0|0|0|0|0|0|0|0
471|R1|1|2|0|1|1|1|0|0|0|0|1|0|2466167778|2466167783|0|0|0|0|0|0|0|0|0|0
472|R1|1|2|0|1|1|1|0|0|0|0|1|0|2474270072|2474270077|0|0|0|0|0|0|0|0|0|0
473|R1|1|2|0|1|1|1|0|0|0|0|1|0|2480877633|2480877638|0|0|0|0|0|0|0|0|0|0
474|R1|1|2|0|1|1|1|0|0|0|0|1|0|2487427343|2487427348|0|0|0|0|0|0|0|0|0|0
475|R1|1|2|0|1|1|1|0|0|0|0|1|0|2496473496|2496473501|0|0|0|0|0|0|0|0|0|0
476|R1|1|2|0|1|1|1|0|0|0|0|1|0|2505689964|2505689969|0|0|0|0|0|0|0|0|0|0
477|R1|1|2|0|1|1|1|0|0|0|0|1|0|2513894736|2513894741|0|0|0|0|0|0|0|0|0|0
478|R1|1|2|0|1|1|1|0|0|0|0|1|0|2520579399|2520579404|0|0|0|0|0|0|0|0|0|0
479|R1|1|2|0|1|1|1|0|0|0|0|1|0|2526836915|2526836920|0|0|0|0|0|0|0|0|0|0
480|R1|1|2|0|1|1|1|0|0|0|0|1|0|2533866119|2533866124|0|0|0|0|0|0|0|0|0|0
481|R1|1|2|0|1|1|1|0|0|0|0|1|0|2543866510|2543866515|0|0|0|0|0|0|0|0|0|0
482|R1|1|2|0|1|1|1|0|0|0|0|1|0|2550917415|2550917420|0|0|0|0|0|0|0|0|0|0
483|R1|1|2|0|1|1|1|0|0|0|0|1|0|2557875150|2557875155|0|0|0|0|0|0|0|0|0|0
484|R1|1|2|0|1|1|1|0|0|0|0|1|0|2565083778|2565083783|0|0|0|0|0|0|0|0|0|0
485|R1|1|2|0|1|1|1|0|0|0|0|1|0|2575524481|2575524486|0|0|0|0|0|0|0|0|0|0
486|R1|1|2|0|1|1|1|0|0|0|0|1|0|2583741676|2583741681|0|0|0|0|0|0|0|0|0|0
487|R1|1|2|0|1|1|1|0|0|0|0|1|0|2591448184|2591448189|0|0|0|0|0|0|0|0|0|0
488|R1|1|2|0|1|1|1|0|0|0|0|1|0|2599447157|2599447162|0|0|0|0|0|0|0|0|0|0
489|R1|1|2|0|1|1|1|0|0|0|0|1|0|2607670822|2607670827|0|0|0|0|0|0|0|0|0|0
490|R1|1|2|0|1|1|1|0|0|0|0|1|0|2615409454|2615409459|0|0|0|0|0|0|0|0|0|0
491|R1|1|2|0|1|1|1|0|0|0|0|1|0|2623418014|2623418019|0|0|0|0|0|0|0|0|0|0
492|R1|1|2|0|1|1|1|0|0|0|0|1|0|2631474863|2631474868|0|0|0|0|0|0|0|0|0|0
493|R1|1|2|0|1|1|1|0|0|0|0|1|0|2643534725|2643534730|0|0|0|0|0|0|0|0|0|0
494|R1|1|2|0|1|1|1|0|0|0|0|1|0|2651176816|2651176821|0|0|0|0|0|0|0|0|0|0
495|R1|1|2|0|1|1|1|0|0|0|0|1|0|2659512897|2659512902|0|0|0|0|0|0|0|0|0|0
496|R1|1|2|0|1|1|1|0|0|0|0|1|0|2668983174|2668983179|0|0|0|0|0|0|0|0|0|0
497|R1|1|2|0|1|1|1|0|0|0|0|1|0|2676760421|2676760426|0|0|0|0|0|0|0|0|0|0
498|R1|1|2|0|1|1|1|0|0|0|0|1|0|2685405250|2685405255|0|0|0|0|0|0|0|0|0|0
499|R1|1|2|0|1|1|1|0|0|0|0|1|0|2693140510|2693140515|0|0|0|0|0|0|0|0|0|0
500|R1|1|2|0|1|1|1|0|0|0|0|1|0|2702533976|2702533981|0|0|0|0|0|0|0|0|0|0
501|R1|1|2|0|1|1|1|0|0|0|0|1|0|2710809004|2710809009|0|0|0|0|0|0|0|0|0|0
502|R1|1|2|0|1|1|1|0|0|0|0|1|0|2718579902|2718579907|0|0|0|0|0|0|0|0|0|0
503|R1|1|2|0|1|1|1|0|0|0|0|1|0|2726511429|2726511434|0|0|0|0|0|0|0|0|0|0
504|R1|1|2|0|1|1|1|0|0|0|0|1|0|2735670054|2735670059|0|0|0|0|0|0|0|0|0|0
505|R1|1|2|0|1|1|1|0|0|0|0|1|0|2745397345|2745397350|0|0|0|0|0|0|0|0|0|0
506|R1|1|2|0|1|1|1|0|0|0|0|1|0|2754491690|2754491695|0|0|0|0|0|0|0|0|0|0
507|R1|1|2|0|1|1|1|0|0|0|0|1|0|2764700967|2764700972|0|0|0|0|0|0|0|0|0|0
508|R1|1|2|0|1|1|1|0|0|0|0|1|0|2771970366|2771970371|0|0|0|0|0|0|0|0|0|0
509|R1|1|2|0|1|1|1|0|0|0|0|1|0|2779307276|2779307281|0|0|0|0|0|0|0|0|0|0
510|R1|1|2|0|1|1|1|0|0|0|0|1|0|2785885893|2785885898|0|0|0|0|0|0|0|0|0|0
511|R1|1|2|0|1|1|1|0|0|0|0|1|0|2793493445|2793493450|0|0|0|0|0|0|0|0|0|0
512|R1|1|2|0|1|1|1|0|0|0|0|1|0|2799692967|2799692972|0|0|0|0|0|0|0|0|0|0
513|R1|1|2|0|1|1|1|0|0|0|0|1|0|2806525456|2806525461|0|0|0|0|0|0|0|0|0|0
514|R1|1|2|0|1|1|1|0|0|0|0|1|0|2813467274|2813467279|0|0|0|0|0|0|0|0|0|0
515|R1|1|2|0|1|1|1|0|0|0|0|1|0|2820360812|2820360817|0|0|0|0|0|0|0|0|0|0
516|R1|1|2|0|1|1|1|0|0|0|0|1|0|2827543973|2827543978|0|0|0|0|0|0|0|0|0|0
517|R1|1|2|0|1|1|1|0|0|0|0|1|0|2833734014|2833734019|0|0|0|0|0|0|0|0|0|0
518|R1|1|2|0|1|1|1|0|0|0|0|1|0|2841494983|2841494988|0|0|0|0|0|0|0|0|0|0
519|R1|1|2|0|1|1|1|0|0|0|0|1|0|2847382830|2847382835|0|0|0|0|0|0|0|0|0|0
520|R1|1|2|0|1|1|1|0|0|0|0|1|0|2855273075|2855273080|0|0|0|0|0|0|0|0|0|0
521|R1|1|2|0|1|1|1|0|0|0|0|1|0|2862330430|2862330435|0|0|0|0|0|0|0|0|0|0
522|R1|1|2|0|1|1|1|0|0|0|0|1|0|2871042433|2871042438|0|0|0|0|0|0|0|0|0|0
523|R1|1|2|0|1|1|1|0|0|0|0|1|0|2878713441|2878713446|0|0|0|0|0|0|0|0|0|0
524|R1|1|2|0|1|1|1|0|0|0|0|1|0|2886963522|2886963527|0|0|0|0|0|0|0|0|0|0
525|R1|1|2|0|1|1|1|0|0|0|0|1|0|2893889095|2893889100|0|0|0|0|0|0|0|0|0|0
526|R1|1|2|0|1|1|1|0|0|0|0|1|0|2900923966|2900923971|0|0|0|0|0|0|0|0|0|0
527|R1|1|2|0|1|1|1|0|0|0|0|1|0|2910236793|2910236798|0|0|0|0|0|0|0|0|0|0
528|R1|1|2|0|1|1|1|0|0|0|0|1|0|2919225118|2919225123|0|0|0|0|0|0|0|0|0|0
529|R1|1|2|0|1|1|1|0|0|0|0|1|0|2928014270|2928014275|0|0|0|0|0|0|0|0|0|0
530|R1|1|2|0|1|1|1|0|0|0|0|1|0|2934885500|2934885505|0|0|0|0|0|0|0|0|0|0
531|R1|1|2|0|1|1|1|0|0|0|0|1|0|2942758926|2942758931|0|0|0|0|0|0|0|0|0|0
532|R1|1|2|0|1|1|1|0|0|0|0|1|0|2952768953|2952768958|0|0|0|0|0|0|0|0|0|0
533|R1|1|2|0|1|1|1|0|0|0|0|1|0|2961378306|2961378311|0|0|0|0|0|0|0|0|0|0
534|R1|1|2|0|1|1|1|0|0|0|0|1|0|2969544423|2969544428|0|0|0|0|0|0|0|0|0|0
535|R1|1|2|0|1|1|1|0|0|0|0|1|0|2977761893|2977761898|0|0|0|0|0|0|0|0|0|0
536|R1|1|2|0|1|1|1|0|0|0|0|1|0|2987124216|2987124221|0|0|0|0|0|0|0|0|0|0
537|R1|1|2|0|1|1|1|0|0|0|0|1|0|2993404322|2993404327|0|0|0|0|0|0|0|0|0|0
538|R1|1|2|0|1|1|1|0|0|0|0|1|0|3001994501|3001994506|0|0|0|0|0|0|0|0|0|0
539|R1|1|2|0|1|1|1|0|0|0|0|1|0|3009970923|3009970928|0|0|0|0|0|0|0|0|0|0
540|R1|1|2|0|1|1|1|0|0|0|0|1|0|3019521487|3019521492|0|0|0|0|0|0|0|0|0|0
541|R1|1|2|0|1|1|1|0|0|0|0|1|0|3027677944|3027677949|0|0|0|0|0|0|0|0|0|0
542|R1|1|2|0|1|1|1|0|0|0|0|1|0|3037408432|3037408437|0|0|0|0|0|0|0|0|0|0
543|R1|1|2|0|1|1|1|0|0|0|0|1|0|3045690158|3045690163|0|0|0|0|0|0|0|0|0|0
544|R1|1|2|0|1|1|1|0|0|0|0|1|0|3055385584|3055385589|0|0|0|0|0|0|0|0|0|0
545|R1|1|2|0|1|1|1|0|0|0|0|1|0|3062876940|3062876945|0|0|0|0|0|0|0|0|0|0
546|R1|1|2|0|1|1|1|0|0|0|0|1|0|3070258798|3070258803|0|0|0|0|0|0|0|0|0|0
547|R1|1|2|0|1|1|1|0|0|0|0|1|0|3077547718|3077547723|0|0|0|0|0|0|0|0|0|0
548|R1|1|2|0|1|1|1|0|0|0|0|1|0|3085867754|3085867759|0|0|0|0|0|0|0|0|0|0
549|R1|1|2|0|1|1|1|0|0|0|0|1|0|3093818428|3093818433|0|0|0|0|0|0|0|0|0|0
550|R1|1|2|0|1|1|1|0|0|0|0|1|0|3103802734|3103802739|0|0|0|0|0|0|0|0|0|0
551|R1|1|2|0|1|1|1|0|0|0|0|1|0|3112178081|3112178086|0|0|0|0|0|0|0|0|0|0
552|R1|1|2|0|1|1|1|0|0|0|0|1|0|3123338598|3123338603|0|0|0|0|0|0|0|0|0|0
553|R1|1|2|0|1|1|1|0|0|0|0|1|0|3131980038|3131980043|0|0|0|0|0|0|0|0|0|0
554|R1|1|2|0|1|1|1|0|0|0|0|1|0|3139506460|3139506465|0|0|0|0|0|0|0|0|0|0
555|R1|1|2|0|1|1|1|0|0|0|0|1|0|3147376656|3147376661|0|0|0|0|0|0|0|0|0|0
556|R1|1|2|0|1|1|1|0|0|0|0|1|0|3156265374|3156265379|0|0|0|0|0|0|0|0|0|0
557|R1|1|2|0|1|1|1|0|0|0|0|1|0|3163223119|3163223124|0|0|0|0|0|0|0|0|0|0
558|R1|1|2|0|1|1|1|0|0|0|0|1|0|3171000156|3171000161|0|0|0|0|0|0|0|0|0|0
559|R1|1|2|0|1|1|1|0|0|0|0|1|0|3178726092|3178726097|0|0|0|0|0|0|0|0|0|0
560|R1|1|2|0|1|1|1|0|0|0|0|1|0|3187631146|3187631151|0|0|0|0|0|0|0|0|0|0
561|R1|1|2|0|1|1|1|0|0|0|0|1|0|3196025363|3196025368|0|0|0|0|0|0|0|0|0|0
562|R1|1|2|0|1|1|1|0|0|0|0|1|0|3204428908|3204428913|0|0|0|0|0|0|0|0|0|0
563|R1|1|2|0|1|1|1|0|0|0|0|1|0|3211759344|3211759349|0|0|0|0|0|0|0|0|0|0
564|R1|1|2|0|1|1|1|0|0|0|0|1|0|3221885057|3221885062|0|0|0|0|0|0|0|0|0|0
565|R1|1|2|0|1|1|1|0|0|0|0|1|0|3230082990|3230082995|0|0|0|0|0|0|0|0|0|0
566|R1|1|2|0|1|1|1|0|0|0|0|1|0|3237911463|3237911468|0|0|0|0|0|0|0|0|0|0
567|R1|1|2|0|1|1|1|0|0|0|0|1|0|3245389692|3245389697|0|0|0|0|0|0|0|0|0|0
568|R1|1|2|0|1|1|1|0|0|0|0|1|0|3253751635|3253751640|0|0|0|0|0|0|0|0|0|0
569|R1|1|2|0|1|1|1|0|0|0|0|1|0|3261046768|3261046773|0|0|0|0|0|0|0|0|0|0
570|R1|1|2|0|1|1|1|0|0|0|0|1|0|3267262337|3267262342|0|0|0|0|0|0|0|0|0|0
571|R1|1|2|0|1|1|1|0|0|0|0|1|0|3275146030|3275146035|0|0|0|0|0|0|0|0|0|0
572|R1|1|2|0|1|1|1|0|0|0|0|1|0|3284086424|3284086429|0|0|0|0|0|0|0|0|0|0
573|R1|1|2|0|1|1|1|0|0|0|0|1|0|3292339256|3292339261|0|0|0|0|0|0|0|0|0|0
574|R1|1|2|0|1|1|1|0|0|0|0|1|0|3299628075|3299628080|0|0|0|0|0|0|0|0|0|0
575|R1|1|2|0|1|1|1|0|0|0|0|1|0|3307546520|3307546525|0|0|0|0|0|0|0|0|0|0
576|R1|1|2|0|1|1|1|0|0|0|0|1|0|3317540572|3317540577|0|0|0|0|0|0|0|0|0|0
577|R1|1|2|0|1|1|1|0|0|0|0|1|0|3323759365|3323759370|0|0|0|0|0|0|0|0|0|0
578|R1|1|2|0|1|1|1|0|0|0|0|1|0|3330177390|3330177395|0|0|0|0|0|0|0|0|0|0
579|R1|1|2|0|1|1|1|0|0|0|0|1|0|3337973743|3337973748|0|0|0|0|0|0|0|0|0|0
580|R1|1|2|0|1|1|1|0|0|0|0|1|0|3346881770|3346881775|0|0|0|0|0|0|0|0|0|0
581|R1|1|2|0|1|1|1|0|0|0|0|1|0|3355115064|3355115069|0|0|0|0|0|0|0|0|0|0
582|R1|1|2|0|1|1|1|0|0|0|0|1|0|3364048761|3364048766|0|0|0|0|0|0|0|0|0|0
583|R1|1|2|0|1|1|1|0|0|0|0|1|0|3372471598|3372471603|0|0|0|0|0|0|0|0|0|0
584|R1|1|2|0|1|1|1|0|0|0|0|1|0|3381283448|3381283453|0|0|0|0|0|0|0|0|0|0
585|R1|1|2|0|1|1|1|0|0|0|0|1|0|3388848574|3388848579|0|0|0|0|0|0|0|0|0|0
586|R1|1|2|0|1|1|1|0|0|0|0|1|0|3395407923|3395407928|0|0|0|0|0|0|0|0|0|0
587|R1|1|2|0|1|1|1|0|0|0|0|1|0|3403011736|3403011741|0|0|0|0|0|0|0|0|0|0
588|R1|1|2|0|1|1|1|0|0|0|0|1|0|3412838608|3412838613|0|0|0|0|0|0|0|0|0|0
589|R1|1|2|0|1|1|1|0|0|0|0|1|0|3420631704|3420631709|0|0|0|0|0|0|0|0|0|0
590|R1|1|2|0|1|1|1|0|0|0|0|1|0|3428090913|3428090918|0|0|0|0|0|0|0|0|0|0
591|R1|1|2|0|1|1|1|0|0|0|0|1|0|3435398867|3435398872|0|0|0|0|0|0|0|0|0|0
592|R1|1|2|0|1|1|1|0|0|0|0|1|0|3442388742|3442388747|0|0|0|0|0|0|0|0|0|0
593|R1|1|2|0|1|1|1|0|0|0|0|1|0|3450037319|3450037324|0|0|0|0|0|0|0|0|0|0
594|R1|1|2|0|1|1|1|0|0|0|0|1|0|3458707596|3458707601|0|0|0|0|0|0|0|0|0|0
595|R1|1|2|0|1|1|1|0|0|0|0|1|0|3467181890|3467181895|0|0|0|0|0|0|0|0|0|0
596|R1|1|2|0|1|1|1|0|0|0|0|1|0|3479662750|3479662755|0|0|0|0|0|0|0|0|0|0
597|R1|1|2|0|1|1|1|0|0|0|0|1|0|3488432638|3488432643|0|0|0|0|0|0|0|0|0|0
598|R1|1|2|0|1|1|1|0|0|0|0|1|0|3497517356|3497517361|0|0|0|0|0|0|0|0|0|0
599|R1|1|2|0|1|1|1|0|0|0|0|1|0|3505837382|3505837387|0|0|0|0|0|0|0|0|0|0
600|R1|1|2|0|1|1|1|0|0|0|0|1|0|3518994809|3518994814|0|0|0|0|0|0|0|0|0|0
601|R1|1|2|0|1|1|1|0|0|0|0|1|0|3528786342|3528786347|0|0|0|0|0|0|0|0|0|0
602|R1|1|2|0|1|1|1|0|0|0|0|1|0|3536595512|3536595517|0|0|0|0|0|0|0|0|0|0
603|R1|1|2|0|1|1|1|0|0|0|0|1|0|3546399919|3546399924|0|0|0|0|0|0|0|0|0|0
604|R1|1|2|0|1|1|1|0|0|0|0|1|0|3553679480|3553679485|0|0|0|0|0|0|0|0|0|0
605|R1|1|2|0|1|1|1|0|0|0|0|1|0|3561154556|3561154561|0|0|0|0|0|0|0|0|0|0
606|R1|1|2|0|1|1|1|0|0|0|0|1|0|3567974200|3567974205|0|0|0|0|0|0|0|0|0|0
607|R1|1|2|0|1|1|1|0|0|0|0|1|0|3576557793|3576557798|0|0|0|0|0|0|0|0|0|0
608|R1|1|2|0|1|1|1|0|0|0|0|1|0|3583059315|3583059320|0|0|0|0|0|0|0|0|0|0
609|R1|1|2|0|1|1|1|0|0|0|0|1|0|3590415782|3590415787|0|0|0|0|0|0|0|0|0|0
610|R1|1|2|0|1|1|1|0|0|0|0|1|0|3598475900|3598475905|0|0|0|0|0|0|0|0|0|0
611|R1|1|2|0|1|1|1|0|0|0|0|1|0|3606288332|3606288337|0|0|0|0|0|0|0|0|0|0
612|R1|1|2|0|1|1|1|0|0|0|0|1|0|3612208322|3612208327|0|0|0|0|0|0|0|0|0|0
613|R1|1|2|0|1|1|1|0|0|0|0|1|0|3619352588|3619352593|0|0|0|0|0|0|0|0|0|0
614|R1|1|2|0|1|1|1|0|0|0|0|1|0|3627299934|3627299939|0|0|0|0|0|0|0|0|0|0
615|R1|1|2|0|1|1|1|0|0|0|0|1|0|3636185519|3636185524|0|0|0|0|0|0|0|0|0|0
616|R1|1|2|0|1|1|1|0|0|0|0|1|0|3643072591|3643072596|0|0|0|0|0|0|0|0|0|0
617|R1|1|2|0|1|1|1|0|0|0|0|1|0|3650907452|3650907457|0|0|0|0|0|0|0|0|0|0
618|R1|1|2|0|1|1|1|0|0|0|0|1|0|3658347130|3658347135|0|0|0|0|0|0|0|0|0|0
619|R1|1|2|0|1|1|1|0|0|0|0|1|0|3667486469|3667486474|0|0|0|0|0|0|0|0|0|0
620|R1|1|2|0|1|1|1|0|0|0|0|1|0|3675154293|3675154298|0|0|0|0|0|0|0|0|0|0
621|R1|1|2|0|1|1|1|0|0|0|0|1|0|3683567534|3683567539|0|0|0|0|0|0|0|0|0|0
622|R1|1|2|0|1|1|1|0|0|0|0|1|0|3691148581|3691148586|0|0|0|0|0|0|0|0|0|0
623|R1|1|2|0|1|1|1|0|0|0|0|1|0|3700525724|3700525729|0|0|0|0|0|0|0|0|0|0
624|R1|1|2|0|1|1|1|0|0|0|0|1|0|3708087797|3708087802|0|0|0|0|0|0|0|0|0|0
625|R1|1|2|0|1|1|1|0|0|0|0|1|0|3715595362|3715595367|0|0|0|0|0|0|0|0|0|0
626|R1|1|2|0|1|1|1|0|0|0|0|1|0|3722771582|3722771587|0|0|0|0|0|0|0|0|0|0
627|R1|1|2|0|1|1|1|0|0|0|0|1|0|3731493317|3731493322|0|0|0|0|0|0|0|0|0|0
628|R1|1|2|0|1|1|1|0|0|0|0|1|0|3738493223|3738493228|0|0|0|0|0|0|0|0|0|0
629|R1|1|2|0|1|1|1|0|0|0|0|1|0|3745855909|3745855914|0|0|0|0|0|0|0|0|0|0
630|R1|1|2|0|1|1|1|0|0|0|0|1|0|3753854684|3753854689|0|0|0|0|0|0|0|0|0|0
631|R1|1|2|0|1|1|1|0|0|0|0|1|0|3762801232|3762801237|0|0|0|0|0|0|0|0|0|0
632|R1|1|2|0|1|1|1|0|0|0|0|1|0|3769710937|3769710942|0|0|0|0|0|0|0|0|0|0
633|R1|1|2|0|1|1|1|0|0|0|0|1|0|3777838821|3777838826|0|0|0|0|0|0|0|0|0|0
634|R1|1|2|0|1|1|1|0|0|0|0|1|0|3785889255|3785889260|0|0|0|0|0|0|0|0|0|0
635|R1|1|2|0|1|1|1|0|0|0|0|1|0|3795500862|3795500867|0|0|0|0|0|0|0|0|0|0
636|R1|1|2|0|1|1|1|0|0|0|0|1|0|3803856499|3803856504|0|0|0|0|0|0|0|0|0|0
637|R1|1|2|0|1|1|1|0|0|0|0|1|0|3811633740|3811633745|0|0|0|0|0|0|0|0|0|0
638|R1|1|2|0|1|1|1|0|0|0|0|1|0|3818469420|3818469425|0|0|0|0|0|0|0|0|0|0
639|R1|1|2|0|1|1|1|0|0|0|0|1|0|3824890599|3824890604|0|0|0|0|0|0|0|0|0|0
640|R1|1|2|0|1|1|1|0|0|0|0|1|0|3832632290|3832632295|0|0|0|0|0|0|0|0|0|0
641|R1|1|2|0|1|1|1|0|0|0|0|1|0|3840101020|3840101025|0|0|0|0|0|0|0|0|0|0
642|R1|1|2|0|1|1|1|0|0|0|0|1|0|3847013784|3847013789|0|0|0|0|0|0|0|0|0|0
643|R1|1|2|0|1|1|1|0|0|0|0|1|0|3853743398|3853743403|0|0|0|0|0|0|0|0|0|0
644|R1|1|2|0|1|1|1|0|0|0|0|1|0|3861780696|3861780701|0|0|0|0|0|0|0|0|0|0
645|R1|1|2|0|1|1|1|0|0|0|0|1|0|3870238869|3870238874|0|0|0|0|0|0|0|0|0|0
646|R1|1|2|0|1|1|1|0|0|0|0|1|0|3878186485|3878186490|0|0|0|0|0|0|0|0|0|0
647|R1|1|2|0|1|1|1|0|0|0|0|1|0|3886875989|3886875994|0|0|0|0|0|0|0|0|0|0
648|R1|1|2|0|1|1|1|0|0|0|0|1|0|3894679015|3894679020|0|0|0|0|0|0|0|0|0|0
649|R1|1|2|0|1|1|1|0|0|0|0|1|0|3903330291|3903330296|0|0|0|0|0|0|0|0|0|0
650|R1|1|2|0|1|1|1|0|0|0|0|1|0|3911084965|3911084970|0|0|0|0|0|0|0|0|0|0
651|R1|1|2|0|1|1|1|0|0|0|0|1|0|3920882926|3920882931|0|0|0|0|0|0|0|0|0|0
652|R1|1|2|0|1|1|1|0|0|0|0|1|0|3928447914|3928447919|0|0|0|0|0|0|0|0|0|0
653|R1|1|2|0|1|1|1|0|0|0|0|1|0|3936231558|3936231563|0|0|0|0|0|0|0|0|0|0
654|R1|1|2|0|1|1|1|0|0|0|0|1|0|3944211271|3944211276|0|0|0|0|0|0|0|0|0|0
655|R1|1|2|0|1|1|1|0|0|0|0|1|0|3954031736|3954031741|0|0|0|0|0|0|0|0|0|0
656|R1|1|2|0|1|1|1|0|0|0|0|1|0|3961744650|3961744655|0|0|0|0|0|0|0|0|0|0
657|R1|1|2|0|1|1|1|0|0|0|0|1|0|3968750594|3968750599|0|0|0|0|0|0|0|0|0|0
658|R1|1|2|0|1|1|1|0|0|0|0|1|0|3977083724|3977083729|0|0|0|0|0|0|0|0|0|0
659|R1|1|2|0|1|1|1|0|0|0|0|1|0|3987019854|3987019859|0|0|0|0|0|0|0|0|0|0
660|R1|1|2|0|1|1|1|0|0|0|0|1|0|3995034666|3995034671|0|0|0|0|0|0|0|0|0|0
661|R1|1|2|0|1|1|1|0|0|0|0|1|0|4002307271|4002307276|0|0|0|0|0|0|0|0|0|0
662|R1|1|2|0|1|1|1|0|0|0|0|1|0|4012619320|4012619325|0|0|0|0|0|0|0|0|0|0
663|R1|1|2|0|1|1|1|0|0|0|0|1|0|4019824678|4019824683|0|0|0|0|0|0|0|0|0|0
664|R1|1|2|0|1|1|1|0|0|0|0|1|0|4027431426|4027431431|0|0|0|0|0|0|0|0|0|0
665|R1|1|2|0|1|1|1|0|0|0|0|1|0|4035047814|4035047819|0|0|0|0|0|0|0|0|0|0
666|R1|1|2|0|1|1|1|0|0|0|0|1|0|4045379137|4045379142|0|0|0|0|0|0|0|0|0|0
667|R1|1|2|0|1|1|1|0|0|0|0|1|0|4053197944|4053197949|0|0|0|0|0|0|0|0|0|0
668|R1|1|2|0|1|1|1|0|0|0|0|1|0|4059702814|4059702819|0|0|0|0|0|0|0|0|0|0
669|R1|1|2|0|1|1|1|0|0|0|0|1|0|4067406526|4067406531|0|0|0|0|0|0|0|0|0|0
670|R1|1|2|0|1|1|1|0|0|0|0|1|0|4076205285|4076205290|0|0|0|0|0|0|0|0|0|0
671|R1|1|2|0|1|1|1|0|0|0|0|1|0|4083465072|4083465077|0|0|0|0|0|0|0|0|0|0
672|R1|1|2|0|1|1|1|0|0|0|0|1|0|4091910389|4091910394|0|0|0|0|0|0|0|0|0|0
673|R1|1|2|0|1|1|1|0|0|0|0|1|0|4099093246|4099093251|0|0|0|0|0|0|0|0|0|0
674|R1|1|2|0|1|1|1|0|0|0|0|1|0|4108493610|4108493615|0|0|0|0|0|0|0|0|0|0
675|R1|1|2|0|1|1|1|0|0|0|0|1|0|4114606341|4114606346|0|0|0|0|0|0|0|0|0|0
676|R1|1|2|0|1|1|1|0|0|0|0|1|0|4123470209|4123470214|0|0|0|0|0|0|0|0|0|0
677|R1|1|2|0|1|1|1|0|0|0|0|1|0|4131883402|4131883407|0|0|0|0|0|0|0|0|0|0
678|R1|1|2|0|1|1|1|0|0|0|0|1|0|4139818657|4139818662|0|0|0|0|0|0|0|0|0|0
679|R1|1|2|0|1|1|1|0|0|0|0|1|0|4146509724|4146509729|0|0|0|0|0|0|0|0|0|0
680|R1|1|2|0|1|1|1|0|0|0|0|1|0|4153612222|4153612227|0|0|0|0|0|0|0|0|0|0
681|R1|1|2|0|1|1|1|0|0|0|0|1|0|4162989573|4162989578|0|0|0|0|0|0|0|0|0|0
682|R1|1|2|0|1|1|1|0|0|0|0|1|0|4173574721|4173574726|0|0|0|0|0|0|0|0|0|0
683|R1|1|2|0|1|1|1|0|0|0|0|1|0|4181959832|4181959837|0|0|0|0|0|0|0|0|0|0
684|R1|1|2|0|1|1|1|0|0|0|0|1|0|4189421982|4189421987|0|0|0|0|0|0|0|0|0|0
685|R1|1|2|0|1|1|1|0|0|0|0|1|0|4196970905|4196970910|0|0|0|0|0|0|0|0|0|0
686|R1|1|2|0|1|1|1|0|0|0|0|1|0|4205692542|4205692547|0|0|0|0|0|0|0|0|0|0
687|R1|1|2|0|1|1|1|0|0|0|0|1|0|4213466661|4213466666|0|0|0|0|0|0|0|0|0|0
688|R1|1|2|0|1|1|1|0|0|0|0|1|0|4223039781|4223039786|0|0|0|0|0|0|0|0|0|0
689|R1|1|2|0|1|1|1|0|0|0|0|1|0|4232182334|4232182339|0|0|0|0|0|0|0|0|0|0
690|R1|1|2|0|1|1|1|0|0|0|0|1|0|4241739374|4241739379|0|0|0|0|0|0|0|0|0|0
691|R1|1|2|0|1|1|1|0|0|0|0|1|0|4249667448|4249667453|0|0|0|0|0|0|0|0|0|0
692|R1|1|2|0|1|1|1|0|0|0|0|1|0|4258337688|4258337693|0|0|0|0|0|0|0|0|0|0
693|R1|1|2|0|1|1|1|0|0|0|0|1|0|4265742136|4265742141|0|0|0|0|0|0|0|0|0|0
694|R1|1|2|0|1|1|1|0|0|0|0|1|0|4275623626|4275623631|0|0|0|0|0|0|0|0|0|0
695|R1|1|2|0|1|1|1|0|0|0|0|1|0|4282758215|4282758220|0|0|0|0|0|0|0|0|0|0
696|R1|1|2|0|1|1|1|0|0|0|0|1|0|4289825217|4289825222|0|0|0|0|0|0|0|0|0|0
697|R1|1|2|0|1|1|1|0|0|0|0|1|0|1539676|1539681|0|0|0|0|0|0|0|0|0|0
698|R1|1|2|0|1|1|1|0|0|0|0|1|0|9573811|9573816|0|0|0|0|0|0|0|0|0|0
699|R1|1|2|0|1|1|1|0|0|0|0|1|0|16727832|16727837|0|0|0|0|0|0|0|0|0|0
700|R1|1|2|0|1|1|1|0|0|0|0|1|0|25362709|25362714|0|0|0|0|0|0|0|0|0|0
701|R1|1|2|0|1|1|1|0|0|0|0|1|0|33718886|33718891|0|0|0|0|0|0|0|0|0|0
702|R1|1|2|0|1|1|1|0|0|0|0|1|0|41531362|41531367|0|0|0|0|0|0|0|0|0|0
703|R1|1|2|0|1|1|1|0|0|0|0|1|0|49022442|49022447|0|0|0|0|0|0|0|0|0|0
704|R1|1|2|0|1|1|1|0|0|0|0|1|0|56259719|56259724|0|0|0|0|0|0|0|0|0|0
705|R1|1|2|0|1|1|1|0|0|0|0|1|0|62966855|62966860|0|0|0|0|0|0|0|0|0|0
706|R1|1|2|0|1|1|1|0|0|0|0|1|0|71823457|71823462|0|0|0|0|0|0|0|0|0|0
707|R1|1|2|0|1|1|1|0|0|0|0|1|0|79610128|79610133|0|0|0|0|0|0|0|0|0|0
708|R1|1|2|0|1|1|1|0|0|0|0|1|0|86616080|86616085|0|0|0|0|0|0|0|0|0|0
709|R1|1|2|0|1|1|1|0|0|0|0|1|0|94550543|94550548|0|0|0|0|0|0|0|0|0|0
710|R1|1|2|0|1|1|1|0|0|0|0|1|0|103053703|103053708|0|0|0|0|0|0|0|0|0|0
711|R1|1|2|0|1|1|1|0|0|0|0|1|0|110914553|110914558|0|0|0|0|0|0|0|0|0|0
712|R1|1|2|0|1|1|1|0|0|0|0|1|0|118813825|118813830|0|0|0|0|0|0|0|0|0|0
713|R1|1|2|0|1|1|1|0|0|0|0|1|0|126799866|126799871|0|0|0|0|0|0|0|0|0|0
714|R1|1|2|0|1|1|1|0|0|0|0|1|0|135052408|135052413|0|0|0|0|0|0|0|0|0|0
715|R1|1|2|0|1|1|1|0|0|0|0|1|0|143655173|143655178|0|0|0|0|0|0|0|0|0|0
716|R1|1|2|0|1|1|1|0|0|0|0|1|0|150895939|150895944|0|0|0|0|0|0|0|0|0|0
717|R1|1|2|0|1|1|1|0|0|0|0|1|0|159309130|159309135|0|0|0|0|0|0|0|0|0|0
718|R1|1|2|0|1|1|1|0|0|0|0|1|0|170440784|170440789|0|0|0|0|0|0|0|0|0|0
719|R1|1|2|0|1|1|1|0|0|0|0|1|0|177703754|177703759|0|0|0|0|0|0|0|0|0|0
720|R1|1|2|0|1|1|1|0|0|0|0|1|0|186785240|186785245|0|0|0|0|0|0|0|0|0|0
721|R1|1|2|0|1|1|1|0|0|0|0|1|0|194706858|194706863|0|0|0|0|0|0|0|0|0|0
722|R1|1|2|0|1|1|1|0|0|0|0|1|0|202500751|202500756|0|0|0|0|0|0|0|0|0|0
723|R1|1|2|0|1|1|1|0|0|0|0|1|0|210535137|210535142|0|0|0|0|0|0|0|0|0|0
724|R1|1|2|0|1|1|1|0|0|0|0|1|0|220426273|220426278|0|0|0|0|0|0|0|0|0|0
725|R1|1|2|0|1|1|1|0|0|0|0|1|0|227017738|227017743|0|0|0|0|0|0|0|0|0|0
726|R1|1|2|0|1|1|1|0|0|0|0|1|0|235136229|235136234|0|0|0|0|0|0|0|0|0|0
727|R1|1|2|0|1|1|1|0|0|0|0|1|0|242881304|242881309|0|0|0|0|0|0|0|0|0|0
728|R1|1|2|0|1|1|1|0|0|0|0|1|0|249938645|249938650|0|0|0|0|0|0|0|0|0|0
729|R1|1|2|0|1|1|1|0|0|0|0|1|0|257355842|257355847|0|0|0|0|0|0|0|0|0|0
730|R1|1|2|0|1|1|1|0|0|0|0|1|0|267096112|267096117|0|0|0|0|0|0|0|0|0|0
731|R1|1|2|0|1|1|1|0|0|0|0|1|0|274773582|274773587|0|0|0|0|0|0|0|0|0|0
732|R1|1|2|0|1|1|1|0|0|0|0|1|0|282406256|282406261|0|0|0|0|0|0|0|0|0|0
733|R1|1|2|0|1|1|1|0|0|0|0|1|0|290440572|290440577|0|0|0|0|0|0|0|0|0|0
734|R1|1|2|0|1|1|1|0|0|0|0|1|0|299814444|299814449|0|0|0|0|0|0|0|0|0|0
735|R1|1|2|0|1|1|1|0|0|0|0|1|0|307308902|307308907|0|0|0|0|0|0|0|0|0|0
736|R1|1|2|0|1|1|1|0|0|0|0|1|0|314295591|314295596|0|0|0|0|0|0|0|0|0|0
737|R1|1|2|0|1|1|1|0|0|0|0|1|0|320295910|320295915|0|0|0|0|0|0|0|0|0|0
738|R1|1|2|0|1|1|1|0|0|0|0|1|0|327221543|327221548|0|0|0|0|0|0|0|0|0|0
739|R1|1|2|0|1|1|1|0|0|0|0|1|0|335740792|335740797|0|0|0|0|0|0|0|0|0|0
740|R1|1|2|0|1|1|1|0|0|0|0|1|0|344096444|344096449|0|0|0|0|0|0|0|0|0|0
741|R1|1|2|0|1|1|1|0|0|0|0|1|0|352127559|352127564|0|0|0|0|0|0|0|0|0|0
742|R1|1|2|0|1|1|1|0|0|0|0|1|0|359364838|359364843|0|0|0|0|0|0|0|0|0|0
743|R1|1|2|0|1|1|1|0|0|0|0|1|0|366904120|366904125|0|0|0|0|0|0|0|0|0|0
744|R1|1|2|0|1|1|1|0|0|0|0|1|0|375882913|375882918|0|0|0|0|0|0|0|0|0|0
745|R1|1|2|0|1|1|1|0|0|0|0|1|0|382837427|382837432|0|0|0|0|0|0|0|0|0|0
746|R1|1|2|0|1|1|1|0|0|0|0|1|0|393011297|393011302|0|0|0|0|0|0|0|0|0|0
747|R1|1|2|0|1|1|1|0|0|0|0|1|0|400444542|400444547|0|0|0|0|0|0|0|0|0|0
748|R1|1|2|0|1|1|1|0|0|0|0|1|0|409532453|409532458|0|0|0|0|0|0|0|0|0|0
749|R1|1|2|0|1|1|1|0|0|0|0|1|0|416991402|416991407|0|0|0|0|0|0|0|0|0|0
750|R1|1|2|0|1|1|1|0|0|0|0|1|0|427239224|427239229|0|0|0|0|0|0|0|0|0|0
751|R1|1|2|0|1|1|1|0|0|0|0|1|0|434733511|434733516|0|0|0|0|0|0|0|0|0|0
752|R1|1|2|0|1|1|1|0|0|0|0|1|0|442478730|442478735|0|0|0|0|0|0|0|0|0|0
753|R1|1|2|0|1|1|1|0|0|0|0|1|0|451859018|451859023|0|0|0|0|0|0|0|0|0|0
754|R1|1|2|0|1|1|1|0|0|0|0|1|0|460349314|460349319|0|0|0|0|0|0|0|0|0|0
755|R1|1|2|0|1|1|1|0|0|0|0|1|0|467590054|467590059|0|0|0|0|0|0|0|0|0|0
756|R1|1|2|0|1|1|1|0|0|0|0|1|0|475122896|475122901|0|0|0|0|0|0|0|0|0|0
757|R1|1|2|0|1|1|1|0|0|0|0|1|0|481833518|481833523|0|0|0|0|0|0|0|0|0|0
758|R1|1|2|0|1|1|1|0|0|0|0|1|0|490301324|490301329|0|0|0|0|0|0|0|0|0|0
759|R1|1|2|0|1|1|1|0|0|0|0|1|0|498194846|498194851|0|0|0|0|0|0|0|0|0|0
760|R1|1|2|0|1|1|1|0|0|0|0|1|0|504423394|504423399|0|0|0|0|0|0|0|0|0|0
761|R1|1|2|0|1|1|1|0|0|0|0|1|0|512219718|512219723|0|0|0|0|0|0|0|0|0|0
762|R1|1|2|0|1|1|1|0|0|0|0|1|0|521969493|521969498|0|0|0|0|0|0|0|0|0|0
763|R1|1|2|0|1|1|1|0|0|0|0|1|0|529232422|529232427|0|0|0|0|0|0|0|0|0|0
764|R1|1|2|0|1|1|1|0|0|0|0|1|0|535316257|535316262|0|0|0|0|0|0|0|0|0|0
765|R1|1|2|0|1|1|1|0|0|0|0|1|0|543591626|543591631|0|0|0|0|0|0|0|0|0|0
766|R1|1|2|0|1|1|1|0|0|0|0|1|0|552101221|552101226|0|0|0|0|0|0|0|0|0|0
767|R1|1|2|0|1|1|1|0|0|0|0|1|0|562271897|562271902|0|0|0|0|0|0|0|0|0|0
768|R1|1|2|0|1|1|1|0|0|0|0|1|0|570874654|570874659|0|0|0|0|0|0|0|0|0|0
769|R1|1|2|0|1|1|1|0|0|0|0|1|0|579076065|579076070|0|0|0|0|0|0|0|0|0|0
770|R1|1|2|0|1|1|1|0|0|0|0|1|0|588009758|588009763|0|0|0|0|0|0|0|0|0|0
771|R1|1|2|0|1|1|1|0|0|0|0|1|0|594945007|594945012|0|0|0|0|0|0|0|0|0|0
772|R1|1|2|0|1|1|1|0|0|0|0|1|0|602606384|602606389|0|0|0|0|0|0|0|0|0|0
773|R1|1|2|0|1|1|1|0|0|0|0|1|0|610907120|610907125|0|0|0|0|0|0|0|0|0|0
774|R1|1|2|0|1|1|1|0|0|0|0|1|0|619593479|619593484|0|0|0|0|0|0|0|0|0|0
775|R1|1|2|0|1|1|1|0|0|0|0|1|0|627891036|627891041|0|0|0|0|0|0|0|0|0|0
776|R1|1|2|0|1|1|1|0|0|0|0|1|0|635713048|635713053|0|0|0|0|0|0|0|0|0|0
777|R1|1|2|0|1|1|1|0|0|0|0|1|0|643840300|643840305|0|0|0|0|0|0|0|0|0|0
778|R1|1|2|0|1|1|1|0|0|0|0|1|0|652414442|652414447|0|0|0|0|0|0|0|0|0|0
779|R1|1|2|0|1|1|1|0|0|0|0|1|0|659205112|659205117|0|0|0|0|0|0|0|0|0|0
780|R1|1|2|0|1|1|1|0|0|0|0|1|0|666509875|666509880|0|0|0|0|0|0|0|0|0|0
781|R1|1|2|0|1|1|1|0|0|0|0|1|0|675340743|675340748|0|0|0|0|0|0|0|0|0|0
782|R1|1|2|0|1|1|1|0|0|0|0|1|0|682398076|682398081|0|0|0|0|0|0|0|0|0|0
783|R1|1|2|0|1|1|1|0|0|0|0|1|0|689574300|689574305|0|0|0|0|0|0|0|0|0|0
784|R1|1|2|0|1|1|1|0|0|0|0|1|0|696734716|696734721|0|0|0|0|0|0|0|0|0|0
785|R1|1|2|0|1|1|1|0|0|0|0|1|0|704797689|704797694|0|0|0|0|0|0|0|0|0|0
786|R1|1|2|0|1|1|1|0|0|0|0|1|0|713949926|713949931|0|0|0|0|0|0|0|0|0|0
787|R1|1|2|0|1|1|1|0|0|0|0|1|0|720098023|720098028|0|0|0|0|0|0|0|0|0|0
788|R1|1|2|0|1|1|1|0|0|0|0|1|0|727287384|727287389|0|0|0|0|0|0|0|0|0|0
789|R1|1|2|0|1|1|1|0|0|0|0|1|0|735893349|735893354|0|0|0|0|0|0|0|0|0|0
790|R1|1|2|0|1|1|1|0|0|0|0|1|0|744862604|744862609|0|0|0|0|0|0|0|0|0|0
791|R1|1|2|0|1|1|1|0|0|0|0|1|0|753918508|753918513|0|0|0|0|0|0|0|0|0|0
792|R1|1|2|0|1|1|1|0|0|0|0|1|0|761146159|761146164|0|0|0|0|0|0|0|0|0|0
793|R1|1|2|0|1|1|1|0|0|0|0|1|0|767075806|767075811|0|0|0|0|0|0|0|0|0|0
794|R1|1|2|0|1|1|1|0|0|0|0|1|0|775984025|775984030|0|0|0|0|0|0|0|0|0|0
795|R1|1|2|0|1|1|1|0|0|0|0|1|0|783214986|783214991|0|0|0|0|0|0|0|0|0|0
796|R1|1|2|0|1|1|1|0|0|0|0|1|0|790227349|790227354|0|0|0|0|0|0|0|0|0|0
797|R1|1|2|0|1|1|1|0|0|0|0|1|0|797214634|797214639|0|0|0|0|0|0|0|0|0|0
798|R1|1|2|0|1|1|1|0|0|0|0|1|0|804949898|804949903|0|0|0|0|0|0|0|0|0|0
799|R1|1|2|0|1|1|1|0|0|0|0|1|0|812694896|812694901|0|0|0|0|0|0|0|0|0|0
800|R1|1|2|0|1|1|1|0|0|0|0|1|0|820459123|820459128|0|0|0|0|0|0|0|0|0|0
801|R1|1|2|0|1|1|1|0|0|0|0|1|0|828062657|828062662|0|0|0|0|0|0|0|0|0|0
802|R1|1|2|0|1|1|1|0|0|0|0|1|0|836556179|836556184|0|0|0|0|0|0|0|0|0|0
803|R1|1|2|0|1|1|1|0|0|0|0|1|0|845512371|845512376|0|0|0|0|0|0|0|0|0|0
804|R1|1|2|0|1|1|1|0|0|0|0|1|0|853495146|853495151|0|0|0|0|0|0|0|0|0|0
805|R1|1|2|0|1|1|1|0|0|0|0|1|0|861609877|861609882|0|0|0|0|0|0|0|0|0|0
806|R1|1|2|0|1|1|1|0|0|0|0|1|0|870948368|870948373|0|0|0|0|0|0|0|0|0|0
807|R1|1|2|0|1|1|1|0|0|0|0|1|0|879359265|879359270|0|0|0|0|0|0|0|0|0|0
808|R1|1|2|0|1|1|1|0|0|0|0|1|0|887701921|887701926|0|0|0|0|0|0|0|0|0|0
809|R1|1|2|0|1|1|1|0|0|0|0|1|0|894711105|894711110|0|0|0|0|0|0|0|0|0|0
810|R1|1|2|0|1|1|1|0|0|0|0|1|0|901987302|901987307|0|0|0|0|0|0|0|0|0|0
811|R1|1|2|0|1|1|1|0|0|0|0|1|0|908533918|908533923|0|0|0|0|0|0|0|0|0|0
812|R1|1|2|0|1|1|1|0|0|0|0|1|0|916670808|916670813|0|0|0|0|0|0|0|0|0|0
813|R1|1|2|0|1|1|1|0|0|0|0|1|0|924168303|924168308|0|0|0|0|0|0|0|0|0|0
814|R1|1|2|0|1|1|1|0|0|0|0|1|0|934702780|934702785|0|0|0|0|0|0|0|0|0|0
815|R1|1|2|0|1|1|1|0|0|0|0|1|0|941737702|941737707|0|0|0|0|0|0|0|0|0|0
816|R1|1|2|0|1|1|1|0|0|0|0|1|0|950118782|950118787|0|0|0|0|0|0|0|0|0|0
817|R1|1|2|0|1|1|1|0|0|0|0|1|0|957173189|957173194|0|0|0|0|0|0|0|0|0|0
818|R1|1|2|0|1|1|1|0|0|0|0|1|0|966935847|966935852|0|0|0|0|0|0|0|0|0|0
819|R1|1|2|0|1|1|1|0|0|0|0|1|0|975602872|975602877|0|0|0|0|0|0|0|0|0|0
820|R1|1|2|0|1|1|1|0|0|0|0|1|0|982869062|982869067|0|0|0|0|0|0|0|0|0|0
821|R1|1|2|0|1|1|1|0|0|0|0|1|0|991590684|991590689|0|0|0|0|0|0|0|0|0|0
822|R1|1|2|0|1|1|1|0|0|0|0|1|0|1001035462|1001035467|0|0|0|0|0|0|0|0|0|0
823|R1|1|2|0|1|1|1|0|0|0|0|1|0|1009580682|1009580687|0|0|0|0|0|0|0|0|0|0
824|R1|1|2|0|1|1|1|0|0|0|0|1|0|1018713624|1018713629|0|0|0|0|0|0|0|0|0|0
825|R1|1|2|0|1|1|1|0|0|0|0|1|0|1027685871|1027685876|0|0|0|0|0|0|0|0|0|0
826|R1|1|2|0|1|1|1|0|0|0|0|1|0|1036320750|1036320755|0|0|0|0|0|0|0|0|0|0
827|R1|1|2|0|1|1|1|0|0|0|0|1|0|1043333240|1043333245|0|0|0|0|0|0|0|0|0|0
828|R1|1|2|0|1|1|1|0|0|0|0|1|0|1050371294|1050371299|0|0|0|0|0|0|0|0|0|0
829|R1|1|2|0|1|1|1|0|0|0|0|1|0|1058640934|1058640939|0|0|0|0|0|0|0|0|0|0
830|R1|1|2|0|1|1|1|0|0|0|0|1|0|1065460527|1065460532|0|0|0|0|0|0|0|0|0|0
831|R1|1|2|0|1|1|1|0|0|0|0|1|0|1075521950|1075521955|0|0|0|0|0|0|0|0|0|0
832|R1|1|2|0|1|1|1|0|0|0|0|1|0|1083462854|1083462859|0|0|0|0|0|0|0|0|0|0
833|R1|1|2|0|1|1|1|0|0|0|0|1|0|1091612609|1091612614|0|0|0|0|0|0|0|0|0|0
834|R1|1|2|0|1|1|1|0|0|0|0|1|0|1099087628|1099087633|0|0|0|0|0|0|0|0|0|0
835|R1|1|2|0|1|1|1|0|0|0|0|1|0|1108146585|1108146590|0|0|0|0|0|0|0|0|0|0
836|R1|1|2|0|1|1|1|0|0|0|0|1|0|1115956033|1115956038|0|0|0|0|0|0|0|0|0|0
837|R1|1|2|0|1|1|1|0|0|0|0|1|0|1125259248|1125259253|0|0|0|0|0|0|0|0|0|0
838|R1|1|2|0|1|1|1|0|0|0|0|1|0|1132548147|1132548152|0|0|0|0|0|0|0|0|0|0
839|R1|1|2|0|1|1|1|0|0|0|0|1|0|1140312330|1140312335|0|0|0|0|0|0|0|0|0|0
840|R1|1|2|0|1|1|1|0|0|0|0|1|0|1147784134|1147784139|0|0|0|0|0|0|0|0|0|0
841|R1|1|2|0|1|1|1|0|0|0|0|1|0|1156528238|1156528243|0|0|0|0|0|0|0|0|0|0
842|R1|1|2|0|1|1|1|0|0|0|0|1|0|1163685185|1163685190|0|0|0|0|0|0|0|0|0|0
843|R1|1|2|0|1|1|1|0|0|0|0|1|0|1172911253|1172911258|0|0|0|0|0|0|0|0|0|0
844|R1|1|2|0|1|1|1|0|0|0|0|1|0|1180595128|1180595133|0|0|0|0|0|0|0|0|0|0
845|R1|1|2|0|1|1|1|0|0|0|0|1|0|1188494254|1188494259|0|0|0|0|0|0|0|0|0|0
846|R1|1|2|0|1|1|1|0|0|0|0|1|0|1195783246|1195783251|0|0|0|0|0|0|0|0|0|0
847|R1|1|2|0|1|1|1|0|0|0|0|1|0|1204161377|1204161382|0|0|0|0|0|0|0|0|0|0
848|R1|1|2|0|1|1|1|0|0|0|0|1|0|1212182599|1212182604|0|0|0|0|0|0|0|0|0|0
849|R1|1|2|0|1|1|1|0|0|0|0|1|0|1222192629|1222192634|0|0|0|0|0|0|0|0|0|0
850|R1|1|2|0|1|1|1|0|0|0|0|1|0|1230808252|1230808257|0|0|0|0|0|0|0|0|0|0
851|R1|1|2|0|1|1|1|0|0|0|0|1|0|1238186882|1238186887|0|0|0|0|0|0|0|0|0|0
852|R1|1|2|0|1|1|1|0|0|0|0|1|0|1246275617|1246275622|0|0|0|0|0|0|0|0|0|0
853|R1|1|2|0|1|1|1|0|0|0|0|1|0|1255560161|1255560166|0|0|0|0|0|0|0|0|0|0
854|R1|1|2|0|1|1|1|0|0|0|0|1|0|1264207934|1264207939|0|0|0|0|0|0|0|0|0|0
855|R1|1|2|0|1|1|1|0|0|0|0|1|0|1271853240|1271853245|0|0|0|0|0|0|0|0|0|0
856|R1|1|2|0|1|1|1|0|0|0|0|1|0|1280186887|1280186892|0|0|0|0|0|0|0|0|0|0
857|R1|1|2|0|1|1|1|0|0|0|0|1|0|1287247429|1287247434|0|0|0|0|0|0|0|0|0|0
858|R1|1|2|0|1|1|1|0|0|0|0|1|0|1295731312|1295731317|0|0|0|0|0|0|0|0|0|0
859|R1|1|2|0|1|1|1|0|0|0|0|1|0|1303123175|1303123180|0|0|0|0|0|0|0|0|0|0
860|R1|1|2|0|1|1|1|0|0|0|0|1|0|1312584528|1312584533|0|0|0|0|0|0|0|0|0|0
861|R1|1|2|0|1|1|1|0|0|0|0|1|0|1320480467|1320480472|0|0|0|0|0|0|0|0|0|0
862|R1|1|2|0|1|1|1|0|0|0|0|1|0|1326988385|1326988390|0|0|0|0|0|0|0|0|0|0
863|R1|1|2|0|1|1|1|0|0|0|0|1|0|1334530876|1334530881|0|0|0|0|0|0|0|0|0|0
864|R1|1|2|0|1|1|1|0|0|0|0|1|0|1343654110|1343654115|0|0|0|0|0|0|0|0|0|0
865|R1|1|2|0|1|1|1|0|0|0|0|1|0|1352761313|1352761318|0|0|0|0|0|0|0|0|0|0
866|R1|1|2|0|1|1|1|0|0|0|0|1|0|1360641173|1360641178|0|0|0|0|0|0|0|0|0|0
867|R1|1|2|0|1|1|1|0|0|0|0|1|0|1367798414|1367798419|0|0|0|0|0|0|0|0|0|0
868|R1|1|2|0|1|1|1|0|0|0|0|1|0|1377252587|1377252592|0|0|0|0|0|0|0|0|0|0
869|R1|1|2|0|1|1|1|0|0|0|0|1|0|1384991082|1384991087|0|0|0|0|0|0|0|0|0|0
870|R1|1|2|0|1|1|1|0|0|0|0|1|0|1393433203|1393433208|0|0|0|0|0|0|0|0|0|0
871|R1|1|2|0|1|1|1|0|0|0|0|1|0|1400738246|1400738251|0|0|0|0|0|0|0|0|0|0
872|R1|1|2|0|1|1|1|0|0|0|0|1|0|1410308172|1410308177|0|0|0|0|0|0|0|0|0|0
873|R1|1|2|0|1|1|1|0|0|0|0|1|0|1419193665|1419193670|0|0|0|0|0|0|0|0|0|0
874|R1|1|2|0|1|1|1|0|0|0|0|1|0|1426543397|1426543402|0|0|0|0|0|0|0|0|0|0
875|R1|1|2|0|1|1|1|0|0|0|0|1|0|1436007225|1436007230|0|0|0|0|0|0|0|0|0|0
876|R1|1|2|0|1|1|1|0|0|0|0|1|0|1446412428|1446412433|0|0|0|0|0|0|0|0|0|0
877|R1|1|2|0|1|1|1|0|0|0|0|1|0|1454022392|1454022397|0|0|0|0|0|0|0|0|0|0
878|R1|1|2|0|1|1|1|0|0|0|0|1|0|1464244464|1464244469|0|0|0|0|0|0|0|0|0|0
879|R1|1|2|0|1|1|1|0|0|0|0|1|0|1470726977|1470726982|0|0|0|0|0|0|0|0|0|0
880|R1|1|2|0|1|1|1|0|0|0|0|1|0|1478661447|1478661452|0|0|0|0|0|0|0|0|0|0
881|R1|1|2|0|1|1|1|0|0|0|0|1|0|1485940774|1485940779|0|0|0|0|0|0|0|0|0|0
882|R1|1|2|0|1|1|1|0|0|0|0|1|0|1494961222|1494961227|0|0|0|0|0|0|0|0|0|0
883|R1|1|2|0|1|1|1|0|0|0|0|1|0|1502089240|1502089245|0|0|0|0|0|0|0|0|0|0
884|R1|1|2|0|1|1|1|0|0|0|0|1|0|1510222913|1510222918|0|0|0|0|0|0|0|0|0|0
885|R1|1|2|0|1|1|1|0|0|0|0|1|0|1517335109|1517335114|0|0|0|0|0|0|0|0|0|0
886|R1|1|2|0|1|1|1|0|0|0|0|1|0|1526972431|1526972436|0|0|0|0|0|0|0|0|0|0
887|R1|1|2|0|1|1|1|0|0|0|0|1|0|1535340677|1535340682|0|0|0|0|0|0|0|0|0|0
888|R1|1|2|0|1|1|1|0|0|0|0|1|0|1544923376|1544923381|0|0|0|0|0|0|0|0|0|0
889|R1|1|2|0|1|1|1|0|0|0|0|1|0|1552848225|1552848230|0|0|0|0|0|0|0|0|0|0
890|R1|1|2|0|1|1|1|0|0|0|0|1|0|1558777816|1558777821|0|0|0|0|0|0|0|0|0|0
891|R1|1|2|0|1|1|1|0|0|0|0|1|0|1566413628|1566413633|0|0|0|0|0|0|0|0|0|0
892|R1|1|2|0|1|1|1|0|0|0|0|1|0|1574987499|1574987504|0|0|0|0|0|0|0|0|0|0
893|R1|1|2|0|1|1|1|0|0|0|0|1|0|1583024792|1583024797|0|0|0|0|0|0|0|0|0|0
894|R1|1|2|0|1|1|1|0|0|0|0|1|0|1591036595|1591036600|0|0|0|0|0|0|0|0|0|0
895|R1|1|2|0|1|1|1|0|0|0|0|1|0|1599655667|1599655672|0|0|0|0|0|0|0|0|0|0
896|R1|1|2|0|1|1|1|0|0|0|0|1|0|1609447206|1609447211|0|0|0|0|0|0|0|0|0|0
897|R1|1|2|0|1|1|1|0|0|0|0|1|0|1616536824|1616536829|0|0|0|0|0|0|0|0|0|0
898|R1|1|2|0|1|1|1|0|0|0|0|1|0|1623770876|1623770881|0|0|0|0|0|0|0|0|0|0
899|R1|1|2|0|1|1|1|0|0|0|0|1|0|1631560757|1631560762|0|0|0|0|0|0|0|0|0|0
900|R1|1|2|0|1|1|1|0|0|0|0|1|0|1641422974|1641422979|0|0|0|0|0|0|0|0|0|0
901|R1|1|2|0|1|1|1|0|0|0|0|1|0|1649586529|1649586534|0|0|0|0|0|0|0|0|0|0
902|R1|1|2|0|1|1|1|0|0|0|0|1|0|1659021432|1659021437|0|0|0|0|0|0|0|0|0|0
903|R1|1|2|0|1|1|1|0|0|0|0|1|0|1667162250|1667162255|0|0|0|0|0|0|0|0|0|0
904|R1|1|2|0|1|1|1|0|0|0|0|1|0|1674193884|1674193889|0|0|0|0|0|0|0|0|0|0
905|R1|1|2|0|1|1|1|0|0|0|0|1|0|1681389566|1681389571|0|0|0|0|0|0|0|0|0|0
906|R1|1|2|0|1|1|1|0|0|0|0|1|0|1688996332|1688996337|0|0|0|0|0|0|0|0|0|0
907|R1|1|2|0|1|1|1|0|0|0|0|1|0|1696301372|1696301377|0|0|0|0|0|0|0|0|0|0
908|R1|1|2|0|1|1|1|0|0|0|0|1|0|1706115416|1706115421|0|0|0|0|0|0|0|0|0|0
909|R1|1|2|0|1|1|1|0|0|0|0|1|0|1714037036|1714037041|0|0|0|0|0|0|0|0|0|0
910|R1|1|2|0|1|1|1|0|0|0|0|1|0|1722029324|1722029329|0|0|0|0|0|0|0|0|0|0
911|R1|1|2|0|1|1|1|0|0|0|0|1|0|1730677066|1730677071|0|0|0|0|0|0|0|0|0|0
912|R1|1|2|0|1|1|1|0|0|0|0|1|0|1738749692|1738749697|0|0|0|0|0|0|0|0|0|0
913|R1|1|2|0|1|1|1|0|0|0|0|1|0|1746266490|1746266495|0|0|0|0|0|0|0|0|0|0
914|R1|1|2|0|1|1|1|0|0|0|0|1|0|1753972970|1753972975|0|0|0|0|0|0|0|0|0|0
915|R1|1|2|0|1|1|1|0|0|0|0|1|0|1763594265|1763594270|0|0|0|0|0|0|0|0|0|0
916|R1|1|2|0|1|1|1|0|0|0|0|1|0|1770905555|1770905560|0|0|0|0|0|0|0|0|0|0
917|R1|1|2|0|1|1|1|0|0|0|0|1|0|1777901839|1777901844|0|0|0|0|0|0|0|0|0|0
918|R1|1|2|0|1|1|1|0|0|0|0|1|0|1784849932|1784849937|0|0|0|0|0|0|0|0|0|0
919|R1|1|2|0|1|1|1|0|0|0|0|1|0|1792691230|1792691235|0|0|0|0|0|0|0|0|0|0
920|R1|1|2|0|1|1|1|0|0|0|0|1|0|1800574277|1800574282|0|0|0|0|0|0|0|0|0|0
921|R1|1|2|0|1|1|1|0|0|0|0|1|0|1808306604|1808306609|0|0|0|0|0|0|0|0|0|0
922|R1|1|2|0|1|1|1|0|0|0|0|1|0|1816691022|1816691027|0|0|0|0|0|0|0|0|0|0
923|R1|1|2|0|1|1|1|0|0|0|0|1|0|1824429496|1824429501|0|0|0|0|0|0|0|0|0|0
924|R1|1|2|0|1|1|1|0|0|0|0|1|0|1833115777|1833115782|0|0|0|0|0|0|0|0|0|0
925|R1|1|2|0|1|1|1|0|0|0|0|1|0|1841381182|1841381187|0|0|0|0|0|0|0|0|0|0
926|R1|1|2|0|1|1|1|0|0|0|0|1|0|1848981811|1848981816|0|0|0|0|0|0|0|0|0|0
927|R1|1|2|0|1|1|1|0|0|0|0|1|0|1859657926|1859657931|0|0|0|0|0|0|0|0|0|0
928|R1|1|2|0|1|1|1|0|0|0|0|1|0|1867091356|1867091361|0|0|0|0|0|0|0|0|0|0
929|R1|1|2|0|1|1|1|0|0|0|0|1|0|1882062145|1882062150|0|0|0|0|0|0|0|0|0|0
930|R1|1|2|0|1|1|1|0|0|0|0|1|0|1889591788|1889591793|0|0|0|0|0|0|0|0|0|0
931|R1|1|2|0|1|1|1|0|0|0|0|1|0|1897783326|1897783331|0|0|0|0|0|0|0|0|0|0
932|R1|1|2|0|1|1|1|0|0|0|0|1|0|1905406127|1905406132|0|0|0|0|0|0|0|0|0|0
933|R1|1|2|0|1|1|1|0|0|0|0|1|0|1913642830|1913642835|0|0|0|0|0|0|0|0|0|0
934|R1|1|2|0|1|1|1|0|0|0|0|1|0|1921924298|1921924303|0|0|0|0|0|0|0|0|0|0
935|R1|1|2|0|1|1|1|0|0|0|0|1|0|1931294937|1931294942|0|0|0|0|0|0|0|0|0|0
936|R1|1|2|0|1|1|1|0|0|0|0|1|0|1938265666|1938265671|0|0|0|0|0|0|0|0|0|0
937|R1|1|2|0|1|1|1|0|0|0|0|1|0|1945268391|1945268396|0|0|0|0|0|0|0|0|0|0
938|R1|1|2|0|1|1|1|0|0|0|0|1|0|1952672723|1952672728|0|0|0|0|0|0|0|0|0|0
939|R1|1|2|0|1|1|1|0|0|0|0|1|0|1961574296|1961574301|0|0|0|0|0|0|0|0|0|0
940|R1|1|2|0|1|1|1|0|0|0|0|1|0|1969821031|1969821036|0|0|0|0|0|0|0|0|0|0
941|R1|1|2|0|1|1|1|0|0|0|0|1|0|1976595635|1976595640|0|0|0|0|0|0|0|0|0|0
942|R1|1|2|0|1|1|1|0|0|0|0|1|0|1984386256|1984386261|0|0|0|0|0|0|0|0|0|0
943|R1|1|2|0|1|1|1|0|0|0|0|1|0|1994354510|1994354515|0|0|0|0|0|0|0|0|0|0
944|R1|1|2|0|1|1|1|0|0|0|0|1|0|2002224752|2002224757|0|0|0|0|0|0|0|0|0|0
945|R1|1|2|0|1|1|1|0|0|0|0|1|0|2009253317|2009253322|0|0|0|0|0|0|0|0|0|0
946|R1|1|2|0|1|1|1|0|0|0|0|1|0|2016937180|2016937185|0|0|0|0|0|0|0|0|0|0
947|R1|1|2|0|1|1|1|0|0|0|0|1|0|2024990712|2024990717|0|0|0|0|0|0|0|0|0|0
948|R1|1|2|0|1|1|1|0|0|0|0|1|0|2031916344|2031916349|0|0|0|0|0|0|0|0|0|0
949|R1|1|2|0|1|1|1|0|0|0|0|1|0|2038504613|2038504618|0|0|0|0|0|0|0|0|0|0
950|R1|1|2|0|1|1|1|0|0|0|0|1|0|2046163064|2046163069|0|0|0|0|0|0|0|0|0|0
951|R1|1|2|0|1|1|1|0|0|0|0|1|0|2054164999|2054165004|0|0|0|0|0|0|0|0|0|0
952|R1|1|2|0|1|1|1|0|0|0|0|1|0|2061852094|2061852099|0|0|0|0|0|0|0|0|0|0
953|R1|1|2|0|1|1|1|0|0|0|0|1|0|2067874869|2067874874|0|0|0|0|0|0|0|0|0|0
954|R1|1|2|0|1|1|1|0|0|0|0|1|0|2076660766|2076660771|0|0|0|0|0|0|0|0|0|0
955|R1|1|2|0|1|1|1|0|0|0|0|1|0|2084386439|2084386444|0|0|0|0|0|0|0|0|0|0
956|R1|1|2|0|1|1|1|0|0|0|0|1|0|2092818890|2092818895|0|0|0|0|0|0|0|0|0|0
957|R1|1|2|0|1|1|1|0|0|0|0|1|0|2101887557|2101887562|0|0|0|0|0|0|0|0|0|0
958|R1|1|2|0|1|1|1|0|0|0|0|1|0|2109716688|2109716693|0|0|0|0|0|0|0|0|0|0
959|R1|1|2|0|1|1|1|0|0|0|0|1|0|2117773242|2117773247|0|0|0|0|0|0|0|0|0|0
960|R1|1|2|0|1|1|1|0|0|0|0|1|0|2125014008|2125014013|0|0|0|0|0|0|0|0|0|0
961|R1|1|2|0|1|1|1|0|0|0|0|1|0|2133205505|2133205510|0|0|0|0|0|0|0|0|0|0
962|R1|1|2|0|1|1|1|0|0|0|0|1|0|2139382494|2139382499|0|0|0|0|0|0|0|0|0|0
963|R1|1|2|0|1|1|1|0|0|0|0|1|0|2147496920|2147496925|0|0|0|0|0|0|0|0|0|0
964|R1|1|2|0|1|1|1|0|0|0|0|1|0|2155441029|2155441034|0|0|0|0|0|0|0|0|0|0
965|R1|1|2|0|1|1|1|0|0|0|0|1|0|2161894348|2161894353|0|0|0|0|0|0|0|0|0|0
966|R1|1|2|0|1|1|1|0|0|0|0|1|0|2169090122|2169090127|0|0|0|0|0|0|0|0|0|0
967|R1|1|2|0|1|1|1|0|0|0|0|1|0|2178258347|2178258352|0|0|0|0|0|0|0|0|0|0
968|R1|1|2|0|1|1|1|0|0|0|0|1|0|2186665125|2186665130|0|0|0|0|0|0|0|0|0|0
969|R1|1|2|0|1|1|1|0|0|0|0|1|0|2194137182|2194137187|0|0|0|0|0|0|0|0|0|0
970|R1|1|2|0|1|1|1|0|0|0|0|1|0|2202753118|2202753123|0|0|0|0|0|0|0|0|0|0
971|R1|1|2|0|1|1|1|0|0|0|0|1|0|2212596796|2212596801|0|0|0|0|0|0|0|0|0|0
972|R1|1|2|0|1|1|1|0|0|0|0|1|0|2222002863|2222002868|0|0|0|0|0|0|0|0|0|0
973|R1|1|2|0|1|1|1|0|0|0|0|1|0|2231193656|2231193661|0|0|0|0|0|0|0|0|0|0
974|R1|1|2|0|1|1|1|0|0|0|0|1|0|2239905644|2239905649|0|0|0|0|0|0|0|0|0|0
975|R1|1|2|0|1|1|1|0|0|0|0|1|0|2249719672|2249719677|0|0|0|0|0|0|0|0|0|0
976|R1|1|2|0|1|1|1|0|0|0|0|1|0|2256873697|2256873702|0|0|0|0|0|0|0|0|0|0
977|R1|1|2|0|1|1|1|0|0|0|0|1|0|2265071641|2265071646|0|0|0|0|0|0|0|0|0|0
978|R1|1|2|0|1|1|1|0|0|0|0|1|0|2273405198|2273405203|0|0|0|0|0|0|0|0|0|0
979|R1|1|2|0|1|1|1|0|0|0|0|1|0|2280716400|2280716405|0|0|0|0|0|0|0|0|0|0
980|R1|1|2|0|1|1|1|0|0|0|0|1|0|2288724769|2288724774|0|0|0|0|0|0|0|0|0|0
981|R1|1|2|0|1|1|1|0|0|0|0|1|0|2296832751|2296832756|0|0|0|0|0|0|0|0|0|0
982|R1|1|2|0|1|1|1|0|0|0|0|1|0|2304854078|2304854083|0|0|0|0|0|0|0|0|0|0
983|R1|1|2|0|1|1|1|0|0|0|0|1|0|2311458456|2311458461|0|0|0|0|0|0|0|0|0|0
984|R1|1|2|0|1|1|1|0|0|0|0|1|0|2317802508|2317802513|0|0|0|0|0|0|0|0|0|0
985|R1|1|2|0|1|1|1|0|0|0|0|1|0|2325011143|2325011148|0|0|0|0|0|0|0|0|0|0
986|R1|1|2|0|1|1|1|0|0|0|0|1|0|2333058072|2333058077|0|0|0|0|0|0|0|0|0|0
987|R1|1|2|0|1|1|1|0|0|0|0|1|0|2341979216|2341979221|0|0|0|0|0|0|0|0|0|0
988|R1|1|2|0|1|1|1|0|0|0|0|1|0|2349955759|2349955764|0|0|0|0|0|0|0|0|0|0
989|R1|1|2|0|1|1|1|0|0|0|0|1|0|2358067301|2358067306|0|0|0|0|0|0|0|0|0|0
990|R1|1|2|0|1|1|1|0|0|0|0|1|0|2365221016|2365221021|0|0|0|0|0|0|0|0|0|0
991|R1|1|2|0|1|1|1|0|0|0|0|1|0|2373161900|2373161905|0|0|0|0|0|0|0|0|0|0
992|R1|1|2|0|1|1|1|0|0|0|0|1|0|2381346974|2381346979|0|0|0|0|0|0|0|0|0|0
993|R1|1|2|0|1|1|1|0|0|0|0|1|0|2388362540|2388362545|0|0|0|0|0|0|0|0|0|0
994|R1|1|2|0|1|1|1|0|0|0|0|1|0|2395548472|2395548477|0|0|0|0|0|0|0|0|0|0
995|R1|1|2|0|1|1|1|0|0|0|0|1|0|2406352262|2406352267|0|0|0|0|0|0|0|0|0|0
996|R1|1|2|0|1|1|1|0|0|0|0|1|0|2413955822|2413955827|0|0|0|0|0|0|0|0|0|0
997|R1|1|2|0|1|1|1|0|0|0|0|1|0|2421109822|2421109827|0|0|0|0|0|0|0|0|0|0
998|R1|1|2|0|1|1|1|0|0|0|0|1|0|2428157542|2428157547|0|0|0|0|0|0|0|0|0|0
999|R1|1|2|0|1|1|1|0|0|0|0|1|0|2436892047|2436892052|0|0|0|0|0|0|0|0|0|0
