captured_ms|sequence|label|role|data_ro|dirm0|oen0
1785967482704|0|SAFE_BOOT|fixed|1346371075|8193|8193
1785967482704|0|SAFE_BOOT|rotating|1346371075|8193|8193
1785967482857|1001|tune_p10_3_baseline_f2r_00000_4194304_active|fixed|1346371075|8193|8193
1785967482857|1001|tune_p10_3_baseline_f2r_00000_4194304_active|rotating|1346362883|8193|8193
1785967487014|1001|tune_p10_3_baseline_f2r_00000_4194304_terminal|fixed|1346371075|8193|8193
1785967487014|1001|tune_p10_3_baseline_f2r_00000_4194304_terminal|rotating|1346371075|8193|8193
1785967487366|1002|tune_p10_3_baseline_f2r_00001_4194304_active|fixed|1346371075|8193|8193
1785967487366|1002|tune_p10_3_baseline_f2r_00001_4194304_active|rotating|1350557187|8193|8193
1785967491556|1002|tune_p10_3_baseline_f2r_00001_4194304_terminal|fixed|1350565379|8193|8193
1785967491556|1002|tune_p10_3_baseline_f2r_00001_4194304_terminal|rotating|1346371075|8193|8193
1785967492056|1003|tune_p10_3_baseline_f2r_00002_4194304_active|fixed|1350565379|8193|8193
1785967492056|1003|tune_p10_3_baseline_f2r_00002_4194304_active|rotating|1350557187|8193|8193
1785967496200|1003|tune_p10_3_baseline_f2r_00002_4194304_terminal|fixed|1350565379|8193|8193
1785967496200|1003|tune_p10_3_baseline_f2r_00002_4194304_terminal|rotating|1350565379|8193|8193
1785967496689|1004|tune_p10_3_baseline_f2r_00003_1048576_active|fixed|1346371075|8193|8193
1785967496689|1004|tune_p10_3_baseline_f2r_00003_1048576_active|rotating|1346362883|8193|8193
1785967498058|1004|tune_p10_3_baseline_f2r_00003_1048576_terminal|fixed|1346371075|8193|8193
1785967498058|1004|tune_p10_3_baseline_f2r_00003_1048576_terminal|rotating|1350565379|8193|8193
1785967498369|1005|tune_p10_3_baseline_f2r_00004_1048576_active|fixed|1346371075|8193|8193
1785967498369|1005|tune_p10_3_baseline_f2r_00004_1048576_active|rotating|1346362883|8193|8193
1785967499788|1005|tune_p10_3_baseline_f2r_00004_1048576_terminal|fixed|1350565379|8193|8193
1785967499788|1005|tune_p10_3_baseline_f2r_00004_1048576_terminal|rotating|1346371075|8193|8193
1785967500104|1006|tune_p10_3_baseline_f2r_00005_1048576_active|fixed|1350565379|8193|8193
1785967500104|1006|tune_p10_3_baseline_f2r_00005_1048576_active|rotating|1346362883|8193|8193
1785967501553|1006|tune_p10_3_baseline_f2r_00005_1048576_terminal|fixed|1350565379|8193|8193
1785967501553|1006|tune_p10_3_baseline_f2r_00005_1048576_terminal|rotating|1350565379|8193|8193
1785967501827|1007|tune_p10_3_baseline_f2r_00006_1048576_active|fixed|1350565379|8193|8193
1785967501827|1007|tune_p10_3_baseline_f2r_00006_1048576_active|rotating|1350557187|8193|8193
1785967503210|1007|tune_p10_3_baseline_f2r_00006_1048576_terminal|fixed|1346371075|8193|8193
1785967503210|1007|tune_p10_3_baseline_f2r_00006_1048576_terminal|rotating|1346371075|8193|8193
1785967503526|1008|tune_p10_3_baseline_f2r_00007_1048576_active|fixed|1346371075|8193|8193
1785967503526|1008|tune_p10_3_baseline_f2r_00007_1048576_active|rotating|1350557187|8193|8193
1785967504928|1008|tune_p10_3_baseline_f2r_00007_1048576_terminal|fixed|1350565379|8193|8193
1785967504928|1008|tune_p10_3_baseline_f2r_00007_1048576_terminal|rotating|1350565379|8193|8193
1785967505247|1009|tune_p10_3_baseline_f2r_00008_1048576_active|fixed|1350565379|8193|8193
1785967505247|1009|tune_p10_3_baseline_f2r_00008_1048576_active|rotating|1350557187|8193|8193
1785967506625|1009|tune_p10_3_baseline_f2r_00008_1048576_terminal|fixed|1346371075|8193|8193
1785967506625|1009|tune_p10_3_baseline_f2r_00008_1048576_terminal|rotating|1350565379|8193|8193
1785967512893|1010|tune_p10_3_baseline_r2f_00000_4194304_active|fixed|1350557187|8193|8193
1785967512893|1010|tune_p10_3_baseline_r2f_00000_4194304_active|rotating|1346371075|8193|8193
1785967516989|1010|tune_p10_3_baseline_r2f_00000_4194304_terminal|fixed|1350565379|8193|8193
1785967516989|1010|tune_p10_3_baseline_r2f_00000_4194304_terminal|rotating|1350565379|8193|8193
1785967517324|1011|tune_p10_3_baseline_r2f_00001_4194304_active|fixed|1346362883|8193|8193
1785967517324|1011|tune_p10_3_baseline_r2f_00001_4194304_active|rotating|1350565379|8193|8193
1785967521383|1011|tune_p10_3_baseline_r2f_00001_4194304_terminal|fixed|1346371075|8193|8193
1785967521383|1011|tune_p10_3_baseline_r2f_00001_4194304_terminal|rotating|1346371075|8193|8193
1785967521686|1012|tune_p10_3_baseline_r2f_00002_4194304_active|fixed|1350557187|8193|8193
1785967521686|1012|tune_p10_3_baseline_r2f_00002_4194304_active|rotating|1346371075|8193|8193
1785967525769|1012|tune_p10_3_baseline_r2f_00002_4194304_terminal|fixed|1350565379|8193|8193
1785967525769|1012|tune_p10_3_baseline_r2f_00002_4194304_terminal|rotating|1350565379|8193|8193
1785967526078|1013|tune_p10_3_baseline_r2f_00003_1048576_active|fixed|1350557187|8193|8193
1785967526078|1013|tune_p10_3_baseline_r2f_00003_1048576_active|rotating|1350565379|8193|8193
1785967527447|1013|tune_p10_3_baseline_r2f_00003_1048576_terminal|fixed|1346371075|8193|8193
1785967527447|1013|tune_p10_3_baseline_r2f_00003_1048576_terminal|rotating|1346371075|8193|8193
1785967527750|1014|tune_p10_3_baseline_r2f_00004_1048576_active|fixed|1346362883|8193|8193
1785967527750|1014|tune_p10_3_baseline_r2f_00004_1048576_active|rotating|1346371075|8193|8193
1785967529111|1014|tune_p10_3_baseline_r2f_00004_1048576_terminal|fixed|1350565379|8193|8193
1785967529111|1014|tune_p10_3_baseline_r2f_00004_1048576_terminal|rotating|1350565379|8193|8193
1785967529447|1015|tune_p10_3_baseline_r2f_00005_1048576_active|fixed|1346362883|8193|8193
1785967529447|1015|tune_p10_3_baseline_r2f_00005_1048576_active|rotating|1346371075|8193|8193
1785967530843|1015|tune_p10_3_baseline_r2f_00005_1048576_terminal|fixed|1350565379|8193|8193
1785967530843|1015|tune_p10_3_baseline_r2f_00005_1048576_terminal|rotating|1346371075|8193|8193
1785967531127|1016|tune_p10_3_baseline_r2f_00006_1048576_active|fixed|1346362883|8193|8193
1785967531127|1016|tune_p10_3_baseline_r2f_00006_1048576_active|rotating|1346371075|8193|8193
1785967532499|1016|tune_p10_3_baseline_r2f_00006_1048576_terminal|fixed|1350565379|8193|8193
1785967532499|1016|tune_p10_3_baseline_r2f_00006_1048576_terminal|rotating|1346371075|8193|8193
1785967532822|1017|tune_p10_3_baseline_r2f_00007_1048576_active|fixed|1346362883|8193|8193
1785967532822|1017|tune_p10_3_baseline_r2f_00007_1048576_active|rotating|1350565379|8193|8193
1785967534209|1017|tune_p10_3_baseline_r2f_00007_1048576_terminal|fixed|1350565379|8193|8193
1785967534209|1017|tune_p10_3_baseline_r2f_00007_1048576_terminal|rotating|1346371075|8193|8193
1785967534489|1018|tune_p10_3_baseline_r2f_00008_1048576_active|fixed|1346362883|8193|8193
1785967534489|1018|tune_p10_3_baseline_r2f_00008_1048576_active|rotating|1350565379|8193|8193
1785967535807|1018|tune_p10_3_baseline_r2f_00008_1048576_terminal|fixed|1350565379|8193|8193
1785967535807|1018|tune_p10_3_baseline_r2f_00008_1048576_terminal|rotating|1346371075|8193|8193
1785967536156|1019|tune_p10_3_baseline_r2f_00009_1048576_active|fixed|1346362883|8193|8193
1785967536156|1019|tune_p10_3_baseline_r2f_00009_1048576_active|rotating|1346371075|8193|8193
1785967537521|1019|tune_p10_3_baseline_r2f_00009_1048576_terminal|fixed|1346371075|8193|8193
1785967537521|1019|tune_p10_3_baseline_r2f_00009_1048576_terminal|rotating|1346371075|8193|8193
1785967542990|1020|tune_buffers8_batch8_f2r_00000_4194304_active|fixed|1346371075|8193|8193
1785967542990|1020|tune_buffers8_batch8_f2r_00000_4194304_active|rotating|1346362883|8193|8193
1785967547245|1020|tune_buffers8_batch8_f2r_00000_4194304_terminal|fixed|1350565379|8193|8193
1785967547245|1020|tune_buffers8_batch8_f2r_00000_4194304_terminal|rotating|1350565379|8193|8193
1785967547648|1021|tune_buffers8_batch8_f2r_00001_4194304_active|fixed|1346371075|8193|8193
1785967547648|1021|tune_buffers8_batch8_f2r_00001_4194304_active|rotating|1350557187|8193|8193
1785967551833|1021|tune_buffers8_batch8_f2r_00001_4194304_terminal|fixed|1346371075|8193|8193
1785967551833|1021|tune_buffers8_batch8_f2r_00001_4194304_terminal|rotating|1346371075|8193|8193
1785967552391|1022|tune_buffers8_batch8_f2r_00002_4194304_active|fixed|1350565379|8193|8193
1785967552391|1022|tune_buffers8_batch8_f2r_00002_4194304_active|rotating|1346362883|8193|8193
1785967556569|1022|tune_buffers8_batch8_f2r_00002_4194304_terminal|fixed|1350565379|8193|8193
1785967556569|1022|tune_buffers8_batch8_f2r_00002_4194304_terminal|rotating|1350565379|8193|8193
1785967557001|1023|tune_buffers8_batch8_f2r_00003_1048576_active|fixed|1346371075|8193|8193
1785967557001|1023|tune_buffers8_batch8_f2r_00003_1048576_active|rotating|1346362883|8193|8193
1785967558526|1023|tune_buffers8_batch8_f2r_00003_1048576_terminal|fixed|1346371075|8193|8193
1785967558526|1023|tune_buffers8_batch8_f2r_00003_1048576_terminal|rotating|1346371075|8193|8193
1785967558898|1024|tune_buffers8_batch8_f2r_00004_1048576_active|fixed|1350565379|8193|8193
1785967558898|1024|tune_buffers8_batch8_f2r_00004_1048576_active|rotating|1346362883|8193|8193
1785967560363|1024|tune_buffers8_batch8_f2r_00004_1048576_terminal|fixed|1350565379|8193|8193
1785967560363|1024|tune_buffers8_batch8_f2r_00004_1048576_terminal|rotating|1346371075|8193|8193
1785967560734|1025|tune_buffers8_batch8_f2r_00005_1048576_active|fixed|1350565379|8193|8193
1785967560734|1025|tune_buffers8_batch8_f2r_00005_1048576_active|rotating|1346362883|8193|8193
1785967562156|1025|tune_buffers8_batch8_f2r_00005_1048576_terminal|fixed|1346371075|8193|8193
1785967562156|1025|tune_buffers8_batch8_f2r_00005_1048576_terminal|rotating|1346371075|8193|8193
1785967562479|1026|tune_buffers8_batch8_f2r_00006_1048576_active|fixed|1346371075|8193|8193
1785967562479|1026|tune_buffers8_batch8_f2r_00006_1048576_active|rotating|1346362883|8193|8193
1785967563919|1026|tune_buffers8_batch8_f2r_00006_1048576_terminal|fixed|1346371075|8193|8193
1785967563919|1026|tune_buffers8_batch8_f2r_00006_1048576_terminal|rotating|1346371075|8193|8193
1785967564322|1027|tune_buffers8_batch8_f2r_00007_1048576_active|fixed|1350565379|8193|8193
1785967564322|1027|tune_buffers8_batch8_f2r_00007_1048576_active|rotating|1346362883|8193|8193
1785967565677|1027|tune_buffers8_batch8_f2r_00007_1048576_terminal|fixed|1350565379|8193|8193
1785967565677|1027|tune_buffers8_batch8_f2r_00007_1048576_terminal|rotating|1346371075|8193|8193
1785967566000|1028|tune_buffers8_batch8_f2r_00008_1048576_active|fixed|1350565379|8193|8193
1785967566000|1028|tune_buffers8_batch8_f2r_00008_1048576_active|rotating|1346362883|8193|8193
1785967567390|1028|tune_buffers8_batch8_f2r_00008_1048576_terminal|fixed|1350565379|8193|8193
1785967567390|1028|tune_buffers8_batch8_f2r_00008_1048576_terminal|rotating|1350565379|8193|8193
1785967572997|1029|tune_buffers8_batch8_r2f_00000_4194304_active|fixed|1350557187|8193|8193
1785967572997|1029|tune_buffers8_batch8_r2f_00000_4194304_active|rotating|1350565379|8193|8193
1785967577229|1029|tune_buffers8_batch8_r2f_00000_4194304_terminal|fixed|1346371075|8193|8193
1785967577229|1029|tune_buffers8_batch8_r2f_00000_4194304_terminal|rotating|1346371075|8193|8193
1785967577592|1030|tune_buffers8_batch8_r2f_00001_4194304_active|fixed|1346362883|8193|8193
1785967577592|1030|tune_buffers8_batch8_r2f_00001_4194304_active|rotating|1346371075|8193|8193
1785967581727|1030|tune_buffers8_batch8_r2f_00001_4194304_terminal|fixed|1350565379|8193|8193
1785967581727|1030|tune_buffers8_batch8_r2f_00001_4194304_terminal|rotating|1346371075|8193|8193
1785967582107|1031|tune_buffers8_batch8_r2f_00002_4194304_active|fixed|1346362883|8193|8193
1785967582107|1031|tune_buffers8_batch8_r2f_00002_4194304_active|rotating|1350565379|8193|8193
1785967586234|1031|tune_buffers8_batch8_r2f_00002_4194304_terminal|fixed|1350565379|8193|8193
1785967586234|1031|tune_buffers8_batch8_r2f_00002_4194304_terminal|rotating|1346371075|8193|8193
1785967586594|1032|tune_buffers8_batch8_r2f_00003_1048576_active|fixed|1346362883|8193|8193
1785967586594|1032|tune_buffers8_batch8_r2f_00003_1048576_active|rotating|1346371075|8193|8193
1785967587976|1032|tune_buffers8_batch8_r2f_00003_1048576_terminal|fixed|1346371075|8193|8193
1785967587976|1032|tune_buffers8_batch8_r2f_00003_1048576_terminal|rotating|1346371075|8193|8193
1785967588302|1033|tune_buffers8_batch8_r2f_00004_1048576_active|fixed|1346362883|8193|8193
1785967588302|1033|tune_buffers8_batch8_r2f_00004_1048576_active|rotating|1346371075|8193|8193
1785967589674|1033|tune_buffers8_batch8_r2f_00004_1048576_terminal|fixed|1346371075|8193|8193
1785967589674|1033|tune_buffers8_batch8_r2f_00004_1048576_terminal|rotating|1350565379|8193|8193
1785967589986|1034|tune_buffers8_batch8_r2f_00005_1048576_active|fixed|1350557187|8193|8193
1785967589986|1034|tune_buffers8_batch8_r2f_00005_1048576_active|rotating|1350565379|8193|8193
1785967591344|1034|tune_buffers8_batch8_r2f_00005_1048576_terminal|fixed|1346371075|8193|8193
1785967591344|1034|tune_buffers8_batch8_r2f_00005_1048576_terminal|rotating|1350565379|8193|8193
1785967591681|1035|tune_buffers8_batch8_r2f_00006_1048576_active|fixed|1346362883|8193|8193
1785967591681|1035|tune_buffers8_batch8_r2f_00006_1048576_active|rotating|1350565379|8193|8193
1785967593042|1035|tune_buffers8_batch8_r2f_00006_1048576_terminal|fixed|1346371075|8193|8193
1785967593042|1035|tune_buffers8_batch8_r2f_00006_1048576_terminal|rotating|1346371075|8193|8193
1785967593338|1036|tune_buffers8_batch8_r2f_00007_1048576_active|fixed|1346362883|8193|8193
1785967593338|1036|tune_buffers8_batch8_r2f_00007_1048576_active|rotating|1350565379|8193|8193
1785967594691|1036|tune_buffers8_batch8_r2f_00007_1048576_terminal|fixed|1346371075|8193|8193
1785967594691|1036|tune_buffers8_batch8_r2f_00007_1048576_terminal|rotating|1350565379|8193|8193
1785967595003|1037|tune_buffers8_batch8_r2f_00008_1048576_active|fixed|1346362883|8193|8193
1785967595003|1037|tune_buffers8_batch8_r2f_00008_1048576_active|rotating|1350565379|8193|8193
1785967596391|1037|tune_buffers8_batch8_r2f_00008_1048576_terminal|fixed|1346371075|8193|8193
1785967596391|1037|tune_buffers8_batch8_r2f_00008_1048576_terminal|rotating|1350565379|8193|8193
1785967596709|1038|tune_buffers8_batch8_r2f_00009_1048576_active|fixed|1350557187|8193|8193
1785967596709|1038|tune_buffers8_batch8_r2f_00009_1048576_active|rotating|1350565379|8193|8193
1785967598063|1038|tune_buffers8_batch8_r2f_00009_1048576_terminal|fixed|1350565379|8193|8193
1785967598063|1038|tune_buffers8_batch8_r2f_00009_1048576_terminal|rotating|1346371075|8193|8193
1785967603015|1039|tune_buffers8_batch16_f2r_00000_4194304_active|fixed|1346371075|8193|8193
1785967603015|1039|tune_buffers8_batch16_f2r_00000_4194304_active|rotating|1350557187|8193|8193
1785967607200|1039|tune_buffers8_batch16_f2r_00000_4194304_terminal|fixed|1350565379|8193|8193
1785967607200|1039|tune_buffers8_batch16_f2r_00000_4194304_terminal|rotating|1350565379|8193|8193
1785967607578|1040|tune_buffers8_batch16_f2r_00001_4194304_active|fixed|1346371075|8193|8193
1785967607578|1040|tune_buffers8_batch16_f2r_00001_4194304_active|rotating|1350557187|8193|8193
1785967611776|1040|tune_buffers8_batch16_f2r_00001_4194304_terminal|fixed|1346371075|8193|8193
1785967611776|1040|tune_buffers8_batch16_f2r_00001_4194304_terminal|rotating|1350565379|8193|8193
1785967612181|1041|tune_buffers8_batch16_f2r_00002_4194304_active|fixed|1350565379|8193|8193
1785967612181|1041|tune_buffers8_batch16_f2r_00002_4194304_active|rotating|1346362883|8193|8193
1785967616388|1041|tune_buffers8_batch16_f2r_00002_4194304_terminal|fixed|1346371075|8193|8193
1785967616388|1041|tune_buffers8_batch16_f2r_00002_4194304_terminal|rotating|1350565379|8193|8193
1785967616752|1042|tune_buffers8_batch16_f2r_00003_1048576_active|fixed|1350565379|8193|8193
1785967616752|1042|tune_buffers8_batch16_f2r_00003_1048576_active|rotating|1346362883|8193|8193
1785967618114|1042|tune_buffers8_batch16_f2r_00003_1048576_terminal|fixed|1350565379|8193|8193
1785967618114|1042|tune_buffers8_batch16_f2r_00003_1048576_terminal|rotating|1350565379|8193|8193
1785967618415|1043|tune_buffers8_batch16_f2r_00004_1048576_active|fixed|1350565379|8193|8193
1785967618415|1043|tune_buffers8_batch16_f2r_00004_1048576_active|rotating|1346362883|8193|8193
1785967619964|1043|tune_buffers8_batch16_f2r_00004_1048576_terminal|fixed|1346371075|8193|8193
1785967619964|1043|tune_buffers8_batch16_f2r_00004_1048576_terminal|rotating|1350565379|8193|8193
1785967620438|1044|tune_buffers8_batch16_f2r_00005_1048576_active|fixed|1350565379|8193|8193
1785967620438|1044|tune_buffers8_batch16_f2r_00005_1048576_active|rotating|1350557187|8193|8193
1785967621868|1044|tune_buffers8_batch16_f2r_00005_1048576_terminal|fixed|1346371075|8193|8193
1785967621868|1044|tune_buffers8_batch16_f2r_00005_1048576_terminal|rotating|1346371075|8193|8193
1785967622283|1045|tune_buffers8_batch16_f2r_00006_1048576_active|fixed|1350565379|8193|8193
1785967622283|1045|tune_buffers8_batch16_f2r_00006_1048576_active|rotating|1346362883|8193|8193
1785967623681|1045|tune_buffers8_batch16_f2r_00006_1048576_terminal|fixed|1346371075|8193|8193
1785967623681|1045|tune_buffers8_batch16_f2r_00006_1048576_terminal|rotating|1350565379|8193|8193
1785967624019|1046|tune_buffers8_batch16_f2r_00007_1048576_active|fixed|1346371075|8193|8193
1785967624019|1046|tune_buffers8_batch16_f2r_00007_1048576_active|rotating|1346362883|8193|8193
1785967625420|1046|tune_buffers8_batch16_f2r_00007_1048576_terminal|fixed|1346371075|8193|8193
1785967625420|1046|tune_buffers8_batch16_f2r_00007_1048576_terminal|rotating|1350565379|8193|8193
1785967625798|1047|tune_buffers8_batch16_f2r_00008_1048576_active|fixed|1346371075|8193|8193
1785967625798|1047|tune_buffers8_batch16_f2r_00008_1048576_active|rotating|1350557187|8193|8193
1785967627252|1047|tune_buffers8_batch16_f2r_00008_1048576_terminal|fixed|1350565379|8193|8193
1785967627252|1047|tune_buffers8_batch16_f2r_00008_1048576_terminal|rotating|1350565379|8193|8193
1785967633007|1048|tune_buffers8_batch16_r2f_00000_4194304_active|fixed|1350557187|8193|8193
1785967633007|1048|tune_buffers8_batch16_r2f_00000_4194304_active|rotating|1350565379|8193|8193
1785967637224|1048|tune_buffers8_batch16_r2f_00000_4194304_terminal|fixed|1346371075|8193|8193
1785967637224|1048|tune_buffers8_batch16_r2f_00000_4194304_terminal|rotating|1350565379|8193|8193
1785967637594|1049|tune_buffers8_batch16_r2f_00001_4194304_active|fixed|1346362883|8193|8193
1785967637594|1049|tune_buffers8_batch16_r2f_00001_4194304_active|rotating|1346371075|8193|8193
1785967641709|1049|tune_buffers8_batch16_r2f_00001_4194304_terminal|fixed|1350565379|8193|8193
1785967641709|1049|tune_buffers8_batch16_r2f_00001_4194304_terminal|rotating|1346371075|8193|8193
1785967642060|1050|tune_buffers8_batch16_r2f_00002_4194304_active|fixed|1350557187|8193|8193
1785967642060|1050|tune_buffers8_batch16_r2f_00002_4194304_active|rotating|1346371075|8193|8193
1785967646202|1050|tune_buffers8_batch16_r2f_00002_4194304_terminal|fixed|1350565379|8193|8193
1785967646202|1050|tune_buffers8_batch16_r2f_00002_4194304_terminal|rotating|1350565379|8193|8193
1785967646535|1051|tune_buffers8_batch16_r2f_00003_1048576_active|fixed|1346362883|8193|8193
1785967646535|1051|tune_buffers8_batch16_r2f_00003_1048576_active|rotating|1346371075|8193|8193
1785967647913|1051|tune_buffers8_batch16_r2f_00003_1048576_terminal|fixed|1346371075|8193|8193
1785967647913|1051|tune_buffers8_batch16_r2f_00003_1048576_terminal|rotating|1350565379|8193|8193
1785967648211|1052|tune_buffers8_batch16_r2f_00004_1048576_active|fixed|1350557187|8193|8193
1785967648211|1052|tune_buffers8_batch16_r2f_00004_1048576_active|rotating|1350565379|8193|8193
1785967649547|1052|tune_buffers8_batch16_r2f_00004_1048576_terminal|fixed|1346371075|8193|8193
1785967649547|1052|tune_buffers8_batch16_r2f_00004_1048576_terminal|rotating|1350565379|8193|8193
1785967649886|1053|tune_buffers8_batch16_r2f_00005_1048576_active|fixed|1350557187|8193|8193
1785967649886|1053|tune_buffers8_batch16_r2f_00005_1048576_active|rotating|1350565379|8193|8193
1785967651323|1053|tune_buffers8_batch16_r2f_00005_1048576_terminal|fixed|1350565379|8193|8193
1785967651323|1053|tune_buffers8_batch16_r2f_00005_1048576_terminal|rotating|1350565379|8193|8193
1785967651653|1054|tune_buffers8_batch16_r2f_00006_1048576_active|fixed|1350557187|8193|8193
1785967651653|1054|tune_buffers8_batch16_r2f_00006_1048576_active|rotating|1346371075|8193|8193
1785967653047|1054|tune_buffers8_batch16_r2f_00006_1048576_terminal|fixed|1346371075|8193|8193
1785967653047|1054|tune_buffers8_batch16_r2f_00006_1048576_terminal|rotating|1350565379|8193|8193
1785967653341|1055|tune_buffers8_batch16_r2f_00007_1048576_active|fixed|1350557187|8193|8193
1785967653341|1055|tune_buffers8_batch16_r2f_00007_1048576_active|rotating|1350565379|8193|8193
1785967654689|1055|tune_buffers8_batch16_r2f_00007_1048576_terminal|fixed|1350565379|8193|8193
1785967654689|1055|tune_buffers8_batch16_r2f_00007_1048576_terminal|rotating|1346371075|8193|8193
1785967654990|1056|tune_buffers8_batch16_r2f_00008_1048576_active|fixed|1346362883|8193|8193
1785967654990|1056|tune_buffers8_batch16_r2f_00008_1048576_active|rotating|1346371075|8193|8193
1785967656372|1056|tune_buffers8_batch16_r2f_00008_1048576_terminal|fixed|1346371075|8193|8193
1785967656372|1056|tune_buffers8_batch16_r2f_00008_1048576_terminal|rotating|1346371075|8193|8193
1785967656691|1057|tune_buffers8_batch16_r2f_00009_1048576_active|fixed|1350557187|8193|8193
1785967656691|1057|tune_buffers8_batch16_r2f_00009_1048576_active|rotating|1350565379|8193|8193
1785967658077|1057|tune_buffers8_batch16_r2f_00009_1048576_terminal|fixed|1346371075|8193|8193
1785967658077|1057|tune_buffers8_batch16_r2f_00009_1048576_terminal|rotating|1350565379|8193|8193
1785967662900|1058|tune_buffers4_batch16_f2r_00000_4194304_active|fixed|1346371075|8193|8193
1785967662900|1058|tune_buffers4_batch16_f2r_00000_4194304_active|rotating|1350557187|8193|8193
1785967667015|1058|tune_buffers4_batch16_f2r_00000_4194304_terminal|fixed|1346371075|8193|8193
1785967667015|1058|tune_buffers4_batch16_f2r_00000_4194304_terminal|rotating|1350565379|8193|8193
1785967667345|1059|tune_buffers4_batch16_f2r_00001_4194304_active|fixed|1350565379|8193|8193
1785967667345|1059|tune_buffers4_batch16_f2r_00001_4194304_active|rotating|1350557187|8193|8193
1785967671420|1059|tune_buffers4_batch16_f2r_00001_4194304_terminal|fixed|1346371075|8193|8193
1785967671420|1059|tune_buffers4_batch16_f2r_00001_4194304_terminal|rotating|1346371075|8193|8193
1785967671713|1060|tune_buffers4_batch16_f2r_00002_4194304_active|fixed|1350565379|8193|8193
1785967671713|1060|tune_buffers4_batch16_f2r_00002_4194304_active|rotating|1350557187|8193|8193
1785967675767|1060|tune_buffers4_batch16_f2r_00002_4194304_terminal|fixed|1350565379|8193|8193
1785967675767|1060|tune_buffers4_batch16_f2r_00002_4194304_terminal|rotating|1350565379|8193|8193
1785967676150|1061|tune_buffers4_batch16_f2r_00003_1048576_active|fixed|1346371075|8193|8193
1785967676150|1061|tune_buffers4_batch16_f2r_00003_1048576_active|rotating|1346362883|8193|8193
1785967677540|1061|tune_buffers4_batch16_f2r_00003_1048576_terminal|fixed|1350565379|8193|8193
1785967677540|1061|tune_buffers4_batch16_f2r_00003_1048576_terminal|rotating|1346371075|8193|8193
1785967677895|1062|tune_buffers4_batch16_f2r_00004_1048576_active|fixed|1346371075|8193|8193
1785967677895|1062|tune_buffers4_batch16_f2r_00004_1048576_active|rotating|1346362883|8193|8193
1785967679300|1062|tune_buffers4_batch16_f2r_00004_1048576_terminal|fixed|1350565379|8193|8193
1785967679300|1062|tune_buffers4_batch16_f2r_00004_1048576_terminal|rotating|1346371075|8193|8193
1785967679639|1063|tune_buffers4_batch16_f2r_00005_1048576_active|fixed|1346371075|8193|8193
1785967679639|1063|tune_buffers4_batch16_f2r_00005_1048576_active|rotating|1346362883|8193|8193
1785967681036|1063|tune_buffers4_batch16_f2r_00005_1048576_terminal|fixed|1346371075|8193|8193
1785967681036|1063|tune_buffers4_batch16_f2r_00005_1048576_terminal|rotating|1346371075|8193|8193
1785967681347|1064|tune_buffers4_batch16_f2r_00006_1048576_active|fixed|1346371075|8193|8193
1785967681347|1064|tune_buffers4_batch16_f2r_00006_1048576_active|rotating|1350557187|8193|8193
1785967682718|1064|tune_buffers4_batch16_f2r_00006_1048576_terminal|fixed|1350565379|8193|8193
1785967682718|1064|tune_buffers4_batch16_f2r_00006_1048576_terminal|rotating|1350565379|8193|8193
1785967683023|1065|tune_buffers4_batch16_f2r_00007_1048576_active|fixed|1350565379|8193|8193
1785967683023|1065|tune_buffers4_batch16_f2r_00007_1048576_active|rotating|1350557187|8193|8193
1785967684416|1065|tune_buffers4_batch16_f2r_00007_1048576_terminal|fixed|1346371075|8193|8193
1785967684416|1065|tune_buffers4_batch16_f2r_00007_1048576_terminal|rotating|1346371075|8193|8193
1785967684714|1066|tune_buffers4_batch16_f2r_00008_1048576_active|fixed|1346371075|8193|8193
1785967684714|1066|tune_buffers4_batch16_f2r_00008_1048576_active|rotating|1346362883|8193|8193
1785967686078|1066|tune_buffers4_batch16_f2r_00008_1048576_terminal|fixed|1350565379|8193|8193
1785967686078|1066|tune_buffers4_batch16_f2r_00008_1048576_terminal|rotating|1350565379|8193|8193
1785967686411|1067|tune_buffers4_batch16_f2r_00009_1048576_active|fixed|1350565379|8193|8193
1785967686411|1067|tune_buffers4_batch16_f2r_00009_1048576_active|rotating|1350557187|8193|8193
1785967687787|1067|tune_buffers4_batch16_f2r_00009_1048576_terminal|fixed|1346371075|8193|8193
1785967687787|1067|tune_buffers4_batch16_f2r_00009_1048576_terminal|rotating|1350565379|8193|8193
1785967692898|1068|tune_buffers4_batch16_r2f_00000_4194304_active|fixed|1350557187|8193|8193
1785967692898|1068|tune_buffers4_batch16_r2f_00000_4194304_active|rotating|1346371075|8193|8193
1785967697024|1068|tune_buffers4_batch16_r2f_00000_4194304_terminal|fixed|1346371075|8193|8193
1785967697024|1068|tune_buffers4_batch16_r2f_00000_4194304_terminal|rotating|1346371075|8193|8193
1785967697371|1069|tune_buffers4_batch16_r2f_00001_4194304_active|fixed|1346362883|8193|8193
1785967697371|1069|tune_buffers4_batch16_r2f_00001_4194304_active|rotating|1350565379|8193|8193
1785967701420|1069|tune_buffers4_batch16_r2f_00001_4194304_terminal|fixed|1346371075|8193|8193
1785967701420|1069|tune_buffers4_batch16_r2f_00001_4194304_terminal|rotating|1350565379|8193|8193
1785967701727|1070|tune_buffers4_batch16_r2f_00002_4194304_active|fixed|1350557187|8193|8193
1785967701727|1070|tune_buffers4_batch16_r2f_00002_4194304_active|rotating|1346371075|8193|8193
1785967705801|1070|tune_buffers4_batch16_r2f_00002_4194304_terminal|fixed|1350565379|8193|8193
1785967705801|1070|tune_buffers4_batch16_r2f_00002_4194304_terminal|rotating|1346371075|8193|8193
1785967706172|1071|tune_buffers4_batch16_r2f_00003_1048576_active|fixed|1350557187|8193|8193
1785967706172|1071|tune_buffers4_batch16_r2f_00003_1048576_active|rotating|1346371075|8193|8193
1785967707530|1071|tune_buffers4_batch16_r2f_00003_1048576_terminal|fixed|1350565379|8193|8193
1785967707530|1071|tune_buffers4_batch16_r2f_00003_1048576_terminal|rotating|1346371075|8193|8193
1785967707833|1072|tune_buffers4_batch16_r2f_00004_1048576_active|fixed|1350557187|8193|8193
1785967707833|1072|tune_buffers4_batch16_r2f_00004_1048576_active|rotating|1346371075|8193|8193
1785967709232|1072|tune_buffers4_batch16_r2f_00004_1048576_terminal|fixed|1346371075|8193|8193
1785967709232|1072|tune_buffers4_batch16_r2f_00004_1048576_terminal|rotating|1350565379|8193|8193
1785967709575|1073|tune_buffers4_batch16_r2f_00005_1048576_active|fixed|1346362883|8193|8193
1785967709575|1073|tune_buffers4_batch16_r2f_00005_1048576_active|rotating|1346371075|8193|8193
1785967710970|1073|tune_buffers4_batch16_r2f_00005_1048576_terminal|fixed|1346371075|8193|8193
1785967710970|1073|tune_buffers4_batch16_r2f_00005_1048576_terminal|rotating|1346371075|8193|8193
1785967711293|1074|tune_buffers4_batch16_r2f_00006_1048576_active|fixed|1346362883|8193|8193
1785967711293|1074|tune_buffers4_batch16_r2f_00006_1048576_active|rotating|1346371075|8193|8193
1785967712668|1074|tune_buffers4_batch16_r2f_00006_1048576_terminal|fixed|1346371075|8193|8193
1785967712668|1074|tune_buffers4_batch16_r2f_00006_1048576_terminal|rotating|1346371075|8193|8193
1785967712947|1075|tune_buffers4_batch16_r2f_00007_1048576_active|fixed|1346362883|8193|8193
1785967712947|1075|tune_buffers4_batch16_r2f_00007_1048576_active|rotating|1346371075|8193|8193
1785967714464|1075|tune_buffers4_batch16_r2f_00007_1048576_terminal|fixed|1346371075|8193|8193
1785967714464|1075|tune_buffers4_batch16_r2f_00007_1048576_terminal|rotating|1346371075|8193|8193
1785967714818|1076|tune_buffers4_batch16_r2f_00008_1048576_active|fixed|1350557187|8193|8193
1785967714818|1076|tune_buffers4_batch16_r2f_00008_1048576_active|rotating|1346371075|8193|8193
1785967716187|1076|tune_buffers4_batch16_r2f_00008_1048576_terminal|fixed|1350565379|8193|8193
1785967716187|1076|tune_buffers4_batch16_r2f_00008_1048576_terminal|rotating|1346371075|8193|8193
1785967716632|1077|tune_buffers4_batch16_r2f_00009_1048576_active|fixed|1346362883|8193|8193
1785967716632|1077|tune_buffers4_batch16_r2f_00009_1048576_active|rotating|1346371075|8193|8193
1785967718005|1077|tune_buffers4_batch16_r2f_00009_1048576_terminal|fixed|1350565379|8193|8193
1785967718005|1077|tune_buffers4_batch16_r2f_00009_1048576_terminal|rotating|1346371075|8193|8193
1785967722901|1078|tune_buffers4_batch32_f2r_00000_4194304_active|fixed|1350565379|8193|8193
1785967722901|1078|tune_buffers4_batch32_f2r_00000_4194304_active|rotating|1350557187|8193|8193
1785967727003|1078|tune_buffers4_batch32_f2r_00000_4194304_terminal|fixed|1350565379|8193|8193
1785967727003|1078|tune_buffers4_batch32_f2r_00000_4194304_terminal|rotating|1350565379|8193|8193
1785967727313|1079|tune_buffers4_batch32_f2r_00001_4194304_active|fixed|1350565379|8193|8193
1785967727313|1079|tune_buffers4_batch32_f2r_00001_4194304_active|rotating|1350557187|8193|8193
1785967731407|1079|tune_buffers4_batch32_f2r_00001_4194304_terminal|fixed|1346371075|8193|8193
1785967731407|1079|tune_buffers4_batch32_f2r_00001_4194304_terminal|rotating|1350565379|8193|8193
1785967731723|1080|tune_buffers4_batch32_f2r_00002_4194304_active|fixed|1346371075|8193|8193
1785967731723|1080|tune_buffers4_batch32_f2r_00002_4194304_active|rotating|1346362883|8193|8193
1785967735814|1080|tune_buffers4_batch32_f2r_00002_4194304_terminal|fixed|1350565379|8193|8193
1785967735814|1080|tune_buffers4_batch32_f2r_00002_4194304_terminal|rotating|1346371075|8193|8193
1785967736101|1081|tune_buffers4_batch32_f2r_00003_1048576_active|fixed|1350565379|8193|8193
1785967736101|1081|tune_buffers4_batch32_f2r_00003_1048576_active|rotating|1346362883|8193|8193
1785967737456|1081|tune_buffers4_batch32_f2r_00003_1048576_terminal|fixed|1346371075|8193|8193
1785967737456|1081|tune_buffers4_batch32_f2r_00003_1048576_terminal|rotating|1350565379|8193|8193
1785967737800|1082|tune_buffers4_batch32_f2r_00004_1048576_active|fixed|1350565379|8193|8193
1785967737800|1082|tune_buffers4_batch32_f2r_00004_1048576_active|rotating|1346362883|8193|8193
1785967739225|1082|tune_buffers4_batch32_f2r_00004_1048576_terminal|fixed|1350565379|8193|8193
1785967739225|1082|tune_buffers4_batch32_f2r_00004_1048576_terminal|rotating|1350565379|8193|8193
1785967739533|1083|tune_buffers4_batch32_f2r_00005_1048576_active|fixed|1350565379|8193|8193
1785967739533|1083|tune_buffers4_batch32_f2r_00005_1048576_active|rotating|1350557187|8193|8193
1785967740940|1083|tune_buffers4_batch32_f2r_00005_1048576_terminal|fixed|1350565379|8193|8193
1785967740940|1083|tune_buffers4_batch32_f2r_00005_1048576_terminal|rotating|1350565379|8193|8193
1785967741269|1084|tune_buffers4_batch32_f2r_00006_1048576_active|fixed|1346371075|8193|8193
1785967741269|1084|tune_buffers4_batch32_f2r_00006_1048576_active|rotating|1350557187|8193|8193
1785967742643|1084|tune_buffers4_batch32_f2r_00006_1048576_terminal|fixed|1350565379|8193|8193
1785967742643|1084|tune_buffers4_batch32_f2r_00006_1048576_terminal|rotating|1346371075|8193|8193
1785967742936|1085|tune_buffers4_batch32_f2r_00007_1048576_active|fixed|1346371075|8193|8193
1785967742936|1085|tune_buffers4_batch32_f2r_00007_1048576_active|rotating|1346362883|8193|8193
1785967744329|1085|tune_buffers4_batch32_f2r_00007_1048576_terminal|fixed|1350565379|8193|8193
1785967744329|1085|tune_buffers4_batch32_f2r_00007_1048576_terminal|rotating|1350565379|8193|8193
1785967744646|1086|tune_buffers4_batch32_f2r_00008_1048576_active|fixed|1350565379|8193|8193
1785967744646|1086|tune_buffers4_batch32_f2r_00008_1048576_active|rotating|1350557187|8193|8193
1785967746021|1086|tune_buffers4_batch32_f2r_00008_1048576_terminal|fixed|1346371075|8193|8193
1785967746021|1086|tune_buffers4_batch32_f2r_00008_1048576_terminal|rotating|1346371075|8193|8193
1785967746321|1087|tune_buffers4_batch32_f2r_00009_1048576_active|fixed|1350565379|8193|8193
1785967746321|1087|tune_buffers4_batch32_f2r_00009_1048576_active|rotating|1346362883|8193|8193
1785967747692|1087|tune_buffers4_batch32_f2r_00009_1048576_terminal|fixed|1346371075|8193|8193
1785967747692|1087|tune_buffers4_batch32_f2r_00009_1048576_terminal|rotating|1346371075|8193|8193
1785967752943|1088|tune_buffers4_batch32_r2f_00000_4194304_active|fixed|1350557187|8193|8193
1785967752943|1088|tune_buffers4_batch32_r2f_00000_4194304_active|rotating|1350565379|8193|8193
1785967757045|1088|tune_buffers4_batch32_r2f_00000_4194304_terminal|fixed|1346371075|8193|8193
1785967757045|1088|tune_buffers4_batch32_r2f_00000_4194304_terminal|rotating|1346371075|8193|8193
1785967757374|1089|tune_buffers4_batch32_r2f_00001_4194304_active|fixed|1350557187|8193|8193
1785967757374|1089|tune_buffers4_batch32_r2f_00001_4194304_active|rotating|1346371075|8193|8193
1785967761426|1089|tune_buffers4_batch32_r2f_00001_4194304_terminal|fixed|1350565379|8193|8193
1785967761426|1089|tune_buffers4_batch32_r2f_00001_4194304_terminal|rotating|1350565379|8193|8193
1785967761771|1090|tune_buffers4_batch32_r2f_00002_4194304_active|fixed|1350557187|8193|8193
1785967761771|1090|tune_buffers4_batch32_r2f_00002_4194304_active|rotating|1350565379|8193|8193
1785967765871|1090|tune_buffers4_batch32_r2f_00002_4194304_terminal|fixed|1350565379|8193|8193
1785967765871|1090|tune_buffers4_batch32_r2f_00002_4194304_terminal|rotating|1346371075|8193|8193
1785967766159|1091|tune_buffers4_batch32_r2f_00003_1048576_active|fixed|1346362883|8193|8193
1785967766159|1091|tune_buffers4_batch32_r2f_00003_1048576_active|rotating|1350565379|8193|8193
1785967767546|1091|tune_buffers4_batch32_r2f_00003_1048576_terminal|fixed|1350565379|8193|8193
1785967767546|1091|tune_buffers4_batch32_r2f_00003_1048576_terminal|rotating|1350565379|8193|8193
1785967767865|1092|tune_buffers4_batch32_r2f_00004_1048576_active|fixed|1350557187|8193|8193
1785967767865|1092|tune_buffers4_batch32_r2f_00004_1048576_active|rotating|1346371075|8193|8193
1785967769285|1092|tune_buffers4_batch32_r2f_00004_1048576_terminal|fixed|1346371075|8193|8193
1785967769285|1092|tune_buffers4_batch32_r2f_00004_1048576_terminal|rotating|1346371075|8193|8193
1785967769628|1093|tune_buffers4_batch32_r2f_00005_1048576_active|fixed|1346362883|8193|8193
1785967769628|1093|tune_buffers4_batch32_r2f_00005_1048576_active|rotating|1350565379|8193|8193
1785967771009|1093|tune_buffers4_batch32_r2f_00005_1048576_terminal|fixed|1350565379|8193|8193
1785967771009|1093|tune_buffers4_batch32_r2f_00005_1048576_terminal|rotating|1346371075|8193|8193
1785967771318|1094|tune_buffers4_batch32_r2f_00006_1048576_active|fixed|1350557187|8193|8193
1785967771318|1094|tune_buffers4_batch32_r2f_00006_1048576_active|rotating|1346371075|8193|8193
1785967772718|1094|tune_buffers4_batch32_r2f_00006_1048576_terminal|fixed|1350565379|8193|8193
1785967772718|1094|tune_buffers4_batch32_r2f_00006_1048576_terminal|rotating|1350565379|8193|8193
1785967773055|1095|tune_buffers4_batch32_r2f_00007_1048576_active|fixed|1350557187|8193|8193
1785967773055|1095|tune_buffers4_batch32_r2f_00007_1048576_active|rotating|1350565379|8193|8193
1785967774489|1095|tune_buffers4_batch32_r2f_00007_1048576_terminal|fixed|1350565379|8193|8193
1785967774489|1095|tune_buffers4_batch32_r2f_00007_1048576_terminal|rotating|1350565379|8193|8193
1785967774770|1096|tune_buffers4_batch32_r2f_00008_1048576_active|fixed|1350557187|8193|8193
1785967774770|1096|tune_buffers4_batch32_r2f_00008_1048576_active|rotating|1350565379|8193|8193
1785967776136|1096|tune_buffers4_batch32_r2f_00008_1048576_terminal|fixed|1346371075|8193|8193
1785967776136|1096|tune_buffers4_batch32_r2f_00008_1048576_terminal|rotating|1350565379|8193|8193
1785967776505|1097|tune_buffers4_batch32_r2f_00009_1048576_active|fixed|1346362883|8193|8193
1785967776505|1097|tune_buffers4_batch32_r2f_00009_1048576_active|rotating|1350565379|8193|8193
1785967777957|1097|tune_buffers4_batch32_r2f_00009_1048576_terminal|fixed|1350565379|8193|8193
1785967777957|1097|tune_buffers4_batch32_r2f_00009_1048576_terminal|rotating|1350565379|8193|8193
1785967782887|1098|tune_buffers2_batch16_f2r_00000_4194304_active|fixed|1346371075|8193|8193
1785967782887|1098|tune_buffers2_batch16_f2r_00000_4194304_active|rotating|1350557187|8193|8193
1785967786941|1098|tune_buffers2_batch16_f2r_00000_4194304_terminal|fixed|1346371075|8193|8193
1785967786941|1098|tune_buffers2_batch16_f2r_00000_4194304_terminal|rotating|1350565379|8193|8193
1785967787293|1099|tune_buffers2_batch16_f2r_00001_4194304_active|fixed|1350565379|8193|8193
1785967787293|1099|tune_buffers2_batch16_f2r_00001_4194304_active|rotating|1350557187|8193|8193
1785967791317|1099|tune_buffers2_batch16_f2r_00001_4194304_terminal|fixed|1346371075|8193|8193
1785967791317|1099|tune_buffers2_batch16_f2r_00001_4194304_terminal|rotating|1350565379|8193|8193
1785967791605|1100|tune_buffers2_batch16_f2r_00002_4194304_active|fixed|1346371075|8193|8193
1785967791605|1100|tune_buffers2_batch16_f2r_00002_4194304_active|rotating|1346362883|8193|8193
1785967795623|1100|tune_buffers2_batch16_f2r_00002_4194304_terminal|fixed|1350565379|8193|8193
1785967795623|1100|tune_buffers2_batch16_f2r_00002_4194304_terminal|rotating|1350565379|8193|8193
1785967795896|1101|tune_buffers2_batch16_f2r_00003_1048576_active|fixed|1346371075|8193|8193
1785967795896|1101|tune_buffers2_batch16_f2r_00003_1048576_active|rotating|1350557187|8193|8193
1785967797241|1101|tune_buffers2_batch16_f2r_00003_1048576_terminal|fixed|1350565379|8193|8193
1785967797241|1101|tune_buffers2_batch16_f2r_00003_1048576_terminal|rotating|1346371075|8193|8193
1785967797519|1102|tune_buffers2_batch16_f2r_00004_1048576_active|fixed|1350565379|8193|8193
1785967797519|1102|tune_buffers2_batch16_f2r_00004_1048576_active|rotating|1350557187|8193|8193
1785967798873|1102|tune_buffers2_batch16_f2r_00004_1048576_terminal|fixed|1346371075|8193|8193
1785967798873|1102|tune_buffers2_batch16_f2r_00004_1048576_terminal|rotating|1350565379|8193|8193
1785967799176|1103|tune_buffers2_batch16_f2r_00005_1048576_active|fixed|1350565379|8193|8193
1785967799176|1103|tune_buffers2_batch16_f2r_00005_1048576_active|rotating|1346362883|8193|8193
1785967800564|1103|tune_buffers2_batch16_f2r_00005_1048576_terminal|fixed|1346371075|8193|8193
1785967800564|1103|tune_buffers2_batch16_f2r_00005_1048576_terminal|rotating|1346371075|8193|8193
1785967800834|1104|tune_buffers2_batch16_f2r_00006_1048576_active|fixed|1350565379|8193|8193
1785967800834|1104|tune_buffers2_batch16_f2r_00006_1048576_active|rotating|1346362883|8193|8193
1785967802173|1104|tune_buffers2_batch16_f2r_00006_1048576_terminal|fixed|1350565379|8193|8193
1785967802173|1104|tune_buffers2_batch16_f2r_00006_1048576_terminal|rotating|1350565379|8193|8193
1785967802504|1105|tune_buffers2_batch16_f2r_00007_1048576_active|fixed|1346371075|8193|8193
1785967802504|1105|tune_buffers2_batch16_f2r_00007_1048576_active|rotating|1346362883|8193|8193
1785967803831|1105|tune_buffers2_batch16_f2r_00007_1048576_terminal|fixed|1350565379|8193|8193
1785967803831|1105|tune_buffers2_batch16_f2r_00007_1048576_terminal|rotating|1346371075|8193|8193
1785967804117|1106|tune_buffers2_batch16_f2r_00008_1048576_active|fixed|1346371075|8193|8193
1785967804117|1106|tune_buffers2_batch16_f2r_00008_1048576_active|rotating|1350557187|8193|8193
1785967805486|1106|tune_buffers2_batch16_f2r_00008_1048576_terminal|fixed|1350565379|8193|8193
1785967805486|1106|tune_buffers2_batch16_f2r_00008_1048576_terminal|rotating|1350565379|8193|8193
1785967805733|1107|tune_buffers2_batch16_f2r_00009_1048576_active|fixed|1350565379|8193|8193
1785967805733|1107|tune_buffers2_batch16_f2r_00009_1048576_active|rotating|1350557187|8193|8193
1785967807062|1107|tune_buffers2_batch16_f2r_00009_1048576_terminal|fixed|1346371075|8193|8193
1785967807062|1107|tune_buffers2_batch16_f2r_00009_1048576_terminal|rotating|1346371075|8193|8193
1785967812889|1108|tune_buffers2_batch16_r2f_00000_4194304_active|fixed|1350557187|8193|8193
1785967812889|1108|tune_buffers2_batch16_r2f_00000_4194304_active|rotating|1346371075|8193|8193
1785967816960|1108|tune_buffers2_batch16_r2f_00000_4194304_terminal|fixed|1346371075|8193|8193
1785967816960|1108|tune_buffers2_batch16_r2f_00000_4194304_terminal|rotating|1350565379|8193|8193
1785967817221|1109|tune_buffers2_batch16_r2f_00001_4194304_active|fixed|1350557187|8193|8193
1785967817221|1109|tune_buffers2_batch16_r2f_00001_4194304_active|rotating|1350565379|8193|8193
1785967821256|1109|tune_buffers2_batch16_r2f_00001_4194304_terminal|fixed|1346371075|8193|8193
1785967821256|1109|tune_buffers2_batch16_r2f_00001_4194304_terminal|rotating|1350565379|8193|8193
1785967821529|1110|tune_buffers2_batch16_r2f_00002_4194304_active|fixed|1350557187|8193|8193
1785967821529|1110|tune_buffers2_batch16_r2f_00002_4194304_active|rotating|1350565379|8193|8193
1785967825576|1110|tune_buffers2_batch16_r2f_00002_4194304_terminal|fixed|1350565379|8193|8193
1785967825576|1110|tune_buffers2_batch16_r2f_00002_4194304_terminal|rotating|1350565379|8193|8193
1785967825849|1111|tune_buffers2_batch16_r2f_00003_1048576_active|fixed|1346362883|8193|8193
1785967825849|1111|tune_buffers2_batch16_r2f_00003_1048576_active|rotating|1346371075|8193|8193
1785967827214|1111|tune_buffers2_batch16_r2f_00003_1048576_terminal|fixed|1346371075|8193|8193
1785967827214|1111|tune_buffers2_batch16_r2f_00003_1048576_terminal|rotating|1350565379|8193|8193
1785967827500|1112|tune_buffers2_batch16_r2f_00004_1048576_active|fixed|1350557187|8193|8193
1785967827500|1112|tune_buffers2_batch16_r2f_00004_1048576_active|rotating|1350565379|8193|8193
1785967828869|1112|tune_buffers2_batch16_r2f_00004_1048576_terminal|fixed|1346371075|8193|8193
1785967828869|1112|tune_buffers2_batch16_r2f_00004_1048576_terminal|rotating|1350565379|8193|8193
1785967829127|1113|tune_buffers2_batch16_r2f_00005_1048576_active|fixed|1346362883|8193|8193
1785967829127|1113|tune_buffers2_batch16_r2f_00005_1048576_active|rotating|1346371075|8193|8193
1785967830447|1113|tune_buffers2_batch16_r2f_00005_1048576_terminal|fixed|1350565379|8193|8193
1785967830447|1113|tune_buffers2_batch16_r2f_00005_1048576_terminal|rotating|1350565379|8193|8193
1785967830726|1114|tune_buffers2_batch16_r2f_00006_1048576_active|fixed|1346362883|8193|8193
1785967830726|1114|tune_buffers2_batch16_r2f_00006_1048576_active|rotating|1350565379|8193|8193
1785967832045|1114|tune_buffers2_batch16_r2f_00006_1048576_terminal|fixed|1346371075|8193|8193
1785967832045|1114|tune_buffers2_batch16_r2f_00006_1048576_terminal|rotating|1350565379|8193|8193
1785967832307|1115|tune_buffers2_batch16_r2f_00007_1048576_active|fixed|1350557187|8193|8193
1785967832307|1115|tune_buffers2_batch16_r2f_00007_1048576_active|rotating|1350565379|8193|8193
1785967833640|1115|tune_buffers2_batch16_r2f_00007_1048576_terminal|fixed|1346371075|8193|8193
1785967833640|1115|tune_buffers2_batch16_r2f_00007_1048576_terminal|rotating|1350565379|8193|8193
1785967833911|1116|tune_buffers2_batch16_r2f_00008_1048576_active|fixed|1346362883|8193|8193
1785967833911|1116|tune_buffers2_batch16_r2f_00008_1048576_active|rotating|1350565379|8193|8193
1785967835225|1116|tune_buffers2_batch16_r2f_00008_1048576_terminal|fixed|1346371075|8193|8193
1785967835225|1116|tune_buffers2_batch16_r2f_00008_1048576_terminal|rotating|1346371075|8193|8193
1785967835524|1117|tune_buffers2_batch16_r2f_00009_1048576_active|fixed|1346362883|8193|8193
1785967835524|1117|tune_buffers2_batch16_r2f_00009_1048576_active|rotating|1346371075|8193|8193
1785967836832|1117|tune_buffers2_batch16_r2f_00009_1048576_terminal|fixed|1350565379|8193|8193
1785967836832|1117|tune_buffers2_batch16_r2f_00009_1048576_terminal|rotating|1346371075|8193|8193
1785967843177|1118|P10_4-TUNING_endpoint_shutdown_terminal|fixed|1346371075|8193|8193
1785967843177|1118|P10_4-TUNING_endpoint_shutdown_terminal|rotating|1346371075|8193|8193
