captured_ms|sequence|label|role|data_ro|dirm0|oen0
1785955480991|0|SAFE_BOOT|fixed|1350565379|8193|8193
1785955480991|0|SAFE_BOOT|rotating|1350565379|8193|8193
1785955481154|1001|degrade_00_maskE_00000_1048576_active|fixed|1346371075|8193|8193
1785955481154|1001|degrade_00_maskE_00000_1048576_active|rotating|1350557187|8193|8193
1785955482875|1001|degrade_00_maskE_00000_1048576_terminal|fixed|1350565379|8193|8193
1785955482875|1001|degrade_00_maskE_00000_1048576_terminal|rotating|1346371075|8193|8193
1785955483168|1002|degrade_00_maskE_00001_1048576_active|fixed|1346371075|8193|8193
1785955483168|1002|degrade_00_maskE_00001_1048576_active|rotating|1346362883|8193|8193
1785955484851|1002|degrade_00_maskE_00001_1048576_terminal|fixed|1350565379|8193|8193
1785955484851|1002|degrade_00_maskE_00001_1048576_terminal|rotating|1350565379|8193|8193
1785955491165|1003|degrade_01_maskF_00000_1048576_active|fixed|1346362883|8193|8193
1785955491165|1003|degrade_01_maskF_00000_1048576_active|rotating|1346371075|8193|8193
1785955492584|1003|degrade_01_maskF_00000_1048576_terminal|fixed|1346371075|8193|8193
1785955492584|1003|degrade_01_maskF_00000_1048576_terminal|rotating|1346371075|8193|8193
1785955492905|1004|degrade_01_maskF_00001_1048576_active|fixed|1350557187|8193|8193
1785955492905|1004|degrade_01_maskF_00001_1048576_active|rotating|1346371075|8193|8193
1785955494252|1004|degrade_01_maskF_00001_1048576_terminal|fixed|1350565379|8193|8193
1785955494252|1004|degrade_01_maskF_00001_1048576_terminal|rotating|1350565379|8193|8193
1785955494566|1005|degrade_01_maskF_00002_1048576_active|fixed|1350557187|8193|8193
1785955494566|1005|degrade_01_maskF_00002_1048576_active|rotating|1350565379|8193|8193
1785955496014|1005|degrade_01_maskF_00002_1048576_terminal|fixed|1346371075|8193|8193
1785955496014|1005|degrade_01_maskF_00002_1048576_terminal|rotating|1346371075|8193|8193
1785955501196|1006|degrade_02_maskD_00000_1048576_active|fixed|1346371075|8193|8193
1785955501196|1006|degrade_02_maskD_00000_1048576_active|rotating|1350557187|8193|8193
1785955502985|1006|degrade_02_maskD_00000_1048576_terminal|fixed|1350565379|8193|8193
1785955502985|1006|degrade_02_maskD_00000_1048576_terminal|rotating|1346371075|8193|8193
1785955503376|1007|degrade_02_maskD_00001_1048576_active|fixed|1346371075|8193|8193
1785955503376|1007|degrade_02_maskD_00001_1048576_active|rotating|1350557187|8193|8193
1785955505117|1007|degrade_02_maskD_00001_1048576_terminal|fixed|1346371075|8193|8193
1785955505117|1007|degrade_02_maskD_00001_1048576_terminal|rotating|1346371075|8193|8193
1785955511184|1008|degrade_03_maskF_00000_1048576_active|fixed|1350557187|8193|8193
1785955511184|1008|degrade_03_maskF_00000_1048576_active|rotating|1350565379|8193|8193
1785955512608|1008|degrade_03_maskF_00000_1048576_terminal|fixed|1346371075|8193|8193
1785955512608|1008|degrade_03_maskF_00000_1048576_terminal|rotating|1350565379|8193|8193
1785955512907|1009|degrade_03_maskF_00001_1048576_active|fixed|1350557187|8193|8193
1785955512907|1009|degrade_03_maskF_00001_1048576_active|rotating|1346371075|8193|8193
1785955514290|1009|degrade_03_maskF_00001_1048576_terminal|fixed|1346371075|8193|8193
1785955514290|1009|degrade_03_maskF_00001_1048576_terminal|rotating|1350565379|8193|8193
1785955514576|1010|degrade_03_maskF_00002_1048576_active|fixed|1350557187|8193|8193
1785955514576|1010|degrade_03_maskF_00002_1048576_active|rotating|1346371075|8193|8193
1785955515965|1010|degrade_03_maskF_00002_1048576_terminal|fixed|1350565379|8193|8193
1785955515965|1010|degrade_03_maskF_00002_1048576_terminal|rotating|1346371075|8193|8193
1785955521191|1011|degrade_04_maskB_00000_1048576_active|fixed|1350565379|8193|8193
1785955521191|1011|degrade_04_maskB_00000_1048576_active|rotating|1346362883|8193|8193
1785955522950|1011|degrade_04_maskB_00000_1048576_terminal|fixed|1350565379|8193|8193
1785955522950|1011|degrade_04_maskB_00000_1048576_terminal|rotating|1346371075|8193|8193
1785955523242|1012|degrade_04_maskB_00001_1048576_active|fixed|1346371075|8193|8193
1785955523242|1012|degrade_04_maskB_00001_1048576_active|rotating|1346362883|8193|8193
1785955524965|1012|degrade_04_maskB_00001_1048576_terminal|fixed|1350565379|8193|8193
1785955524965|1012|degrade_04_maskB_00001_1048576_terminal|rotating|1346371075|8193|8193
1785955531195|1013|degrade_05_maskF_00000_1048576_active|fixed|1346362883|8193|8193
1785955531195|1013|degrade_05_maskF_00000_1048576_active|rotating|1350565379|8193|8193
1785955532644|1013|degrade_05_maskF_00000_1048576_terminal|fixed|1346371075|8193|8193
1785955532644|1013|degrade_05_maskF_00000_1048576_terminal|rotating|1346371075|8193|8193
1785955532931|1014|degrade_05_maskF_00001_1048576_active|fixed|1350557187|8193|8193
1785955532931|1014|degrade_05_maskF_00001_1048576_active|rotating|1350565379|8193|8193
1785955534318|1014|degrade_05_maskF_00001_1048576_terminal|fixed|1346371075|8193|8193
1785955534318|1014|degrade_05_maskF_00001_1048576_terminal|rotating|1346371075|8193|8193
1785955534632|1015|degrade_05_maskF_00002_1048576_active|fixed|1346362883|8193|8193
1785955534632|1015|degrade_05_maskF_00002_1048576_active|rotating|1346371075|8193|8193
1785955536102|1015|degrade_05_maskF_00002_1048576_terminal|fixed|1346371075|8193|8193
1785955536102|1015|degrade_05_maskF_00002_1048576_terminal|rotating|1350565379|8193|8193
1785955541222|1016|degrade_06_mask7_00000_1048576_active|fixed|1350565379|8193|8193
1785955541222|1016|degrade_06_mask7_00000_1048576_active|rotating|1350557187|8193|8193
1785955543016|1016|degrade_06_mask7_00000_1048576_terminal|fixed|1346371075|8193|8193
1785955543016|1016|degrade_06_mask7_00000_1048576_terminal|rotating|1346371075|8193|8193
1785955543398|1017|degrade_06_mask7_00001_1048576_active|fixed|1350565379|8193|8193
1785955543398|1017|degrade_06_mask7_00001_1048576_active|rotating|1346362883|8193|8193
1785955545086|1017|degrade_06_mask7_00001_1048576_terminal|fixed|1350565379|8193|8193
1785955545086|1017|degrade_06_mask7_00001_1048576_terminal|rotating|1350565379|8193|8193
1785955551205|1018|degrade_07_maskF_00000_1048576_active|fixed|1346362883|8193|8193
1785955551205|1018|degrade_07_maskF_00000_1048576_active|rotating|1350565379|8193|8193
1785955552706|1018|degrade_07_maskF_00000_1048576_terminal|fixed|1346371075|8193|8193
1785955552706|1018|degrade_07_maskF_00000_1048576_terminal|rotating|1346371075|8193|8193
1785955553176|1019|degrade_07_maskF_00001_1048576_active|fixed|1350557187|8193|8193
1785955553176|1019|degrade_07_maskF_00001_1048576_active|rotating|1350565378|8193|8193
1785955554486|1019|degrade_07_maskF_00001_1048576_terminal|fixed|1346371075|8193|8193
1785955554486|1019|degrade_07_maskF_00001_1048576_terminal|rotating|1346371075|8193|8193
1785955554821|1020|degrade_07_maskF_00002_1048576_active|fixed|1346362883|8193|8193
1785955554821|1020|degrade_07_maskF_00002_1048576_active|rotating|1350565379|8193|8193
1785955556217|1020|degrade_07_maskF_00002_1048576_terminal|fixed|1350565379|8193|8193
1785955556217|1020|degrade_07_maskF_00002_1048576_terminal|rotating|1346371075|8193|8193
1785955561222|1021|degrade_08_mask3_00000_1048576_active|fixed|1346371075|8193|8193
1785955561222|1021|degrade_08_mask3_00000_1048576_active|rotating|1350557187|8193|8193
1785955563590|1021|degrade_08_mask3_00000_1048576_terminal|fixed|1346371075|8193|8193
1785955563590|1021|degrade_08_mask3_00000_1048576_terminal|rotating|1346371075|8193|8193
1785955563899|1022|degrade_08_mask3_00001_1048576_active|fixed|1350565379|8193|8193
1785955563899|1022|degrade_08_mask3_00001_1048576_active|rotating|1350557187|8193|8193
1785955566163|1022|degrade_08_mask3_00001_1048576_terminal|fixed|1350565379|8193|8193
1785955566163|1022|degrade_08_mask3_00001_1048576_terminal|rotating|1346371075|8193|8193
1785955571233|1023|degrade_09_maskF_00000_1048576_active|fixed|1346362883|8193|8193
1785955571233|1023|degrade_09_maskF_00000_1048576_active|rotating|1350565379|8193|8193
1785955572634|1023|degrade_09_maskF_00000_1048576_terminal|fixed|1346371075|8193|8193
1785955572634|1023|degrade_09_maskF_00000_1048576_terminal|rotating|1350565379|8193|8193
1785955572917|1024|degrade_09_maskF_00001_1048576_active|fixed|1350557187|8193|8193
1785955572917|1024|degrade_09_maskF_00001_1048576_active|rotating|1350565379|8193|8193
1785955574288|1024|degrade_09_maskF_00001_1048576_terminal|fixed|1346371075|8193|8193
1785955574288|1024|degrade_09_maskF_00001_1048576_terminal|rotating|1346371075|8193|8193
1785955574589|1025|degrade_09_maskF_00002_1048576_active|fixed|1350557187|8193|8193
1785955574589|1025|degrade_09_maskF_00002_1048576_active|rotating|1350565379|8193|8193
1785955575943|1025|degrade_09_maskF_00002_1048576_terminal|fixed|1350565379|8193|8193
1785955575943|1025|degrade_09_maskF_00002_1048576_terminal|rotating|1346371075|8193|8193
1785955581244|1026|degrade_10_mask5_00000_1048576_active|fixed|1346371075|8193|8193
1785955581244|1026|degrade_10_mask5_00000_1048576_active|rotating|1350557187|8193|8193
1785955583507|1026|degrade_10_mask5_00000_1048576_terminal|fixed|1346371075|8193|8193
1785955583507|1026|degrade_10_mask5_00000_1048576_terminal|rotating|1350565379|8193|8193
1785955583811|1027|degrade_10_mask5_00001_1048576_active|fixed|1346371075|8193|8193
1785955583811|1027|degrade_10_mask5_00001_1048576_active|rotating|1346362883|8193|8193
1785955586071|1027|degrade_10_mask5_00001_1048576_terminal|fixed|1346371075|8193|8193
1785955586071|1027|degrade_10_mask5_00001_1048576_terminal|rotating|1346371075|8193|8193
1785955591247|1028|degrade_11_maskF_00000_1048576_active|fixed|1346362883|8193|8193
1785955591247|1028|degrade_11_maskF_00000_1048576_active|rotating|1346371075|8193|8193
1785955592784|1028|degrade_11_maskF_00000_1048576_terminal|fixed|1346371075|8193|8193
1785955592784|1028|degrade_11_maskF_00000_1048576_terminal|rotating|1350565379|8193|8193
1785955593176|1029|degrade_11_maskF_00001_1048576_active|fixed|1350557187|8193|8193
1785955593176|1029|degrade_11_maskF_00001_1048576_active|rotating|1346371075|8193|8193
1785955594578|1029|degrade_11_maskF_00001_1048576_terminal|fixed|1350565379|8193|8193
1785955594578|1029|degrade_11_maskF_00001_1048576_terminal|rotating|1350565379|8193|8193
1785955594934|1030|degrade_11_maskF_00002_1048576_active|fixed|1350557187|8193|8193
1785955594934|1030|degrade_11_maskF_00002_1048576_active|rotating|1346371075|8193|8193
1785955596340|1030|degrade_11_maskF_00002_1048576_terminal|fixed|1350565379|8193|8193
1785955596340|1030|degrade_11_maskF_00002_1048576_terminal|rotating|1350565379|8193|8193
1785955601267|1031|degrade_12_maskA_00000_1048576_active|fixed|1346371075|8193|8193
1785955601267|1031|degrade_12_maskA_00000_1048576_active|rotating|1346362883|8193|8193
1785955603629|1031|degrade_12_maskA_00000_1048576_terminal|fixed|1350565379|8193|8193
1785955603629|1031|degrade_12_maskA_00000_1048576_terminal|rotating|1346371075|8193|8193
1785955604054|1032|degrade_12_maskA_00001_1048576_active|fixed|1346371075|8193|8193
1785955604054|1032|degrade_12_maskA_00001_1048576_active|rotating|1350557187|8193|8193
1785955606321|1032|degrade_12_maskA_00001_1048576_terminal|fixed|1350565379|8193|8193
1785955606321|1032|degrade_12_maskA_00001_1048576_terminal|rotating|1346371075|8193|8193
1785955611257|1033|degrade_13_maskF_00000_1048576_active|fixed|1346362883|8193|8193
1785955611257|1033|degrade_13_maskF_00000_1048576_active|rotating|1346371075|8193|8193
1785955612683|1033|degrade_13_maskF_00000_1048576_terminal|fixed|1350565379|8193|8193
1785955612683|1033|degrade_13_maskF_00000_1048576_terminal|rotating|1350565379|8193|8193
1785955612980|1034|degrade_13_maskF_00001_1048576_active|fixed|1346362883|8193|8193
1785955612980|1034|degrade_13_maskF_00001_1048576_active|rotating|1346371075|8193|8193
1785955614396|1034|degrade_13_maskF_00001_1048576_terminal|fixed|1350565379|8193|8193
1785955614396|1034|degrade_13_maskF_00001_1048576_terminal|rotating|1346371075|8193|8193
1785955614701|1035|degrade_13_maskF_00002_1048576_active|fixed|1346362883|8193|8193
1785955614701|1035|degrade_13_maskF_00002_1048576_active|rotating|1346371075|8193|8193
1785955616082|1035|degrade_13_maskF_00002_1048576_terminal|fixed|1350565379|8193|8193
1785955616082|1035|degrade_13_maskF_00002_1048576_terminal|rotating|1350565379|8193|8193
1785955621267|1036|degrade_14_mask1_00000_1048576_active|fixed|1346371075|8193|8193
1785955621267|1036|degrade_14_mask1_00000_1048576_active|rotating|1350557187|8193|8193
1785955625343|1036|degrade_14_mask1_00000_1048576_terminal|fixed|1346371075|8193|8193
1785955625343|1036|degrade_14_mask1_00000_1048576_terminal|rotating|1350565379|8193|8193
1785955631278|1037|degrade_15_maskF_00000_1048576_active|fixed|1350557187|8193|8193
1785955631278|1037|degrade_15_maskF_00000_1048576_active|rotating|1346371075|8193|8193
1785955632638|1037|degrade_15_maskF_00000_1048576_terminal|fixed|1346371075|8193|8193
1785955632638|1037|degrade_15_maskF_00000_1048576_terminal|rotating|1346371075|8193|8193
1785955632946|1038|degrade_15_maskF_00001_1048576_active|fixed|1346362883|8193|8193
1785955632946|1038|degrade_15_maskF_00001_1048576_active|rotating|1346371075|8193|8193
1785955634336|1038|degrade_15_maskF_00001_1048576_terminal|fixed|1350565379|8193|8193
1785955634336|1038|degrade_15_maskF_00001_1048576_terminal|rotating|1346371075|8193|8193
1785955634653|1039|degrade_15_maskF_00002_1048576_active|fixed|1346362883|8193|8193
1785955634653|1039|degrade_15_maskF_00002_1048576_active|rotating|1350565379|8193|8193
1785955636137|1039|degrade_15_maskF_00002_1048576_terminal|fixed|1350565379|8193|8193
1785955636137|1039|degrade_15_maskF_00002_1048576_terminal|rotating|1346371075|8193|8193
1785955641465|1040|P10_4-DEGRADE_endpoint_shutdown_terminal|fixed|1350565379|8193|8193
1785955641465|1040|P10_4-DEGRADE_endpoint_shutdown_terminal|rotating|1346371075|8193|8193
