captured_ms|sequence|label|role|admission_snapshot_words_csv|ps_runtime_words_csv|pl_perf_snapshot_words_csv
1785958780042|1001|pl_reset_fixed_1_clean64|fixed|2,1378943233,16781056,6150208,6067182,6080269,6067182,6080269,6067182,5825,5803,5803,5803,0,0,741,0,179127472,178783360,4096,4096,0,0,5803,5803,363373994,363374327,363374002,363374335,0,0,0,0,0,0,0,0,4096,256,131072,4,15|4,0,67108864,262144,256,0,0,0,0,96,0,84,0,24,21,0,1,96,0|4,1119229928,0,5765856,0,0,0,0,0,6113281,0,21,0,320539814,0,320539814,0,2080,313762294,0,9650061,0,0,0,0,0
1785958780042|1001|pl_reset_fixed_1_clean64|rotating|2,1378943233,33558272,6223429,6138990,70787,0,70787,0,1500,0,750,0,0,0,5872,5872,4791688,0,4096,0,0,0,750,0,348941738,0,348941746,0,0,0,0,0,0,0,0,0,4096,256,131072,4,15|4,0,67108864,262144,256,0,0,0,0,100,0,88,0,25,22,0,1,100,0|4,397326801,0,0,0,5767168,0,5767168,0,17791,0,0,22,0,0,0,0,0,0,0,6899608,0,0,0,0,0
1785958785054|1001|pl_reset_fixed_1_clean64|fixed|4,1378943233,16777471,12429852,12259467,12288467,12259467,12288467,12259467,11771,11725,11724,11724,0,0,1498,0,361918050,361197917,4096,4096,0,0,11725,11725,684367627,684367648,684367635,684367656,0,0,0,0,0,0,0,0,4096,256,131072,4,15|4,0,67108864,262144,256,0,0,0,0,188,0,176,0,47,44,0,1,188,0|6,1440245263,0,11605472,0,0,0,0,0,12305922,0,44,0,640095245,0,640095245,0,2056,631489195,0,12627055,0,0,0,0,0
1785958785054|1001|pl_reset_fixed_1_clean64|rotating|4,1378943233,33558272,12517238,12345855,142333,0,142333,0,3016,0,1508,0,0,0,11807,11807,9634544,0,4096,0,0,0,1508,0,670357295,0,670357303,0,0,0,0,0,0,0,0,0,4096,256,131072,4,15|4,0,67108864,262144,256,0,0,0,0,188,0,176,0,47,44,0,1,188,0|6,718907590,0,0,0,11534336,0,11534336,0,35701,0,0,44,0,0,0,0,0,0,0,6940752,0,0,0,0,0
1785958790065|1001|pl_reset_fixed_1_clean64|fixed|6,1378943233,16777471,18725975,18468757,18512950,18468757,18512950,18468757,17729,17661,17660,17660,0,0,2257,0,545136086,544057377,4096,4096,0,0,17661,17661,1005997151,1005997156,1005997159,1005997172,0,0,0,0,0,0,0,0,4096,256,131072,4,15|4,0,67108864,262144,256,0,0,0,0,276,0,264,0,69,66,0,1,276,0|8,1761759482,0,17451680,0,0,0,0,0,18512628,0,66,0,960147912,0,960147912,0,2080,949830095,0,15493280,0,0,0,0,0
1785958790065|1001|pl_reset_fixed_1_clean64|rotating|6,1378943233,33558272,18792332,18534581,213686,0,213686,0,4528,0,2264,0,0,0,17722,17722,14464576,0,4096,0,0,0,2264,0,990931141,0,990931149,0,0,0,0,0,0,0,0,0,4096,256,131072,4,15|4,0,67108864,262144,256,0,0,0,0,276,0,264,0,69,66,0,1,276,0|8,1039402214,0,0,0,17301504,0,17301504,0,53539,0,0,66,0,0,0,0,0,0,0,6981142,0,0,0,0,0
1785958795070|1001|pl_reset_fixed_1_clean64|fixed|8,1378943233,16777471,24974901,24630619,24690900,24630619,24690900,24630619,23642,23553,23552,23552,0,0,3009,0,726999634,725561789,4096,4096,0,0,23552,23552,1325252755,1325253080,1325252763,1325253088,0,0,0,0,0,0,0,0,4096,256,131072,4,15|4,0,67108864,262144,256,0,0,0,0,364,0,352,0,91,88,0,1,364,0|10,2081391957,0,23266272,0,0,0,0,0,24681523,0,88,0,1278326739,0,1278326739,0,2080,1266292563,0,18357309,0,0,0,0,0
1785958795070|1001|pl_reset_fixed_1_clean64|rotating|8,1378943233,33558272,25049217,24703960,284849,0,284849,0,6036,0,3018,0,0,0,23622,23622,19281784,0,4096,0,0,0,3018,0,1310643265,0,1310643273,0,0,0,0,0,0,0,0,0,4096,256,131072,4,15|4,0,67108864,262144,256,0,0,0,0,364,0,352,0,91,88,0,1,364,0|10,1359111411,0,0,0,23068672,0,23068672,0,71329,0,0,88,0,0,0,0,0,0,0,7018957,0,0,0,0,0
1785958800096|1001|pl_reset_fixed_1_clean64|fixed|10,1378943233,16777471,31270976,30839449,30915343,30839449,30915343,30839449,29601,29490,29488,29488,0,0,3768,0,910260623,908462352,4096,4096,0,0,29489,29489,1646953719,1646953756,1646953727,1646953748,0,0,0,0,0,0,0,0,4096,256,131072,4,15|4,0,67108864,262144,256,0,0,0,0,452,0,440,0,113,110,0,1,452,0|12,2402337469,0,29097984,0,0,0,0,0,30875697,0,111,0,1597814323,0,1597814323,0,2080,1584062531,0,21226038,0,0,0,0,0
1785958800096|1001|pl_reset_fixed_1_clean64|rotating|10,1378943233,33558272,31342493,30909496,356483,0,356483,0,7554,0,3777,0,0,0,29556,29556,24131008,0,4096,0,0,0,3777,0,1632312846,0,1632312854,0,0,0,0,0,0,0,0,0,4096,256,131072,4,15|4,0,67108864,262144,256,0,0,0,0,456,0,444,0,114,111,0,1,456,0|12,1681513430,0,0,0,29097984,0,29097984,0,89262,0,0,111,0,0,0,0,0,0,0,7065387,0,0,0,0,0
1785958805101|1001|pl_reset_fixed_1_clean64|fixed|12,1378943233,16777471,37541430,37023278,37114444,37023278,37114444,37023278,35536,35402,35400,35400,0,0,4524,0,1092753072,1090580139,4096,4096,0,0,35401,35401,1967436919,1967436908,1967436927,1967436916,0,0,0,0,0,0,0,0,4096,256,131072,4,15|4,0,67108864,262144,256,0,0,0,0,544,0,532,0,136,133,0,1,544,0|14,2723244664,0,34936288,0,0,0,0,0,37067353,0,133,0,1917261942,0,1917261942,0,2080,1901664375,0,24220228,0,0,0,0,0
1785958805101|1001|pl_reset_fixed_1_clean64|rotating|12,1378943233,33558272,37623820,37104669,427934,0,427934,0,9068,0,4534,0,0,0,35478,35478,28967480,0,4096,0,0,0,4534,0,1953313333,0,1953313341,0,0,0,0,0,0,0,0,0,4096,256,131072,4,15|4,0,67108864,262144,256,0,0,0,0,544,0,532,0,136,133,0,1,544,0|14,2002293990,0,0,0,34865152,0,34865152,0,107125,0,0,133,0,0,0,0,0,0,0,7107606,0,0,0,0,0
1785958810112|1001|pl_reset_fixed_1_clean64|fixed|14,1378943233,16777471,43813993,43207527,43315651,43207527,43315651,43207527,41475,41318,41316,41316,0,0,5280,0,1275361841,1272829116,4096,4096,0,0,41317,41317,2287996523,2287996544,2287996531,2287996552,0,0,0,0,0,0,0,0,4096,256,131072,4,15|4,0,67108864,262144,256,0,0,0,0,632,0,620,0,158,155,0,1,632,0|16,3043936906,0,40766688,0,0,0,0,0,43254834,0,155,0,2236496584,0,2236496584,0,2067,2219188972,0,27081337,0,0,0,0,0
1785958810112|1001|pl_reset_fixed_1_clean64|rotating|14,1378943233,33558272,43888544,43281209,499193,0,499193,0,10578,0,5289,0,0,0,41387,41387,33791136,0,4096,0,0,0,5289,0,2273452304,0,2273452312,0,0,0,0,0,0,0,0,0,4096,256,131072,4,15|4,0,67108864,262144,256,0,0,0,0,632,0,620,0,158,155,0,1,632,0|16,2321688728,0,0,0,40632320,0,40632320,0,124892,0,0,155,0,0,0,0,0,0,0,7152544,0,0,0,0,0
1785958815127|1001|pl_reset_fixed_1_clean64|fixed|16,1378943233,16777471,50091087,49396776,49521296,49396776,49521296,49396776,47420,47241,47239,47239,0,0,6037,0,1458200458,1455310365,4096,4096,0,0,47240,47240,2608956104,2608956093,2608956112,2608956101,0,0,0,0,0,0,0,0,4096,256,131072,4,15|4,0,67108864,262144,256,0,0,0,0,720,0,708,0,180,177,0,1,720,0|18,3364784755,0,46604992,0,0,0,0,0,49441557,0,177,0,2555884857,0,2555884857,0,2080,2536864082,0,29947261,0,0,0,0,0
1785958815127|1001|pl_reset_fixed_1_clean64|rotating|16,1378943233,33558272,50164653,49469457,570636,0,570636,0,12092,0,6046,0,0,0,47309,47309,38627504,0,4096,0,0,0,6046,0,2594455624,0,2594455632,0,0,0,0,0,0,0,0,0,4096,256,131072,4,15|4,0,67108864,262144,256,0,0,0,0,720,0,708,0,180,177,0,1,720,0|18,2642739409,0,0,0,46399488,0,46399488,0,142753,0,0,177,0,0,0,0,0,0,0,7199245,0,0,0,0,0
1785958820129|1001|pl_reset_fixed_1_clean64|fixed|18,1378943233,16777471,56354587,55573533,55713446,55573533,55713446,55573533,53353,53153,53150,53150,0,0,6793,0,1640647760,1637398955,4096,4096,0,0,53151,53151,2929253580,2929253593,2929253588,2929253601,0,0,0,0,0,0,0,0,4096,256,131072,4,15|4,0,67108864,262144,256,0,0,0,0,808,0,796,0,202,199,0,1,808,0|20,3685302337,0,52428800,0,0,0,0,0,55622037,0,200,0,2874946487,0,2874946487,0,2080,2854199036,0,32823353,0,0,0,0,0
1785958820129|1001|pl_reset_fixed_1_clean64|rotating|18,1378943233,33558272,56433362,55650923,642084,0,642084,0,13606,0,6803,0,0,0,53224,53224,43463944,0,4096,0,0,0,6803,0,2915270722,0,2915270730,0,0,0,0,0,0,0,0,0,4096,256,131072,4,15|4,0,67108864,262144,256,0,0,0,0,812,0,800,0,203,200,0,1,812,0|20,2963998779,0,0,0,52428800,0,52428800,0,160639,0,0,200,0,0,0,0,0,0,0,7238473,0,0,0,0,0
1785958825143|1001|pl_reset_fixed_1_clean64|fixed|20,1378943233,16777471,62628542,61760134,61916050,61760134,61916050,61760134,59293,59071,59068,59068,0,0,7549,0,1823309415,1819685322,4096,4096,0,0,59068,59068,3250028421,3250028762,3250028429,3250028770,0,0,0,0,0,0,0,0,4096,256,131072,4,15|4,0,67108864,262144,256,0,0,0,0,900,0,888,0,225,222,0,1,900,0|22,4005837533,0,58259200,0,0,0,0,0,61803561,0,222,0,3194024083,0,3194024083,0,2080,3171423719,0,35822984,0,0,0,0,0
1785958825143|1001|pl_reset_fixed_1_clean64|rotating|20,1378943233,33558272,62707302,61838040,713440,0,713440,0,15118,0,7559,0,0,0,59142,59142,48294040,0,4096,0,0,0,7559,0,3235849192,0,3235849200,0,0,0,0,0,0,0,0,0,4096,256,131072,4,15|4,0,67108864,262144,256,0,0,0,0,900,0,888,0,225,222,0,1,900,0|22,3284933987,0,0,0,58195968,0,58195968,0,178501,0,0,222,0,0,0,0,0,0,0,7286124,0,0,0,0,0
1785958830144|1001|pl_reset_fixed_1_clean64|fixed|22,1378943233,16781056,68895568,67940035,68111720,67940035,68111720,67940035,65224,64980,64977,64977,0,0,8305,0,2005710112,2001727616,4096,4096,0,0,64977,64977,3570225455,3570225796,3570225463,3570225804,0,0,0,0,0,0,0,0,4096,256,131072,4,15|4,0,67108864,262144,256,0,0,0,0,988,0,976,0,247,244,0,1,988,0|24,31383340,1,64089600,0,0,0,0,0,67989705,0,244,0,3513079586,0,3513079586,0,2080,3488764740,0,38688530,0,0,0,0,0
1785958830144|1001|pl_reset_fixed_1_clean64|rotating|22,1378943233,33558272,68965725,68009425,784605,0,784605,0,16626,0,8313,0,0,0,65043,65043,53111288,0,4096,0,0,0,8313,0,3555562833,0,3555562841,0,0,0,0,0,0,0,0,0,4096,256,131072,4,15|4,0,67108864,262144,256,0,0,0,0,988,0,976,0,247,244,0,1,988,0|24,3604835903,0,0,0,63963136,0,63963136,0,196316,0,0,244,0,0,0,0,0,0,0,7334388,0,0,0,0,0
