captured_ms|sequence|label|role|admission_snapshot_words_csv|ps_runtime_words_csv|pl_perf_snapshot_words_csv
1785957945469|1001|dma_reset_rotating_1_clean64|fixed|2,1378943233,16781056,6143506,6059832,69737,0,69737,0,1480,0,740,0,0,0,5794,5794,4727776,0,4096,0,0,0,740,0,361155126,0,361155134,0,0,0,0,0,0,0,0,0,4096,256,131072,4,15|4,0,67108864,262144,256,0,0,0,0,96,0,84,0,24,21,0,1,96,0|4,1076798734,0,0,0,5505024,0,5505024,0,17551,0,0,21,0,0,0,0,0,0,0,6893860,0,0,0,0,0
1785957945469|1001|dma_reset_rotating_1_clean64|rotating|2,1378943233,33554687,6215737,6130636,6145154,6130636,6145154,6130636,5886,5863,5862,5862,0,0,749,0,180971462,180612905,4096,4096,0,0,5863,5863,346302718,346302723,346302726,346302731,0,0,0,0,0,0,0,0,4096,256,131072,4,15|4,0,67108864,262144,256,0,0,0,0,100,0,88,0,25,22,0,1,100,0|4,392096621,0,5814592,0,0,0,0,0,6168385,0,22,0,323413458,0,323413458,0,2080,316528026,0,9765188,0,0,0,0,0
1785957950481|1001|dma_reset_rotating_1_clean64|fixed|4,1378943233,16781056,12417503,12247608,141071,0,141071,0,2994,0,1497,0,0,0,11712,11712,9564232,0,4096,0,0,0,1497,0,681934399,0,681934407,0,0,0,0,0,0,0,0,0,4096,256,131072,4,15|4,0,67108864,262144,256,0,0,0,0,188,0,176,0,47,44,0,1,188,0|6,1398876845,0,0,0,11534336,0,11534336,0,35456,0,0,44,0,0,0,0,0,0,0,6947443,0,0,0,0,0
1785957950481|1001|dma_reset_rotating_1_clean64|rotating|4,1378943233,33554687,12509215,12338313,12367200,12338313,12367200,12338313,11844,11799,11798,11798,0,0,1507,0,364206880,363488494,4096,4096,0,0,11799,11799,667927375,667927356,667927367,667927364,0,0,0,0,0,0,0,0,4096,256,131072,4,15|4,0,67108864,262144,256,0,0,0,0,188,0,176,0,47,44,0,1,188,0|6,713610848,0,11668704,0,0,0,0,0,12373036,0,44,0,643464157,0,643464157,0,2080,634894739,0,12605329,0,0,0,0,0
1785957955494|1001|dma_reset_rotating_1_clean64|fixed|6,1378943233,16781056,18701663,18444579,212408,0,212408,0,4508,0,2254,0,0,0,17637,17637,14400704,0,4096,0,0,0,2254,0,1002911699,0,1002911707,0,0,0,0,0,0,0,0,0,4096,256,131072,4,15|4,0,67108864,262144,256,0,0,0,0,276,0,264,0,69,66,0,1,276,0|8,1718474149,0,0,0,17301504,0,17301504,0,53220,0,0,66,0,0,0,0,0,0,0,6999076,0,0,0,0,0
1785957955494|1001|dma_reset_rotating_1_clean64|rotating|6,1378943233,33554687,18780445,18522281,18567187,18522281,18567187,18522281,17779,17712,17711,17711,0,0,2263,0,546708140,545629311,4096,4096,0,0,17712,17712,988285353,988285374,988285369,988285382,0,0,0,0,0,0,0,0,4096,256,131072,4,15|4,0,67108864,262144,256,0,0,0,0,276,0,264,0,69,66,0,1,276,0|8,1034385100,0,17499104,0,0,0,0,0,18565251,0,66,0,962780809,0,962780809,0,2080,952522387,0,15445397,0,0,0,0,0
1785957960502|1001|dma_reset_rotating_1_clean64|fixed|8,1378943233,16781056,24975400,24632023,283651,0,283651,0,6020,0,3010,0,0,0,23552,23552,19230736,0,4096,0,0,0,3010,0,1323459448,0,1323459456,0,0,0,0,0,0,0,0,0,4096,256,131072,4,15|4,0,67108864,262144,256,0,0,0,0,364,0,352,0,91,88,0,1,364,0|10,2039127372,0,0,0,23068672,0,23068672,0,71031,0,0,88,0,0,0,0,0,0,0,7044281,0,0,0,0,0
1785957960502|1001|dma_reset_rotating_1_clean64|rotating|8,1378943233,33558272,25043197,24699120,24758792,24699120,24758792,24699120,23706,23617,23616,23616,0,0,3018,0,728980264,727542816,4096,4096,0,0,23616,23616,1308218228,1308218553,1308218236,1308218561,0,0,0,0,0,0,0,0,4096,256,131072,4,15|4,0,67108864,262144,256,0,0,0,0,364,0,352,0,91,88,0,1,364,0|10,1353966709,0,23313696,0,0,0,0,0,24733908,0,88,0,1280908770,0,1280908770,0,2080,1268957711,0,18285704,0,0,0,0,0
1785957965512|1001|dma_reset_rotating_1_clean64|fixed|10,1378943233,16781056,31248704,30818242,354799,0,354799,0,7530,0,3765,0,0,0,29466,29466,24054328,0,4096,0,0,0,3765,0,1643577147,0,1643577155,0,0,0,0,0,0,0,0,0,4096,256,131072,4,15|4,0,67108864,262144,256,0,0,0,0,452,0,440,0,113,110,0,1,452,0|12,2359817362,0,0,0,28835840,0,28835840,0,88864,0,0,110,0,0,0,0,0,0,0,7070379,0,0,0,0,0
1785957965512|1001|dma_reset_rotating_1_clean64|rotating|10,1378943233,33556360,31352682,30920430,30996660,30920430,30996660,30920430,29678,29566,29565,29565,0,0,3778,0,912614792,910801968,4096,4096,0,0,29565,29565,1630662896,1630663229,1630662904,1630663237,0,0,0,0,0,0,0,0,4096,256,131072,4,15|4,0,67108864,262144,256,0,0,0,0,456,0,444,0,114,111,0,1,456,0|12,1676828132,0,29184928,0,0,0,0,0,30963331,0,111,0,1602302385,0,1602302385,0,2080,1588537408,0,21254874,0,0,0,0,0
1785957970528|1001|dma_reset_rotating_1_clean64|fixed|12,1378943233,16781056,37531773,37013514,426227,0,426227,0,9046,0,4523,0,0,0,35390,35390,28897168,0,4096,0,0,0,4523,0,1964786345,0,1964786353,0,0,0,0,0,0,0,0,0,4096,256,131072,4,15|4,0,67108864,262144,256,0,0,0,0,544,0,532,0,136,133,0,1,544,0|14,2680611638,0,0,0,34865152,0,34865152,0,106698,0,0,133,0,0,0,0,0,0,0,7105542,0,0,0,0,0
1785957970528|1001|dma_reset_rotating_1_clean64|rotating|12,1378943233,33554687,37606215,37086816,37179139,37086816,37179139,37086816,35596,35463,35460,35460,0,0,4532,0,1094588322,1092416349,4096,4096,0,0,35461,35461,1950109964,1950109961,1950109972,1950109969,0,0,0,0,0,0,0,0,4096,256,131072,4,15|4,0,67108864,262144,256,0,0,0,0,544,0,532,0,136,133,0,1,544,0|14,1995652159,0,34983712,0,0,0,0,0,37117936,0,133,0,1919676716,0,1919676716,0,2080,1904215797,0,24095092,0,0,0,0,0
1785957975541|1001|dma_reset_rotating_1_clean64|fixed|14,1378943233,16781056,43816306,43211071,497564,0,497564,0,10560,0,5280,0,0,0,41315,41315,33733640,0,4096,0,0,0,5280,0,2285763852,0,2285763860,0,0,0,0,0,0,0,0,0,4096,256,131072,4,15|4,0,67108864,262144,256,0,0,0,0,632,0,620,0,158,155,0,1,632,0|16,3001842275,0,0,0,40632320,0,40632320,0,124532,0,0,155,0,0,0,0,0,0,0,7149384,0,0,0,0,0
1785957975541|1001|dma_reset_rotating_1_clean64|rotating|14,1378943233,33558272,43912785,43306571,43414088,43306571,43414088,43306571,41563,41408,41406,41406,0,0,5292,0,1278121336,1275591480,4096,4096,0,0,41406,41406,2272241969,2272242278,2272241977,2272242286,0,0,0,0,0,0,0,0,4096,256,131072,4,15|4,0,67108864,262144,256,0,0,0,0,632,0,620,0,158,155,0,1,632,0|16,2319792008,0,40877344,0,0,0,0,0,43375962,0,155,0,2242343157,0,2242343157,0,2080,2225206604,0,26935366,0,0,0,0,0
1785957980544|1001|dma_reset_rotating_1_clean64|fixed|16,1378943233,16781056,50079698,49388125,568712,0,568712,0,12070,0,6035,0,0,0,47221,47221,38557280,0,4096,0,0,0,6035,0,2605881966,0,2605881974,0,0,0,0,0,0,0,0,0,4096,256,131072,4,15|4,0,67108864,262144,256,0,0,0,0,720,0,708,0,180,177,0,1,720,0|18,3320819306,0,0,0,46399488,0,46399488,0,142272,0,0,177,0,0,0,0,0,0,0,7195254,0,0,0,0,0
1785957980544|1001|dma_reset_rotating_1_clean64|rotating|16,1378943233,33558272,50158184,49465739,49588623,49465739,49588623,49465739,47474,47297,47295,47295,0,0,6044,0,1459902536,1457014672,4096,4096,0,0,47295,47295,2591339434,2591339783,2591339442,2591339791,0,0,0,0,0,0,0,0,4096,256,131072,4,15|4,0,67108864,262144,256,0,0,0,0,720,0,708,0,180,177,0,1,720,0|18,2637621106,0,46660320,0,0,0,0,0,49509714,0,177,0,2558726511,0,2558726511,0,2080,2539890421,0,29775785,0,0,0,0,0
1785957985551|1001|dma_reset_rotating_1_clean64|fixed|18,1378943233,16781056,56354488,55575783,639955,0,639955,0,13582,0,6791,0,0,0,53135,53135,43387264,0,4096,0,0,0,6791,0,2926429471,0,2926429479,0,0,0,0,0,0,0,0,0,4096,256,131072,4,15|4,0,67108864,262144,256,0,0,0,0,808,0,796,0,202,199,0,1,808,0|20,3642131912,0,0,0,52166656,0,52166656,0,160129,0,0,199,0,0,0,0,0,0,0,7236901,0,0,0,0,0
1785957985551|1001|dma_reset_rotating_1_clean64|rotating|18,1378943233,33558272,56423449,55643261,55782649,55643261,55782649,55643261,53403,53203,53201,53201,0,0,6800,0,1642210168,1638944928,4096,4096,0,0,53201,53201,2911474168,2911474485,2911474176,2911474493,0,0,0,0,0,0,0,0,4096,256,131072,4,15|4,0,67108864,262144,256,0,0,0,0,812,0,800,0,203,200,0,1,812,0|20,2957925950,0,52484128,0,0,0,0,0,55690035,0,200,0,2877575403,0,2877575403,0,2080,2856915185,0,32744983,0,0,0,0,0
1785957990551|1001|dma_reset_rotating_1_clean64|fixed|20,1378943233,16781056,62617455,61752227,711005,0,711005,0,15090,0,7545,0,0,0,59041,59041,48204544,0,4096,0,0,0,7545,0,3246117673,0,3246117681,0,0,0,0,0,0,0,0,0,4096,256,131072,4,15|4,0,67108864,262144,256,0,0,0,0,900,0,888,0,225,222,0,1,900,0|22,3962169176,0,0,0,58195968,0,58195968,0,177916,0,0,222,0,0,0,0,0,0,0,7280320,0,0,0,0,0
1785957990551|1001|dma_reset_rotating_1_clean64|rotating|20,1378943233,33554687,62690668,61823823,61978720,61823823,61978720,61823823,59336,59116,59110,59110,0,0,7555,0,1824611577,1820987076,4096,4096,0,0,59111,59111,3231668209,3231668230,3231668217,3231668238,0,0,0,0,0,0,0,0,4096,256,131072,4,15|4,0,67108864,262144,256,0,0,0,0,900,0,888,0,225,222,0,1,900,0|22,3277204005,0,58290816,0,0,0,0,0,61853135,0,222,0,3195401786,0,3195401786,0,2080,3173047326,0,35585198,0,0,0,0,0
1785957995552|1001|dma_reset_rotating_1_clean64|fixed|22,1378943233,16781056,68880813,67928508,782249,0,782249,0,16602,0,8301,0,0,0,64947,64947,53034600,0,4096,0,0,0,8301,0,3566467197,0,3566467205,0,0,0,0,0,0,0,0,0,4096,256,131072,4,15|4,0,67108864,262144,256,0,0,0,0,988,0,976,0,247,244,0,1,988,0|24,4282234305,0,0,0,63963136,0,63963136,0,195703,0,0,244,0,0,0,0,0,0,0,7328852,0,0,0,0,0
1785957995552|1001|dma_reset_rotating_1_clean64|rotating|22,1378943233,33554687,68955701,68002550,68172604,68002550,68172604,68002550,65265,65023,65017,65017,0,0,8310,0,2006962160,2002979546,4096,4096,0,0,65018,65018,3551751457,3551751454,3551751425,3551751462,0,0,0,0,0,0,0,0,4096,256,131072,4,15|4,0,67108864,262144,256,0,0,0,0,988,0,976,0,247,244,0,1,988,0|24,3597421680,0,64113312,0,0,0,0,0,68033779,0,244,0,3514163837,0,3514163837,0,2080,3490118625,0,38425317,0,0,0,0,0
