captured_ms|sequence|label|role|admission_snapshot_words_csv|ps_runtime_words_csv|pl_perf_snapshot_words_csv
1785911344874|1001|stream64_f2r_1|fixed|2,1378943233,16777471,6148519,6064733,6078767,6064733,6078767,6064733,5815,5793,5793,5793,0,0,739,0,178817082,178472445,4096,4096,0,0,5793,5793,360367498,360367831,360367506,360367839,0,0,0,0,0,0,0,0,4096,256,131072,4,15|4,0,67108864,262144,256,0,0,0,0,100,0,88,0,25,22,0,1,100,0|4,1071422025,0,5782976,0,0,0,0,0,6137466,0,22,0,321499572,0,321499572,0,2080,314575847,0,9795306,0,0,0,0,0
1785911344874|1001|stream64_f2r_1|rotating|2,1378943233,33558272,6268761,6182915,71166,0,71166,0,1508,0,754,0,0,0,5906,5906,4817264,0,4096,0,0,0,754,0,348340676,0,348340684,0,0,0,0,0,0,0,0,0,4096,256,131072,4,15|4,0,67108864,262144,256,0,0,0,0,100,0,88,0,25,22,0,1,100,0|4,394466609,0,0,0,5767168,0,5767168,0,17933,0,0,22,0,0,0,0,0,0,0,6894555,0,0,0,0,0
1785911349885|1001|stream64_f2r_1|fixed|4,1378943233,16777471,12429629,12258343,12288433,12258343,12288433,12258343,11754,11709,11709,11709,0,0,1496,0,361431377,360712876,4096,4096,0,0,11709,11709,681074520,681074861,681074528,681074869,0,0,0,0,0,0,0,0,4096,256,131072,4,15|4,0,67108864,262144,256,0,0,0,0,188,0,176,0,47,44,0,1,188,0|6,1390992202,0,11597568,0,0,0,0,0,12311918,0,44,0,639616101,0,639616101,0,2080,630964397,0,12670955,0,0,0,0,0
1785911349885|1001|stream64_f2r_1|rotating|4,1378943233,33558272,12522633,12350284,142238,0,142238,0,3014,0,1507,0,0,0,11796,11796,9628168,0,4096,0,0,0,1507,0,667634623,0,667634631,0,0,0,0,0,0,0,0,0,4096,256,131072,4,15|4,0,67108864,262144,256,0,0,0,0,188,0,176,0,47,44,0,1,188,0|6,712875034,0,0,0,11534336,0,11534336,0,35654,0,0,44,0,0,0,0,0,0,0,6931864,0,0,0,0,0
1785911354889|1001|stream64_f2r_1|fixed|6,1378943233,16781056,18697211,18437915,18484755,18437915,18484755,18437915,17683,17616,17616,17616,0,0,2251,0,543770464,542692712,4096,4096,0,0,17616,17616,1001165084,1001165409,1001165092,1001165417,0,0,0,0,0,0,0,0,4096,256,131072,4,15|4,0,67108864,262144,256,0,0,0,0,276,0,264,0,69,66,0,1,276,0|8,1710811610,0,17412160,0,0,0,0,0,18486688,0,66,0,957981861,0,957981861,0,2080,947611305,0,15537477,0,0,0,0,0
1785911354889|1001|stream64_f2r_1|rotating|6,1378943233,33558272,18770523,18510296,213308,0,213308,0,4520,0,2260,0,0,0,17685,17685,14439016,0,4096,0,0,0,2260,0,986919468,0,986919476,0,0,0,0,0,0,0,0,0,4096,256,131072,4,15|4,0,67108864,262144,256,0,0,0,0,276,0,264,0,69,66,0,1,276,0|8,1032130731,0,0,0,17301504,0,17301504,0,53421,0,0,66,0,0,0,0,0,0,0,6983047,0,0,0,0,0
1785911359912|1001|stream64_f2r_1|fixed|8,1378943233,16777471,24995317,24648374,24711316,24648374,24711316,24648374,23638,23549,23548,23548,0,0,3009,0,726903470,725466944,4096,4096,0,0,23549,23549,1322655667,1322655688,1322655675,1322655664,0,0,0,0,0,0,0,0,4096,256,131072,4,15|4,0,67108864,262144,256,0,0,0,0,364,0,352,0,91,88,0,1,364,0|10,2032510135,0,23258368,0,0,0,0,0,24701482,0,88,0,1278218834,0,1278218834,0,2080,1266129512,0,18410701,0,0,0,0,0
1785911359912|1001|stream64_f2r_1|rotating|8,1378943233,33558272,25070136,24722210,284849,0,284849,0,6036,0,3018,0,0,0,23619,23619,19281784,0,4096,0,0,0,3018,0,1308359833,0,1308359841,0,0,0,0,0,0,0,0,0,4096,256,131072,4,15|4,0,67108864,262144,256,0,0,0,0,364,0,352,0,91,88,0,1,364,0|10,1353648064,0,0,0,23068672,0,23068672,0,71305,0,0,88,0,0,0,0,0,0,0,7026866,0,0,0,0,0
1785911364924|1001|stream64_f2r_1|fixed|10,1378943233,16777471,31283633,30848770,30928186,30848770,30928186,30848770,29583,29472,29471,29471,0,0,3766,0,909733120,907936867,4096,4096,0,0,29472,29472,1643610548,1643610545,1643610556,1643610561,0,0,0,0,0,0,0,0,4096,256,131072,4,15|4,0,67108864,262144,256,0,0,0,0,452,0,440,0,113,110,0,1,452,0|12,2353059175,0,29088768,0,0,0,0,0,30894528,0,110,0,1597310274,0,1597310274,0,2080,1583498774,0,21283943,0,0,0,0,0
1785911364924|1001|stream64_f2r_1|rotating|10,1378943233,33558272,31360207,30923808,356388,0,356388,0,7552,0,3776,0,0,0,29544,29544,24124624,0,4096,0,0,0,3776,0,1629604131,0,1629604139,0,0,0,0,0,0,0,0,0,4096,256,131072,4,15|4,0,67108864,262144,256,0,0,0,0,456,0,444,0,114,111,0,1,456,0|12,1675528389,0,0,0,29097984,0,29097984,0,89239,0,0,111,0,0,0,0,0,0,0,7072592,0,0,0,0,0
1785911369927|1001|stream64_f2r_1|fixed|12,1378943233,16781056,37554509,37032947,37127712,37032947,37127712,37032947,35513,35379,35379,35379,0,0,4522,0,1092078312,1089906696,4096,4096,0,0,35379,35379,1963839436,1963839753,1963839444,1963839761,0,0,0,0,0,0,0,0,4096,256,131072,4,15|4,0,67108864,262144,256,0,0,0,0,544,0,532,0,136,133,0,1,544,0|14,2673380402,0,34912576,0,0,0,0,0,37080140,0,133,0,1916175549,0,1916175549,0,2080,1900504857,0,24288205,0,0,0,0,0
1785911369927|1001|stream64_f2r_1|rotating|12,1378943233,33558272,37620308,37097988,427459,0,427459,0,9058,0,4529,0,0,0,35441,35441,28935520,0,4096,0,0,0,4529,0,1948895683,0,1948895691,0,0,0,0,0,0,0,0,0,4096,256,131072,4,15|4,0,67108864,262144,256,0,0,0,0,544,0,532,0,136,133,0,1,544,0|14,1994432512,0,0,0,34865152,0,34865152,0,106983,0,0,133,0,0,0,0,0,0,0,7115303,0,0,0,0,0
1785911374932|1001|stream64_f2r_1|fixed|14,1378943233,16777471,43828602,43220305,43330545,43220305,43330545,43220305,41446,41290,41289,41289,0,0,5277,0,1274520818,1271989984,4096,4096,0,0,41290,41290,2284129711,2284129732,2284129719,2284129716,0,0,0,0,0,0,0,0,4096,256,131072,4,15|4,0,67108864,262144,256,0,0,0,0,632,0,620,0,158,155,0,1,632,0|16,2993719950,0,40742976,0,0,0,0,0,43268282,0,155,0,2235057497,0,2235057497,0,2080,2217667150,0,27158924,0,0,0,0,0
1785911374932|1001|stream64_f2r_1|rotating|14,1378943233,33558272,43895973,43287039,498815,0,498815,0,10570,0,5285,0,0,0,41352,41352,33765552,0,4096,0,0,0,5285,0,2269474022,0,2269474030,0,0,0,0,0,0,0,0,0,4096,256,131072,4,15|4,0,67108864,262144,256,0,0,0,0,632,0,620,0,158,155,0,1,632,0|16,2314733423,0,0,0,40632320,0,40632320,0,124798,0,0,155,0,0,0,0,0,0,0,7156871,0,0,0,0,0
1785911379948|1001|stream64_f2r_1|fixed|16,1378943233,16777471,50116891,49419395,49547384,49419395,49547384,49419395,47389,47211,47210,47210,0,0,6034,0,1457304432,1454414280,4096,4096,0,0,47211,47211,2604996041,2604996054,2604996049,2604996030,0,0,0,0,0,0,0,0,4096,256,131072,4,15|4,0,67108864,262144,256,0,0,0,0,720,0,708,0,180,177,0,1,720,0|18,3314788362,0,46581280,0,0,0,0,0,49471667,0,177,0,2554666333,0,2554666333,0,2080,2535557231,0,30030440,0,0,0,0,0
1785911379948|1001|stream64_f2r_1|rotating|16,1378943233,33558272,50191754,49493617,570262,0,570262,0,12084,0,6042,0,0,0,47281,47281,38601960,0,4096,0,0,0,6042,0,2590482934,0,2590482942,0,0,0,0,0,0,0,0,0,4096,256,131072,4,15|4,0,67108864,262144,256,0,0,0,0,720,0,708,0,180,177,0,1,720,0|18,2636317359,0,0,0,46399488,0,46399488,0,142706,0,0,177,0,0,0,0,0,0,0,7200778,0,0,0,0,0
1785911384953|1001|stream64_f2r_1|fixed|18,1378943233,16781056,56393306,55609829,55752539,55609829,55752539,55609829,53323,53123,53123,53123,0,0,6789,0,1639802024,1636552488,4096,4096,0,0,53123,53123,2925355921,2925356246,2925355929,2925356254,0,0,0,0,0,0,0,0,4096,256,131072,4,15|4,0,67108864,262144,256,0,0,0,0,808,0,796,0,202,199,0,1,808,0|20,3635000610,0,52403776,0,0,0,0,0,55658448,0,199,0,2873422957,0,2873422957,0,2080,2852596689,0,32896973,0,0,0,0,0
1785911384953|1001|stream64_f2r_1|rotating|18,1378943233,33558272,56482492,55697281,641800,0,641800,0,13600,0,6800,0,0,0,53207,53207,43444800,0,4096,0,0,0,6800,0,2911592842,0,2911592850,0,0,0,0,0,0,0,0,0,4096,256,131072,4,15|4,0,67108864,262144,256,0,0,0,0,812,0,800,0,203,200,0,1,812,0|20,2957263408,0,0,0,52428800,0,52428800,0,160568,0,0,200,0,0,0,0,0,0,0,7252574,0,0,0,0,0
1785911389967|1001|stream64_f2r_1|fixed|20,1378943233,16777471,62683459,61811850,61971251,61811850,61971251,61811850,59271,59049,59048,59048,0,0,7546,0,1822703440,1819093544,4096,4096,0,0,59049,59049,3246448600,3246448581,3246448560,3246448589,0,0,0,0,0,0,0,0,4096,256,131072,4,15|4,0,67108864,262144,256,0,0,0,0,900,0,888,0,225,222,0,1,900,0|22,3956095220,0,58243392,0,0,0,0,0,61858030,0,222,0,3193057663,0,3193057663,0,2080,3170377218,0,35899614,0,0,0,0,0
1785911389967|1001|stream64_f2r_1|rotating|20,1378943233,33558272,62750010,61876946,713060,0,713060,0,15110,0,7555,0,0,0,59111,59111,48268456,0,4096,0,0,0,7555,0,3231870044,0,3231870052,0,0,0,0,0,0,0,0,0,4096,256,131072,4,15|4,0,67108864,262144,256,0,0,0,0,900,0,888,0,225,222,0,1,900,0|22,3277067105,0,0,0,58195968,0,58195968,0,178360,0,0,222,0,0,0,0,0,0,0,7298671,0,0,0,0,0
1785911394969|1001|stream64_f2r_1|fixed|22,1378943233,16777471,68950285,67991200,68166815,67991200,68166815,67991200,65197,64952,64951,64951,0,0,8301,0,2004919763,2000934614,4096,4096,0,0,64952,64952,3566466440,3566466469,3566466448,3566466477,0,0,0,0,0,0,0,0,4096,256,131072,4,15|4,0,67108864,262144,256,0,0,0,0,988,0,976,0,247,244,0,1,988,0|24,4277113451,0,64081696,0,0,0,0,0,68059943,0,244,0,3512616318,0,3512616318,0,2080,3488210477,0,38777771,0,0,0,0,0
1785911394969|1001|stream64_f2r_1|rotating|22,1378943233,33558272,69043520,68083206,784510,0,784510,0,16624,0,8312,0,0,0,65039,65039,53104888,0,4096,0,0,0,8312,0,3552885626,0,3552885634,0,0,0,0,0,0,0,0,0,4096,256,131072,4,15|4,0,67108864,262144,256,0,0,0,0,988,0,976,0,247,244,0,1,988,0|24,3599240928,0,0,0,63963136,0,63963136,0,196293,0,0,244,0,0,0,0,0,0,0,7348283,0,0,0,0,0
1785911403390|1002|stream64_f2r_2|fixed|26,1378943233,16777471,6139090,6055180,6069338,6055180,6069338,6055180,5812,5790,5789,5789,0,0,739,0,178701690,178360029,4096,4096,0,0,5790,5790,4105347943,4105347956,4105347951,4105347964,0,0,0,0,0,0,0,0,4096,256,131072,4,15|4,0,67108864,262144,256,0,0,0,0,96,0,84,0,24,21,0,1,96,0|32,520966530,1,5767168,0,0,0,0,0,6119542,0,22,0,320808530,0,320808530,0,2080,313965087,0,9711762,0,0,0,0,0
1785911403390|1002|stream64_f2r_2|rotating|26,1378943233,33558272,6229517,6144080,70787,0,70787,0,1500,0,750,0,0,0,5874,5874,4791688,0,4096,0,0,0,750,0,4091790070,0,4091790078,0,0,0,0,0,0,0,0,0,4096,256,131072,4,15|4,0,67108864,262144,256,0,0,0,0,100,0,88,0,25,22,0,1,100,0|32,4138069324,0,0,0,5767168,0,5767168,0,17862,0,0,22,0,0,0,0,0,0,0,6907648,0,0,0,0,0
1785911408482|1002|stream64_f2r_2|fixed|28,1378943233,16777471,12523077,12351030,12380650,12351030,12380650,12351030,11854,11809,11808,11808,0,0,1509,0,364491584,363774008,4096,4096,0,0,11809,11809,136565575,136565572,136565559,136565524,0,0,0,0,0,0,0,0,4096,256,131072,4,15|4,0,67108864,262144,256,0,0,0,0,188,0,176,0,47,44,0,1,188,0|34,846493269,1,11692416,0,0,0,0,0,12404500,0,44,0,644853957,0,644853957,0,2080,636310259,0,12583414,0,0,0,0,0
1785911408482|1002|stream64_f2r_2|rotating|28,1378943233,33558272,12617494,12444468,143465,0,143465,0,3040,0,1520,0,0,0,11897,11897,9711168,0,4096,0,0,0,1520,0,123374605,0,123374613,0,0,0,0,0,0,0,0,0,4096,256,131072,4,15|4,0,67108864,262144,256,0,0,0,0,188,0,176,0,47,44,0,1,188,0|34,169314941,1,0,0,11534336,0,11534336,0,36006,0,0,44,0,0,0,0,0,0,0,6954674,0,0,0,0,0
1785911413496|1002|stream64_f2r_2|fixed|30,1378943233,16781056,18796287,18536084,18582506,18536084,18582506,18536084,17793,17726,17726,17726,0,0,2265,0,547166360,546089064,4096,4096,0,0,17726,17726,457197695,457198028,457197703,457198036,0,0,0,0,0,0,0,0,4096,256,131072,4,15|4,0,67108864,262144,256,0,0,0,0,276,0,264,0,69,66,0,1,276,0|36,1166833241,1,17522816,0,0,0,0,0,18584220,0,66,0,963736329,0,963736329,0,2080,953505720,0,15421389,0,0,0,0,0
1785911413496|1002|stream64_f2r_2|rotating|30,1378943233,33558272,18870502,18609376,214625,0,214625,0,4548,0,2274,0,0,0,17796,17796,14528432,0,4096,0,0,0,2274,0,443060704,0,443060712,0,0,0,0,0,0,0,0,0,4096,256,131072,4,15|5,0,67108864,262144,256,0,0,0,0,280,0,268,0,70,67,0,1,280,0|36,488348729,1,0,0,17563648,0,17563648,0,53774,0,0,67,0,0,0,0,0,0,0,7000900,0,0,0,0,0
1785911418496|1002|stream64_f2r_2|fixed|32,1378943233,16777471,25064025,24716983,24778990,24716983,24778990,24716983,23725,23636,23636,23636,0,0,3020,0,729594898,728157613,4096,4096,0,0,23636,23636,777435425,777435766,777435433,777435774,0,0,0,0,0,0,0,0,4096,256,131072,4,15|4,0,67108864,262144,256,0,0,0,0,368,0,356,0,92,89,0,1,368,0|38,1487147631,1,23338720,0,0,0,0,0,24763401,0,89,0,1282596743,0,1282596743,0,2080,1270525835,0,18405061,0,0,0,0,0
1785911418496|1002|stream64_f2r_2|rotating|32,1378943233,33558272,25130877,24782325,285885,0,285885,0,6058,0,3029,0,0,0,23699,23699,19352080,0,4096,0,0,0,3029,0,762995099,0,762995107,0,0,0,0,0,0,0,0,0,4096,256,131072,4,15|4,0,67108864,262144,256,0,0,0,0,368,0,356,0,92,89,0,1,368,0|38,808050621,1,0,0,23330816,0,23330816,0,71565,0,0,89,0,0,0,0,0,0,0,7045193,0,0,0,0,0
1785911423510|1002|stream64_f2r_2|fixed|34,1378943233,16777471,31338703,30903933,30982220,30903933,30982220,30903933,29664,29553,29552,29552,0,0,3777,0,912210465,910396284,4096,4096,0,0,29552,29552,1098151694,1098152035,1098151702,1098152043,0,0,0,0,0,0,0,0,4096,256,131072,4,15|4,0,67108864,262144,256,0,0,0,0,456,0,444,0,114,111,0,1,456,0|40,1807692437,1,29169120,0,0,0,0,0,30950328,0,111,0,1601683949,0,1601683949,0,2080,1587881726,0,21287440,0,0,0,0,0
1785911423510|1002|stream64_f2r_2|rotating|34,1378943233,33558272,31408836,30973220,357241,0,357241,0,7570,0,3785,0,0,0,29618,29618,24182176,0,4096,0,0,0,3785,0,1083585130,0,1083585138,0,0,0,0,0,0,0,0,0,4096,256,131072,4,15|4,0,67108864,262144,256,0,0,0,0,456,0,444,0,114,111,0,1,456,0|40,1128866919,1,0,0,29097984,0,29097984,0,89404,0,0,111,0,0,0,0,0,0,0,7089016,0,0,0,0,0
1785911428511|1002|stream64_f2r_2|fixed|36,1378943233,16781056,37603191,37081516,37175514,37081516,37175514,37081516,35592,35459,35458,35458,0,0,4531,0,1094519176,1092344992,4096,4096,0,0,35458,35458,1418200155,1418200496,1418200163,1418200504,0,0,0,0,0,0,0,0,4096,256,131072,4,15|4,0,67108864,262144,256,0,0,0,0,544,0,532,0,136,133,0,1,544,0|42,2128133842,1,34999520,0,0,0,0,0,37135588,0,133,0,1920667754,0,1920667754,0,2080,1905138460,0,24165575,0,0,0,0,0
1785911428511|1002|stream64_f2r_2|rotating|36,1378943233,33558272,37682505,37159891,428595,0,428595,0,9082,0,4541,0,0,0,35532,35532,29012208,0,4096,0,0,0,4541,0,1404170906,0,1404170914,0,0,0,0,0,0,0,0,0,4096,256,131072,4,15|4,0,67108864,262144,256,0,0,0,0,544,0,532,0,136,133,0,1,544,0|42,1449338264,1,0,0,34865152,0,34865152,0,107243,0,0,133,0,0,0,0,0,0,0,7128453,0,0,0,0,0
1785911433515|1002|stream64_f2r_2|fixed|38,1378943233,16777471,43870237,43262767,43371233,43262767,43371233,43262767,41525,41369,41367,41367,0,0,5287,0,1276936396,1274403864,4096,4096,0,0,41368,41368,1738454973,1738454978,1738454981,1738454962,0,0,0,0,0,0,0,0,4096,256,131072,4,15|4,0,67108864,262144,256,0,0,0,0,632,0,620,0,158,155,0,1,632,0|44,2448077420,1,40814112,0,0,0,0,0,43309930,0,155,0,2239157684,0,2239157684,0,2080,2221896206,0,27045429,0,0,0,0,0
1785911433515|1002|stream64_f2r_2|rotating|38,1378943233,33558272,43962299,43353688,500038,0,500038,0,10596,0,5298,0,0,0,41454,41454,33848576,0,4096,0,0,0,5298,0,1725188178,0,1725188186,0,0,0,0,0,0,0,0,0,4096,256,131072,4,15|4,0,67108864,262144,256,0,0,0,0,632,0,620,0,159,156,0,1,636,0|44,1770871712,1,0,0,40894464,0,40894464,0,125151,0,0,156,0,0,0,0,0,0,0,7176579,0,0,0,0,0
1785911438517|1002|stream64_f2r_2|fixed|40,1378943233,16781056,50141792,49444795,49571530,49444795,49571530,49444795,47458,47280,47279,47279,0,0,6042,0,1459408552,1456517840,4096,4096,0,0,47279,47279,2058780712,2058781045,2058780720,2058781053,0,0,0,0,0,0,0,0,4096,256,131072,4,15|4,0,67108864,262144,256,0,0,0,0,720,0,708,0,180,177,0,1,720,0|46,2769297251,1,46660320,0,0,0,0,0,49510347,0,177,0,2558915963,0,2558915963,0,2080,2539932386,0,29921986,0,0,0,0,0
1785911438517|1002|stream64_f2r_2|rotating|40,1378943233,33558272,50239414,49540625,571391,0,571391,0,12108,0,6054,0,0,0,47371,47371,38678632,0,4096,0,0,0,6054,0,2045576303,0,2045576311,0,0,0,0,0,0,0,0,0,4096,256,131072,4,15|4,0,67108864,262144,256,0,0,0,0,724,0,712,0,181,178,0,1,724,0|46,2092697236,1,0,0,46661632,0,46661632,0,143061,0,0,178,0,0,0,0,0,0,0,7225197,0,0,0,0,0
1785911443563|1002|stream64_f2r_2|fixed|42,1378943233,16777471,56457546,55672419,55815367,55672419,55815367,55672419,53436,53235,53233,53233,0,0,6804,0,1643206270,1639938977,4096,4096,0,0,53234,53234,2381565822,2381565835,2381565830,2381565843,0,0,0,0,0,0,0,0,4096,256,131072,4,15|4,0,67108864,262144,256,0,0,0,0,812,0,800,0,203,200,0,1,812,0|48,3092250227,1,52531552,0,0,0,0,0,55741016,0,200,0,2880401131,0,2880401131,0,2080,2859562723,0,32932069,0,0,0,0,0
1785911443563|1002|stream64_f2r_2|rotating|42,1378943233,33558272,56615004,55828395,643882,0,643882,0,13644,0,6822,0,0,0,53381,53381,43585352,0,4096,0,0,0,6822,0,2371320175,0,2371320183,0,0,0,0,0,0,0,0,0,4096,256,131072,4,15|4,0,67108864,262144,256,0,0,0,0,812,0,800,0,203,200,0,1,812,0|48,2417381363,1,0,0,52428800,0,52428800,0,161110,0,0,200,0,0,0,0,0,0,0,7269444,0,0,0,0,0
1785911448570|1002|stream64_f2r_2|fixed|44,1378943233,16777471,62729954,61858420,62016514,61858420,62016514,61858420,59372,59149,59147,59147,0,0,7559,0,1825774384,1822147692,4096,4096,0,0,59148,59148,2702066467,2702066448,2702066451,2702066456,0,0,0,0,0,0,0,0,4096,256,131072,4,15|4,0,67108864,262144,256,0,0,0,0,900,0,888,0,225,222,0,1,900,0|50,3411842624,1,58346144,0,0,0,0,0,61908358,0,222,0,3198539880,0,3198539880,0,2080,3175967596,0,35813615,0,0,0,0,0
1785911448570|1002|stream64_f2r_2|rotating|44,1378943233,33558272,62805377,61933004,714290,0,714290,0,15136,0,7568,0,0,0,59219,59219,48351520,0,4096,0,0,0,7568,0,2687611681,0,2687611689,0,0,0,0,0,0,0,0,0,4096,256,131072,4,15|4,0,67108864,262144,256,0,0,0,0,900,0,888,0,225,222,0,1,900,0|50,2732973195,1,0,0,58195968,0,58195968,0,178690,0,0,222,0,0,0,0,0,0,0,7323262,0,0,0,0,0
1785911453571|1002|stream64_f2r_2|fixed|46,1378943233,16777471,68997537,68038889,68212743,68038889,68212743,68038889,65304,65059,65057,65057,0,0,8315,0,2008186086,2004200137,4096,4096,0,0,65058,65058,3022298626,3022298639,3022298634,3022298647,0,0,0,0,0,0,0,0,4096,256,131072,4,15|4,0,67108864,262144,256,0,0,0,0,988,0,976,0,247,244,0,1,988,0|52,3731851285,1,64160736,0,0,0,0,0,68084613,0,244,0,3517094893,0,3517094893,0,2080,3492797913,0,38685981,0,0,0,0,0
1785911453571|1002|stream64_f2r_2|rotating|46,1378943233,33558272,69065042,68105668,785546,0,785546,0,16646,0,8323,0,0,0,65120,65120,53175112,0,4096,0,0,0,8323,0,3007761927,0,3007761935,0,0,0,0,0,0,0,0,0,4096,256,131072,4,15|4,0,67108864,262144,256,0,0,0,0,988,0,976,0,247,244,0,1,988,0|52,3052938592,1,0,0,63963136,0,63963136,0,196480,0,0,244,0,0,0,0,0,0,0,7360404,0,0,0,0,0
1785911461889|1003|stream64_f2r_3|fixed|50,1378943233,16777471,6152414,6066823,6082568,6066823,6082568,6066823,5818,5796,5795,5795,0,0,740,0,178902544,178559491,4096,4096,0,0,5796,5796,3554662950,3554662923,3554662958,3554662931,0,0,0,0,0,0,0,0,4096,256,131072,4,15|4,0,67108864,262144,256,0,0,0,0,96,0,84,0,24,21,0,1,96,0|60,4264292674,1,5765856,0,0,0,0,0,6115573,0,21,0,320199617,0,320199617,0,2080,313441178,0,9631055,0,0,0,0,0
1785911461889|1003|stream64_f2r_3|rotating|50,1378943233,33558033,6229003,6141938,70787,0,70787,0,1500,0,750,0,0,0,5868,5868,4788671,0,4096,0,0,0,750,0,3540765487,0,3540765495,0,0,0,0,0,0,0,0,0,4096,256,131072,4,15|4,0,67108864,262144,256,0,0,0,0,100,0,88,0,25,22,0,1,100,0|60,3586345950,1,0,0,5767168,0,5767168,0,17815,0,0,22,0,0,0,0,0,0,0,6889450,0,0,0,0,0
1785911466892|1003|stream64_f2r_3|fixed|52,1378943233,16781056,12425579,12252165,12284383,12252165,12284383,12252165,11748,11705,11704,11704,0,0,1496,0,361277608,360559376,4096,4096,0,0,11704,11704,3874781524,3874760081,3874781532,3874760089,0,0,0,0,0,0,0,0,4096,256,131072,4,15|4,0,67108864,262144,256,0,0,0,0,188,0,176,0,47,44,0,1,188,0|62,289629385,2,11581760,0,0,0,0,0,12301988,0,44,0,639049648,0,639049648,0,2080,630469875,0,12595762,0,0,0,0,0
1785911466892|1003|stream64_f2r_3|rotating|52,1378943233,33558272,12493252,12319058,141858,0,141858,0,3006,0,1503,0,0,0,11767,11767,9602584,0,4096,0,0,0,1503,0,3860017549,0,3860017557,0,0,0,0,0,0,0,0,0,4096,256,131072,4,15|4,0,67108864,262144,256,0,0,0,0,188,0,176,0,47,44,0,1,188,0|62,3905575721,1,0,0,11534336,0,11534336,0,35583,0,0,44,0,0,0,0,0,0,0,6938040,0,0,0,0,0
1785911471904|1003|stream64_f2r_3|fixed|54,1378943233,16781056,18701549,18442228,18488998,18442228,18488998,18442228,17687,17622,17620,17620,0,0,2252,0,543893584,542815232,4096,4096,0,0,17620,17620,4195451576,4195451925,4195451584,4195451933,0,0,0,0,0,0,0,0,4096,256,131072,4,15|4,0,67108864,262144,256,0,0,0,0,276,0,264,0,69,66,0,1,276,0|64,610308414,2,17420064,0,0,0,0,0,18494182,0,66,0,958269101,0,958269101,0,2080,948003519,0,15434332,0,0,0,0,0
1785911471904|1003|stream64_f2r_3|rotating|54,1378943233,33558272,18776429,18516413,213308,0,213308,0,4520,0,2260,0,0,0,17690,17690,14439016,0,4096,0,0,0,2260,0,4180993547,0,4180993555,0,0,0,0,0,0,0,0,0,4096,256,131072,4,15|4,0,67108864,262144,256,0,0,0,0,276,0,264,0,69,66,0,1,276,0|64,4226447143,1,0,0,17301504,0,17301504,0,53445,0,0,66,0,0,0,0,0,0,0,6989235,0,0,0,0,0
1785911476909|1003|stream64_f2r_3|fixed|56,1378943233,16781056,24980705,24635752,24696893,24635752,24696893,24635752,23625,23538,23536,23536,0,0,3007,0,726509880,725071888,4096,4096,0,0,23536,23536,221028537,221028862,221028545,221028870,0,0,0,0,0,0,0,0,4096,256,131072,4,15|4,0,67108864,262144,256,0,0,0,0,364,0,352,0,91,88,0,1,364,0|66,930519346,2,23242560,0,0,0,0,0,24680690,0,88,0,1277024409,0,1277024409,0,2080,1265071499,0,18271027,0,0,0,0,0
1785911476909|1003|stream64_f2r_3|rotating|56,1378943233,33558272,25045485,24699872,284568,0,284568,0,6030,0,3015,0,0,0,23597,23597,19262648,0,4096,0,0,0,3015,0,206140813,0,206140821,0,0,0,0,0,0,0,0,0,4096,256,131072,4,15|4,0,67108864,262144,256,0,0,0,0,364,0,352,0,91,88,0,1,364,0|66,251552807,2,0,0,23068672,0,23068672,0,71258,0,0,88,0,0,0,0,0,0,0,7033057,0,0,0,0,0
1785911481920|1003|stream64_f2r_3|fixed|58,1378943233,16777471,31261566,30829741,30906307,30829741,30906307,30829741,29564,29455,29452,29452,0,0,3764,0,909129501,907332608,4096,4096,0,0,29453,29453,541600939,541600960,541600947,541600968,0,0,0,0,0,0,0,0,4096,256,131072,4,15|4,0,67108864,262144,256,0,0,0,0,452,0,440,0,113,110,0,1,452,0|68,1251346423,2,29080864,0,0,0,0,0,30879557,0,110,0,1596391910,0,1596391910,0,2080,1582751088,0,21111700,0,0,0,0,0
1785911481920|1003|stream64_f2r_3|rotating|58,1378943233,33558272,31349813,30916325,356293,0,356293,0,7550,0,3775,0,0,0,29535,29535,24118240,0,4096,0,0,0,3775,0,528209454,0,528209470,0,0,0,0,0,0,0,0,0,4096,256,131072,4,15|4,0,67108864,262144,256,0,0,0,0,456,0,444,0,114,111,0,1,456,0|68,573255043,2,0,0,29097984,0,29097984,0,89168,0,0,111,0,0,0,0,0,0,0,7084856,0,0,0,0,0
1785911486922|1003|stream64_f2r_3|fixed|60,1378943233,16777471,37538492,37019622,37111979,37019622,37111979,37019622,35498,35368,35364,35364,0,0,4519,0,1091637410,1089481728,4096,4096,0,0,35365,35365,861947423,861947436,861947431,861947404,0,0,0,0,0,0,0,0,4096,256,131072,4,15|4,0,67108864,262144,256,0,0,0,0,544,0,532,0,136,133,0,1,544,0|70,1574522562,2,34952096,0,0,0,0,0,37121840,0,133,0,1918100241,0,1918100241,0,2080,1902653979,0,24072392,0,0,0,0,0
1785911486922|1003|stream64_f2r_3|rotating|60,1378943233,33558272,37676950,37155815,428123,0,428123,0,9072,0,4536,0,0,0,35495,35495,28980240,0,4096,0,0,0,4536,0,850898246,0,850898254,0,0,0,0,0,0,0,0,0,4096,256,131072,4,15|4,0,67108864,262144,256,0,0,0,0,544,0,532,0,136,133,0,1,544,0|70,897037150,2,0,0,34865152,0,34865152,0,107172,0,0,133,0,0,0,0,0,0,0,7126792,0,0,0,0,0
1785911491925|1003|stream64_f2r_3|fixed|62,1378943233,16777471,43808438,43202278,43310569,43202278,43310569,43202278,41428,41275,41271,41271,0,0,5275,0,1273956592,1271425544,4096,4096,0,0,41272,41272,1182107102,1182107107,1182107054,1182107067,0,0,0,0,0,0,0,0,4096,256,131072,4,15|4,0,67108864,262144,256,0,0,0,0,632,0,620,0,158,155,0,1,632,0|72,1892425184,2,40735072,0,0,0,0,0,43263270,0,155,0,2234557119,0,2234557119,0,2080,2217415970,0,26908161,0,0,0,0,0
1785911491925|1003|stream64_f2r_3|rotating|62,1378943233,33558272,43903359,43296143,498909,0,498909,0,10572,0,5286,0,0,0,41360,41360,33771952,0,4096,0,0,0,5286,0,1168863071,0,1168863079,0,0,0,0,0,0,0,0,0,4096,256,131072,4,15|4,0,67108864,262144,256,0,0,0,0,632,0,620,0,158,155,0,1,632,0|72,1214098644,2,0,0,40632320,0,40632320,0,124821,0,0,155,0,0,0,0,0,0,0,7169976,0,0,0,0,0
1785911496928|1003|stream64_f2r_3|fixed|64,1378943233,16781056,50082985,49390221,49513855,49390221,49513855,49390221,47359,47184,47181,47181,0,0,6030,0,1456382792,1453493488,4096,4096,0,0,47181,47181,1502308297,1502308614,1502308305,1502308622,0,0,0,0,0,0,0,0,4096,256,131072,4,15|4,0,67108864,262144,256,0,0,0,0,720,0,708,0,180,177,0,1,720,0|74,2211987673,2,46549664,0,0,0,0,0,49437771,0,177,0,2552665960,0,2552665960,0,2080,2533834479,0,29746163,0,0,0,0,0
1785911496928|1003|stream64_f2r_3|rotating|64,1378943233,33558272,50171126,49477402,570075,0,570075,0,12080,0,6040,0,0,0,47264,47264,38589200,0,4096,0,0,0,6040,0,1488549169,0,1488549177,0,0,0,0,0,0,0,0,0,4096,256,131072,4,15|4,0,67108864,262144,256,0,0,0,0,720,0,708,0,180,177,0,1,720,0|74,1533908911,2,0,0,46399488,0,46399488,0,142635,0,0,177,0,0,0,0,0,0,0,7210438,0,0,0,0,0
1785911501930|1003|stream64_f2r_3|fixed|66,1378943233,16777471,56350584,55569939,55710289,55569939,55710289,55569939,53287,53089,53085,53085,0,0,6784,0,1638652568,1635405067,4096,4096,0,0,53086,53086,1822255771,1822255776,1822255779,1822255784,0,0,0,0,0,0,0,0,4096,256,131072,4,15|4,0,67108864,262144,256,0,0,0,0,808,0,796,0,202,199,0,1,808,0|76,2531906485,2,52364256,0,0,0,0,0,55617681,0,199,0,2871131124,0,2871131124,0,2080,2850616168,0,32577308,0,0,0,0,0
1785911501930|1003|stream64_f2r_3|rotating|66,1378943233,33558272,56421675,55640175,641141,0,641141,0,13586,0,6793,0,0,0,53153,53153,43400032,0,4096,0,0,0,6793,0,1807798668,0,1807798676,0,0,0,0,0,0,0,0,0,4096,256,131072,4,15|4,0,67108864,262144,256,0,0,0,0,808,0,796,0,202,200,0,1,812,0|76,1853815457,2,0,0,52428800,0,52428800,0,160450,0,0,200,0,0,0,0,0,0,0,7262121,0,0,0,0,0
1785911506940|1003|stream64_f2r_3|fixed|68,1378943233,16777471,62630305,61762705,61918566,61762705,61918566,61762705,59231,59011,59007,59007,0,0,7541,0,1821444924,1817838887,4096,4096,0,0,59008,59008,2143118200,2143118197,2143118216,2143118205,0,0,0,0,0,0,0,0,4096,256,131072,4,15|4,0,67108864,262144,256,0,0,0,0,900,0,888,0,225,222,0,1,900,0|78,2853480535,2,58211776,0,0,0,0,0,61821117,0,222,0,3191243294,0,3191243294,0,2080,3168907646,0,35548161,0,0,0,0,0
1785911506940|1003|stream64_f2r_3|rotating|68,1378943233,33558272,62723207,61853961,712872,0,712872,0,15106,0,7553,0,0,0,59095,59095,48255672,0,4096,0,0,0,7553,0,2129869122,0,2129869130,0,0,0,0,0,0,0,0,0,4096,256,131072,4,15|4,0,67108864,262144,256,0,0,0,0,900,0,888,0,225,222,0,1,900,0|78,2176661053,2,0,0,58195968,0,58195968,0,178407,0,0,222,0,0,0,0,0,0,0,7309812,0,0,0,0,0
1785911511947|1003|stream64_f2r_3|fixed|70,1378943233,16781056,68897057,67943772,68113967,67943772,68113967,67943772,65163,64920,64917,64917,0,0,8297,0,2003855272,1999875920,4096,4096,0,0,64917,64917,2463413872,2463414197,2463413880,2463414205,0,0,0,0,0,0,0,0,4096,256,131072,4,15|4,0,67108864,262144,256,0,0,0,0,988,0,976,0,247,244,0,1,988,0|80,3173202548,2,64026368,0,0,0,0,0,67992738,0,244,0,3509511659,0,3509511659,0,2080,3485493254,0,38378588,0,0,0,0,0
1785911511947|1003|stream64_f2r_3|rotating|70,1378943233,33558272,68989819,68035477,784133,0,784133,0,16616,0,8308,0,0,0,65004,65004,53079344,0,4096,0,0,0,8308,0,2449977415,0,2449977423,0,0,0,0,0,0,0,0,0,4096,256,131072,4,15|4,0,67108864,262144,256,0,0,0,0,988,0,976,0,247,244,0,1,988,0|80,2495397034,2,0,0,63963136,0,63963136,0,196151,0,0,244,0,0,0,0,0,0,0,7349537,0,0,0,0,0
1785911520378|1004|stream64_r2f_1|fixed|74,1378943233,16781056,6144406,6059410,69643,0,69643,0,1478,0,739,0,0,0,5788,5788,4721392,0,4096,0,0,0,739,0,3002852599,0,3002852607,0,0,0,0,0,0,0,0,0,4096,256,131072,4,15|4,0,67108864,262144,256,0,0,0,0,96,0,84,0,24,21,0,1,96,0|88,3712637859,2,0,0,5505024,0,5505024,0,17551,0,0,21,0,0,0,0,0,0,0,6904515,0,0,0,0,0
1785911520378|1004|stream64_r2f_1|rotating|74,1378943233,33554687,6216974,6130561,6146486,6130561,6146486,6130561,5880,5857,5857,5857,0,0,748,0,180790863,180430706,4096,4096,0,0,5857,5857,2988877113,2988877470,2988877121,2988877478,0,0,0,0,0,0,0,0,4096,256,131072,4,15|4,0,67108864,262144,256,0,0,0,0,100,0,88,0,25,22,0,1,100,0|88,3034078900,2,5814592,0,0,0,0,0,6169481,0,22,0,323128310,0,323128310,0,2080,316224370,0,9782289,0,0,0,0,0
1785911525381|1004|stream64_r2f_1|fixed|76,1378943233,16780817,12422988,12250740,140882,0,140882,0,2990,0,1495,0,0,0,11702,11702,9549174,0,4096,0,0,0,1495,0,3323410343,0,3323410351,0,0,0,0,0,0,0,0,0,4096,256,131072,4,15|4,0,67108864,262144,256,0,0,0,0,188,0,176,0,47,44,0,1,188,0|90,4032939395,2,0,0,11534336,0,11534336,0,35362,0,0,44,0,0,0,0,0,0,0,6957658,0,0,0,0,0
1785911525381|1004|stream64_r2f_1|rotating|76,1378943233,33554687,12498458,12324694,12356727,12324694,12356727,12324694,11819,11774,11773,11773,0,0,1504,0,363412880,362692008,4096,4096,0,0,11774,11774,3309457999,3309457996,3309457967,3309457972,0,0,0,0,0,0,0,0,4096,256,131072,4,15|4,0,67108864,262144,256,0,0,0,0,188,0,176,0,47,44,0,1,188,0|90,3355351614,2,11652896,0,0,0,0,0,12377629,0,44,0,642941448,0,642941448,0,2080,634339169,0,12633389,0,0,0,0,0
1785911530392|1004|stream64_r2f_1|fixed|78,1378943233,16781056,18695551,18436584,212124,0,212124,0,4502,0,2251,0,0,0,17615,17615,14381512,0,4096,0,0,0,2251,0,3643776275,0,3643776283,0,0,0,0,0,0,0,0,0,4096,256,131072,4,15|4,0,67108864,262144,256,0,0,0,0,276,0,264,0,69,66,0,1,276,0|92,59395937,3,0,0,17301504,0,17301504,0,53220,0,0,66,0,0,0,0,0,0,0,6997516,0,0,0,0,0
1785911530392|1004|stream64_r2f_1|rotating|78,1378943233,33554687,18820280,18559869,18606739,18559869,18606739,18559869,17801,17733,17732,17732,0,0,2266,0,547365214,546285673,4096,4096,0,0,17733,17733,3632342494,3632342507,3632342502,3632342515,0,0,0,0,0,0,0,0,4096,256,131072,4,15|4,0,67108864,262144,256,0,0,0,0,276,0,264,0,69,66,0,1,276,0|92,3679672596,2,17554432,0,0,0,0,0,18640435,0,66,0,965787046,0,965787046,0,2080,955496406,0,15488087,0,0,0,0,0
1785911535404|1004|stream64_r2f_1|fixed|80,1378943233,16781056,24982582,24637461,283461,0,283461,0,6016,0,3008,0,0,0,23538,23538,19217944,0,4096,0,0,0,3008,0,3964773497,0,3964773505,0,0,0,0,0,0,0,0,0,4096,256,131072,4,15|4,0,67108864,262144,256,0,0,0,0,364,0,352,0,91,88,0,1,364,0|94,379579831,3,0,0,23068672,0,23068672,0,71007,0,0,88,0,0,0,0,0,0,0,7037376,0,0,0,0,0
1785911535404|1004|stream64_r2f_1|rotating|80,1378943233,33554687,25050394,24704614,24766177,24704614,24766177,24704614,23692,23602,23601,23601,0,0,3016,0,728541326,727104424,4096,4096,0,0,23602,23602,3950401813,3950401842,3950401821,3950401802,0,0,0,0,0,0,0,0,4096,256,131072,4,15|4,0,67108864,262144,256,0,0,0,0,364,0,352,0,91,88,0,1,364,0|94,3995465763,2,23297888,0,0,0,0,0,24740205,0,88,0,1280144349,0,1280144349,0,2080,1268126093,0,18348100,0,0,0,0,0
1785911540410|1004|stream64_r2f_1|fixed|82,1378943233,16781056,31278107,30846044,354893,0,354893,0,7532,0,3766,0,0,0,29468,29468,24060712,0,4096,0,0,0,3766,0,4286207487,0,4286207495,0,0,0,0,0,0,0,0,0,4096,256,131072,4,15|4,0,67108864,262144,256,0,0,0,0,452,0,440,0,113,110,0,1,452,0|96,701108089,3,0,0,28835840,0,28835840,0,88864,0,0,110,0,0,0,0,0,0,0,7089019,0,0,0,0,0
1785911540410|1004|stream64_r2f_1|rotating|82,1378943233,33558272,31360329,30926623,31004496,30926623,31004496,30926623,29659,29546,29546,29546,0,0,3776,0,912027144,910215600,4096,4096,0,0,29546,29546,4272608332,4272608649,4272608340,4272608657,0,0,0,0,0,0,0,0,4096,256,131072,4,15|4,0,67108864,262144,256,0,0,0,0,456,0,444,0,114,111,0,1,456,0|96,23286446,3,29169120,0,0,0,0,0,30973614,0,111,0,1601464520,0,1601464520,0,2080,1587604493,0,21345123,0,0,0,0,0
1785911545413|1004|stream64_r2f_1|fixed|84,1378943233,16781056,37528955,37010215,425756,0,425756,0,9036,0,4518,0,0,0,35356,35356,28865216,0,4096,0,0,0,4518,0,310093952,0,310093960,0,0,0,0,0,0,0,0,0,4096,256,131072,4,15|5,0,67108864,262144,256,0,0,0,0,544,0,532,0,136,133,0,1,544,0|98,1020001445,3,0,0,34865152,0,34865152,0,106580,0,0,133,0,0,0,0,0,0,0,7137058,0,0,0,0,0
1785911545413|1004|stream64_r2f_1|rotating|84,1378943233,33558272,37603083,37082815,37176385,37082815,37176385,37082815,35561,35426,35426,35426,0,0,4528,0,1093531296,1091359696,4096,4096,0,0,35426,35426,296279348,296279705,296279364,296279713,0,0,0,0,0,0,0,0,4096,256,131072,4,15|4,0,67108864,262144,256,0,0,0,0,544,0,532,0,136,133,0,1,544,0|98,341385707,3,34952096,0,0,0,0,0,37119239,0,133,0,1918118037,0,1918118037,0,2080,1902534128,0,24209887,0,0,0,0,0
1785911550427|1004|stream64_r2f_1|fixed|86,1378943233,16781056,43817162,43210954,497186,0,497186,0,10552,0,5276,0,0,0,41280,41280,33708056,0,4096,0,0,0,5276,0,631325314,0,631325322,0,0,0,0,0,0,0,0,0,4096,256,131072,4,15|4,0,67108864,262144,256,0,0,0,0,632,0,620,0,158,155,0,1,632,0|100,1341304096,3,0,0,40632320,0,40632320,0,124438,0,0,155,0,0,0,0,0,0,0,7170723,0,0,0,0,0
1785911550427|1004|stream64_r2f_1|rotating|86,1378943233,33558272,43887249,43280256,43389308,43280256,43389308,43280256,41503,41346,41346,41346,0,0,5284,0,1276269912,1273740136,4096,4096,0,0,41346,41346,617063933,617064274,617063941,617064282,0,0,0,0,0,0,0,0,4096,256,131072,4,15|4,0,67108864,262144,256,0,0,0,0,632,0,620,0,158,155,0,1,632,0|100,662159756,3,40782496,0,0,0,0,0,43316185,0,155,0,2237434486,0,2237434486,0,2080,2220139483,0,27072045,0,0,0,0,0
1785911555429|1004|stream64_r2f_1|fixed|88,1378943233,16781056,50086716,49393242,568241,0,568241,0,12060,0,6030,0,0,0,47185,47185,38525336,0,4096,0,0,0,6030,0,951037936,0,951037944,0,0,0,0,0,0,0,0,0,4096,256,131072,4,15|4,0,67108864,262144,256,0,0,0,0,720,0,708,0,180,177,0,1,720,0|102,1661230322,3,0,0,46399488,0,46399488,0,142225,0,0,177,0,0,0,0,0,0,0,7212017,0,0,0,0,0
1785911555429|1004|stream64_r2f_1|rotating|88,1378943233,33558033,50161107,49466769,49592017,49466769,49592017,49466769,47434,47255,47255,47255,0,0,6039,0,1458668418,1455780448,4096,4096,0,0,47256,47255,937278381,937260497,937278389,937260505,0,0,0,0,0,0,0,0,4096,256,131072,4,15|4,0,67108864,262144,256,0,0,0,0,720,0,708,0,180,177,0,1,720,0|102,982459338,3,46612896,0,0,0,0,0,49504790,0,177,0,2556276468,0,2556276468,0,2080,2537267806,0,29936768,0,0,0,0,0
1785911560432|1004|stream64_r2f_1|fixed|90,1378943233,16781056,56363595,55582417,639484,0,639484,0,13572,0,6786,0,0,0,53097,53097,43355368,0,4096,0,0,0,6786,0,1271604705,0,1271604721,0,0,0,0,0,0,0,0,0,4096,256,131072,4,15|4,0,67108864,262144,256,0,0,0,0,808,0,796,0,202,199,0,1,808,0|104,1982261498,3,0,0,52166656,0,52166656,0,160059,0,0,199,0,0,0,0,0,0,0,7248403,0,0,0,0,0
1785911560432|1004|stream64_r2f_1|rotating|90,1378943233,33558272,56466391,55684284,55825779,55684284,55825779,55684284,53395,53194,53194,53194,0,0,6798,0,1641993280,1638745880,4096,4096,0,0,53194,53194,1259062600,1259062933,1259062608,1259062941,0,0,0,0,0,0,0,0,4096,256,131072,4,15|4,0,67108864,262144,256,0,0,0,0,812,0,800,0,203,200,0,1,812,0|104,1304942357,3,52476224,0,0,0,0,0,55732953,0,200,0,2877293655,0,2877293655,0,2080,2856448802,0,32926514,0,0,0,0,0
1785911565454|1004|stream64_r2f_1|fixed|92,1378943233,16781056,62657030,61789473,710912,0,710912,0,15088,0,7544,0,0,0,59026,59026,48198152,0,4096,0,0,0,7544,0,1593029047,0,1593029055,0,0,0,0,0,0,0,0,0,4096,256,131072,4,15|5,0,67108864,262144,256,0,0,0,0,900,0,888,0,225,222,0,1,900,0|106,2302741370,3,0,0,58195968,0,58195968,0,177869,0,0,222,0,0,0,0,0,0,0,7297162,0,0,0,0,0
1785911565454|1004|stream64_r2f_1|rotating|92,1378943233,33554687,62735157,61866239,62023396,61866239,62023396,61866239,59324,59100,59099,59099,0,0,7553,0,1824294168,1820671216,4096,4096,0,0,59100,59100,1579215609,1579215574,1579215593,1579215582,0,0,0,0,0,0,0,0,4096,256,131072,4,15|4,0,67108864,262144,256,0,0,0,0,900,0,888,0,225,222,0,1,900,0|106,1624993532,3,58290816,0,0,0,0,0,61915629,0,222,0,3195891182,0,3195891182,0,2080,3173335775,0,35784738,0,0,0,0,0
1785911570458|1004|stream64_r2f_1|fixed|94,1378943233,16781056,68932216,67978642,782154,0,782154,0,16600,0,8300,0,0,0,64938,64938,53028200,0,4096,0,0,0,8300,0,1913391463,0,1913391471,0,0,0,0,0,0,0,0,0,4096,256,131072,4,15|4,0,67108864,262144,256,0,0,0,0,988,0,976,0,247,244,0,1,988,0|108,2627091415,3,0,0,63963136,0,63963136,0,195892,0,0,244,0,0,0,0,0,0,0,7335958,0,0,0,0,0
1785911570458|1004|stream64_r2f_1|rotating|94,1378943233,33554687,69135178,68179319,68350762,68179319,68350762,68179319,65376,65130,65129,65129,0,0,8324,0,2010407257,2006424136,4096,4096,0,0,65130,65130,1905870344,1905870381,1905870352,1905870333,0,0,0,0,0,0,0,0,4096,256,131072,4,15|4,0,67108864,262144,256,0,0,0,0,988,0,976,0,247,244,0,1,988,0|108,1950926476,3,64223968,0,0,0,0,0,68214028,0,244,0,3520340838,0,3520340838,0,2080,3496107776,0,38635518,0,0,0,0,0
1785911578936|1005|stream64_r2f_2|fixed|98,1378943233,16781056,6218755,6133388,70488,0,70488,0,1496,0,748,0,0,0,5859,5859,4778928,0,4096,0,0,0,748,0,2459187484,0,2459187492,0,0,0,0,0,0,0,0,0,4096,256,131072,4,15|4,0,67108864,262144,256,0,0,0,0,100,0,88,0,25,22,0,1,100,0|116,3169580012,3,0,0,5767168,0,5767168,0,17787,0,0,22,0,0,0,0,0,0,0,6894344,0,0,0,0,0
1785911578936|1005|stream64_r2f_2|rotating|98,1378943233,33554687,6305615,6219128,6234088,6219128,6234088,6219128,5964,5941,5940,5940,0,0,759,0,183373430,183015440,4096,4096,0,0,5941,5941,2446168722,2446168735,2446168738,2446168703,0,0,0,0,0,0,0,0,4096,256,131072,4,15|4,0,67108864,262144,256,0,0,0,0,100,0,88,0,25,22,0,1,100,0|116,2492437104,3,5917344,0,0,0,0,0,6278716,0,22,0,328676770,0,328676770,0,2080,321788319,0,9789017,0,0,0,0,0
1785911583950|1005|stream64_r2f_2|fixed|100,1378943233,16781056,12435634,12263933,141071,0,141071,0,2994,0,1497,0,0,0,11714,11714,9564232,0,4096,0,0,0,1497,0,2776872031,0,2776872039,0,0,0,0,0,0,0,0,0,4096,256,131072,4,15|4,0,67108864,262144,256,0,0,0,0,188,0,176,0,47,44,0,1,188,0|118,3487414012,3,0,0,11534336,0,11534336,0,35432,0,0,44,0,0,0,0,0,0,0,6936076,0,0,0,0,0
1785911583950|1005|stream64_r2f_2|rotating|100,1378943233,33554687,12529969,12357181,12387860,12357181,12387860,12357181,11849,11804,11803,11803,0,0,1508,0,364338522,363620637,4096,4096,0,0,11804,11804,2763868952,2763868949,2763868960,2763868957,0,0,0,0,0,0,0,0,4096,256,131072,4,15|4,0,67108864,262144,256,0,0,0,0,188,0,176,0,47,44,0,1,188,0|118,2810363527,3,11700320,0,0,0,0,0,12421213,0,44,0,645157449,0,645157449,0,2080,636549945,0,12648952,0,0,0,0,0
1785911588959|1005|stream64_r2f_2|fixed|102,1378943233,16781056,18712320,18454092,212314,0,212314,0,4506,0,2253,0,0,0,17631,17631,14394312,0,4096,0,0,0,2253,0,3097438505,0,3097438513,0,0,0,0,0,0,0,0,0,4096,256,131072,4,15|4,0,67108864,262144,256,0,0,0,0,276,0,264,0,69,66,0,1,276,0|120,3807028555,3,0,0,17301504,0,17301504,0,53196,0,0,66,0,0,0,0,0,0,0,6971719,0,0,0,0,0
1785911588959|1005|stream64_r2f_2|rotating|102,1378943233,33554687,18791828,18532818,18578665,18532818,18578665,18532818,17773,17707,17706,17706,0,0,2262,0,546547828,545471631,4096,4096,0,0,17706,17706,3083715048,3083715381,3083715056,3083715389,0,0,0,0,0,0,0,0,4096,256,131072,4,15|4,0,67108864,262144,256,0,0,0,0,276,0,264,0,69,66,0,1,276,0|120,3129479550,3,17499104,0,0,0,0,0,18582450,0,66,0,962823776,0,962823776,0,2080,952501541,0,15507959,0,0,0,0,0
1785911593964|1005|stream64_r2f_2|fixed|104,1378943233,16781056,24984254,24639534,283461,0,283461,0,6016,0,3008,0,0,0,23539,23539,19217944,0,4096,0,0,0,3008,0,3417578551,0,3417578559,0,0,0,0,0,0,0,0,0,4096,256,131072,4,15|4,0,67108864,262144,256,0,0,0,0,364,0,352,0,91,88,0,1,364,0|122,4129237728,3,0,0,23068672,0,23068672,0,71101,0,0,88,0,0,0,0,0,0,0,7016944,0,0,0,0,0
1785911593964|1005|stream64_r2f_2|rotating|104,1378943233,33554687,25102388,24756460,24817608,24756460,24817608,24756460,23741,23653,23651,23651,0,0,3022,0,730062392,728628113,4096,4096,0,0,23652,23652,3405865446,3405865435,3405865438,3405865443,0,0,0,0,0,0,0,0,4096,256,131072,4,15|4,0,67108864,262144,256,0,0,0,0,368,0,356,0,92,89,0,1,368,0|122,3452167013,3,23370336,0,0,0,0,0,24813790,0,89,0,1284043431,0,1284043431,0,2080,1271883144,0,18501263,0,0,0,0,0
1785911598971|1005|stream64_r2f_2|fixed|106,1378943233,16781056,31265348,30833900,354705,0,354705,0,7528,0,3764,0,0,0,29456,29456,24047952,0,4096,0,0,0,3764,0,3738144346,0,3738144362,0,0,0,0,0,0,0,0,0,4096,256,131072,4,15|4,0,67108864,262144,256,0,0,0,0,452,0,440,0,113,110,0,1,452,0|124,152850444,4,0,0,28835840,0,28835840,0,88793,0,0,110,0,0,0,0,0,0,0,7067805,0,0,0,0,0
1785911598971|1005|stream64_r2f_2|rotating|106,1378943233,33554687,31325958,30893769,30970597,30893769,30970597,30893769,29625,29516,29513,29513,0,0,3771,0,911022656,909229314,4096,4096,0,0,29514,29514,3723546756,3723546737,3723546748,3723546745,0,0,0,0,0,0,0,0,4096,256,131072,4,15|4,0,67108864,262144,256,0,0,0,0,456,0,444,0,114,111,0,1,456,0|124,3769079244,3,29129600,0,0,0,0,0,30936001,0,111,0,1599515846,0,1599515846,0,2080,1585635458,0,21357155,0,0,0,0,0
1785911603995|1005|stream64_r2f_2|fixed|108,1378943233,16781056,37559747,37039758,426132,0,426132,0,9044,0,4522,0,0,0,35385,35385,28890792,0,4096,0,0,0,4522,0,4059243647,0,4059243655,0,0,0,0,0,0,0,0,0,4096,256,131072,4,15|4,0,67108864,262144,256,0,0,0,0,544,0,532,0,136,133,0,1,544,0|126,474442780,4,0,0,34865152,0,34865152,0,106674,0,0,133,0,0,0,0,0,0,0,7114045,0,0,0,0,0
1785911603995|1005|stream64_r2f_2|rotating|108,1378943233,33554687,37635090,37114259,37208108,37114259,37208108,37114259,35591,35459,35456,35456,0,0,4531,0,1094457859,1092288702,4096,4096,0,0,35457,35457,4045668832,4045668805,4045668840,4045668821,0,0,0,0,0,0,0,0,4096,256,131072,4,15|4,0,67108864,262144,256,0,0,0,0,544,0,532,0,136,133,0,1,544,0|126,4090900267,3,34983712,0,0,0,0,0,37154146,0,133,0,1919873341,0,1919873341,0,2080,1904290064,0,24216199,0,0,0,0,0
1785911609003|1005|stream64_r2f_2|fixed|110,1378943233,16781056,43839773,43232902,497375,0,497375,0,10556,0,5278,0,0,0,41301,41300,33720848,0,4096,0,0,0,5278,0,84971291,0,84971299,0,0,0,0,0,0,0,0,0,4096,256,131072,4,15|4,0,67108864,262144,256,0,0,0,0,632,0,620,0,158,155,0,1,632,0|128,794962851,4,0,0,40632320,0,40632320,0,124485,0,0,155,0,0,0,0,0,0,0,7155904,0,0,0,0,0
1785911609003|1005|stream64_r2f_2|rotating|110,1378943233,33554687,43915078,43307348,43416854,43307348,43416854,43307348,41528,41374,41371,41371,0,0,5287,0,1277062672,1274535264,4096,4096,0,0,41372,41372,71242892,71242849,71242852,71242857,0,0,0,0,0,0,0,0,4096,256,131072,4,15|4,0,67108864,262144,256,0,0,0,0,632,0,620,0,158,155,0,1,632,0|128,116275927,4,40806208,0,0,0,0,0,43342902,0,155,0,2238760673,0,2238760673,0,2080,2221467313,0,27075649,0,0,0,0,0
1785911614017|1005|stream64_r2f_2|fixed|112,1378943233,16781056,50127103,49432369,568712,0,568712,0,12070,0,6035,0,0,0,47222,47222,38557280,0,4096,0,0,0,6035,0,405959687,0,405959695,0,0,0,0,0,0,0,0,0,4096,256,131072,4,15|4,0,67108864,262144,256,0,0,0,0,720,0,708,0,180,177,0,1,720,0|130,1115977178,4,0,0,46399488,0,46399488,0,142320,0,0,177,0,0,0,0,0,0,0,7206464,0,0,0,0,0
1785911614017|1005|stream64_r2f_2|rotating|112,1378943233,33554687,50202516,49506847,49632955,49506847,49632955,49506847,47472,47296,47293,47293,0,0,6044,0,1459857049,1456969436,4096,4096,0,0,47294,47294,392114938,392114943,392114946,392114951,0,0,0,0,0,0,0,0,4096,256,131072,4,15|4,0,67108864,262144,256,0,0,0,0,720,0,708,0,180,177,0,1,720,0|130,437375383,4,46652416,0,0,0,0,0,49547155,0,177,0,2558398577,0,2558398577,0,2080,2539408497,0,29926827,0,0,0,0,0
1785911619019|1005|stream64_r2f_2|fixed|114,1378943233,16781056,56400400,55617487,639861,0,639861,0,13580,0,6790,0,0,0,53131,53131,43380888,0,4096,0,0,0,6790,0,726097206,0,726097222,0,0,0,0,0,0,0,0,0,4096,256,131072,4,15|4,0,67108864,262144,256,0,0,0,0,808,0,796,0,202,199,0,1,808,0|132,1436093575,4,0,0,52166656,0,52166656,0,160106,0,0,199,0,0,0,0,0,0,0,7252494,0,0,0,0,0
1785911619019|1005|stream64_r2f_2|rotating|114,1378943233,33554687,56473805,55689274,55833005,55689274,55833005,55689274,53401,53203,53200,53200,0,0,6800,0,1642178813,1638916080,4096,4096,0,0,53201,53201,712305361,712305374,712305369,712305382,0,0,0,0,0,0,0,0,4096,256,131072,4,15|4,0,67108864,262144,256,0,0,0,0,812,0,800,0,203,200,0,1,812,0|132,757379518,4,52468320,0,0,0,0,0,55726642,0,200,0,2876948736,0,2876948736,0,2080,2856111560,0,32917296,0,0,0,0,0
1785911624023|1005|stream64_r2f_2|fixed|116,1378943233,16781056,62691172,61820033,711288,0,711288,0,15096,0,7548,0,0,0,59057,59057,48223728,0,4096,0,0,0,7548,0,1047193176,0,1047193184,0,0,0,0,0,0,0,0,0,4096,256,131072,4,15|4,0,67108864,262144,256,0,0,0,0,900,0,888,0,225,222,0,1,900,0|134,1758264435,4,0,0,58195968,0,58195968,0,178010,0,0,222,0,0,0,0,0,0,0,7289988,0,0,0,0,0
1785911624023|1005|stream64_r2f_2|rotating|116,1378943233,33554687,62800065,61927913,62087551,61927913,62087551,61927913,59383,59162,59160,59160,0,0,7561,0,1826147010,1822526709,4096,4096,0,0,59160,59160,1035209409,1035209734,1035209417,1035209742,0,0,0,0,0,0,0,0,4096,256,131072,4,15|4,0,67108864,262144,256,0,0,0,0,900,0,888,0,225,222,0,1,900,0|134,1081470158,4,58361952,0,0,0,0,0,61988444,0,222,0,3199565968,0,3199565968,0,2080,3177040544,0,35770184,0,0,0,0,0
1785911629030|1005|stream64_r2f_2|fixed|118,1378943233,16781056,68948974,67993021,782342,0,782342,0,16604,0,8302,0,0,0,64953,64953,53040992,0,4096,0,0,0,8302,0,1367028198,0,1367028206,0,0,0,0,0,0,0,0,0,4096,256,131072,4,15|4,0,67108864,262144,256,0,0,0,0,988,0,976,0,247,244,0,1,988,0|136,2078242199,4,0,0,63963136,0,63963136,0,195798,0,0,244,0,0,0,0,0,0,0,7332262,0,0,0,0,0
1785911629030|1005|stream64_r2f_2|rotating|118,1378943233,33554687,69065597,68108406,68282027,68108406,68282027,68108406,65308,65065,65062,65062,0,0,8315,0,2008357238,2004379457,4096,4096,0,0,65063,65063,1355077660,1355077649,1355077668,1355077657,0,0,0,0,0,0,0,0,4096,256,131072,4,15|4,0,67108864,262144,256,0,0,0,0,988,0,976,0,247,244,0,1,988,0|136,1400113130,4,64160736,0,0,0,0,0,68144063,0,244,0,3516759244,0,3516759244,0,2067,3492518361,0,38629919,0,0,0,0,0
1785911637460|1006|stream64_r2f_3|fixed|122,1378943233,16781056,6141846,6056807,69549,0,69549,0,1476,0,738,0,0,0,5785,5785,4715016,0,4096,0,0,0,738,0,1906385720,0,1906385736,0,0,0,0,0,0,0,0,0,4096,256,131072,4,15|4,0,67108864,262144,256,0,0,0,0,96,0,84,0,24,21,0,1,96,0|144,2616464814,4,0,0,5505024,0,5505024,0,17528,0,0,21,0,0,0,0,0,0,0,6899027,0,0,0,0,0
1785911637460|1006|stream64_r2f_3|rotating|122,1378943233,33558272,6209764,6124019,6139370,6124019,6139370,6124019,5872,5850,5850,5850,0,0,747,0,180579032,180235320,4096,4096,0,0,5850,5850,1892340874,1892341215,1892340882,1892341223,0,0,0,0,0,0,0,0,4096,256,131072,4,15|4,0,67108864,262144,256,0,0,0,0,100,0,88,0,25,22,0,1,100,0|144,1937453802,4,5798784,0,0,0,0,0,6158122,0,22,0,322536737,0,322536737,0,2080,315635647,0,9776090,0,0,0,0,0
1785911642470|1006|stream64_r2f_3|fixed|124,1378943233,16781056,12425224,12252381,140882,0,140882,0,2990,0,1495,0,0,0,11703,11704,9551456,0,4096,0,0,0,1495,0,2227372201,0,2227372209,0,0,0,0,0,0,0,0,0,4096,256,131072,4,15|4,0,67108864,262144,256,0,0,0,0,188,0,176,0,47,44,0,1,188,0|146,2937012093,4,0,0,11534336,0,11534336,0,35362,0,0,44,0,0,0,0,0,0,0,6943887,0,0,0,0,0
1785911642470|1006|stream64_r2f_3|rotating|124,1378943233,33554687,12501595,12327820,12359864,12327820,12359864,12327820,11821,11776,11775,11775,0,0,1504,0,363495068,362777999,4096,4096,0,0,11776,11776,2213555993,2213556014,2213556001,2213556022,0,0,0,0,0,0,0,0,4096,256,131072,4,15|4,0,67108864,262144,256,0,0,0,0,188,0,176,0,47,44,0,1,188,0|146,2259414784,4,11660800,0,0,0,0,0,12379755,0,44,0,643032215,0,643032215,0,2080,634439372,0,12625695,0,0,0,0,0
1785911647479|1006|stream64_r2f_3|fixed|126,1378943233,16781056,18698724,18440020,212124,0,212124,0,4502,0,2251,0,0,0,17617,17617,14381512,0,4096,0,0,0,2251,0,2547734265,0,2547734273,0,0,0,0,0,0,0,0,0,4096,256,131072,4,15|4,0,67108864,262144,256,0,0,0,0,276,0,264,0,69,66,0,1,276,0|148,3256604582,4,0,0,17301504,0,17301504,0,53125,0,0,66,0,0,0,0,0,0,0,6993053,0,0,0,0,0
1785911647479|1006|stream64_r2f_3|rotating|126,1378943233,33554687,18751153,18491879,18538463,18491879,18538463,18491879,17735,17668,17667,17667,0,0,2257,0,545352602,544275021,4096,4096,0,0,17668,17668,2532803419,2532803424,2532803427,2532803432,0,0,0,0,0,0,0,0,4096,256,131072,4,15|4,0,67108864,262144,256,0,0,0,0,276,0,264,0,69,66,0,1,276,0|148,2578008861,4,17451680,0,0,0,0,0,18531167,0,66,0,960178572,0,960178572,0,2080,949876143,0,15477860,0,0,0,0,0
1785911652484|1006|stream64_r2f_3|fixed|128,1378943233,16781056,24974314,24628959,283368,0,283368,0,6014,0,3007,0,0,0,23529,23529,19211544,0,4096,0,0,0,3007,0,2868298598,0,2868298606,0,0,0,0,0,0,0,0,0,4096,256,131072,4,15|4,0,67108864,262144,256,0,0,0,0,364,0,352,0,91,88,0,1,364,0|150,3578470745,4,0,0,23068672,0,23068672,0,71007,0,0,88,0,0,0,0,0,0,0,7036964,0,0,0,0,0
1785911652484|1006|stream64_r2f_3|rotating|128,1378943233,33556599,25066713,24720447,24782308,24720447,24782308,24720447,23707,23617,23617,23617,0,0,3018,0,729010952,727575832,4096,4096,0,0,23618,23618,2855186067,2855186048,2855186051,2855186056,0,0,0,0,0,0,0,0,4096,256,131072,4,15|4,0,67108864,262144,256,0,0,0,0,364,0,352,0,91,88,0,1,364,0|150,2900095430,4,23313696,0,0,0,0,0,24753600,0,88,0,1280799637,0,1280799637,0,2080,1268798174,0,18334746,0,0,0,0,0
1785911657484|1006|stream64_r2f_3|fixed|130,1378943233,16781056,31241099,30809031,354422,0,354422,0,7522,0,3761,0,0,0,29433,29433,24028808,0,4096,0,0,0,3761,0,3187998980,0,3187998988,0,0,0,0,0,0,0,0,0,4096,256,131072,4,15|4,0,67108864,262144,256,0,0,0,0,452,0,440,0,113,110,0,1,452,0|152,3898059856,4,0,0,28835840,0,28835840,0,88746,0,0,110,0,0,0,0,0,0,0,7073453,0,0,0,0,0
1785911657484|1006|stream64_r2f_3|rotating|130,1378943233,33554687,31349292,30915313,30993553,30915313,30993553,30915313,29647,29535,29535,29535,0,0,3775,0,911684021,909872848,4096,4096,0,0,29535,29535,3175959032,3175959373,3175959040,3175959381,0,0,0,0,0,0,0,0,4096,256,131072,4,15|4,0,67108864,262144,256,0,0,0,0,456,0,444,0,114,111,0,1,456,0|152,3221348961,4,29153312,0,0,0,0,0,30957860,0,111,0,1600593264,0,1600593264,0,2080,1586758636,0,21316375,0,0,0,0,0
1785911662498|1006|stream64_r2f_3|fixed|132,1378943233,16781056,37529288,37009016,425756,0,425756,0,9036,0,4518,0,0,0,35355,35355,28865216,0,4096,0,0,0,4518,0,3508985924,0,3508985932,0,0,0,0,0,0,0,0,0,4096,256,131072,4,15|5,0,67108864,262144,256,0,0,0,0,544,0,532,0,136,133,0,1,544,0|154,4219006964,4,0,0,34865152,0,34865152,0,106603,0,0,133,0,0,0,0,0,0,0,7121984,0,0,0,0,0
1785911662498|1006|stream64_r2f_3|rotating|132,1378943233,33558272,37605075,37083170,37178377,37083170,37178377,37083170,35561,35427,35427,35427,0,0,4528,0,1093563160,1091390792,4096,4096,0,0,35427,35427,3495226169,3495226510,3495226177,3495226518,0,0,0,0,0,0,0,0,4096,256,131072,4,15|4,0,67108864,262144,256,0,0,0,0,544,0,532,0,136,133,0,1,544,0|154,3541539561,4,34975808,0,0,0,0,0,37144637,0,133,0,1919328240,0,1919328240,0,2080,1903794087,0,24165267,0,0,0,0,0
1785911667508|1006|stream64_r2f_3|fixed|134,1378943233,16781056,43812045,43203773,497093,0,497093,0,10550,0,5275,0,0,0,41274,41274,33701664,0,4096,0,0,0,5275,0,3829778679,0,3829778687,0,0,0,0,0,0,0,0,0,4096,256,131072,4,15|4,0,67108864,262144,256,0,0,0,0,632,0,620,0,158,155,0,1,632,0|156,245539234,5,0,0,40632320,0,40632320,0,124461,0,0,155,0,0,0,0,0,0,0,7171672,0,0,0,0,0
1785911667508|1006|stream64_r2f_3|rotating|134,1378943233,33558272,43907638,43298295,43409509,43298295,43409509,43298295,41520,41364,41364,41364,0,0,5286,0,1276824952,1274295512,4096,4096,0,0,41364,41364,3816916148,3816916505,3816916164,3816916513,0,0,0,0,0,0,0,0,4096,256,131072,4,15|4,0,67108864,262144,256,0,0,0,0,632,0,620,0,158,155,0,1,632,0|156,3862620829,4,40814112,0,0,0,0,0,43347733,0,155,0,2238949932,0,2238949932,0,2080,2221714217,0,27019590,0,0,0,0,0
1785911672517|1006|stream64_r2f_3|fixed|136,1378943233,16781056,50090530,49393930,568334,0,568334,0,12062,0,6031,0,0,0,47187,47187,38531712,0,4096,0,0,0,6031,0,4150340580,0,4150340588,0,0,0,0,0,0,0,0,0,4096,256,131072,4,15|4,0,67108864,262144,256,0,0,0,0,720,0,708,0,180,177,0,1,720,0|158,565778627,5,0,0,46399488,0,46399488,0,142249,0,0,177,0,0,0,0,0,0,0,7224391,0,0,0,0,0
1785911672517|1006|stream64_r2f_3|rotating|136,1378943233,33558272,50195639,49497867,49626172,49497867,49626172,49497867,47464,47286,47286,47286,0,0,6043,0,1459625352,1456736768,4096,4096,0,0,47286,47286,4137800487,4137800844,4137800503,4137800852,0,0,0,0,0,0,0,0,4096,256,131072,4,15|4,0,67108864,262144,256,0,0,0,0,720,0,708,0,180,177,0,1,720,0|158,4183767372,4,46652416,0,0,0,0,0,49552844,0,177,0,2558636899,0,2558636899,0,2080,2539699471,0,29874064,0,0,0,0,0
1785911677525|1006|stream64_r2f_3|fixed|138,1378943233,16781056,56375110,55590324,639578,0,639578,0,13574,0,6787,0,0,0,53106,53106,43361744,0,4096,0,0,0,6787,0,175940193,0,175940201,0,0,0,0,0,0,0,0,0,4096,256,131072,4,15|4,0,67108864,262144,256,0,0,0,0,808,0,796,0,202,199,0,1,808,0|160,885941180,5,0,0,52166656,0,52166656,0,160035,0,0,199,0,0,0,0,0,0,0,7271101,0,0,0,0,0
1785911677525|1006|stream64_r2f_3|rotating|138,1378943233,33554687,56443372,55657802,55803042,55657802,55803042,55657802,53371,53171,53170,53170,0,0,6795,0,1641262811,1638015264,4096,4096,0,0,53171,53171,161711227,161711232,161711235,161711200,0,0,0,0,0,0,0,0,4096,256,131072,4,15|4,0,67108864,262144,256,0,0,0,0,808,0,796,0,203,200,0,1,812,0|160,206794878,5,52436704,0,0,0,0,0,55693017,0,200,0,2875185629,0,2875185629,0,2080,2854395127,0,32863723,0,0,0,0,0
1785911682535|1006|stream64_r2f_3|fixed|140,1378943233,16781056,62652535,61780938,710818,0,710818,0,15086,0,7543,0,0,0,59020,59020,48191760,0,4096,0,0,0,7543,0,496505681,0,496505689,0,0,0,0,0,0,0,0,0,4096,256,131072,4,15|5,0,67108864,262144,256,0,0,0,0,900,0,888,0,225,222,0,1,900,0|162,1206272510,5,0,0,58195968,0,58195968,0,177845,0,0,222,0,0,0,0,0,0,0,7323000,0,0,0,0,0
1785911682535|1006|stream64_r2f_3|rotating|140,1378943233,33554687,62723956,61850994,62012290,61850994,62012290,61850994,59311,59088,59087,59087,0,0,7552,0,1823907225,1820284784,4096,4096,0,0,59088,59088,482452226,482452239,482452234,482452231,0,0,0,0,0,0,0,0,4096,256,131072,4,15|4,0,67108864,262144,256,0,0,0,0,900,0,888,0,225,222,0,1,900,0|162,527624569,5,58275008,0,0,0,0,0,61890716,0,222,0,3194555744,0,3194555744,0,2080,3172061615,0,35720111,0,0,0,0,0
1785911687546|1006|stream64_r2f_3|fixed|142,1378943233,16781056,68931622,67974592,782059,0,782059,0,16598,0,8299,0,0,0,64935,64935,53021800,0,4096,0,0,0,8299,0,816872653,0,816872661,0,0,0,0,0,0,0,0,0,4096,256,131072,4,15|4,0,67108864,262144,256,0,0,0,0,988,0,976,0,247,244,0,1,988,0|164,1526872464,5,0,0,63963136,0,63963136,0,195656,0,0,244,0,0,0,0,0,0,0,7372596,0,0,0,0,0
1785911687546|1006|stream64_r2f_3|rotating|142,1378943233,33554687,69004328,68046407,68221419,68046407,68221419,68046407,65250,65005,65004,65004,0,0,8308,0,2006550440,2002569533,4096,4096,0,0,65005,65005,803070135,803070108,803070119,803070116,0,0,0,0,0,0,0,0,4096,256,131072,4,15|4,0,67108864,262144,256,0,0,0,0,988,0,976,0,247,244,0,1,988,0|164,848939735,5,64113312,0,0,0,0,0,68098862,0,244,0,3514411334,0,3514411334,0,2080,3490211875,0,38578202,0,0,0,0,0
1785911696050|1007|stream_lane2_unavailable|fixed|146,1378943233,16778427,5990608,5938341,5939454,5938341,5939454,5938341,5677,5660,5660,5659,0,0,542,0,174725427,174697534,4096,4096,0,0,5661,5660,1361798348,1361798369,1361798364,1361798377,0,0,0,0,0,0,0,0,4096,256,131072,4,15|4,0,67108864,262144,256,0,0,0,0,76,0,64,0,19,16,0,1,76,0|172,2071660194,5,4232832,0,0,0,0,0,4488455,0,16,0,320850908,0,320850908,0,2080,314421703,0,8995510,0,0,0,0,0
1785911696050|1007|stream_lane2_unavailable|rotating|146,1378943233,33558272,6075933,6023787,52006,0,52006,0,1102,0,551,0,0,0,5740,5740,3520312,0,4096,0,0,0,551,0,1348380156,0,1348380164,0,0,0,0,0,0,0,0,0,4096,256,131072,4,15|4,0,67108864,262144,256,0,0,0,0,76,0,64,0,19,16,0,1,76,0|172,1393685287,5,0,0,4194304,0,4194304,0,13072,0,0,16,0,0,0,0,0,0,0,6879144,0,0,0,0,0
1785911701061|1007|stream_lane2_unavailable|fixed|148,1378943233,16778905,12104442,12001103,12000807,12001103,12000807,12001103,11470,11437,11436,11436,0,0,1098,0,353006418,353005416,4096,4096,0,0,11437,11436,1682465980,1682452687,1682465988,1682452695,0,0,0,0,0,0,0,0,4096,256,131072,4,15|4,0,67108864,262144,256,0,0,0,0,140,0,128,0,35,32,0,1,140,0|174,2392268464,5,8507168,0,0,0,0,0,9033690,0,32,0,640390594,0,640390594,0,2080,632734182,0,11067199,0,0,0,0,0
1785911701061|1007|stream_lane2_unavailable|rotating|148,1378943233,33558272,12170155,12066237,104108,0,104108,0,2206,0,1103,0,0,0,11498,11498,7047000,0,4096,0,0,0,1103,0,1667444699,0,1667444707,0,0,0,0,0,0,0,0,0,4096,256,131072,4,15|4,0,67108864,262144,256,0,0,0,0,140,0,128,0,35,32,0,1,140,0|174,1713083632,5,0,0,8388608,0,8388608,0,26121,0,0,32,0,0,0,0,0,0,0,6911533,0,0,0,0,0
1785911706064|1007|stream_lane2_unavailable|fixed|150,1378943233,16778427,18250287,18093892,18094079,18093892,18094079,18093892,17293,17243,17242,17241,0,0,1655,0,532232104,532204456,4096,4096,0,0,17243,17242,2004641923,2004641903,2004641899,2004641911,0,0,0,0,0,0,0,0,4096,256,131072,4,15|4,0,67108864,262144,256,0,0,0,0,204,0,192,0,51,48,0,1,204,0|176,2714555452,5,12812128,0,0,0,0,0,13602111,0,48,0,961601342,0,961601342,0,2080,952725004,0,13138147,0,0,0,0,0
1785911706064|1007|stream_lane2_unavailable|rotating|150,1378943233,33558272,18350541,18193025,157051,0,157051,0,3328,0,1664,0,0,0,17337,17336,10631184,0,4096,0,0,0,1664,0,1991804981,0,1991804989,0,0,0,0,0,0,0,0,0,4096,256,131072,4,15|4,0,67108864,262144,256,0,0,0,0,208,0,196,0,52,49,0,1,208,0|176,2039284702,5,0,0,12845056,0,12845056,0,39428,0,0,49,0,0,0,0,0,0,0,6942073,0,0,0,0,0
1785911711073|1007|stream_lane2_unavailable|fixed|152,1378943233,16778427,24322295,24115267,24114088,24115267,24114088,24115267,23050,22985,22983,22983,0,0,2206,0,709456581,709454787,4096,4096,0,0,22984,22984,2323291695,2323291689,2323291703,2323291697,0,0,0,0,0,0,0,0,4096,256,131072,4,15|4,0,67108864,262144,256,0,0,0,0,272,0,260,0,68,65,0,1,272,0|178,3033980730,5,17070976,0,0,0,0,0,18124354,0,65,0,1279961908,0,1279961908,0,2080,1269720615,0,15339645,0,0,0,0,0
1785911711073|1007|stream_lane2_unavailable|rotating|152,1378943233,33558272,24406795,24198594,208964,0,208964,0,4428,0,2214,0,0,0,23063,23063,14145104,0,4096,0,0,0,2214,0,2309339877,0,2309339885,0,0,0,0,0,0,0,0,0,4096,256,131072,4,15|4,0,67108864,262144,256,0,0,0,0,272,0,260,0,68,65,0,1,272,0|178,2355107232,5,0,0,17039360,0,17039360,0,52335,0,0,65,0,0,0,0,0,0,0,6974170,0,0,0,0,0
1785911716083|1007|stream_lane2_unavailable|fixed|154,1378943233,16780339,30434800,30175303,30174209,30175303,30174209,30175303,28842,28761,28759,28759,0,0,2761,0,887731817,887728272,4096,4096,0,0,28759,28759,2643889009,2643889562,2643889017,2643889570,0,0,0,0,0,0,0,0,4096,256,131072,4,15|4,0,67108864,262144,256,0,0,0,0,336,0,324,0,84,81,0,1,336,0|180,3354501126,5,21344320,0,0,0,0,0,22667208,0,81,0,1599413968,0,1599413968,0,2080,1587947091,0,17409463,0,0,0,0,0
1785911716083|1007|stream_lane2_unavailable|rotating|154,1378943233,33558272,30515227,30255134,261349,0,261349,0,5538,0,2769,0,0,0,28835,28835,17690976,0,4096,0,0,0,2769,0,2630165238,0,2630165246,0,0,0,0,0,0,0,0,0,4096,256,131072,4,15|4,0,67108864,262144,256,0,0,0,0,336,0,324,0,84,81,0,1,336,0|180,2676536902,5,0,0,21233664,0,21233664,0,65455,0,0,81,0,0,0,0,0,0,0,7006203,0,0,0,0,0
1785911721095|1007|stream_lane2_unavailable|fixed|156,1378943233,16778427,36550956,36239892,36237979,36239892,36237979,36239892,34636,34540,34536,34536,0,0,3316,0,1066078009,1066075177,4096,4096,0,0,34537,34537,2964545262,2964545278,2964545270,2964545286,0,0,0,0,0,0,0,0,4096,256,131072,4,15|4,0,67108864,262144,256,0,0,0,0,400,0,388,0,100,97,0,1,400,0|182,3674191920,5,25609760,0,0,0,0,0,27199415,0,97,0,1918038402,0,1918038402,0,2080,1905344177,0,19479348,0,0,0,0,0
1785911721095|1007|stream_lane2_unavailable|rotating|156,1378943233,33558272,36624335,36312583,313636,0,313636,0,6646,0,3323,0,0,0,34606,34606,21230416,0,4096,0,0,0,3323,0,2950404510,0,2950404518,0,0,0,0,0,0,0,0,0,4096,256,131072,4,15|4,0,67108864,262144,256,0,0,0,0,400,0,388,0,100,97,0,1,400,0|182,2995542524,5,0,0,25427968,0,25427968,0,78479,0,0,97,0,0,0,0,0,0,0,7040040,0,0,0,0,0
1785911726102|1007|stream_lane2_unavailable|fixed|158,1378943233,16778427,42667701,42302368,42302347,42302368,42302347,42302368,40431,40318,40315,40314,0,0,3871,0,1244452927,1244421280,4096,4096,0,0,40316,40315,3285198922,3285198966,3285198930,3285198942,0,0,0,0,0,0,0,0,4096,256,131072,4,15|4,0,67108864,262144,256,0,0,0,0,468,0,456,0,117,114,0,1,468,0|184,3995720271,5,29900224,0,0,0,0,0,31754786,0,114,0,2238494137,0,2238494137,0,2080,2224444724,0,21677867,0,0,0,0,0
1785911726102|1007|stream_lane2_unavailable|rotating|158,1378943233,33558272,42763894,42398748,366205,0,366205,0,7760,0,3880,0,0,0,40406,40406,24789080,0,4096,0,0,0,3880,0,3272056368,0,3272056376,0,0,0,0,0,0,0,0,0,4096,256,131072,4,15|4,0,67108864,262144,256,0,0,0,0,468,0,456,0,117,114,0,1,468,0|184,3317932235,5,0,0,29884416,0,29884416,0,91645,0,0,114,0,0,0,0,0,0,0,7073395,0,0,0,0,0
1785911731102|1007|stream_lane2_unavailable|fixed|160,1378943233,16778905,48767557,48349296,48349913,48349296,48349913,48349296,46209,46079,46077,46076,0,0,4425,0,1422302996,1422269432,4096,4096,0,0,46077,46076,3605054293,3605048977,3605054301,3605048985,0,0,0,0,0,0,0,0,4096,256,131072,4,15|4,0,67108864,262144,256,0,0,0,0,532,0,520,0,133,130,0,1,532,0|186,21024226,6,34173568,0,0,0,0,0,36295382,0,130,0,2557697052,0,2557697052,0,2080,2542420977,0,23748763,0,0,0,0,0
1785911731102|1007|stream_lane2_unavailable|rotating|160,1378943233,33558272,48877393,48458977,418590,0,418590,0,8870,0,4435,0,0,0,46180,46180,28334952,0,4096,0,0,0,4435,0,3592882791,0,3592882799,0,0,0,0,0,0,0,0,0,4096,256,131072,4,15|4,0,67108864,262144,256,0,0,0,0,532,0,520,0,133,130,0,1,532,0|186,3637816734,5,0,0,34078720,0,34078720,0,104694,0,0,130,0,0,0,0,0,0,0,7100541,0,0,0,0,0
1785911736111|1007|stream_lane2_unavailable|fixed|162,1378943233,16778427,54880691,54411940,54410757,54411940,54410757,54411940,52001,51856,51852,51852,0,0,4979,0,1600589826,1600582686,4096,4096,0,0,51853,51853,3925604129,3925604149,3925604137,3925604157,0,0,0,0,0,0,0,0,4096,256,131072,4,15|4,0,67108864,262144,256,0,0,0,0,596,0,584,0,149,146,0,1,596,0|188,340329973,6,38439008,0,0,0,0,0,40821050,0,146,0,2875936439,0,2875936439,0,2080,2859434372,0,25817292,0,0,0,0,0
1785911736111|1007|stream_lane2_unavailable|rotating|162,1378943233,33558272,54952961,54483666,470596,0,470596,0,9972,0,4986,0,0,0,51921,51921,31855256,0,4096,0,0,0,4986,0,3911358041,0,3911358049,0,0,0,0,0,0,0,0,0,4096,256,131072,4,15|4,0,67108864,262144,256,0,0,0,0,596,0,584,0,149,146,0,1,596,0|188,3956345534,5,0,0,38273024,0,38273024,0,117719,0,0,146,0,0,0,0,0,0,0,7131323,0,0,0,0,0
1785911741124|1007|stream_lane2_unavailable|fixed|164,1378943233,16778427,61002134,60479433,60479819,60479433,60479819,60479433,57800,57638,57635,57634,0,0,5534,0,1779085901,1779055129,4096,4096,0,0,57636,57635,4246472908,4246472904,4246472916,4246472912,0,0,0,0,0,0,0,0,4096,256,131072,4,15|4,0,67108864,262144,256,0,0,0,0,660,0,648,0,165,162,0,1,660,0|190,661279156,6,42720256,0,0,0,0,0,45370792,0,162,0,3195815310,0,3195815310,0,2080,3178090293,0,27886173,0,0,0,0,0
1785911741124|1007|stream_lane2_unavailable|rotating|164,1378943233,33558272,61072756,60550207,523067,0,523067,0,11084,0,5542,0,0,0,57702,57702,35407512,0,4096,0,0,0,5542,0,4232289545,0,4232289553,0,0,0,0,0,0,0,0,0,4096,256,131072,4,15|4,0,67108864,262144,256,0,0,0,0,664,0,652,0,166,163,0,1,664,0|190,4277304553,5,0,0,42729472,0,42729472,0,130814,0,0,163,0,0,0,0,0,0,0,7166329,0,0,0,0,0
1785911746140|1007|stream_lane2_unavailable|fixed|166,1378943233,16778905,67129894,66554621,66555009,66554621,66555009,66554621,63605,63426,63424,63423,0,0,6091,0,1957769322,1957736552,4096,4096,0,0,63424,63423,272855507,272850159,272855515,272850167,0,0,0,0,0,0,0,0,4096,256,131072,4,15|4,0,67108864,262144,256,0,0,0,0,728,0,716,0,182,179,0,1,728,0|192,983105935,6,47010720,0,0,0,0,0,49931007,0,179,0,3516569473,0,3516569473,0,2068,3497488449,0,30085511,0,0,0,0,0
1785911746140|1007|stream_lane2_unavailable|rotating|166,1378943233,33558272,67209249,66634276,575548,0,575548,0,12196,0,6098,0,0,0,63499,63499,38959784,0,4096,0,0,0,6098,0,258867838,0,258867846,0,0,0,0,0,0,0,0,0,4096,256,131072,4,15|4,0,67108864,262144,256,0,0,0,0,728,0,716,0,182,179,0,1,728,0|192,304265509,6,0,0,46923776,0,46923776,0,143957,0,0,179,0,0,0,0,0,0,0,7194475,0,0,0,0,0
1785911751142|1007|stream_lane2_unavailable|fixed|168,1378943233,16778427,73230358,72602026,72603277,72602026,72603277,72602026,69385,69190,69187,69186,0,0,6644,0,2135678880,2135649368,4096,4096,0,0,69188,69187,592707415,592707419,592707391,592707379,0,0,0,0,0,0,0,0,4096,256,131072,4,15|4,0,67108864,262144,256,0,0,0,0,792,0,780,0,198,195,0,1,792,0|194,1304143354,6,51295892,0,0,0,0,0,54481062,0,195,0,3836535599,0,3836535599,0,2080,3816233121,0,32153598,0,0,0,0,0
1785911751142|1007|stream_lane2_unavailable|rotating|168,1378943233,33558272,73344996,72716597,628024,0,628024,0,13308,0,6654,0,0,0,69296,69296,42511992,0,4096,0,0,0,6654,0,580281840,0,580281848,0,0,0,0,0,0,0,0,0,4096,256,131072,4,15|4,0,67108864,262144,256,0,0,0,0,792,0,780,0,198,195,0,1,792,0|194,627240899,6,0,0,51118080,0,51118080,0,157146,0,0,195,0,0,0,0,0,0,0,7229423,0,0,0,0,0
1785911756142|1007|stream_lane2_unavailable|fixed|170,1378943233,16780578,79255143,78572064,78576245,78572064,78576245,78572064,75098,74887,74885,74883,0,0,7193,0,2311548384,2311484819,4096,4096,0,0,74885,74884,912844114,912858624,912844122,912858632,0,0,0,0,0,0,0,0,4096,256,131072,4,15|4,0,67108864,262144,256,0,0,0,0,856,0,844,0,214,211,0,1,856,0|196,1623765486,6,55509984,0,0,0,0,0,58950065,0,211,0,4155104208,0,4155104208,0,2080,4133564521,0,34222459,0,0,0,0,0
1785911756142|1007|stream_lane2_unavailable|rotating|170,1378943233,33558272,79372521,78689419,679932,0,679932,0,14407,0,7204,0,0,0,74996,74993,46025888,0,4096,0,0,0,7204,0,900994799,0,900994807,0,0,0,0,0,0,0,0,0,4096,256,131072,4,15|4,0,67108864,262144,256,0,0,0,0,860,0,848,0,215,212,0,1,860,0|196,947790956,6,0,0,55574528,0,55574528,0,170124,0,0,212,0,0,0,0,0,0,0,7267469,0,0,0,0,0
1785911761162|1007|stream_lane2_unavailable|fixed|172,1378943233,16778427,85374759,84639275,84643389,84639275,84643389,84639275,80901,80673,80671,80669,0,0,7749,0,2490161728,2490102032,4096,4096,0,0,80672,80670,1233967241,1233967245,1233967233,1233967237,0,0,0,0,0,0,0,0,4096,256,131072,4,15|4,0,67108864,262144,256,0,0,0,0,920,0,908,0,231,228,0,1,924,0|198,1943752590,6,59776736,0,0,0,0,0,63479864,0,228,0,179057328,1,179057328,1,2080,156161037,1,36417303,0,0,0,0,0
1785911761162|1007|stream_lane2_unavailable|rotating|172,1378943233,33558272,85446248,84710004,732031,0,732031,0,15511,0,7756,0,0,0,80739,80735,49552600,0,4096,0,0,0,7756,0,1219699539,0,1219699547,0,0,0,0,0,0,0,0,0,4096,256,131072,4,15|4,0,67108864,262144,256,0,0,0,0,924,0,912,0,231,228,0,1,924,0|198,1265815220,6,0,0,59768832,0,59768832,0,183102,0,0,228,0,0,0,0,0,0,0,7299486,0,0,0,0,0
1785911766182|1007|stream_lane2_unavailable|fixed|174,1378943233,16779144,91495414,90708178,90711566,90708178,90711566,90708178,86706,86461,86459,86458,0,0,8305,0,2668813760,2668780504,4096,4096,0,0,86459,86458,1555263388,1555263940,1555263396,1555263956,0,0,0,0,0,0,0,0,4096,256,131072,4,15|4,0,67108864,262144,256,0,0,0,0,988,0,976,0,247,244,0,1,988,0|200,2264922362,6,64057984,0,0,0,0,0,68028425,0,244,0,499156788,1,499156788,1,2080,475036399,1,38487332,0,0,0,0,0
1785911766182|1007|stream_lane2_unavailable|rotating|174,1378943233,33558272,91567875,90779244,784512,0,784512,0,16623,0,8312,0,0,0,86527,86523,53104872,0,4096,0,0,0,8312,0,1541115485,0,1541115493,0,0,0,0,0,0,0,0,0,4096,256,131072,4,15|4,0,67108864,262144,256,0,0,0,0,988,0,976,0,247,244,0,1,988,0|200,1586022520,6,0,0,63963136,0,63963136,0,196175,0,0,244,0,0,0,0,0,0,0,7330093,0,0,0,0,0
1785911775538|1008|stream_clean_after_lane2|fixed|178,1378943233,16777471,6144943,6060220,6075191,6060220,6075191,6060220,5812,5790,5789,5789,0,0,739,0,178701955,178357046,4096,4096,0,0,5790,5790,2154090827,2154090824,2154090835,2154090832,0,0,0,0,0,0,0,0,4096,256,131072,4,15|4,0,67108864,262144,256,0,0,0,0,96,0,84,0,24,21,0,1,96,0|208,2863797042,6,5757952,0,0,0,0,0,6110279,0,21,0,319931890,0,319931890,0,2080,313172949,0,9629851,0,0,0,0,0
1785911775538|1008|stream_clean_after_lane2|rotating|178,1378943233,33558272,6218269,6131981,70598,0,70598,0,1496,0,748,0,0,0,5858,5858,4778928,0,4096,0,0,0,748,0,2139557046,0,2139557054,0,0,0,0,0,0,0,0,0,4096,256,131072,4,15|4,0,67108864,262144,256,0,0,0,0,100,0,88,0,25,22,0,1,100,0|208,2185122287,6,0,0,5767168,0,5767168,0,17768,0,0,22,0,0,0,0,0,0,0,6902972,0,0,0,0,0
1785911780545|1008|stream_clean_after_lane2|fixed|180,1378943233,16777471,12424745,12252613,12283549,12252613,12283549,12252613,11750,11705,11704,11704,0,0,1496,0,361288528,360567965,4096,4096,0,0,11705,11705,2474736197,2474736154,2474736181,2474736162,0,0,0,0,0,0,0,0,4096,256,131072,4,15|4,0,67108864,262144,256,0,0,0,0,188,0,176,0,47,44,0,1,188,0|210,3184431850,6,11584980,0,0,0,0,0,12302575,0,44,0,639109941,0,639109941,0,2080,630503214,0,12623233,0,0,0,0,0
1785911780545|1008|stream_clean_after_lane2|rotating|180,1378943233,33558033,12492352,12319426,141953,0,141953,0,3008,0,1504,0,0,0,11768,11768,9607836,0,4096,0,0,0,1504,0,2460254746,0,2460254754,0,0,0,0,0,0,0,0,0,4096,256,131072,4,15|4,0,67108864,262144,256,0,0,0,0,188,0,176,0,47,44,0,1,188,0|210,2505356321,6,0,0,11534336,0,11534336,0,35583,0,0,44,0,0,0,0,0,0,0,6946595,0,0,0,0,0
1785911785553|1008|stream_clean_after_lane2|fixed|182,1378943233,16777471,18698480,18438215,18486024,18438215,18486024,18438215,17685,17618,17616,17616,0,0,2251,0,543790745,542710460,4096,4096,0,0,17617,17617,2795121261,2795121274,2795121269,2795121282,0,0,0,0,0,0,0,0,4096,256,131072,4,15|4,0,67108864,262144,256,0,0,0,0,276,0,264,0,69,66,0,1,276,0|212,3504799582,6,17412160,0,0,0,0,0,18487861,0,66,0,958020878,0,958020878,0,2080,947686487,0,15501435,0,0,0,0,0
1785911785553|1008|stream_clean_after_lane2|rotating|182,1378943233,33558272,18773263,18512139,213308,0,213308,0,4520,0,2260,0,0,0,17687,17687,14439016,0,4096,0,0,0,2260,0,2780840575,0,2780840583,0,0,0,0,0,0,0,0,0,4096,256,131072,4,15|4,0,67108864,262144,256,0,0,0,0,276,0,264,0,69,66,0,1,276,0|212,2826138864,6,0,0,17301504,0,17301504,0,53421,0,0,66,0,0,0,0,0,0,0,6986259,0,0,0,0,0
1785911790554|1008|stream_clean_after_lane2|fixed|184,1378943233,16781056,24970253,24623917,24686535,24623917,24686535,24623917,23615,23526,23525,23525,0,0,3006,0,726170528,724732048,4096,4096,0,0,23525,23525,3115284240,3115284589,3115284248,3115284597,0,0,0,0,0,0,0,0,4096,256,131072,4,15|4,0,67108864,262144,256,0,0,0,0,364,0,352,0,91,88,0,1,364,0|214,3824811961,6,23234656,0,0,0,0,0,24669704,0,88,0,1276577633,0,1276577633,0,2080,1264517748,0,18376296,0,0,0,0,0
1785911790554|1008|stream_clean_after_lane2|rotating|184,1378943233,33558272,25050922,24703710,284661,0,284661,0,6032,0,3016,0,0,0,23601,23601,19269024,0,4096,0,0,0,3016,0,3101423038,0,3101423046,0,0,0,0,0,0,0,0,0,4096,256,131072,4,15|4,0,67108864,262144,256,0,0,0,0,364,0,352,0,91,88,0,1,364,0|214,3147097134,6,0,0,23068672,0,23068672,0,71282,0,0,88,0,0,0,0,0,0,0,7033398,0,0,0,0,0
1785911795561|1008|stream_clean_after_lane2|fixed|186,1378943233,16777471,31248583,30815888,30893511,30815888,30893511,30815888,29552,29442,29439,29439,0,0,3762,0,908735633,906938124,4096,4096,0,0,29440,29440,3435796744,3435796725,3435796752,3435796733,0,0,0,0,0,0,0,0,4096,256,131072,4,15|4,0,67108864,262144,256,0,0,0,0,452,0,440,0,113,110,0,1,452,0|216,4145346633,6,29065056,0,0,0,0,0,30862175,0,110,0,1595654705,0,1595654705,0,2080,1581866874,0,21255306,0,0,0,0,0
1785911795561|1008|stream_clean_after_lane2|rotating|186,1378943233,33558272,31327639,30894081,355915,0,355915,0,7542,0,3771,0,0,0,29514,29514,24092680,0,4096,0,0,0,3771,0,3421579909,0,3421579917,0,0,0,0,0,0,0,0,0,4096,256,131072,4,15|4,0,67108864,262144,256,0,0,0,0,456,0,444,0,114,111,0,1,456,0|216,3467658673,6,0,0,29097984,0,29097984,0,89144,0,0,111,0,0,0,0,0,0,0,7079381,0,0,0,0,0
1785911800571|1008|stream_clean_after_lane2|fixed|188,1378943233,16777471,37528222,37008576,37101803,37008576,37101803,37008576,35489,35357,35354,35354,0,0,4518,0,1091311232,1089155537,4096,4096,0,0,35355,35355,3756311605,3756311594,3756311597,3756311602,0,0,0,0,0,0,0,0,4096,256,131072,4,15|4,0,67108864,262144,256,0,0,0,0,544,0,532,0,136,133,0,1,544,0|218,171070392,7,34888864,0,0,0,0,0,37054930,0,133,0,1914889808,0,1914889808,0,2080,1899246032,0,24256321,0,0,0,0,0
1785911800571|1008|stream_clean_after_lane2|rotating|188,1378943233,33558272,37601378,37080337,427271,0,427271,0,9054,0,4527,0,0,0,35423,35423,28922736,0,4096,0,0,0,4527,0,3741961411,0,3741961419,0,0,0,0,0,0,0,0,0,4096,256,131072,4,15|4,0,67108864,262144,256,0,0,0,0,544,0,532,0,136,133,0,1,544,0|218,3788827347,6,0,0,34865152,0,34865152,0,107007,0,0,133,0,0,0,0,0,0,0,7124099,0,0,0,0,0
1785911805583|1008|stream_clean_after_lane2|fixed|190,1378943233,16777471,43812088,43204040,43314219,43204040,43314219,43204040,41431,41276,41273,41273,0,0,5275,0,1274040780,1271508767,4096,4096,0,0,41274,41274,4077205861,4077205882,4077205869,4077205890,0,0,0,0,0,0,0,0,4096,256,131072,4,15|4,0,67108864,262144,256,0,0,0,0,632,0,620,0,158,155,0,1,632,0|220,494577635,7,40774592,0,0,0,0,0,43305459,0,155,0,2236925619,0,2236925619,0,2080,2219572495,0,27128612,0,0,0,0,0
1785911805583|1008|stream_clean_after_lane2|rotating|190,1378943233,33558272,43931133,43321672,499193,0,499193,0,10578,0,5289,0,0,0,41386,41386,33791136,0,4096,0,0,0,5289,0,4065119919,0,4065119927,0,0,0,0,0,0,0,0,0,4096,256,131072,4,15|4,0,67108864,262144,256,0,0,0,0,632,0,620,0,158,155,0,1,632,0|220,4110945067,6,0,0,40632320,0,40632320,0,124939,0,0,155,0,0,0,0,0,0,0,7172857,0,0,0,0,0
1785911810599|1008|stream_clean_after_lane2|fixed|192,1378943233,16777471,50097937,49403650,49528618,49403650,49528618,49403650,47375,47198,47195,47195,0,0,6032,0,1456816092,1453925511,4096,4096,0,0,47196,47196,103120018,103120031,103120026,103120039,0,0,0,0,0,0,0,0,4096,256,131072,4,15|4,0,67108864,262144,256,0,0,0,0,720,0,708,0,180,177,0,1,720,0|222,812739664,7,46557568,0,0,0,0,0,49451719,0,177,0,2553641904,0,2553641904,0,2080,2534545592,0,30012682,0,0,0,0,0
1785911810599|1008|stream_clean_after_lane2|rotating|192,1378943233,33558272,50174156,49478920,570169,0,570169,0,12082,0,6041,0,0,0,47266,47266,38595584,0,4096,0,0,0,6041,0,89025231,0,89025239,0,0,0,0,0,0,0,0,0,4096,256,131072,4,15|4,0,67108864,262144,256,0,0,0,0,720,0,708,0,180,177,0,1,720,0|222,134043358,7,0,0,46399488,0,46399488,0,142635,0,0,177,0,0,0,0,0,0,0,7221895,0,0,0,0,0
1785911815612|1008|stream_clean_after_lane2|fixed|194,1378943233,16777471,56383825,55602231,55743152,55602231,55743152,55602231,53317,53118,53115,53115,0,0,6788,0,1639571884,1636322048,4096,4096,0,0,53116,53116,423941610,423941631,423941618,423941599,0,0,0,0,0,0,0,0,4096,256,131072,4,15|4,0,67108864,262144,256,0,0,0,0,808,0,796,0,202,199,0,1,808,0|224,1133731836,7,52395872,0,0,0,0,0,55653374,0,199,0,2873174500,0,2873174500,0,2080,2852353591,0,32890040,0,0,0,0,0
1785911815612|1008|stream_clean_after_lane2|rotating|194,1378943233,33558272,56458653,55676240,641516,0,641516,0,13594,0,6797,0,0,0,53186,53186,43425616,0,4096,0,0,0,6797,0,409610227,0,409610235,0,0,0,0,0,0,0,0,0,4096,256,131072,4,15|5,0,67108864,262144,256,0,0,0,0,812,0,800,0,203,200,0,1,812,0|224,455034475,7,0,0,52428800,0,52428800,0,160497,0,0,200,0,0,0,0,0,0,0,7275325,0,0,0,0,0
1785911820613|1008|stream_clean_after_lane2|fixed|196,1378943233,16781056,62658086,61790358,61946066,61790358,61946066,61790358,59250,59029,59027,59027,0,0,7544,0,1822047200,1818437624,4096,4096,0,0,59027,59027,744267432,744267749,744267440,744267757,0,0,0,0,0,0,0,0,4096,256,131072,4,15|4,0,67108864,262144,256,0,0,0,0,900,0,888,0,225,222,0,1,900,0|226,1453744556,7,58216672,0,0,0,0,0,61831617,0,222,0,3191732020,0,3191732020,0,2080,3169050362,0,35895107,0,0,0,0,0
1785911820613|1008|stream_clean_after_lane2|rotating|196,1378943233,33558272,62721825,61852797,712777,0,712777,0,15104,0,7552,0,0,0,59087,59087,48249272,0,4096,0,0,0,7552,0,729566013,0,729566021,0,0,0,0,0,0,0,0,0,4096,256,131072,4,15|4,0,67108864,262144,256,0,0,0,0,900,0,888,0,225,222,0,1,900,0|226,774829954,7,0,0,58195968,0,58195968,0,178288,0,0,222,0,0,0,0,0,0,0,7323145,0,0,0,0,0
1785911825619|1008|stream_clean_after_lane2|fixed|198,1378943233,16777471,68928530,67973422,68145250,67973422,68145250,67973422,65180,64936,64933,64933,0,0,8299,0,2004356683,2000371142,4096,4096,0,0,64934,64934,1064464741,1064464754,1064464749,1064464762,0,0,0,0,0,0,0,0,4096,256,131072,4,15|4,0,67108864,262144,256,0,0,0,0,988,0,976,0,247,244,0,1,988,0|228,1776065923,7,64081696,0,0,0,0,0,68059272,0,244,0,3512587131,0,3512587131,0,2080,3488185798,0,38773386,0,0,0,0,0
1785911825619|1008|stream_clean_after_lane2|rotating|198,1378943233,33558272,69044866,68088432,784605,0,784605,0,16626,0,8313,0,0,0,65042,65042,53111288,0,4096,0,0,0,8313,0,1052300762,0,1052300770,0,0,0,0,0,0,0,0,0,4096,256,131072,4,15|4,0,67108864,262144,256,0,0,0,0,988,0,976,0,247,244,0,1,988,0|228,1098269062,7,0,0,63963136,0,63963136,0,196293,0,0,244,0,0,0,0,0,0,0,7360916,0,0,0,0,0
1785911834037|1009|stream_lane3_unavailable|fixed|202,1378943233,16781056,5990520,5938393,51076,0,51076,0,1084,0,542,0,0,0,5660,5659,3462792,0,4096,0,0,0,542,0,1602771668,0,1602771676,0,0,0,0,0,0,0,0,0,4096,256,131072,4,15|4,0,67108864,262144,256,0,0,0,0,76,0,64,0,19,16,0,1,76,0|236,2312943946,7,0,0,4194304,0,4194304,0,12886,0,0,16,0,0,0,0,0,0,0,6888909,0,0,0,0,0
1785911834037|1009|stream_lane3_unavailable|rotating|202,1378943233,33558272,6062287,6009361,6010550,6009361,6010550,6009361,5747,5727,5728,5727,0,0,549,0,176811864,176781848,4096,4096,0,0,5728,5727,1589163745,1589158414,1589163753,1589158422,0,0,0,0,0,0,0,0,4096,256,131072,4,15|4,0,67108864,262144,256,0,0,0,0,76,0,64,0,19,16,0,1,76,0|236,1634957673,7,4281248,0,0,0,0,0,4541605,0,16,0,324553898,0,324553898,0,2080,318128597,0,9002032,0,0,0,0,0
1785911839045|1009|stream_lane3_unavailable|fixed|204,1378943233,16781056,12105942,12000418,103472,0,103472,0,2196,0,1098,0,0,0,11436,11436,7015088,0,4096,0,0,0,1098,0,1923843873,0,1923843881,0,0,0,0,0,0,0,0,0,4096,256,131072,4,15|4,0,67108864,262144,256,0,0,0,0,140,0,128,0,35,32,0,1,140,0|238,2633738649,7,0,0,8388608,0,8388608,0,25962,0,0,32,0,0,0,0,0,0,0,6922402,0,0,0,0,0
1785911839045|1009|stream_lane3_unavailable|rotating|204,1378943233,33557794,12187447,12080361,12083315,12080361,12083315,12080361,11548,11513,11513,11512,0,0,1105,0,355382608,355354296,4096,4096,0,0,11513,11513,1910213058,1910226872,1910213066,1910226848,0,0,0,0,0,0,0,0,4096,256,131072,4,15|4,0,67108864,262144,256,0,0,0,0,140,0,128,0,35,32,0,1,140,0|238,1955674997,7,8562496,0,0,0,0,0,9087926,0,32,0,644200910,0,644200910,0,2080,636542029,0,11081543,0,0,0,0,0
1785911844054|1009|stream_lane3_unavailable|fixed|206,1378943233,16781056,18219058,18059997,155680,0,155680,0,3304,0,1652,0,0,0,17210,17210,10554544,0,4096,0,0,0,1652,0,2244091006,0,2244091022,0,0,0,0,0,0,0,0,0,4096,256,131072,4,15|4,0,67108864,262144,256,0,0,0,0,204,0,192,0,51,48,0,1,204,0|240,2954079297,7,0,0,12582912,0,12582912,0,39014,0,0,48,0,0,0,0,0,0,0,6959775,0,0,0,0,0
1785911844054|1009|stream_lane3_unavailable|rotating|206,1378943233,33556599,18290475,18130836,18134230,18130836,18134230,18130836,17330,17278,17278,17277,0,0,1658,0,533349264,533324803,4096,4096,0,0,17279,17278,2230178570,2230178550,2230178538,2230178558,0,0,0,0,0,0,0,0,4096,256,131072,4,15|4,0,67108864,262144,256,0,0,0,0,204,0,192,0,51,48,0,1,204,0|240,2276234485,7,12835840,0,0,0,0,0,13631735,0,48,0,963692062,0,963692062,0,2054,954799513,0,13159445,0,0,0,0,0
1785911849056|1009|stream_lane3_unavailable|fixed|208,1378943233,16781056,24323270,24113304,207884,0,207884,0,4412,0,2206,0,0,0,22983,22983,14093984,0,4096,0,0,0,2206,0,2564338415,0,2564338423,0,0,0,0,0,0,0,0,0,4096,256,131072,4,15|5,0,67108864,262144,256,0,0,0,0,272,0,260,0,68,65,0,1,272,0|242,3274401950,7,0,0,17039360,0,17039360,0,52088,0,0,65,0,0,0,0,0,0,0,6998421,0,0,0,0,0
1785911849056|1009|stream_lane3_unavailable|rotating|208,1378943233,33558033,24385879,24175183,24177336,24175183,24177336,24175183,23111,23042,23042,23042,0,0,2213,0,711262718,711260632,4096,4096,0,0,23043,23042,2550208014,2550191480,2550208022,2550191488,0,0,0,0,0,0,0,0,4096,256,131072,4,15|4,0,67108864,262144,256,0,0,0,0,272,0,260,0,68,65,0,1,272,0|242,2595246167,7,17094688,0,0,0,0,0,18147947,0,65,0,1281639032,0,1281639032,0,2080,1271376506,0,15365965,0,0,0,0,0
1785911854058|1009|stream_lane3_unavailable|fixed|210,1378943233,16781056,30425202,30162974,260090,0,260090,0,5520,0,2760,0,0,0,28748,28748,17633480,0,4096,0,0,0,2760,0,2884230262,0,2884230270,0,0,0,0,0,0,0,0,0,4096,256,131072,4,15|4,0,67108864,262144,256,0,0,0,0,336,0,324,0,84,81,0,1,336,0|244,3593728193,7,0,0,21233664,0,21233664,0,65117,0,0,81,0,0,0,0,0,0,0,7036790,0,0,0,0,0
1785911854058|1009|stream_lane3_unavailable|rotating|210,1378943233,33556599,30494618,30231794,30233868,30231794,30233868,30231794,28899,28816,28814,28814,0,0,2767,0,889439472,889440259,4096,4096,0,0,28815,28815,2870522766,2870522758,2870522758,2870522766,0,0,0,0,0,0,0,0,4096,256,131072,4,15|4,0,67108864,262144,256,0,0,0,0,336,0,324,0,84,81,0,1,336,0|244,2916063820,7,21375936,0,0,0,0,0,22694718,0,81,0,1601386373,0,1601386373,0,2080,1589892581,0,17443162,0,0,0,0,0
1785911859059|1009|stream_lane3_unavailable|fixed|212,1378943233,16781056,36532218,36216539,312297,0,312297,0,6628,0,3314,0,0,0,34517,34517,21172960,0,4096,0,0,0,3314,0,3204481574,0,3204481582,0,0,0,0,0,0,0,0,0,4096,256,131072,4,15|4,0,67108864,262144,256,0,0,0,0,400,0,388,0,100,97,0,1,400,0|246,3913834429,7,0,0,25427968,0,25427968,0,78145,0,0,97,0,0,0,0,0,0,0,7066701,0,0,0,0,0
1785911859059|1009|stream_lane3_unavailable|rotating|212,1378943233,33557077,36608405,36291078,36295445,36291078,36295445,36291078,34689,34589,34589,34588,0,0,3321,0,1067690961,1067662984,4096,4096,0,0,34589,34588,3190958556,3190953209,3190958564,3190953217,0,0,0,0,0,0,0,0,4096,256,131072,4,15|4,0,67108864,262144,256,0,0,0,0,400,0,388,0,100,97,0,1,400,0|246,3236483841,7,25649280,0,0,0,0,0,27237214,0,97,0,1920738058,0,1920738058,0,2080,1908006446,0,19525216,0,0,0,0,0
1785911864074|1009|stream_lane3_unavailable|fixed|214,1378943233,16781056,42653211,42285105,364598,0,364598,0,7738,0,3869,0,0,0,40300,40300,24718768,0,4096,0,0,0,3869,0,3525317394,0,3525317402,0,0,0,0,0,0,0,0,0,4096,256,131072,4,15|4,0,67108864,262144,256,0,0,0,0,464,0,452,0,116,113,0,1,464,0|248,4235330077,7,0,0,29622272,0,29622272,0,91243,0,0,113,0,0,0,0,0,0,0,7098267,0,0,0,0,0
1785911864074|1009|stream_lane3_unavailable|rotating|214,1378943233,33558272,42720700,42352128,42355444,42352128,42355444,42352128,40481,40365,40364,40364,0,0,3876,0,1245956392,1245955904,4096,4096,0,0,40364,40364,3511602507,3511602864,3511602515,3511602872,0,0,0,0,0,0,0,0,4096,256,131072,4,15|4,0,67108864,262144,256,0,0,0,0,468,0,456,0,117,114,0,1,468,0|248,3557180618,7,29923936,0,0,0,0,0,31780810,0,114,0,2240366171,0,2240366171,0,2080,2226263099,0,21736613,0,0,0,0,0
1785911869077|1009|stream_lane3_unavailable|fixed|216,1378943233,16781056,48756295,48336444,416898,0,416898,0,8848,0,4424,0,0,0,46065,46065,28264664,0,4096,0,0,0,4424,0,3845807691,0,3845807699,0,0,0,0,0,0,0,0,0,4096,256,131072,4,15|4,0,67108864,262144,256,0,0,0,0,532,0,520,0,133,130,0,1,532,0|250,260828960,8,0,0,34078720,0,34078720,0,104318,0,0,130,0,0,0,0,0,0,0,7127552,0,0,0,0,0
1785911869077|1009|stream_lane3_unavailable|rotating|216,1378943233,33557077,48830357,48409924,48412893,48409924,48412893,48409924,46269,46136,46135,46135,0,0,4430,0,1424098464,1424095896,4096,4096,0,0,46136,46135,3831877043,3831859853,3831877027,3831859861,0,0,0,0,0,0,0,0,4096,256,131072,4,15|4,0,67108864,262144,256,0,0,0,0,532,0,520,0,133,130,0,1,532,0|250,3876745918,7,34189376,0,0,0,0,0,36311157,0,130,0,2558865111,0,2558865111,0,2080,2543521919,0,23819270,0,0,0,0,0
1785911874081|1009|stream_lane3_unavailable|fixed|218,1378943233,16781056,54873161,54398557,469105,0,469105,0,9956,0,4978,0,0,0,51843,51842,31804152,0,4096,0,0,0,4978,0,4166053702,0,4166053710,0,0,0,0,0,0,0,0,0,4096,256,131072,4,15|4,0,67108864,262144,256,0,0,0,0,596,0,584,0,149,146,0,1,596,0|252,580924349,8,0,0,38273024,0,38273024,0,117370,0,0,146,0,0,0,0,0,0,0,7158084,0,0,0,0,0
1785911874081|1009|stream_lane3_unavailable|rotating|218,1378943233,33556599,54932737,54457522,54463065,54457522,54463065,54457522,52049,51900,51899,51898,0,0,4984,0,1602032411,1602004711,4096,4096,0,0,51900,51899,4151766198,4151766194,4151766206,4151766202,0,0,0,0,0,0,0,0,4096,256,131072,4,15|4,0,67108864,262144,256,0,0,0,0,596,0,584,0,149,146,0,1,596,0|252,4197807402,7,38470624,0,0,0,0,0,40861861,0,146,0,2878856283,0,2878856283,0,2080,2862282235,0,25896057,0,0,0,0,0
1785911879083|1009|stream_lane3_unavailable|fixed|220,1378943233,16781056,60973001,60446347,521313,0,521313,0,11064,0,5532,0,0,0,57605,57605,35343600,0,4096,0,0,0,5532,0,191338705,0,191338721,0,0,0,0,0,0,0,0,0,4096,256,131072,4,15|4,0,67108864,262144,256,0,0,0,0,660,0,648,0,165,162,0,1,660,0|254,901083054,8,0,0,42467328,0,42467328,0,130422,0,0,162,0,0,0,0,0,0,0,7195251,0,0,0,0,0
1785911879083|1009|stream_lane3_unavailable|rotating|220,1378943233,33556599,61056454,60529005,60534485,60529005,60534485,60529005,57850,57687,57684,57684,0,0,5539,0,1780606337,1780603025,4096,4096,0,0,57685,57685,177853405,177853413,177853413,177853421,0,0,0,0,0,0,0,0,4096,256,131072,4,15|4,0,67108864,262144,256,0,0,0,0,664,0,652,0,166,163,0,1,664,0|254,224031017,8,42761088,0,0,0,0,0,45412640,0,163,0,3198974578,0,3198974578,0,2080,3181031007,0,28108911,0,0,0,0,0
1785911884083|1009|stream_lane3_unavailable|fixed|222,1378943233,16781056,67078054,66499978,573516,0,573516,0,12172,0,6086,0,0,0,63373,63373,38883096,0,4096,0,0,0,6086,0,511104283,0,511104291,0,0,0,0,0,0,0,0,0,4096,256,131072,4,15|4,0,67108864,262144,256,0,0,0,0,728,0,716,0,182,179,0,1,728,0|256,1221017650,8,0,0,46923776,0,46923776,0,143473,0,0,179,0,0,0,0,0,0,0,7228815,0,0,0,0,0
1785911884083|1009|stream_lane3_unavailable|rotating|222,1378943233,33557316,67141556,66562964,66567474,66562964,66567474,66562964,63615,63435,63433,63433,0,0,6092,0,1958052072,1958049096,4096,4096,0,0,63433,63433,497012960,497013519,497012968,497013527,0,0,0,0,0,0,0,0,4096,256,131072,4,15|4,0,67108864,262144,256,0,0,0,0,728,0,716,0,182,179,0,1,728,0|256,542171081,8,47002816,0,0,0,0,0,49922255,0,179,0,3516054210,0,3516054210,0,2080,3496868416,0,30188580,0,0,0,0,0
1785911889089|1009|stream_lane3_unavailable|fixed|224,1378943233,16781056,73189682,72559002,625724,0,625724,0,13280,0,6640,0,0,0,69146,69146,42422600,0,4096,0,0,0,6640,0,831485585,0,831485593,0,0,0,0,0,0,0,0,0,4096,256,131072,4,15|4,0,67108864,262144,256,0,0,0,0,792,0,780,0,198,195,0,1,792,0|258,1547214023,8,0,0,51118080,0,51118080,0,156761,0,0,195,0,0,0,0,0,0,0,7261217,0,0,0,0,0
1785911889089|1009|stream_lane3_unavailable|rotating|224,1378943233,33556599,73408375,72775887,72780767,72775887,72780767,72775887,69551,69355,69352,69352,0,0,6660,0,2140779128,2140776378,4096,4096,0,0,69353,69353,825490738,825490732,825490698,825490740,0,0,0,0,0,0,0,0,4096,256,131072,4,15|4,0,67108864,262144,256,0,0,0,0,796,0,784,0,199,196,0,1,796,0|258,877253021,8,51475072,0,0,0,0,0,54671584,0,196,0,3850018086,0,3850018086,0,2080,3829502756,0,32400478,0,0,0,0,0
1785911894096|1009|stream_lane3_unavailable|fixed|226,1378943233,16781056,79296058,78612554,677932,0,677932,0,14388,0,7194,0,0,0,74916,74915,45962056,0,4096,0,0,0,7194,0,1151731815,0,1151731831,0,0,0,0,0,0,0,0,0,4096,256,131072,4,15|4,0,67108864,262144,256,0,0,0,0,856,0,844,0,214,211,0,1,856,0|260,1862676501,8,0,0,55312384,0,55312384,0,169624,0,0,211,0,0,0,0,0,0,0,7298628,0,0,0,0,0
1785911894096|1009|stream_lane3_unavailable|rotating|226,1378943233,33558272,79399504,78716085,78720632,78716085,78720632,78716085,75228,75016,75014,75014,0,0,7204,0,2315534584,2315532120,4096,4096,0,0,75014,75014,1139654559,1139702949,1139654567,1139702957,0,0,0,0,0,0,0,0,4096,256,131072,4,15|4,0,67108864,262144,256,0,0,0,0,860,0,848,0,215,212,0,1,860,0|260,1185370896,8,55582432,0,0,0,0,0,59037084,0,212,0,4157109121,0,4157109121,0,2080,4135323848,0,34479018,0,0,0,0,0
1785911899104|1009|stream_lane3_unavailable|fixed|228,1378943233,16781056,85416085,84681187,730229,0,730229,0,15498,0,7749,0,0,0,80698,80698,49507888,0,4096,0,0,0,7749,0,1472564946,0,1472564954,0,0,0,0,0,0,0,0,0,4096,256,131072,4,15|4,0,67108864,262144,256,0,0,0,0,924,0,912,0,231,228,0,1,924,0|262,2182787933,8,0,0,59768832,0,59768832,0,182675,0,0,228,0,0,0,0,0,0,0,7331028,0,0,0,0,0
1785911899104|1009|stream_lane3_unavailable|rotating|228,1378943233,33556599,85500088,84764336,84769010,84764336,84769010,84764336,81009,80780,80777,80777,0,0,7758,0,2493433904,2493431232,4096,4096,0,0,80778,80778,1459677326,1459677294,1459677334,1459677302,0,0,0,0,0,0,0,0,4096,256,131072,4,15|4,0,67108864,262144,256,0,0,0,0,924,0,912,0,231,228,0,1,924,0|262,1505055315,8,59847872,0,0,0,0,0,63568479,0,228,0,180759884,1,180759884,1,2080,157740861,1,36555305,0,0,0,0,0
1785911904111|1009|stream_lane3_unavailable|fixed|230,1378943233,16781056,91523531,90735684,782531,0,782531,0,16608,0,8304,0,0,0,86468,86467,53053784,0,4096,0,0,0,8304,0,1793050409,0,1793050417,0,0,0,0,0,0,0,0,0,4096,256,131072,4,15|4,0,67108864,262144,256,0,0,0,0,988,0,976,0,247,244,0,1,988,0|264,2502703666,8,0,0,63963136,0,63963136,0,195727,0,0,244,0,0,0,0,0,0,0,7363466,0,0,0,0,0
1785911904111|1009|stream_lane3_unavailable|rotating|230,1378943233,33558033,91595489,90807093,90812392,90807093,90812392,90807093,86784,86537,86536,86535,0,0,8310,0,2671195857,2671163080,4096,4096,0,0,86536,86535,1779210626,1779205278,1779210634,1779205286,0,0,0,0,0,0,0,0,4096,256,131072,4,15|4,0,67108864,262144,256,0,0,0,0,988,0,976,0,247,244,0,1,988,0|264,1825262370,8,64121216,0,0,0,0,0,68107615,0,244,0,499898603,1,499898603,1,2080,475645138,1,38633981,0,0,0,0,0
1785911913481|1010|stream_clean_after_lane3|fixed|234,1378943233,16781056,6147066,6062513,69643,0,69643,0,1478,0,739,0,0,0,5791,5791,4721392,0,4096,0,0,0,739,0,2392642980,0,2392642988,0,0,0,0,0,0,0,0,0,4096,256,131072,4,15|4,0,67108864,262144,256,0,0,0,0,96,0,84,0,24,21,0,1,96,0|272,3102707302,8,0,0,5505024,0,5505024,0,17551,0,0,21,0,0,0,0,0,0,0,6896351,0,0,0,0,0
1785911913481|1010|stream_clean_after_lane3|rotating|234,1378943233,33558272,6222100,6135925,6151517,6135925,6151517,6135925,5886,5862,5862,5862,0,0,749,0,180947408,180589328,4096,4096,0,0,5862,5862,2378942585,2378942902,2378942593,2378942910,0,0,0,0,0,0,0,0,4096,256,131072,4,15|4,0,67108864,262144,256,0,0,0,0,100,0,88,0,25,22,0,1,100,0|272,2423980752,8,5814592,0,0,0,0,0,6171681,0,22,0,323224537,0,323224537,0,2080,316329370,0,9773550,0,0,0,0,0
1785911918491|1010|stream_clean_after_lane3|fixed|236,1378943233,16781056,12429553,12257809,140976,0,140976,0,2992,0,1496,0,0,0,11709,11709,9557856,0,4096,0,0,0,1496,0,2713309586,0,2713309594,0,0,0,0,0,0,0,0,0,4096,256,131072,4,15|4,0,67108864,262144,256,0,0,0,0,188,0,176,0,47,44,0,1,188,0|274,3423531113,8,0,0,11534336,0,11534336,0,35385,0,0,44,0,0,0,0,0,0,0,6946168,0,0,0,0,0
1785911918491|1010|stream_clean_after_lane3|rotating|236,1378943233,33554687,12520704,12347875,12378689,12347875,12378689,12347875,11841,11795,11794,11794,0,0,1507,0,364078016,363362259,4096,4096,0,0,11795,11795,2700411574,2700411547,2700411558,2700411563,0,0,0,0,0,0,0,0,4096,256,131072,4,15|4,0,67108864,262144,256,0,0,0,0,188,0,176,0,47,44,0,1,188,0|274,2745363411,8,11660800,0,0,0,0,0,12382082,0,44,0,643145644,0,643145644,0,2080,634551864,0,12626621,0,0,0,0,0
1785911923494|1010|stream_clean_after_lane3|fixed|238,1378943233,16781056,18700602,18441400,212124,0,212124,0,4502,0,2251,0,0,0,17619,17619,14381512,0,4096,0,0,0,2251,0,3033573816,0,3033573824,0,0,0,0,0,0,0,0,0,4096,256,131072,4,15|4,0,67108864,262144,256,0,0,0,0,276,0,264,0,69,66,0,1,276,0|276,3742606393,8,0,0,17301504,0,17301504,0,53125,0,0,66,0,0,0,0,0,0,0,6988224,0,0,0,0,0
1785911923494|1010|stream_clean_after_lane3|rotating|238,1378943233,33558272,18749923,18490216,18537233,18490216,18537233,18490216,17734,17666,17666,17666,0,0,2257,0,545311352,544236952,4096,4096,0,0,17666,17666,3018566878,3018567211,3018566886,3018567219,0,0,0,0,0,0,0,0,4096,256,131072,4,15|4,0,67108864,262144,256,0,0,0,0,276,0,264,0,69,66,0,1,276,0|276,3063656446,8,17451680,0,0,0,0,0,18527040,0,66,0,959990959,0,959990959,0,2080,949679420,0,15486959,0,0,0,0,0
1785911928494|1010|stream_clean_after_lane3|fixed|240,1378943233,16781056,24969961,24624023,283273,0,283273,0,6012,0,3006,0,0,0,23525,23525,19205160,0,4096,0,0,0,3006,0,3353697565,0,3353697573,0,0,0,0,0,0,0,0,0,4096,256,131072,4,15|4,0,67108864,262144,256,0,0,0,0,364,0,352,0,91,88,0,1,364,0|278,4064379278,8,0,0,23068672,0,23068672,0,71007,0,0,88,0,0,0,0,0,0,0,7037800,0,0,0,0,0
1785911928494|1010|stream_clean_after_lane3|rotating|240,1378943233,33558272,25053794,24707035,24769577,24707035,24769577,24707035,23694,23604,23604,23604,0,0,3016,0,728605544,727171704,4096,4096,0,0,23604,23604,3340302357,3340302698,3340302365,3340302706,0,0,0,0,0,0,0,0,4096,256,131072,4,15|4,0,67108864,262144,256,0,0,0,0,364,0,352,0,91,88,0,1,364,0|278,3385532801,8,23305792,0,0,0,0,0,24746165,0,88,0,1280403786,0,1280403786,0,2080,1268402326,0,18333035,0,0,0,0,0
1785911933507|1010|stream_clean_after_lane3|fixed|242,1378943233,16781056,31251689,30820451,354517,0,354517,0,7524,0,3762,0,0,0,29443,29443,24035192,0,4096,0,0,0,3762,0,3674253958,0,3674253966,0,0,0,0,0,0,0,0,0,4096,256,131072,4,15|4,0,67108864,262144,256,0,0,0,0,452,0,440,0,113,110,0,1,452,0|280,89760643,9,0,0,28835840,0,28835840,0,88793,0,0,110,0,0,0,0,0,0,0,7084152,0,0,0,0,0
1785911933507|1010|stream_clean_after_lane3|rotating|242,1378943233,33554687,31342389,30909340,30986745,30909340,30986745,30909340,29642,29529,29528,29528,0,0,3774,0,911479528,909668584,4096,4096,0,0,29529,29529,3661447657,3661447670,3661447665,3661447638,0,0,0,0,0,0,0,0,4096,256,131072,4,15|4,0,67108864,262144,256,0,0,0,0,456,0,444,0,114,111,0,1,456,0|280,3707466665,8,29153312,0,0,0,0,0,30963257,0,111,0,1600875770,0,1600875770,0,2080,1587044489,0,21313017,0,0,0,0,0
1785911938507|1010|stream_clean_after_lane3|fixed|244,1378943233,16781056,37522442,37005159,425662,0,425662,0,9034,0,4517,0,0,0,35350,35350,28858824,0,4096,0,0,0,4517,0,3994397810,0,3994397818,0,0,0,0,0,0,0,0,0,4096,256,131072,4,15|5,0,67108864,262144,256,0,0,0,0,544,0,532,0,136,133,0,1,544,0|282,411025488,9,0,0,34865152,0,34865152,0,106651,0,0,133,0,0,0,0,0,0,0,7131773,0,0,0,0,0
1785911938507|1010|stream_clean_after_lane3|rotating|244,1378943233,33558272,37629746,37110650,37202764,37110650,37202764,37110650,35586,35452,35451,35451,0,0,4531,0,1094298720,1092129240,4096,4096,0,0,35451,35451,3982363578,3982363911,3982363586,3982363919,0,0,0,0,0,0,0,0,4096,256,131072,4,15|4,0,67108864,262144,256,0,0,0,0,544,0,532,0,136,133,0,1,544,0|282,4028174677,8,34991616,0,0,0,0,0,37159999,0,133,0,1920124206,0,1920124206,0,2080,1904580538,0,24178165,0,0,0,0,0
1785911943516|1010|stream_clean_after_lane3|fixed|246,1378943233,16781056,43801652,43196604,496998,0,496998,0,10548,0,5274,0,0,0,41265,41265,33695264,0,4096,0,0,0,5274,0,20223138,0,20223146,0,0,0,0,0,0,0,0,0,4096,256,131072,4,15|4,0,67108864,262144,256,0,0,0,0,632,0,620,0,158,155,0,1,632,0|284,730178674,9,0,0,40632320,0,40632320,0,124391,0,0,155,0,0,0,0,0,0,0,7168421,0,0,0,0,0
1785911943516|1010|stream_clean_after_lane3|rotating|246,1378943233,33554687,43870679,43264757,43372926,43264757,43372926,43264757,41488,41332,41330,41330,0,0,5282,0,1275782327,1273251810,4096,4096,0,0,41331,41331,5999042,5999055,5999050,5999063,0,0,0,0,0,0,0,0,4096,256,131072,4,15|4,0,67108864,262144,256,0,0,0,0,632,0,620,0,158,155,0,1,632,0|284,51042400,9,40766688,0,0,0,0,0,43299808,0,155,0,2236515457,0,2236515457,0,2080,2219258451,0,27030688,0,0,0,0,0
1785911948520|1010|stream_clean_after_lane3|fixed|248,1378943233,16781056,50076978,49385048,568147,0,568147,0,12058,0,6029,0,0,0,47176,47176,38518960,0,4096,0,0,0,6029,0,340355642,0,340355650,0,0,0,0,0,0,0,0,0,4096,256,131072,4,15|4,0,67108864,262144,256,0,0,0,0,720,0,708,0,180,177,0,1,720,0|286,1050479060,9,0,0,46399488,0,46399488,0,142178,0,0,177,0,0,0,0,0,0,0,7214663,0,0,0,0,0
1785911948520|1010|stream_clean_after_lane3|rotating|248,1378943233,33554687,50147394,49454665,49578398,49454665,49578398,49454665,47422,47244,47242,47242,0,0,6038,0,1458279542,1455390697,4096,4096,0,0,47243,47243,326353932,326353937,326353940,326353945,0,0,0,0,0,0,0,0,4096,256,131072,4,15|4,0,67108864,262144,256,0,0,0,0,720,0,708,0,180,177,0,1,720,0|286,371290250,9,46597088,0,0,0,0,0,49487291,0,177,0,2555305707,0,2555305707,0,2080,2536344937,0,29885516,0,0,0,0,0
1785911953530|1010|stream_clean_after_lane3|fixed|250,1378943233,16781056,56361991,55582647,639484,0,639484,0,13572,0,6786,0,0,0,53096,53096,43355368,0,4096,0,0,0,6786,0,661355491,0,661355507,0,0,0,0,0,0,0,0,0,4096,256,131072,4,15|4,0,67108864,262144,256,0,0,0,0,808,0,796,0,202,199,0,1,808,0|288,1370989132,9,0,0,52166656,0,52166656,0,159988,0,0,199,0,0,0,0,0,0,0,7262065,0,0,0,0,0
1785911953530|1010|stream_clean_after_lane3|rotating|250,1378943233,33554687,56428898,55648664,55788662,55648664,55788662,55648664,53360,53160,53158,53158,0,0,6794,0,1640906016,1637658368,4096,4096,0,0,53159,53159,646939439,646939444,646939431,646939412,0,0,0,0,0,0,0,0,4096,256,131072,4,15|4,0,67108864,262144,256,0,0,0,0,808,0,796,0,202,199,0,1,808,0|288,691983050,9,52427488,0,0,0,0,0,55683174,0,199,0,2874540907,0,2874540907,0,2080,2853868549,0,32748168,0,0,0,0,0
1785911958539|1010|stream_clean_after_lane3|fixed|252,1378943233,16781056,62636473,61770799,710630,0,710630,0,15082,0,7541,0,0,0,59007,59007,48178960,0,4096,0,0,0,7541,0,981493849,0,981493857,0,0,0,0,0,0,0,0,0,4096,256,131072,4,15|4,0,67108864,262144,256,0,0,0,0,896,0,888,0,225,222,0,1,900,0|290,1691535178,9,0,0,58195968,0,58195968,0,177822,0,0,222,0,0,0,0,0,0,0,7305297,0,0,0,0,0
1785911958539|1010|stream_clean_after_lane3|rotating|252,1378943233,33554687,62710091,61842934,61998520,61842934,61998520,61842934,59301,59078,59076,59076,0,0,7551,0,1823581408,1819957998,4096,4096,0,0,59077,59077,967739048,967739037,967739024,967739045,0,0,0,0,0,0,0,0,4096,256,131072,4,15|4,0,67108864,262144,256,0,0,0,0,900,0,888,0,225,222,0,1,900,0|290,1012880624,9,58259200,0,0,0,0,0,61879027,0,222,0,3193980553,0,3193980553,0,2080,3171464200,0,35738930,0,0,0,0,0
1785911963543|1010|stream_clean_after_lane3|fixed|254,1378943233,16781056,68911856,67958890,781871,0,781871,0,16594,0,8297,0,0,0,64918,64918,53009032,0,4096,0,0,0,8297,0,1301863461,0,1301863469,0,0,0,0,0,0,0,0,0,4096,256,131072,4,15|4,0,67108864,262144,256,0,0,0,0,988,0,976,0,247,244,0,1,988,0|292,2011691669,9,0,0,63963136,0,63963136,0,195609,0,0,244,0,0,0,0,0,0,0,7356360,0,0,0,0,0
1785911963543|1010|stream_clean_after_lane3|rotating|254,1378943233,33554687,68972944,68019256,68190318,68019256,68190318,68019256,65223,64978,64976,64976,0,0,8305,0,2005679520,2001697227,4096,4096,0,0,64977,64977,1287416266,1287416263,1287416274,1287416271,0,0,0,0,0,0,0,0,4096,256,131072,4,15|4,0,67108864,262144,256,0,0,0,0,988,0,976,0,247,244,0,1,988,0|292,1332759132,9,64081696,0,0,0,0,0,68059032,0,244,0,3512403437,0,3512403437,0,2080,3488177227,0,38598154,0,0,0,0,0
