captured_ms|sequence|label|role|data_ro|dirm0|oen0
1785871289590|0|SAFE_BOOT|fixed|1350565379|8193|8193
1785871289590|0|SAFE_BOOT|rotating|1350565379|8193|8193
1785871289626|1001|matrix_F0_raw64_active|fixed|1346371075|8193|8193
1785871289626|1001|matrix_F0_raw64_active|rotating|1350565379|8193|8193
1785871289961|1001|matrix_F0_raw64_terminal|fixed|1350565379|8193|8193
1785871289961|1001|matrix_F0_raw64_terminal|rotating|1346371075|8193|8193
1785871290177|1002|matrix_F0_raw1024_active|fixed|1350565379|8193|8193
1785871290177|1002|matrix_F0_raw1024_active|rotating|1350565379|8193|8193
1785871290518|1002|matrix_F0_raw1024_terminal|fixed|1350565379|8193|8193
1785871290518|1002|matrix_F0_raw1024_terminal|rotating|1350565379|8193|8193
1785871290864|1003|matrix_F0_frame10s_00000_1048576_active|fixed|1346371075|8193|8193
1785871290864|1003|matrix_F0_frame10s_00000_1048576_active|rotating|1346362883|8193|8193
1785871294981|1003|matrix_F0_frame10s_00000_1048576_terminal|fixed|1346371075|8193|8193
1785871294981|1003|matrix_F0_frame10s_00000_1048576_terminal|rotating|1346371075|8193|8193
1785871300753|1004|matrix_R0_raw64_active|fixed|1350565379|8193|8193
1785871300753|1004|matrix_R0_raw64_active|rotating|1350565379|8193|8193
1785871301089|1004|matrix_R0_raw64_terminal|fixed|1350565379|8193|8193
1785871301089|1004|matrix_R0_raw64_terminal|rotating|1350565379|8193|8193
1785871301304|1005|matrix_R0_raw1024_active|fixed|1350565379|8193|8193
1785871301304|1005|matrix_R0_raw1024_active|rotating|1346371075|8193|8193
1785871301645|1005|matrix_R0_raw1024_terminal|fixed|1350565379|8193|8193
1785871301645|1005|matrix_R0_raw1024_terminal|rotating|1350565379|8193|8193
1785871301979|1006|matrix_R0_frame10s_00000_1048576_active|fixed|1346362883|8193|8193
1785871301979|1006|matrix_R0_frame10s_00000_1048576_active|rotating|1350565379|8193|8193
1785871306069|1006|matrix_R0_frame10s_00000_1048576_terminal|fixed|1350565379|8193|8193
1785871306069|1006|matrix_R0_frame10s_00000_1048576_terminal|rotating|1350565379|8193|8193
1785871311918|1007|matrix_F1_raw64_active|fixed|1346371075|8193|8193
1785871311918|1007|matrix_F1_raw64_active|rotating|1350565379|8193|8193
1785871312299|1007|matrix_F1_raw64_terminal|fixed|1350565379|8193|8193
1785871312299|1007|matrix_F1_raw64_terminal|rotating|1346371075|8193|8193
1785871312569|1008|matrix_F1_raw1024_active|fixed|1350565379|8193|8193
1785871312569|1008|matrix_F1_raw1024_active|rotating|1350565379|8193|8193
1785871313044|1008|matrix_F1_raw1024_terminal|fixed|1346371075|8193|8193
1785871313044|1008|matrix_F1_raw1024_terminal|rotating|1350565379|8193|8193
1785871313372|1009|matrix_F1_frame10s_00000_1048576_active|fixed|1346371075|8193|8193
1785871313372|1009|matrix_F1_frame10s_00000_1048576_active|rotating|1346362883|8193|8193
1785871317626|1009|matrix_F1_frame10s_00000_1048576_terminal|fixed|1350565379|8193|8193
1785871317626|1009|matrix_F1_frame10s_00000_1048576_terminal|rotating|1346371075|8193|8193
1785871323588|1010|matrix_R1_raw64_terminal|fixed|1350565379|8193|8193
1785871323588|1010|matrix_R1_raw64_terminal|rotating|1350565379|8193|8193
1785871323827|1011|matrix_R1_raw1024_active|fixed|1346371075|8193|8193
1785871323827|1011|matrix_R1_raw1024_active|rotating|1346371075|8193|8193
1785871324163|1011|matrix_R1_raw1024_terminal|fixed|1350565379|8193|8193
1785871324163|1011|matrix_R1_raw1024_terminal|rotating|1346371075|8193|8193
1785871324505|1012|matrix_R1_frame10s_00000_1048576_active|fixed|1346362883|8193|8193
1785871324505|1012|matrix_R1_frame10s_00000_1048576_active|rotating|1346371075|8193|8193
1785871328571|1012|matrix_R1_frame10s_00000_1048576_terminal|fixed|1346371075|8193|8193
1785871328571|1012|matrix_R1_frame10s_00000_1048576_terminal|rotating|1346371075|8193|8193
1785871334408|1013|matrix_F2_raw64_active|fixed|1346371075|8193|8193
1785871334408|1013|matrix_F2_raw64_active|rotating|1350565379|8193|8193
1785871334744|1013|matrix_F2_raw64_terminal|fixed|1350565379|8193|8193
1785871334744|1013|matrix_F2_raw64_terminal|rotating|1346371075|8193|8193
1785871334966|1014|matrix_F2_raw1024_active|fixed|1350565379|8193|8193
1785871334966|1014|matrix_F2_raw1024_active|rotating|1350565379|8193|8193
1785871335310|1014|matrix_F2_raw1024_terminal|fixed|1350565379|8193|8193
1785871335310|1014|matrix_F2_raw1024_terminal|rotating|1350565379|8193|8193
1785871335660|1015|matrix_F2_frame10s_00000_1048576_active|fixed|1346371075|8193|8193
1785871335660|1015|matrix_F2_frame10s_00000_1048576_active|rotating|1346362883|8193|8193
1785871339763|1015|matrix_F2_frame10s_00000_1048576_terminal|fixed|1346371075|8193|8193
1785871339763|1015|matrix_F2_frame10s_00000_1048576_terminal|rotating|1346371075|8193|8193
1785871345538|1016|matrix_R2_raw64_active|fixed|1346371075|8193|8193
1785871345538|1016|matrix_R2_raw64_active|rotating|1350565379|8193|8193
1785871345865|1016|matrix_R2_raw64_terminal|fixed|1346371075|8193|8193
1785871345865|1016|matrix_R2_raw64_terminal|rotating|1350565379|8193|8193
1785871346134|1017|matrix_R2_raw1024_active|fixed|1346371075|8193|8193
1785871346134|1017|matrix_R2_raw1024_active|rotating|1350565379|8193|8193
1785871346490|1017|matrix_R2_raw1024_terminal|fixed|1350565379|8193|8193
1785871346490|1017|matrix_R2_raw1024_terminal|rotating|1350565379|8193|8193
1785871346841|1018|matrix_R2_frame10s_00000_1048576_active|fixed|1350557187|8193|8193
1785871346841|1018|matrix_R2_frame10s_00000_1048576_active|rotating|1346371075|8193|8193
1785871350907|1018|matrix_R2_frame10s_00000_1048576_terminal|fixed|1346371075|8193|8193
1785871350907|1018|matrix_R2_frame10s_00000_1048576_terminal|rotating|1346371075|8193|8193
1785871356743|1019|matrix_F3_raw64_active|fixed|1346371075|8193|8193
1785871356743|1019|matrix_F3_raw64_active|rotating|1346371075|8193|8193
1785871357041|1019|matrix_F3_raw64_terminal|fixed|1346371075|8193|8193
1785871357041|1019|matrix_F3_raw64_terminal|rotating|1350565379|8193|8193
1785871357263|1020|matrix_F3_raw1024_active|fixed|1350565379|8193|8193
1785871357263|1020|matrix_F3_raw1024_active|rotating|1350565379|8193|8193
1785871357615|1020|matrix_F3_raw1024_terminal|fixed|1346371075|8193|8193
1785871357615|1020|matrix_F3_raw1024_terminal|rotating|1346371075|8193|8193
1785871357957|1021|matrix_F3_frame10s_00000_1048576_active|fixed|1346371075|8193|8193
1785871357957|1021|matrix_F3_frame10s_00000_1048576_active|rotating|1350557187|8193|8193
1785871362037|1021|matrix_F3_frame10s_00000_1048576_terminal|fixed|1350565379|8193|8193
1785871362037|1021|matrix_F3_frame10s_00000_1048576_terminal|rotating|1350565379|8193|8193
1785871367865|1022|matrix_R3_raw64_active|fixed|1350565379|8193|8193
1785871367865|1022|matrix_R3_raw64_active|rotating|1350565379|8193|8193
1785871368216|1022|matrix_R3_raw64_terminal|fixed|1350565379|8193|8193
1785871368216|1022|matrix_R3_raw64_terminal|rotating|1350565379|8193|8193
1785871368449|1023|matrix_R3_raw1024_active|fixed|1350565379|8193|8193
1785871368449|1023|matrix_R3_raw1024_active|rotating|1346371075|8193|8193
1785871368803|1023|matrix_R3_raw1024_terminal|fixed|1346371075|8193|8193
1785871368803|1023|matrix_R3_raw1024_terminal|rotating|1346371075|8193|8193
1785871369156|1024|matrix_R3_frame10s_00000_1048576_active|fixed|1346362883|8193|8193
1785871369156|1024|matrix_R3_frame10s_00000_1048576_active|rotating|1346371075|8193|8193
1785871373203|1024|matrix_R3_frame10s_00000_1048576_terminal|fixed|1346371075|8193|8193
1785871373203|1024|matrix_R3_frame10s_00000_1048576_terminal|rotating|1346371075|8193|8193
1785871379381|1025|P10_3F-RAW_8X8_endpoint_shutdown_terminal|fixed|1346371075|8193|8193
1785871379381|1025|P10_3F-RAW_8X8_endpoint_shutdown_terminal|rotating|1350565379|8193|8193
