sample|module|direction|lane_mask|tail_cycles|sender_raw|sender_raw_while_tx|sender_blanked_raw|sender_blanked_frame|sender_blanked_crc_valid|sender_local_source_reject|sender_accepted_remote|receiver_raw|receiver_accepted_remote|sender_last_txd_rise|sender_last_txd_fall|sender_first_rxd_after_tx|sender_last_rxd_after_tx|sender_overlap_violation|sender_admission_violation|sender_non_target_accepted|sender_cross_lane_accepted|receiver_overlap_violation|receiver_admission_violation|receiver_non_target_accepted|receiver_cross_lane_accepted
0|F0|0|1|0|1|1|1|0|0|0|0|1|0|53132211|53132216|0|0|0|0|0|0|0|0|0|0
1|F0|0|1|0|1|1|1|0|0|0|0|1|0|59894076|59894081|0|0|0|0|0|0|0|0|0|0
2|F0|0|1|0|1|1|1|0|0|0|0|1|0|81522074|81522079|0|0|0|0|0|0|0|0|0|0
3|F0|0|1|0|1|1|1|0|0|0|0|1|0|90500744|90500749|0|0|0|0|0|0|0|0|0|0
4|F0|0|1|0|1|1|1|0|0|0|0|1|0|98801493|98801498|0|0|0|0|0|0|0|0|0|0
5|F0|0|1|0|1|1|1|0|0|0|0|1|0|107365695|107365700|0|0|0|0|0|0|0|0|0|0
6|F0|0|1|0|1|1|1|0|0|0|0|1|0|116136154|116136159|0|0|0|0|0|0|0|0|0|0
7|F0|0|1|0|1|1|1|0|0|0|0|1|0|124844965|124844970|0|0|0|0|0|0|0|0|0|0
8|F0|0|1|0|1|1|1|0|0|0|0|1|0|131491058|131491063|0|0|0|0|0|0|0|0|0|0
9|F0|0|1|0|1|1|1|0|0|0|0|1|0|140196675|140196680|0|0|0|0|0|0|0|0|0|0
10|F0|0|1|0|1|1|1|0|0|0|0|1|0|148426806|148426811|0|0|0|0|0|0|0|0|0|0
11|F0|0|1|0|1|1|1|0|0|0|0|1|0|157116342|157116347|0|0|0|0|0|0|0|0|0|0
12|F0|0|1|0|1|1|1|0|0|0|0|1|0|164736177|164736182|0|0|0|0|0|0|0|0|0|0
13|F0|0|1|0|1|1|1|0|0|0|0|1|0|172150184|172150189|0|0|0|0|0|0|0|0|0|0
14|F0|0|1|0|1|1|1|0|0|0|0|1|0|180596396|180596401|0|0|0|0|0|0|0|0|0|0
15|F0|0|1|0|1|1|1|0|0|0|0|1|0|189542930|189542935|0|0|0|0|0|0|0|0|0|0
16|F0|0|1|0|1|1|1|0|0|0|0|1|0|198030014|198030019|0|0|0|0|0|0|0|0|0|0
17|F0|0|1|0|1|1|1|0|0|0|0|1|0|206860882|206860887|0|0|0|0|0|0|0|0|0|0
18|F0|0|1|0|1|1|1|0|0|0|0|1|0|217047638|217047643|0|0|0|0|0|0|0|0|0|0
19|F0|0|1|0|1|1|1|0|0|0|0|1|0|224268841|224268846|0|0|0|0|0|0|0|0|0|0
20|F0|0|1|0|1|1|1|0|0|0|0|1|0|231965806|231965811|0|0|0|0|0|0|0|0|0|0
21|F0|0|1|0|1|1|1|0|0|0|0|1|0|239251314|239251319|0|0|0|0|0|0|0|0|0|0
22|F0|0|1|0|1|1|1|0|0|0|0|1|0|250100428|250100433|0|0|0|0|0|0|0|0|0|0
23|F0|0|1|0|1|1|1|0|0|0|0|1|0|260428561|260428566|0|0|0|0|0|0|0|0|0|0
24|F0|0|1|0|1|1|1|0|0|0|0|1|0|268963926|268963931|0|0|0|0|0|0|0|0|0|0
25|F0|0|1|0|1|1|1|0|0|0|0|1|0|275253390|275253395|0|0|0|0|0|0|0|0|0|0
26|F0|0|1|0|1|1|1|0|0|0|0|1|0|284649749|284649754|0|0|0|0|0|0|0|0|0|0
27|F0|0|1|0|1|1|1|0|0|0|0|1|0|293430761|293430766|0|0|0|0|0|0|0|0|0|0
28|F0|0|1|0|1|1|1|0|0|0|0|1|0|302598979|302598984|0|0|0|0|0|0|0|0|0|0
29|F0|0|1|0|1|1|1|0|0|0|0|1|0|311641925|311641930|0|0|0|0|0|0|0|0|0|0
30|F0|0|1|0|1|1|1|0|0|0|0|1|0|321420663|321420668|0|0|0|0|0|0|0|0|0|0
31|F0|0|1|0|1|1|1|0|0|0|0|1|0|329615400|329615405|0|0|0|0|0|0|0|0|0|0
32|F0|0|1|0|1|1|1|0|0|0|0|1|0|338189279|338189284|0|0|0|0|0|0|0|0|0|0
33|F0|0|1|0|1|1|1|0|0|0|0|1|0|348247560|348247565|0|0|0|0|0|0|0|0|0|0
34|F0|0|1|0|1|1|1|0|0|0|0|1|0|355366222|355366227|0|0|0|0|0|0|0|0|0|0
35|F0|0|1|0|1|1|1|0|0|0|0|1|0|364116910|364116915|0|0|0|0|0|0|0|0|0|0
36|F0|0|1|0|1|1|1|0|0|0|0|1|0|371521283|371521288|0|0|0|0|0|0|0|0|0|0
37|F0|0|1|0|1|1|1|0|0|0|0|1|0|382302933|382302938|0|0|0|0|0|0|0|0|0|0
38|F0|0|1|0|1|1|1|0|0|0|0|1|0|391567638|391567643|0|0|0|0|0|0|0|0|0|0
39|F0|0|1|0|1|1|1|0|0|0|0|1|0|398724604|398724609|0|0|0|0|0|0|0|0|0|0
40|F0|0|1|0|1|1|1|0|0|0|0|1|0|407475157|407475162|0|0|0|0|0|0|0|0|0|0
41|F0|0|1|0|1|1|1|0|0|0|0|1|0|418372099|418372104|0|0|0|0|0|0|0|0|0|0
42|F0|0|1|0|1|1|1|0|0|0|0|1|0|425349093|425349098|0|0|0|0|0|0|0|0|0|0
43|F0|0|1|0|1|1|1|0|0|0|0|1|0|433974341|433974346|0|0|0|0|0|0|0|0|0|0
44|F0|0|1|0|1|1|1|0|0|0|0|1|0|444730629|444730634|0|0|0|0|0|0|0|0|0|0
45|F0|0|1|0|1|1|1|0|0|0|0|1|0|452851432|452851437|0|0|0|0|0|0|0|0|0|0
46|F0|0|1|0|1|1|1|0|0|0|0|1|0|461222917|461222922|0|0|0|0|0|0|0|0|0|0
47|F0|0|1|0|1|1|1|0|0|0|0|1|0|468681896|468681901|0|0|0|0|0|0|0|0|0|0
48|F0|0|1|0|1|1|1|0|0|0|0|1|0|477747340|477747345|0|0|0|0|0|0|0|0|0|0
49|F0|0|1|0|1|1|1|0|0|0|0|1|0|486828858|486828863|0|0|0|0|0|0|0|0|0|0
50|F0|0|1|0|1|1|1|0|0|0|0|1|0|495598876|495598881|0|0|0|0|0|0|0|0|0|0
51|F0|0|1|0|1|1|1|0|0|0|0|1|0|504285221|504285226|0|0|0|0|0|0|0|0|0|0
52|F0|0|1|0|1|1|1|0|0|0|0|1|0|515880067|515880072|0|0|0|0|0|0|0|0|0|0
53|F0|0|1|0|1|1|1|0|0|0|0|1|0|525115797|525115802|0|0|0|0|0|0|0|0|0|0
54|F0|0|1|0|1|1|1|0|0|0|0|1|0|534178002|534178007|0|0|0|0|0|0|0|0|0|0
55|F0|0|1|0|1|1|1|0|0|0|0|1|0|542029134|542029139|0|0|0|0|0|0|0|0|0|0
56|F0|0|1|0|1|1|1|0|0|0|0|1|0|554105358|554105363|0|0|0|0|0|0|0|0|0|0
57|F0|0|1|0|1|1|1|0|0|0|0|1|0|561528995|561529000|0|0|0|0|0|0|0|0|0|0
58|F0|0|1|0|1|1|1|0|0|0|0|1|0|569765498|569765503|0|0|0|0|0|0|0|0|0|0
59|F0|0|1|0|1|1|1|0|0|0|0|1|0|577909781|577909786|0|0|0|0|0|0|0|0|0|0
60|F0|0|1|0|1|1|1|0|0|0|0|1|0|585317324|585317329|0|0|0|0|0|0|0|0|0|0
61|F0|0|1|0|1|1|1|0|0|0|0|1|0|593406070|593406075|0|0|0|0|0|0|0|0|0|0
62|F0|0|1|0|1|1|1|0|0|0|0|1|0|605224988|605224993|0|0|0|0|0|0|0|0|0|0
63|F0|0|1|0|1|1|1|0|0|0|0|1|0|615643441|615643446|0|0|0|0|0|0|0|0|0|0
64|F0|0|1|0|1|1|1|0|0|0|0|1|0|623314510|623314515|0|0|0|0|0|0|0|0|0|0
65|F0|0|1|0|1|1|1|0|0|0|0|1|0|631030805|631030810|0|0|0|0|0|0|0|0|0|0
66|F0|0|1|0|1|1|1|0|0|0|0|1|0|637384565|637384570|0|0|0|0|0|0|0|0|0|0
67|F0|0|1|0|1|1|1|0|0|0|0|1|0|646919189|646919194|0|0|0|0|0|0|0|0|0|0
68|F0|0|1|0|1|1|1|0|0|0|0|1|0|656537308|656537313|0|0|0|0|0|0|0|0|0|0
69|F0|0|1|0|1|1|1|0|0|0|0|1|0|664963438|664963443|0|0|0|0|0|0|0|0|0|0
70|F0|0|1|0|1|1|1|0|0|0|0|1|0|673527724|673527729|0|0|0|0|0|0|0|0|0|0
71|F0|0|1|0|1|1|1|0|0|0|0|1|0|682676736|682676741|0|0|0|0|0|0|0|0|0|0
72|F0|0|1|0|1|1|1|0|0|0|0|1|0|690842711|690842716|0|0|0|0|0|0|0|0|0|0
73|F0|0|1|0|1|1|1|0|0|0|0|1|0|699207811|699207816|0|0|0|0|0|0|0|0|0|0
74|F0|0|1|0|1|1|1|0|0|0|0|1|0|711084606|711084611|0|0|0|0|0|0|0|0|0|0
75|F0|0|1|0|1|1|1|0|0|0|0|1|0|720095461|720095466|0|0|0|0|0|0|0|0|0|0
76|F0|0|1|0|1|1|1|0|0|0|0|1|0|728149160|728149165|0|0|0|0|0|0|0|0|0|0
77|F0|0|1|0|1|1|1|0|0|0|0|1|0|737375246|737375251|0|0|0|0|0|0|0|0|0|0
78|F0|0|1|0|1|1|1|0|0|0|0|1|0|747073663|747073668|0|0|0|0|0|0|0|0|0|0
79|F0|0|1|0|1|1|1|0|0|0|0|1|0|757765178|757765183|0|0|0|0|0|0|0|0|0|0
80|F0|0|1|0|1|1|1|0|0|0|0|1|0|768376309|768376314|0|0|0|0|0|0|0|0|0|0
81|F0|0|1|0|1|1|1|0|0|0|0|1|0|779595061|779595066|0|0|0|0|0|0|0|0|0|0
82|F0|0|1|0|1|1|1|0|0|0|0|1|0|790110015|790110020|0|0|0|0|0|0|0|0|0|0
83|F0|0|1|0|1|1|1|0|0|0|0|1|0|799628512|799628517|0|0|0|0|0|0|0|0|0|0
84|F0|0|1|0|1|1|1|0|0|0|0|1|0|809559254|809559259|0|0|0|0|0|0|0|0|0|0
85|F0|0|1|0|1|1|1|0|0|0|0|1|0|819071788|819071793|0|0|0|0|0|0|0|0|0|0
86|F0|0|1|0|1|1|1|0|0|0|0|1|0|828211182|828211187|0|0|0|0|0|0|0|0|0|0
87|F0|0|1|0|1|1|1|0|0|0|0|1|0|836164959|836164964|0|0|0|0|0|0|0|0|0|0
88|F0|0|1|0|1|1|1|0|0|0|0|1|0|845760526|845760531|0|0|0|0|0|0|0|0|0|0
89|F0|0|1|0|1|1|1|0|0|0|0|1|0|853573178|853573183|0|0|0|0|0|0|0|0|0|0
90|F0|0|1|0|1|1|1|0|0|0|0|1|0|862767150|862767155|0|0|0|0|0|0|0|0|0|0
91|F0|0|1|0|1|1|1|0|0|0|0|1|0|871790942|871790947|0|0|0|0|0|0|0|0|0|0
92|F0|0|1|0|1|1|1|0|0|0|0|1|0|880557687|880557692|0|0|0|0|0|0|0|0|0|0
93|F0|0|1|0|1|1|1|0|0|0|0|1|0|890146821|890146826|0|0|0|0|0|0|0|0|0|0
94|F0|0|1|0|1|1|1|0|0|0|0|1|0|899415205|899415210|0|0|0|0|0|0|0|0|0|0
95|F0|0|1|0|1|1|1|0|0|0|0|1|0|909539157|909539162|0|0|0|0|0|0|0|0|0|0
96|F0|0|1|0|1|1|1|0|0|0|0|1|0|916699368|916699373|0|0|0|0|0|0|0|0|0|0
97|F0|0|1|0|1|1|1|0|0|0|0|1|0|924482871|924482876|0|0|0|0|0|0|0|0|0|0
98|F0|0|1|0|1|1|1|0|0|0|0|1|0|934023880|934023885|0|0|0|0|0|0|0|0|0|0
99|F0|0|1|0|1|1|1|0|0|0|0|1|0|943359249|943359254|0|0|0|0|0|0|0|0|0|0
100|F0|0|1|0|1|1|1|0|0|0|0|1|0|952186988|952186993|0|0|0|0|0|0|0|0|0|0
101|F0|0|1|0|1|1|1|0|0|0|0|1|0|961313801|961313806|0|0|0|0|0|0|0|0|0|0
102|F0|0|1|0|1|1|1|0|0|0|0|1|0|969222782|969222787|0|0|0|0|0|0|0|0|0|0
103|F0|0|1|0|1|1|1|0|0|0|0|1|0|978593522|978593527|0|0|0|0|0|0|0|0|0|0
104|F0|0|1|0|1|1|1|0|0|0|0|1|0|986242094|986242099|0|0|0|0|0|0|0|0|0|0
105|F0|0|1|0|1|1|1|0|0|0|0|1|0|994812718|994812723|0|0|0|0|0|0|0|0|0|0
106|F0|0|1|0|1|1|1|0|0|0|0|1|0|1003014197|1003014202|0|0|0|0|0|0|0|0|0|0
107|F0|0|1|0|1|1|1|0|0|0|0|1|0|1012362811|1012362816|0|0|0|0|0|0|0|0|0|0
108|F0|0|1|0|1|1|1|0|0|0|0|1|0|1021569626|1021569631|0|0|0|0|0|0|0|0|0|0
109|F0|0|1|0|1|1|1|0|0|0|0|1|0|1032980732|1032980737|0|0|0|0|0|0|0|0|0|0
110|F0|0|1|0|1|1|1|0|0|0|0|1|0|1044861399|1044861404|0|0|0|0|0|0|0|0|0|0
111|F0|0|1|0|1|1|1|0|0|0|0|1|0|1054550216|1054550221|0|0|0|0|0|0|0|0|0|0
112|F0|0|1|0|1|1|1|0|0|0|0|1|0|1063230110|1063230115|0|0|0|0|0|0|0|0|0|0
113|F0|0|1|0|1|1|1|0|0|0|0|1|0|1071530920|1071530925|0|0|0|0|0|0|0|0|0|0
114|F0|0|1|0|1|1|1|0|0|0|0|1|0|1082868805|1082868810|0|0|0|0|0|0|0|0|0|0
115|F0|0|1|0|1|1|1|0|0|0|0|1|0|1092933512|1092933517|0|0|0|0|0|0|0|0|0|0
116|F0|0|1|0|1|1|1|0|0|0|0|1|0|1102545225|1102545230|0|0|0|0|0|0|0|0|0|0
117|F0|0|1|0|1|1|1|0|0|0|0|1|0|1111954570|1111954575|0|0|0|0|0|0|0|0|0|0
118|F0|0|1|0|1|1|1|0|0|0|0|1|0|1120637838|1120637843|0|0|0|0|0|0|0|0|0|0
119|F0|0|1|0|1|1|1|0|0|0|0|1|0|1128212667|1128212672|0|0|0|0|0|0|0|0|0|0
120|F0|0|1|0|1|1|1|0|0|0|0|1|0|1137400526|1137400531|0|0|0|0|0|0|0|0|0|0
121|F0|0|1|0|1|1|1|0|0|0|0|1|0|1147317468|1147317473|0|0|0|0|0|0|0|0|0|0
122|F0|0|1|0|1|1|1|0|0|0|0|1|0|1155843246|1155843251|0|0|0|0|0|0|0|0|0|0
123|F0|0|1|0|1|1|1|0|0|0|0|1|0|1164998901|1164998906|0|0|0|0|0|0|0|0|0|0
124|F0|0|1|0|1|1|1|0|0|0|0|1|0|1173534235|1173534240|0|0|0|0|0|0|0|0|0|0
125|F0|0|1|0|1|1|1|0|0|0|0|1|0|1181455907|1181455912|0|0|0|0|0|0|0|0|0|0
126|F0|0|1|0|1|1|1|0|0|0|0|1|0|1189345484|1189345489|0|0|0|0|0|0|0|0|0|0
127|F0|0|1|0|1|1|1|0|0|0|0|1|0|1197341070|1197341075|0|0|0|0|0|0|0|0|0|0
128|F0|0|1|0|1|1|1|0|0|0|0|1|0|1208231422|1208231427|0|0|0|0|0|0|0|0|0|0
129|F0|0|1|0|1|1|1|0|0|0|0|1|0|1217564017|1217564022|0|0|0|0|0|0|0|0|0|0
130|F0|0|1|0|1|1|1|0|0|0|0|1|0|1226517182|1226517187|0|0|0|0|0|0|0|0|0|0
131|F0|0|1|0|1|1|1|0|0|0|0|1|0|1238125512|1238125517|0|0|0|0|0|0|0|0|0|0
132|F0|0|1|0|1|1|1|0|0|0|0|1|0|1252630843|1252630848|0|0|0|0|0|0|0|0|0|0
133|F0|0|1|0|1|1|1|0|0|0|0|1|0|1261959831|1261959836|0|0|0|0|0|0|0|0|0|0
134|F0|0|1|0|1|1|1|0|0|0|0|1|0|1270225461|1270225466|0|0|0|0|0|0|0|0|0|0
135|F0|0|1|0|1|1|1|0|0|0|0|1|0|1281292990|1281292995|0|0|0|0|0|0|0|0|0|0
136|F0|0|1|0|1|1|1|0|0|0|0|1|0|1290053658|1290053663|0|0|0|0|0|0|0|0|0|0
137|F0|0|1|0|1|1|1|0|0|0|0|1|0|1298945662|1298945667|0|0|0|0|0|0|0|0|0|0
138|F0|0|1|0|1|1|1|0|0|0|0|1|0|1311424387|1311424392|0|0|0|0|0|0|0|0|0|0
139|F0|0|1|0|1|1|1|0|0|0|0|1|0|1321122878|1321122883|0|0|0|0|0|0|0|0|0|0
140|F0|0|1|0|1|1|1|0|0|0|0|1|0|1329867358|1329867363|0|0|0|0|0|0|0|0|0|0
141|F0|0|1|0|1|1|1|0|0|0|0|1|0|1340600293|1340600298|0|0|0|0|0|0|0|0|0|0
142|F0|0|1|0|1|1|1|0|0|0|0|1|0|1350700593|1350700598|0|0|0|0|0|0|0|0|0|0
143|F0|0|1|0|1|1|1|0|0|0|0|1|0|1358542015|1358542020|0|0|0|0|0|0|0|0|0|0
144|F0|0|1|0|1|1|1|0|0|0|0|1|0|1369606412|1369606417|0|0|0|0|0|0|0|0|0|0
145|F0|0|1|0|1|1|1|0|0|0|0|1|0|1381862526|1381862531|0|0|0|0|0|0|0|0|0|0
146|F0|0|1|0|1|1|1|0|0|0|0|1|0|1390719477|1390719482|0|0|0|0|0|0|0|0|0|0
147|F0|0|1|0|1|1|1|0|0|0|0|1|0|1400601102|1400601107|0|0|0|0|0|0|0|0|0|0
148|F0|0|1|0|1|1|1|0|0|0|0|1|0|1409104671|1409104676|0|0|0|0|0|0|0|0|0|0
149|F0|0|1|0|1|1|1|0|0|0|0|1|0|1417753502|1417753507|0|0|0|0|0|0|0|0|0|0
150|F0|0|1|0|1|1|1|0|0|0|0|1|0|1425424584|1425424589|0|0|0|0|0|0|0|0|0|0
151|F0|0|1|0|1|1|1|0|0|0|0|1|0|1434824453|1434824458|0|0|0|0|0|0|0|0|0|0
152|F0|0|1|0|1|1|1|0|0|0|0|1|0|1443844956|1443844961|0|0|0|0|0|0|0|0|0|0
153|F0|0|1|0|1|1|1|0|0|0|0|1|0|1450246990|1450246995|0|0|0|0|0|0|0|0|0|0
154|F0|0|1|0|1|1|1|0|0|0|0|1|0|1459916437|1459916442|0|0|0|0|0|0|0|0|0|0
155|F0|0|1|0|1|1|1|0|0|0|0|1|0|1468034188|1468034193|0|0|0|0|0|0|0|0|0|0
156|F0|0|1|0|1|1|1|0|0|0|0|1|0|1478609934|1478609939|0|0|0|0|0|0|0|0|0|0
157|F0|0|1|0|1|1|1|0|0|0|0|1|0|1486544466|1486544471|0|0|0|0|0|0|0|0|0|0
158|F0|0|1|0|1|1|1|0|0|0|0|1|0|1493955254|1493955259|0|0|0|0|0|0|0|0|0|0
159|F0|0|1|0|1|1|1|0|0|0|0|1|0|1501799793|1501799798|0|0|0|0|0|0|0|0|0|0
160|F0|0|1|0|1|1|1|0|0|0|0|1|0|1509637955|1509637960|0|0|0|0|0|0|0|0|0|0
161|F0|0|1|0|1|1|1|0|0|0|0|1|0|1516364654|1516364659|0|0|0|0|0|0|0|0|0|0
162|F0|0|1|0|1|1|1|0|0|0|0|1|0|1523975043|1523975048|0|0|0|0|0|0|0|0|0|0
163|F0|0|1|0|1|1|1|0|0|0|0|1|0|1533165966|1533165971|0|0|0|0|0|0|0|0|0|0
164|F0|0|1|0|1|1|1|0|0|0|0|1|0|1542899697|1542899702|0|0|0|0|0|0|0|0|0|0
165|F0|0|1|0|1|1|1|0|0|0|0|1|0|1551126623|1551126628|0|0|0|0|0|0|0|0|0|0
166|F0|0|1|0|1|1|1|0|0|0|0|1|0|1559392158|1559392163|0|0|0|0|0|0|0|0|0|0
167|F0|0|1|0|1|1|1|0|0|0|0|1|0|1566999354|1566999359|0|0|0|0|0|0|0|0|0|0
168|F0|0|1|0|1|1|1|0|0|0|0|1|0|1578452133|1578452138|0|0|0|0|0|0|0|0|0|0
169|F0|0|1|0|1|1|1|0|0|0|0|1|0|1586473521|1586473526|0|0|0|0|0|0|0|0|0|0
170|F0|0|1|0|1|1|1|0|0|0|0|1|0|1593110272|1593110277|0|0|0|0|0|0|0|0|0|0
171|F0|0|1|0|1|1|1|0|0|0|0|1|0|1601308895|1601308900|0|0|0|0|0|0|0|0|0|0
172|F0|0|1|0|1|1|1|0|0|0|0|1|0|1609853891|1609853896|0|0|0|0|0|0|0|0|0|0
173|F0|0|1|0|1|1|1|0|0|0|0|1|0|1617968279|1617968284|0|0|0|0|0|0|0|0|0|0
174|F0|0|1|0|1|1|1|0|0|0|0|1|0|1625372620|1625372625|0|0|0|0|0|0|0|0|0|0
175|F0|0|1|0|1|1|1|0|0|0|0|1|0|1635042166|1635042171|0|0|0|0|0|0|0|0|0|0
176|F0|0|1|0|1|1|1|0|0|0|0|1|0|1643902079|1643902084|0|0|0|0|0|0|0|0|0|0
177|F0|0|1|0|1|1|1|0|0|0|0|1|0|1651685800|1651685805|0|0|0|0|0|0|0|0|0|0
178|F0|0|1|0|1|1|1|0|0|0|0|1|0|1659260858|1659260863|0|0|0|0|0|0|0|0|0|0
179|F0|0|1|0|1|1|1|0|0|0|0|1|0|1668914430|1668914435|0|0|0|0|0|0|0|0|0|0
180|F0|0|1|0|1|1|1|0|0|0|0|1|0|1676412227|1676412232|0|0|0|0|0|0|0|0|0|0
181|F0|0|1|0|1|1|1|0|0|0|0|1|0|1684170344|1684170349|0|0|0|0|0|0|0|0|0|0
182|F0|0|1|0|1|1|1|0|0|0|0|1|0|1691295258|1691295263|0|0|0|0|0|0|0|0|0|0
183|F0|0|1|0|1|1|1|0|0|0|0|1|0|1702542307|1702542312|0|0|0|0|0|0|0|0|0|0
184|F0|0|1|0|1|1|1|0|0|0|0|1|0|1709403816|1709403821|0|0|0|0|0|0|0|0|0|0
185|F0|0|1|0|1|1|1|0|0|0|0|1|0|1718058382|1718058387|0|0|0|0|0|0|0|0|0|0
186|F0|0|1|0|1|1|1|0|0|0|0|1|0|1724274176|1724274181|0|0|0|0|0|0|0|0|0|0
187|F0|0|1|0|1|1|1|0|0|0|0|1|0|1734297042|1734297047|0|0|0|0|0|0|0|0|0|0
188|F0|0|1|0|1|1|1|0|0|0|0|1|0|1742411564|1742411569|0|0|0|0|0|0|0|0|0|0
189|F0|0|1|0|1|1|1|0|0|0|0|1|0|1752701349|1752701354|0|0|0|0|0|0|0|0|0|0
190|F0|0|1|0|1|1|1|0|0|0|0|1|0|1763983889|1763983894|0|0|0|0|0|0|0|0|0|0
191|F0|0|1|0|1|1|1|0|0|0|0|1|0|1771231048|1771231053|0|0|0|0|0|0|0|0|0|0
192|F0|0|1|0|1|1|1|0|0|0|0|1|0|1778240268|1778240273|0|0|0|0|0|0|0|0|0|0
193|F0|0|1|0|1|1|1|0|0|0|0|1|0|1785320462|1785320467|0|0|0|0|0|0|0|0|0|0
194|F0|0|1|0|1|1|1|0|0|0|0|1|0|1794164222|1794164227|0|0|0|0|0|0|0|0|0|0
195|F0|0|1|0|1|1|1|0|0|0|0|1|0|1803500091|1803500096|0|0|0|0|0|0|0|0|0|0
196|F0|0|1|0|1|1|1|0|0|0|0|1|0|1811990380|1811990385|0|0|0|0|0|0|0|0|0|0
197|F0|0|1|0|1|1|1|0|0|0|0|1|0|1819208433|1819208438|0|0|0|0|0|0|0|0|0|0
198|F0|0|1|0|1|1|1|0|0|0|0|1|0|1828174238|1828174243|0|0|0|0|0|0|0|0|0|0
199|F0|0|1|0|1|1|1|0|0|0|0|1|0|1837226862|1837226867|0|0|0|0|0|0|0|0|0|0
200|F0|0|1|0|1|1|1|0|0|0|0|1|0|1845688476|1845688481|0|0|0|0|0|0|0|0|0|0
201|F0|0|1|0|1|1|1|0|0|0|0|1|0|1855274449|1855274454|0|0|0|0|0|0|0|0|0|0
202|F0|0|1|0|1|1|1|0|0|0|0|1|0|1864741544|1864741549|0|0|0|0|0|0|0|0|0|0
203|F0|0|1|0|1|1|1|0|0|0|0|1|0|1873559628|1873559633|0|0|0|0|0|0|0|0|0|0
204|F0|0|1|0|1|1|1|0|0|0|0|1|0|1881882911|1881882916|0|0|0|0|0|0|0|0|0|0
205|F0|0|1|0|1|1|1|0|0|0|0|1|0|1890453718|1890453723|0|0|0|0|0|0|0|0|0|0
206|F0|0|1|0|1|1|1|0|0|0|0|1|0|1900033270|1900033275|0|0|0|0|0|0|0|0|0|0
207|F0|0|1|0|1|1|1|0|0|0|0|1|0|1906939957|1906939962|0|0|0|0|0|0|0|0|0|0
208|F0|0|1|0|1|1|1|0|0|0|0|1|0|1914970848|1914970853|0|0|0|0|0|0|0|0|0|0
209|F0|0|1|0|1|1|1|0|0|0|0|1|0|1925186485|1925186490|0|0|0|0|0|0|0|0|0|0
210|F0|0|1|0|1|1|1|0|0|0|0|1|0|1937487390|1937487395|0|0|0|0|0|0|0|0|0|0
211|F0|0|1|0|1|1|1|0|0|0|0|1|0|1944914300|1944914305|0|0|0|0|0|0|0|0|0|0
212|F0|0|1|0|1|1|1|0|0|0|0|1|0|1952441550|1952441555|0|0|0|0|0|0|0|0|0|0
213|F0|0|1|0|1|1|1|0|0|0|0|1|0|1962558897|1962558902|0|0|0|0|0|0|0|0|0|0
214|F0|0|1|0|1|1|1|0|0|0|0|1|0|1970371340|1970371345|0|0|0|0|0|0|0|0|0|0
215|F0|0|1|0|1|1|1|0|0|0|0|1|0|1979664874|1979664879|0|0|0|0|0|0|0|0|0|0
216|F0|0|1|0|1|1|1|0|0|0|0|1|0|1985909361|1985909366|0|0|0|0|0|0|0|0|0|0
217|F0|0|1|0|1|1|1|0|0|0|0|1|0|1995556773|1995556778|0|0|0|0|0|0|0|0|0|0
218|F0|0|1|0|1|1|1|0|0|0|0|1|0|2004095264|2004095269|0|0|0|0|0|0|0|0|0|0
219|F0|0|1|0|1|1|1|0|0|0|0|1|0|2012916566|2012916571|0|0|0|0|0|0|0|0|0|0
220|F0|0|1|0|1|1|1|0|0|0|0|1|0|2020883194|2020883199|0|0|0|0|0|0|0|0|0|0
221|F0|0|1|0|1|1|1|0|0|0|0|1|0|2030623324|2030623329|0|0|0|0|0|0|0|0|0|0
222|F0|0|1|0|1|1|1|0|0|0|0|1|0|2038689568|2038689573|0|0|0|0|0|0|0|0|0|0
223|F0|0|1|0|1|1|1|0|0|0|0|1|0|2046563002|2046563007|0|0|0|0|0|0|0|0|0|0
224|F0|0|1|0|1|1|1|0|0|0|0|1|0|2058000448|2058000453|0|0|0|0|0|0|0|0|0|0
225|F0|0|1|0|1|1|1|0|0|0|0|1|0|2065199253|2065199258|0|0|0|0|0|0|0|0|0|0
226|F0|0|1|0|1|1|1|0|0|0|0|1|0|2074129845|2074129850|0|0|0|0|0|0|0|0|0|0
227|F0|0|1|0|1|1|1|0|0|0|0|1|0|2081958294|2081958299|0|0|0|0|0|0|0|0|0|0
228|F0|0|1|0|1|1|1|0|0|0|0|1|0|2091631145|2091631150|0|0|0|0|0|0|0|0|0|0
229|F0|0|1|0|1|1|1|0|0|0|0|1|0|2098993690|2098993695|0|0|0|0|0|0|0|0|0|0
230|F0|0|1|0|1|1|1|0|0|0|0|1|0|2105238325|2105238330|0|0|0|0|0|0|0|0|0|0
231|F0|0|1|0|1|1|1|0|0|0|0|1|0|2113185695|2113185700|0|0|0|0|0|0|0|0|0|0
232|F0|0|1|0|1|1|1|0|0|0|0|1|0|2123909180|2123909185|0|0|0|0|0|0|0|0|0|0
233|F0|0|1|0|1|1|1|0|0|0|0|1|0|2131088597|2131088602|0|0|0|0|0|0|0|0|0|0
234|F0|0|1|0|1|1|1|0|0|0|0|1|0|2139032744|2139032749|0|0|0|0|0|0|0|0|0|0
235|F0|0|1|0|1|1|1|0|0|0|0|1|0|2146957566|2146957571|0|0|0|0|0|0|0|0|0|0
236|F0|0|1|0|1|1|1|0|0|0|0|1|0|2157093372|2157093377|0|0|0|0|0|0|0|0|0|0
237|F0|0|1|0|1|1|1|0|0|0|0|1|0|2164655230|2164655235|0|0|0|0|0|0|0|0|0|0
238|F0|0|1|0|1|1|1|0|0|0|0|1|0|2173303103|2173303108|0|0|0|0|0|0|0|0|0|0
239|F0|0|1|0|1|1|1|0|0|0|0|1|0|2182240000|2182240005|0|0|0|0|0|0|0|0|0|0
240|F0|0|1|0|1|1|1|0|0|0|0|1|0|2191717640|2191717645|0|0|0|0|0|0|0|0|0|0
241|F0|0|1|0|1|1|1|0|0|0|0|1|0|2199099470|2199099475|0|0|0|0|0|0|0|0|0|0
242|F0|0|1|0|1|1|1|0|0|0|0|1|0|2207152853|2207152858|0|0|0|0|0|0|0|0|0|0
243|F0|0|1|0|1|1|1|0|0|0|0|1|0|2216717600|2216717605|0|0|0|0|0|0|0|0|0|0
244|F0|0|1|0|1|1|1|0|0|0|0|1|0|2224604008|2224604013|0|0|0|0|0|0|0|0|0|0
245|F0|0|1|0|1|1|1|0|0|0|0|1|0|2232031189|2232031194|0|0|0|0|0|0|0|0|0|0
246|F0|0|1|0|1|1|1|0|0|0|0|1|0|2241160945|2241160950|0|0|0|0|0|0|0|0|0|0
247|F0|0|1|0|1|1|1|0|0|0|0|1|0|2250888293|2250888298|0|0|0|0|0|0|0|0|0|0
248|F0|0|1|0|1|1|1|0|0|0|0|1|0|2258186650|2258186655|0|0|0|0|0|0|0|0|0|0
249|F0|0|1|0|1|1|1|0|0|0|0|1|0|2265404982|2265404987|0|0|0|0|0|0|0|0|0|0
250|F0|0|1|0|1|1|1|0|0|0|0|1|0|2272526670|2272526675|0|0|0|0|0|0|0|0|0|0
251|F0|0|1|0|1|1|1|0|0|0|0|1|0|2282064830|2282064835|0|0|0|0|0|0|0|0|0|0
252|F0|0|1|0|1|1|1|0|0|0|0|1|0|2289417861|2289417866|0|0|0|0|0|0|0|0|0|0
253|F0|0|1|0|1|1|1|0|0|0|0|1|0|2297198222|2297198227|0|0|0|0|0|0|0|0|0|0
254|F0|0|1|0|1|1|1|0|0|0|0|1|0|2305656494|2305656499|0|0|0|0|0|0|0|0|0|0
255|F0|0|1|0|1|1|1|0|0|0|0|1|0|2317205608|2317205613|0|0|0|0|0|0|0|0|0|0
256|F0|0|1|0|1|1|1|0|0|0|0|1|0|2325236502|2325236507|0|0|0|0|0|0|0|0|0|0
257|F0|0|1|0|1|1|1|0|0|0|0|1|0|2333110070|2333110075|0|0|0|0|0|0|0|0|0|0
258|F0|0|1|0|1|1|1|0|0|0|0|1|0|2340161399|2340161404|0|0|0|0|0|0|0|0|0|0
259|F0|0|1|0|1|1|1|0|0|0|0|1|0|2349606190|2349606195|0|0|0|0|0|0|0|0|0|0
260|F0|0|1|0|1|1|1|0|0|0|0|1|0|2359012168|2359012173|0|0|0|0|0|0|0|0|0|0
261|F0|0|1|0|1|1|1|0|0|0|0|1|0|2370606679|2370606684|0|0|0|0|0|0|0|0|0|0
262|F0|0|1|0|1|1|1|0|0|0|0|1|0|2380212053|2380212058|0|0|0|0|0|0|0|0|0|0
263|F0|0|1|0|1|1|1|0|0|0|0|1|0|2389518508|2389518513|0|0|0|0|0|0|0|0|0|0
264|F0|0|1|0|1|1|1|0|0|0|0|1|0|2398426590|2398426595|0|0|0|0|0|0|0|0|0|0
265|F0|0|1|0|1|1|1|0|0|0|0|1|0|2407688050|2407688055|0|0|0|0|0|0|0|0|0|0
266|F0|0|1|0|1|1|1|0|0|0|0|1|0|2417437905|2417437910|0|0|0|0|0|0|0|0|0|0
267|F0|0|1|0|1|1|1|0|0|0|0|1|0|2425574837|2425574842|0|0|0|0|0|0|0|0|0|0
268|F0|0|1|0|1|1|1|0|0|0|0|1|0|2432664465|2432664470|0|0|0|0|0|0|0|0|0|0
269|F0|0|1|0|1|1|1|0|0|0|0|1|0|2442653210|2442653215|0|0|0|0|0|0|0|0|0|0
270|F0|0|1|0|1|1|1|0|0|0|0|1|0|2451687470|2451687475|0|0|0|0|0|0|0|0|0|0
271|F0|0|1|0|1|1|1|0|0|0|0|1|0|2459143290|2459143295|0|0|0|0|0|0|0|0|0|0
272|F0|0|1|0|1|1|1|0|0|0|0|1|0|2466627982|2466627987|0|0|0|0|0|0|0|0|0|0
273|F0|0|1|0|1|1|1|0|0|0|0|1|0|2473939230|2473939235|0|0|0|0|0|0|0|0|0|0
274|F0|0|1|0|1|1|1|0|0|0|0|1|0|2482937174|2482937179|0|0|0|0|0|0|0|0|0|0
275|F0|0|1|0|1|1|1|0|0|0|0|1|0|2492931404|2492931409|0|0|0|0|0|0|0|0|0|0
276|F0|0|1|0|1|1|1|0|0|0|0|1|0|2502025891|2502025896|0|0|0|0|0|0|0|0|0|0
277|F0|0|1|0|1|1|1|0|0|0|0|1|0|2511515626|2511515631|0|0|0|0|0|0|0|0|0|0
278|F0|0|1|0|1|1|1|0|0|0|0|1|0|2519954545|2519954550|0|0|0|0|0|0|0|0|0|0
279|F0|0|1|0|1|1|1|0|0|0|0|1|0|2528711520|2528711525|0|0|0|0|0|0|0|0|0|0
280|F0|0|1|0|1|1|1|0|0|0|0|1|0|2537111967|2537111972|0|0|0|0|0|0|0|0|0|0
281|F0|0|1|0|1|1|1|0|0|0|0|1|0|2547582010|2547582015|0|0|0|0|0|0|0|0|0|0
282|F0|0|1|0|1|1|1|0|0|0|0|1|0|2557473216|2557473221|0|0|0|0|0|0|0|0|0|0
283|F0|0|1|0|1|1|1|0|0|0|0|1|0|2570776846|2570776851|0|0|0|0|0|0|0|0|0|0
284|F0|0|1|0|1|1|1|0|0|0|0|1|0|2580330682|2580330687|0|0|0|0|0|0|0|0|0|0
285|F0|0|1|0|1|1|1|0|0|0|0|1|0|2592329790|2592329795|0|0|0|0|0|0|0|0|0|0
286|F0|0|1|0|1|1|1|0|0|0|0|1|0|2600093966|2600093971|0|0|0|0|0|0|0|0|0|0
287|F0|0|1|0|1|1|1|0|0|0|0|1|0|2612507360|2612507365|0|0|0|0|0|0|0|0|0|0
288|F0|0|1|0|1|1|1|0|0|0|0|1|0|2629162632|2629162637|0|0|0|0|0|0|0|0|0|0
289|F0|0|1|0|1|1|1|0|0|0|0|1|0|2639680598|2639680603|0|0|0|0|0|0|0|0|0|0
290|F0|0|1|0|1|1|1|0|0|0|0|1|0|2649832748|2649832753|0|0|0|0|0|0|0|0|0|0
291|F0|0|1|0|1|1|1|0|0|0|0|1|0|2661542545|2661542550|0|0|0|0|0|0|0|0|0|0
292|F0|0|1|0|1|1|1|0|0|0|0|1|0|2669901852|2669901857|0|0|0|0|0|0|0|0|0|0
293|F0|0|1|0|1|1|1|0|0|0|0|1|0|2683048881|2683048886|0|0|0|0|0|0|0|0|0|0
294|F0|0|1|0|1|1|1|0|0|0|0|1|0|2692484552|2692484557|0|0|0|0|0|0|0|0|0|0
295|F0|0|1|0|1|1|1|0|0|0|0|1|0|2701396238|2701396243|0|0|0|0|0|0|0|0|0|0
296|F0|0|1|0|1|1|1|0|0|0|0|1|0|2708819925|2708819930|0|0|0|0|0|0|0|0|0|0
297|F0|0|1|0|1|1|1|0|0|0|0|1|0|2718418766|2718418771|0|0|0|0|0|0|0|0|0|0
298|F0|0|1|0|1|1|1|0|0|0|0|1|0|2726273050|2726273055|0|0|0|0|0|0|0|0|0|0
299|F0|0|1|0|1|1|1|0|0|0|0|1|0|2736713678|2736713683|0|0|0|0|0|0|0|0|0|0
300|F0|0|1|0|1|1|1|0|0|0|0|1|0|2746974716|2746974721|0|0|0|0|0|0|0|0|0|0
301|F0|0|1|0|1|1|1|0|0|0|0|1|0|2759896019|2759896024|0|0|0|0|0|0|0|0|0|0
302|F0|0|1|0|1|1|1|0|0|0|0|1|0|2772473893|2772473898|0|0|0|0|0|0|0|0|0|0
303|F0|0|1|0|1|1|1|0|0|0|0|1|0|2782618943|2782618948|0|0|0|0|0|0|0|0|0|0
304|F0|0|1|0|1|1|1|0|0|0|0|1|0|2791826010|2791826015|0|0|0|0|0|0|0|0|0|0
305|F0|0|1|0|1|1|1|0|0|0|0|1|0|2800769832|2800769837|0|0|0|0|0|0|0|0|0|0
306|F0|0|1|0|1|1|1|0|0|0|0|1|0|2809790453|2809790458|0|0|0|0|0|0|0|0|0|0
307|F0|0|1|0|1|1|1|0|0|0|0|1|0|2818801461|2818801466|0|0|0|0|0|0|0|0|0|0
308|F0|0|1|0|1|1|1|0|0|0|0|1|0|2827173032|2827173037|0|0|0|0|0|0|0|0|0|0
309|F0|0|1|0|1|1|1|0|0|0|0|1|0|2835910732|2835910737|0|0|0|0|0|0|0|0|0|0
310|F0|0|1|0|1|1|1|0|0|0|0|1|0|2844940846|2844940851|0|0|0|0|0|0|0|0|0|0
311|F0|0|1|0|1|1|1|0|0|0|0|1|0|2854938047|2854938052|0|0|0|0|0|0|0|0|0|0
312|F0|0|1|0|1|1|1|0|0|0|0|1|0|2863444497|2863444502|0|0|0|0|0|0|0|0|0|0
313|F0|0|1|0|1|1|1|0|0|0|0|1|0|2871404657|2871404662|0|0|0|0|0|0|0|0|0|0
314|F0|0|1|0|1|1|1|0|0|0|0|1|0|2881736014|2881736019|0|0|0|0|0|0|0|0|0|0
315|F0|0|1|0|1|1|1|0|0|0|0|1|0|2890875409|2890875414|0|0|0|0|0|0|0|0|0|0
316|F0|0|1|0|1|1|1|0|0|0|0|1|0|2897322400|2897322405|0|0|0|0|0|0|0|0|0|0
317|F0|0|1|0|1|1|1|0|0|0|0|1|0|2906175875|2906175880|0|0|0|0|0|0|0|0|0|0
318|F0|0|1|0|1|1|1|0|0|0|0|1|0|2914675861|2914675866|0|0|0|0|0|0|0|0|0|0
319|F0|0|1|0|1|1|1|0|0|0|0|1|0|2923494421|2923494426|0|0|0|0|0|0|0|0|0|0
320|F0|0|1|0|1|1|1|0|0|0|0|1|0|2932733449|2932733454|0|0|0|0|0|0|0|0|0|0
321|F0|0|1|0|1|1|1|0|0|0|0|1|0|2941500218|2941500223|0|0|0|0|0|0|0|0|0|0
322|F0|0|1|0|1|1|1|0|0|0|0|1|0|2952355712|2952355717|0|0|0|0|0|0|0|0|0|0
323|F0|0|1|0|1|1|1|0|0|0|0|1|0|2960811089|2960811094|0|0|0|0|0|0|0|0|0|0
324|F0|0|1|0|1|1|1|0|0|0|0|1|0|2970140087|2970140092|0|0|0|0|0|0|0|0|0|0
325|F0|0|1|0|1|1|1|0|0|0|0|1|0|2978219180|2978219185|0|0|0|0|0|0|0|0|0|0
326|F0|0|1|0|1|1|1|0|0|0|0|1|0|2988399592|2988399597|0|0|0|0|0|0|0|0|0|0
327|F0|0|1|0|1|1|1|0|0|0|0|1|0|2996867502|2996867507|0|0|0|0|0|0|0|0|0|0
328|F0|0|1|0|1|1|1|0|0|0|0|1|0|3006424576|3006424581|0|0|0|0|0|0|0|0|0|0
329|F0|0|1|0|1|1|1|0|0|0|0|1|0|3016119831|3016119836|0|0|0|0|0|0|0|0|0|0
330|F0|0|1|0|1|1|1|0|0|0|0|1|0|3025484114|3025484119|0|0|0|0|0|0|0|0|0|0
331|F0|0|1|0|1|1|1|0|0|0|0|1|0|3031995363|3031995368|0|0|0|0|0|0|0|0|0|0
332|F0|0|1|0|1|1|1|0|0|0|0|1|0|3038210966|3038210971|0|0|0|0|0|0|0|0|0|0
333|F0|0|1|0|1|1|1|0|0|0|0|1|0|3046855587|3046855592|0|0|0|0|0|0|0|0|0|0
334|F0|0|1|0|1|1|1|0|0|0|0|1|0|3054594293|3054594298|0|0|0|0|0|0|0|0|0|0
335|F0|0|1|0|1|1|1|0|0|0|0|1|0|3061118275|3061118280|0|0|0|0|0|0|0|0|0|0
336|F0|0|1|0|1|1|1|0|0|0|0|1|0|3069669617|3069669622|0|0|0|0|0|0|0|0|0|0
337|F0|0|1|0|1|1|1|0|0|0|0|1|0|3076743080|3076743085|0|0|0|0|0|0|0|0|0|0
338|F0|0|1|0|1|1|1|0|0|0|0|1|0|3086341896|3086341901|0|0|0|0|0|0|0|0|0|0
339|F0|0|1|0|1|1|1|0|0|0|0|1|0|3093685221|3093685226|0|0|0|0|0|0|0|0|0|0
340|F0|0|1|0|1|1|1|0|0|0|0|1|0|3102445710|3102445715|0|0|0|0|0|0|0|0|0|0
341|F0|0|1|0|1|1|1|0|0|0|0|1|0|3113185335|3113185340|0|0|0|0|0|0|0|0|0|0
342|F0|0|1|0|1|1|1|0|0|0|0|1|0|3122839022|3122839027|0|0|0|0|0|0|0|0|0|0
343|F0|0|1|0|1|1|1|0|0|0|0|1|0|3130204790|3130204795|0|0|0|0|0|0|0|0|0|0
344|F0|0|1|0|1|1|1|0|0|0|0|1|0|3139745827|3139745832|0|0|0|0|0|0|0|0|0|0
345|F0|0|1|0|1|1|1|0|0|0|0|1|0|3151153887|3151153892|0|0|0|0|0|0|0|0|0|0
346|F0|0|1|0|1|1|1|0|0|0|0|1|0|3158561681|3158561686|0|0|0|0|0|0|0|0|0|0
347|F0|0|1|0|1|1|1|0|0|0|0|1|0|3166322709|3166322714|0|0|0|0|0|0|0|0|0|0
348|F0|0|1|0|1|1|1|0|0|0|0|1|0|3174630065|3174630070|0|0|0|0|0|0|0|0|0|0
349|F0|0|1|0|1|1|1|0|0|0|0|1|0|3185571909|3185571914|0|0|0|0|0|0|0|0|0|0
350|F0|0|1|0|1|1|1|0|0|0|0|1|0|3195045416|3195045421|0|0|0|0|0|0|0|0|0|0
351|F0|0|1|0|1|1|1|0|0|0|0|1|0|3202813205|3202813210|0|0|0|0|0|0|0|0|0|0
352|F0|0|1|0|1|1|1|0|0|0|0|1|0|3212254700|3212254705|0|0|0|0|0|0|0|0|0|0
353|F0|0|1|0|1|1|1|0|0|0|0|1|0|3219781484|3219781489|0|0|0|0|0|0|0|0|0|0
354|F0|0|1|0|1|1|1|0|0|0|0|1|0|3227275939|3227275944|0|0|0|0|0|0|0|0|0|0
355|F0|0|1|0|1|1|1|0|0|0|0|1|0|3234786293|3234786298|0|0|0|0|0|0|0|0|0|0
356|F0|0|1|0|1|1|1|0|0|0|0|1|0|3243428062|3243428067|0|0|0|0|0|0|0|0|0|0
357|F0|0|1|0|1|1|1|0|0|0|0|1|0|3251610015|3251610020|0|0|0|0|0|0|0|0|0|0
358|F0|0|1|0|1|1|1|0|0|0|0|1|0|3258992215|3258992220|0|0|0|0|0|0|0|0|0|0
359|F0|0|1|0|1|1|1|0|0|0|0|1|0|3267967662|3267967667|0|0|0|0|0|0|0|0|0|0
360|F0|0|1|0|1|1|1|0|0|0|0|1|0|3278221950|3278221955|0|0|0|0|0|0|0|0|0|0
361|F0|0|1|0|1|1|1|0|0|0|0|1|0|3288097599|3288097604|0|0|0|0|0|0|0|0|0|0
362|F0|0|1|0|1|1|1|0|0|0|0|1|0|3298885710|3298885715|0|0|0|0|0|0|0|0|0|0
363|F0|0|1|0|1|1|1|0|0|0|0|1|0|3307154366|3307154371|0|0|0|0|0|0|0|0|0|0
364|F0|0|1|0|1|1|1|0|0|0|0|1|0|3318604073|3318604078|0|0|0|0|0|0|0|0|0|0
365|F0|0|1|0|1|1|1|0|0|0|0|1|0|3328569717|3328569722|0|0|0|0|0|0|0|0|0|0
366|F0|0|1|0|1|1|1|0|0|0|0|1|0|3337012355|3337012360|0|0|0|0|0|0|0|0|0|0
367|F0|0|1|0|1|1|1|0|0|0|0|1|0|3347658807|3347658812|0|0|0|0|0|0|0|0|0|0
368|F0|0|1|0|1|1|1|0|0|0|0|1|0|3355063250|3355063255|0|0|0|0|0|0|0|0|0|0
369|F0|0|1|0|1|1|1|0|0|0|0|1|0|3363781795|3363781800|0|0|0|0|0|0|0|0|0|0
370|F0|0|1|0|1|1|1|0|0|0|0|1|0|3372895461|3372895466|0|0|0|0|0|0|0|0|0|0
371|F0|0|1|0|1|1|1|0|0|0|0|1|0|3384171662|3384171667|0|0|0|0|0|0|0|0|0|0
372|F0|0|1|0|1|1|1|0|0|0|0|1|0|3393600195|3393600200|0|0|0|0|0|0|0|0|0|0
373|F0|0|1|0|1|1|1|0|0|0|0|1|0|3401204069|3401204074|0|0|0|0|0|0|0|0|0|0
374|F0|0|1|0|1|1|1|0|0|0|0|1|0|3411776581|3411776586|0|0|0|0|0|0|0|0|0|0
375|F0|0|1|0|1|1|1|0|0|0|0|1|0|3419254878|3419254883|0|0|0|0|0|0|0|0|0|0
376|F0|0|1|0|1|1|1|0|0|0|0|1|0|3428882558|3428882563|0|0|0|0|0|0|0|0|0|0
377|F0|0|1|0|1|1|1|0|0|0|0|1|0|3436579249|3436579254|0|0|0|0|0|0|0|0|0|0
378|F0|0|1|0|1|1|1|0|0|0|0|1|0|3446589960|3446589965|0|0|0|0|0|0|0|0|0|0
379|F0|0|1|0|1|1|1|0|0|0|0|1|0|3455501557|3455501562|0|0|0|0|0|0|0|0|0|0
380|F0|0|1|0|1|1|1|0|0|0|0|1|0|3465794846|3465794851|0|0|0|0|0|0|0|0|0|0
381|F0|0|1|0|1|1|1|0|0|0|0|1|0|3474632567|3474632572|0|0|0|0|0|0|0|0|0|0
382|F0|0|1|0|1|1|1|0|0|0|0|1|0|3483145422|3483145427|0|0|0|0|0|0|0|0|0|0
383|F0|0|1|0|1|1|1|0|0|0|0|1|0|3489569864|3489569869|0|0|0|0|0|0|0|0|0|0
384|F0|0|1|0|1|1|1|0|0|0|0|1|0|3497028901|3497028906|0|0|0|0|0|0|0|0|0|0
385|F0|0|1|0|1|1|1|0|0|0|0|1|0|3503446944|3503446949|0|0|0|0|0|0|0|0|0|0
386|F0|0|1|0|1|1|1|0|0|0|0|1|0|3513004360|3513004365|0|0|0|0|0|0|0|0|0|0
387|F0|0|1|0|1|1|1|0|0|0|0|1|0|3521777384|3521777389|0|0|0|0|0|0|0|0|0|0
388|F0|0|1|0|1|1|1|0|0|0|0|1|0|3530126414|3530126419|0|0|0|0|0|0|0|0|0|0
389|F0|0|1|0|1|1|1|0|0|0|0|1|0|3538658527|3538658532|0|0|0|0|0|0|0|0|0|0
390|F0|0|1|0|1|1|1|0|0|0|0|1|0|3547415914|3547415919|0|0|0|0|0|0|0|0|0|0
391|F0|0|1|0|1|1|1|0|0|0|0|1|0|3556847697|3556847702|0|0|0|0|0|0|0|0|0|0
392|F0|0|1|0|1|1|1|0|0|0|0|1|0|3564425558|3564425563|0|0|0|0|0|0|0|0|0|0
393|F0|0|1|0|1|1|1|0|0|0|0|1|0|3571723962|3571723967|0|0|0|0|0|0|0|0|0|0
394|F0|0|1|0|1|1|1|0|0|0|0|1|0|3581428858|3581428863|0|0|0|0|0|0|0|0|0|0
395|F0|0|1|0|1|1|1|0|0|0|0|1|0|3591570659|3591570664|0|0|0|0|0|0|0|0|0|0
396|F0|0|1|0|1|1|1|0|0|0|0|1|0|3599444256|3599444261|0|0|0|0|0|0|0|0|0|0
397|F0|0|1|0|1|1|1|0|0|0|0|1|0|3607035077|3607035082|0|0|0|0|0|0|0|0|0|0
398|F0|0|1|0|1|1|1|0|0|0|0|1|0|3616640460|3616640465|0|0|0|0|0|0|0|0|0|0
399|F0|0|1|0|1|1|1|0|0|0|0|1|0|3624240791|3624240796|0|0|0|0|0|0|0|0|0|0
400|F0|0|1|0|1|1|1|0|0|0|0|1|0|3632859605|3632859610|0|0|0|0|0|0|0|0|0|0
401|F0|0|1|0|1|1|1|0|0|0|0|1|0|3642211011|3642211016|0|0|0|0|0|0|0|0|0|0
402|F0|0|1|0|1|1|1|0|0|0|0|1|0|3650303573|3650303578|0|0|0|0|0|0|0|0|0|0
403|F0|0|1|0|1|1|1|0|0|0|0|1|0|3660211560|3660211565|0|0|0|0|0|0|0|0|0|0
404|F0|0|1|0|1|1|1|0|0|0|0|1|0|3669977576|3669977581|0|0|0|0|0|0|0|0|0|0
405|F0|0|1|0|1|1|1|0|0|0|0|1|0|3679338664|3679338669|0|0|0|0|0|0|0|0|0|0
406|F0|0|1|0|1|1|1|0|0|0|0|1|0|3690072433|3690072438|0|0|0|0|0|0|0|0|0|0
407|F0|0|1|0|1|1|1|0|0|0|0|1|0|3697544348|3697544353|0|0|0|0|0|0|0|0|0|0
408|F0|0|1|0|1|1|1|0|0|0|0|1|0|3705292864|3705292869|0|0|0|0|0|0|0|0|0|0
409|F0|0|1|0|1|1|1|0|0|0|0|1|0|3715688544|3715688549|0|0|0|0|0|0|0|0|0|0
410|F0|0|1|0|1|1|1|0|0|0|0|1|0|3723488067|3723488072|0|0|0|0|0|0|0|0|0|0
411|F0|0|1|0|1|1|1|0|0|0|0|1|0|3732119738|3732119743|0|0|0|0|0|0|0|0|0|0
412|F0|0|1|0|1|1|1|0|0|0|0|1|0|3740317731|3740317736|0|0|0|0|0|0|0|0|0|0
413|F0|0|1|0|1|1|1|0|0|0|0|1|0|3749197224|3749197229|0|0|0|0|0|0|0|0|0|0
414|F0|0|1|0|1|1|1|0|0|0|0|1|0|3758131779|3758131784|0|0|0|0|0|0|0|0|0|0
415|F0|0|1|0|1|1|1|0|0|0|0|1|0|3765773920|3765773925|0|0|0|0|0|0|0|0|0|0
416|F0|0|1|0|1|1|1|0|0|0|0|1|0|3773814408|3773814413|0|0|0|0|0|0|0|0|0|0
417|F0|0|1|0|1|1|1|0|0|0|0|1|0|3780836485|3780836490|0|0|0|0|0|0|0|0|0|0
418|F0|0|1|0|1|1|1|0|0|0|0|1|0|3789146917|3789146922|0|0|0|0|0|0|0|0|0|0
419|F0|0|1|0|1|1|1|0|0|0|0|1|0|3798029265|3798029270|0|0|0|0|0|0|0|0|0|0
420|F0|0|1|0|1|1|1|0|0|0|0|1|0|3807444945|3807444950|0|0|0|0|0|0|0|0|0|0
421|F0|0|1|0|1|1|1|0|0|0|0|1|0|3818990865|3818990870|0|0|0|0|0|0|0|0|0|0
422|F0|0|1|0|1|1|1|0|0|0|0|1|0|3830048814|3830048819|0|0|0|0|0|0|0|0|0|0
423|F0|0|1|0|1|1|1|0|0|0|0|1|0|3839378417|3839378422|0|0|0|0|0|0|0|0|0|0
424|F0|0|1|0|1|1|1|0|0|0|0|1|0|3849240734|3849240739|0|0|0|0|0|0|0|0|0|0
425|F0|0|1|0|1|1|1|0|0|0|0|1|0|3860677678|3860677683|0|0|0|0|0|0|0|0|0|0
426|F0|0|1|0|1|1|1|0|0|0|0|1|0|3867593663|3867593668|0|0|0|0|0|0|0|0|0|0
427|F0|0|1|0|1|1|1|0|0|0|0|1|0|3877009312|3877009317|0|0|0|0|0|0|0|0|0|0
428|F0|0|1|0|1|1|1|0|0|0|0|1|0|3885689173|3885689178|0|0|0|0|0|0|0|0|0|0
429|F0|0|1|0|1|1|1|0|0|0|0|1|0|3893080693|3893080698|0|0|0|0|0|0|0|0|0|0
430|F0|0|1|0|1|1|1|0|0|0|0|1|0|3902281566|3902281571|0|0|0|0|0|0|0|0|0|0
431|F0|0|1|0|1|1|1|0|0|0|0|1|0|3910199959|3910199964|0|0|0|0|0|0|0|0|0|0
432|F0|0|1|0|1|1|1|0|0|0|0|1|0|3918728835|3918728840|0|0|0|0|0|0|0|0|0|0
433|F0|0|1|0|1|1|1|0|0|0|0|1|0|3928115656|3928115661|0|0|0|0|0|0|0|0|0|0
434|F0|0|1|0|1|1|1|0|0|0|0|1|0|3936657418|3936657423|0|0|0|0|0|0|0|0|0|0
435|F0|0|1|0|1|1|1|0|0|0|0|1|0|3946224457|3946224462|0|0|0|0|0|0|0|0|0|0
436|F0|0|1|0|1|1|1|0|0|0|0|1|0|3954538094|3954538099|0|0|0|0|0|0|0|0|0|0
437|F0|0|1|0|1|1|1|0|0|0|0|1|0|3960769790|3960769795|0|0|0|0|0|0|0|0|0|0
438|F0|0|1|0|1|1|1|0|0|0|0|1|0|3968842467|3968842472|0|0|0|0|0|0|0|0|0|0
439|F0|0|1|0|1|1|1|0|0|0|0|1|0|3977316741|3977316746|0|0|0|0|0|0|0|0|0|0
440|F0|0|1|0|1|1|1|0|0|0|0|1|0|3985505180|3985505185|0|0|0|0|0|0|0|0|0|0
441|F0|0|1|0|1|1|1|0|0|0|0|1|0|3993272611|3993272616|0|0|0|0|0|0|0|0|0|0
442|F0|0|1|0|1|1|1|0|0|0|0|1|0|4001624835|4001624840|0|0|0|0|0|0|0|0|0|0
443|F0|0|1|0|1|1|1|0|0|0|0|1|0|4012651116|4012651121|0|0|0|0|0|0|0|0|0|0
444|F0|0|1|0|1|1|1|0|0|0|0|1|0|4023156506|4023156511|0|0|0|0|0|0|0|0|0|0
445|F0|0|1|0|1|1|1|0|0|0|0|1|0|4031720805|4031720810|0|0|0|0|0|0|0|0|0|0
446|F0|0|1|0|1|1|1|0|0|0|0|1|0|4041056990|4041056995|0|0|0|0|0|0|0|0|0|0
447|F0|0|1|0|1|1|1|0|0|0|0|1|0|4049441312|4049441317|0|0|0|0|0|0|0|0|0|0
448|F0|0|1|0|1|1|1|0|0|0|0|1|0|4059361398|4059361403|0|0|0|0|0|0|0|0|0|0
449|F0|0|1|0|1|1|1|0|0|0|0|1|0|4067703980|4067703985|0|0|0|0|0|0|0|0|0|0
450|F0|0|1|0|1|1|1|0|0|0|0|1|0|4077363845|4077363850|0|0|0|0|0|0|0|0|0|0
451|F0|0|1|0|1|1|1|0|0|0|0|1|0|4085163374|4085163379|0|0|0|0|0|0|0|0|0|0
452|F0|0|1|0|1|1|1|0|0|0|0|1|0|4093384003|4093384008|0|0|0|0|0|0|0|0|0|0
453|F0|0|1|0|1|1|1|0|0|0|0|1|0|4102455875|4102455880|0|0|0|0|0|0|0|0|0|0
454|F0|0|1|0|1|1|1|0|0|0|0|1|0|4111800798|4111800803|0|0|0|0|0|0|0|0|0|0
455|F0|0|1|0|1|1|1|0|0|0|0|1|0|4120310371|4120310376|0|0|0|0|0|0|0|0|0|0
456|F0|0|1|0|1|1|1|0|0|0|0|1|0|4128501932|4128501937|0|0|0|0|0|0|0|0|0|0
457|F0|0|1|0|1|1|1|0|0|0|0|1|0|4139891089|4139891094|0|0|0|0|0|0|0|0|0|0
458|F0|0|1|0|1|1|1|0|0|0|0|1|0|4147594286|4147594291|0|0|0|0|0|0|0|0|0|0
459|F0|0|1|0|1|1|1|0|0|0|0|1|0|4155493413|4155493418|0|0|0|0|0|0|0|0|0|0
460|F0|0|1|0|1|1|1|0|0|0|0|1|0|4163871276|4163871281|0|0|0|0|0|0|0|0|0|0
461|F0|0|1|0|1|1|1|0|0|0|0|1|0|4173315861|4173315866|0|0|0|0|0|0|0|0|0|0
462|F0|0|1|0|1|1|1|0|0|0|0|1|0|4183136448|4183136453|0|0|0|0|0|0|0|0|0|0
463|F0|0|1|0|1|1|1|0|0|0|0|1|0|4189872526|4189872531|0|0|0|0|0|0|0|0|0|0
464|F0|0|1|0|1|1|1|0|0|0|0|1|0|4198189335|4198189340|0|0|0|0|0|0|0|0|0|0
465|F0|0|1|0|1|1|1|0|0|0|0|1|0|4207270862|4207270867|0|0|0|0|0|0|0|0|0|0
466|F0|0|1|0|1|1|1|0|0|0|0|1|0|4213855991|4213855996|0|0|0|0|0|0|0|0|0|0
467|F0|0|1|0|1|1|1|0|0|0|0|1|0|4222185694|4222185699|0|0|0|0|0|0|0|0|0|0
468|F0|0|1|0|1|1|1|0|0|0|0|1|0|4230232753|4230232758|0|0|0|0|0|0|0|0|0|0
469|F0|0|1|0|1|1|1|0|0|0|0|1|0|4239539235|4239539240|0|0|0|0|0|0|0|0|0|0
470|F0|0|1|0|1|1|1|0|0|0|0|1|0|4249868000|4249868005|0|0|0|0|0|0|0|0|0|0
471|F0|0|1|0|1|1|1|0|0|0|0|1|0|4257430149|4257430154|0|0|0|0|0|0|0|0|0|0
472|F0|0|1|0|1|1|1|0|0|0|0|1|0|4266901795|4266901800|0|0|0|0|0|0|0|0|0|0
473|F0|0|1|0|1|1|1|0|0|0|0|1|0|4276613196|4276613201|0|0|0|0|0|0|0|0|0|0
474|F0|0|1|0|1|1|1|0|0|0|0|1|0|4284120698|4284120703|0|0|0|0|0|0|0|0|0|0
475|F0|0|1|0|1|1|1|0|0|0|0|1|0|4292877736|4292877741|0|0|0|0|0|0|0|0|0|0
476|F0|0|1|0|1|1|1|0|0|0|0|1|0|8100570|8100575|0|0|0|0|0|0|0|0|0|0
477|F0|0|1|0|1|1|1|0|0|0|0|1|0|17012744|17012749|0|0|0|0|0|0|0|0|0|0
478|F0|0|1|0|1|1|1|0|0|0|0|1|0|23674903|23674908|0|0|0|0|0|0|0|0|0|0
479|F0|0|1|0|1|1|1|0|0|0|0|1|0|31175692|31175697|0|0|0|0|0|0|0|0|0|0
480|F0|0|1|0|1|1|1|0|0|0|0|1|0|41966486|41966491|0|0|0|0|0|0|0|0|0|0
481|F0|0|1|0|1|1|1|0|0|0|0|1|0|49425811|49425816|0|0|0|0|0|0|0|0|0|0
482|F0|0|1|0|1|1|1|0|0|0|0|1|0|59085642|59085647|0|0|0|0|0|0|0|0|0|0
483|F0|0|1|0|1|1|1|0|0|0|0|1|0|66085201|66085206|0|0|0|0|0|0|0|0|0|0
484|F0|0|1|0|1|1|1|0|0|0|0|1|0|75764451|75764456|0|0|0|0|0|0|0|0|0|0
485|F0|0|1|0|1|1|1|0|0|0|0|1|0|90285663|90285668|0|0|0|0|0|0|0|0|0|0
486|F0|0|1|0|1|1|1|0|0|0|0|1|0|98541475|98541480|0|0|0|0|0|0|0|0|0|0
487|F0|0|1|0|1|1|1|0|0|0|0|1|0|107344201|107344206|0|0|0|0|0|0|0|0|0|0
488|F0|0|1|0|1|1|1|0|0|0|0|1|0|117069248|117069253|0|0|0|0|0|0|0|0|0|0
489|F0|0|1|0|1|1|1|0|0|0|0|1|0|124733932|124733937|0|0|0|0|0|0|0|0|0|0
490|F0|0|1|0|1|1|1|0|0|0|0|1|0|133250062|133250067|0|0|0|0|0|0|0|0|0|0
491|F0|0|1|0|1|1|1|0|0|0|0|1|0|144022051|144022056|0|0|0|0|0|0|0|0|0|0
492|F0|0|1|0|1|1|1|0|0|0|0|1|0|152766194|152766199|0|0|0|0|0|0|0|0|0|0
493|F0|0|1|0|1|1|1|0|0|0|0|1|0|160822898|160822903|0|0|0|0|0|0|0|0|0|0
494|F0|0|1|0|1|1|1|0|0|0|0|1|0|171072174|171072179|0|0|0|0|0|0|0|0|0|0
495|F0|0|1|0|1|1|1|0|0|0|0|1|0|179620351|179620356|0|0|0|0|0|0|0|0|0|0
496|F0|0|1|0|1|1|1|0|0|0|0|1|0|187622687|187622692|0|0|0|0|0|0|0|0|0|0
497|F0|0|1|0|1|1|1|0|0|0|0|1|0|195277755|195277760|0|0|0|0|0|0|0|0|0|0
498|F0|0|1|0|1|1|1|0|0|0|0|1|0|201368058|201368063|0|0|0|0|0|0|0|0|0|0
499|F0|0|1|0|1|1|1|0|0|0|0|1|0|208878467|208878472|0|0|0|0|0|0|0|0|0|0
500|F0|0|1|0|1|1|1|0|0|0|0|1|0|217632396|217632401|0|0|0|0|0|0|0|0|0|0
501|F0|0|1|0|1|1|1|0|0|0|0|1|0|226170988|226170993|0|0|0|0|0|0|0|0|0|0
502|F0|0|1|0|1|1|1|0|0|0|0|1|0|234709603|234709608|0|0|0|0|0|0|0|0|0|0
503|F0|0|1|0|1|1|1|0|0|0|0|1|0|246287706|246287711|0|0|0|0|0|0|0|0|0|0
504|F0|0|1|0|1|1|1|0|0|0|0|1|0|255848712|255848717|0|0|0|0|0|0|0|0|0|0
505|F0|0|1|0|1|1|1|0|0|0|0|1|0|263256297|263256302|0|0|0|0|0|0|0|0|0|0
506|F0|0|1|0|1|1|1|0|0|0|0|1|0|272607820|272607825|0|0|0|0|0|0|0|0|0|0
507|F0|0|1|0|1|1|1|0|0|0|0|1|0|282145589|282145594|0|0|0|0|0|0|0|0|0|0
508|F0|0|1|0|1|1|1|0|0|0|0|1|0|290501443|290501448|0|0|0|0|0|0|0|0|0|0
509|F0|0|1|0|1|1|1|0|0|0|0|1|0|297423954|297423959|0|0|0|0|0|0|0|0|0|0
510|F0|0|1|0|1|1|1|0|0|0|0|1|0|304876535|304876540|0|0|0|0|0|0|0|0|0|0
511|F0|0|1|0|1|1|1|0|0|0|0|1|0|313444023|313444028|0|0|0|0|0|0|0|0|0|0
512|F0|0|1|0|1|1|1|0|0|0|0|1|0|321115139|321115144|0|0|0|0|0|0|0|0|0|0
513|F0|0|1|0|1|1|1|0|0|0|0|1|0|333172334|333172339|0|0|0|0|0|0|0|0|0|0
514|F0|0|1|0|1|1|1|0|0|0|0|1|0|344648613|344648618|0|0|0|0|0|0|0|0|0|0
515|F0|0|1|0|1|1|1|0|0|0|0|1|0|353155002|353155007|0|0|0|0|0|0|0|0|0|0
516|F0|0|1|0|1|1|1|0|0|0|0|1|0|362509690|362509695|0|0|0|0|0|0|0|0|0|0
517|F0|0|1|0|1|1|1|0|0|0|0|1|0|371250766|371250771|0|0|0|0|0|0|0|0|0|0
518|F0|0|1|0|1|1|1|0|0|0|0|1|0|380881928|380881933|0|0|0|0|0|0|0|0|0|0
519|F0|0|1|0|1|1|1|0|0|0|0|1|0|389517074|389517079|0|0|0|0|0|0|0|0|0|0
520|F0|0|1|0|1|1|1|0|0|0|0|1|0|397647610|397647615|0|0|0|0|0|0|0|0|0|0
521|F0|0|1|0|1|1|1|0|0|0|0|1|0|404181297|404181302|0|0|0|0|0|0|0|0|0|0
522|F0|0|1|0|1|1|1|0|0|0|0|1|0|411846268|411846273|0|0|0|0|0|0|0|0|0|0
523|F0|0|1|0|1|1|1|0|0|0|0|1|0|420529347|420529352|0|0|0|0|0|0|0|0|0|0
524|F0|0|1|0|1|1|1|0|0|0|0|1|0|427776412|427776417|0|0|0|0|0|0|0|0|0|0
525|F0|0|1|0|1|1|1|0|0|0|0|1|0|437288686|437288691|0|0|0|0|0|0|0|0|0|0
526|F0|0|1|0|1|1|1|0|0|0|0|1|0|444705984|444705989|0|0|0|0|0|0|0|0|0|0
527|F0|0|1|0|1|1|1|0|0|0|0|1|0|452483057|452483062|0|0|0|0|0|0|0|0|0|0
528|F0|0|1|0|1|1|1|0|0|0|0|1|0|461622431|461622436|0|0|0|0|0|0|0|0|0|0
529|F0|0|1|0|1|1|1|0|0|0|0|1|0|469229210|469229215|0|0|0|0|0|0|0|0|0|0
530|F0|0|1|0|1|1|1|0|0|0|0|1|0|477976759|477976764|0|0|0|0|0|0|0|0|0|0
531|F0|0|1|0|1|1|1|0|0|0|0|1|0|486415781|486415786|0|0|0|0|0|0|0|0|0|0
532|F0|0|1|0|1|1|1|0|0|0|0|1|0|494800168|494800173|0|0|0|0|0|0|0|0|0|0
533|F0|0|1|0|1|1|1|0|0|0|0|1|0|504550161|504550166|0|0|0|0|0|0|0|0|0|0
534|F0|0|1|0|1|1|1|0|0|0|0|1|0|513635354|513635359|0|0|0|0|0|0|0|0|0|0
535|F0|0|1|0|1|1|1|0|0|0|0|1|0|521515310|521515315|0|0|0|0|0|0|0|0|0|0
536|F0|0|1|0|1|1|1|0|0|0|0|1|0|528884366|528884371|0|0|0|0|0|0|0|0|0|0
537|F0|0|1|0|1|1|1|0|0|0|0|1|0|539810231|539810236|0|0|0|0|0|0|0|0|0|0
538|F0|0|1|0|1|1|1|0|0|0|0|1|0|549213667|549213672|0|0|0|0|0|0|0|0|0|0
539|F0|0|1|0|1|1|1|0|0|0|0|1|0|557013238|557013243|0|0|0|0|0|0|0|0|0|0
540|F0|0|1|0|1|1|1|0|0|0|0|1|0|565111630|565111635|0|0|0|0|0|0|0|0|0|0
541|F0|0|1|0|1|1|1|0|0|0|0|1|0|573836590|573836595|0|0|0|0|0|0|0|0|0|0
542|F0|0|1|0|1|1|1|0|0|0|0|1|0|582079742|582079747|0|0|0|0|0|0|0|0|0|0
543|F0|0|1|0|1|1|1|0|0|0|0|1|0|590708346|590708351|0|0|0|0|0|0|0|0|0|0
544|F0|0|1|0|1|1|1|0|0|0|0|1|0|600384305|600384310|0|0|0|0|0|0|0|0|0|0
545|F0|0|1|0|1|1|1|0|0|0|0|1|0|609189627|609189632|0|0|0|0|0|0|0|0|0|0
546|F0|0|1|0|1|1|1|0|0|0|0|1|0|617615774|617615779|0|0|0|0|0|0|0|0|0|0
547|F0|0|1|0|1|1|1|0|0|0|0|1|0|625987534|625987539|0|0|0|0|0|0|0|0|0|0
548|F0|0|1|0|1|1|1|0|0|0|0|1|0|636486267|636486272|0|0|0|0|0|0|0|0|0|0
549|F0|0|1|0|1|1|1|0|0|0|0|1|0|644533230|644533235|0|0|0|0|0|0|0|0|0|0
550|F0|0|1|0|1|1|1|0|0|0|0|1|0|653727226|653727231|0|0|0|0|0|0|0|0|0|0
551|F0|0|1|0|1|1|1|0|0|0|0|1|0|661292284|661292289|0|0|0|0|0|0|0|0|0|0
552|F0|0|1|0|1|1|1|0|0|0|0|1|0|672937726|672937731|0|0|0|0|0|0|0|0|0|0
553|F0|0|1|0|1|1|1|0|0|0|0|1|0|683333765|683333770|0|0|0|0|0|0|0|0|0|0
554|F0|0|1|0|1|1|1|0|0|0|0|1|0|695516718|695516723|0|0|0|0|0|0|0|0|0|0
555|F0|0|1|0|1|1|1|0|0|0|0|1|0|706047328|706047333|0|0|0|0|0|0|0|0|0|0
556|F0|0|1|0|1|1|1|0|0|0|0|1|0|714858924|714858929|0|0|0|0|0|0|0|0|0|0
557|F0|0|1|0|1|1|1|0|0|0|0|1|0|723294710|723294715|0|0|0|0|0|0|0|0|0|0
558|F0|0|1|0|1|1|1|0|0|0|0|1|0|735557992|735557997|0|0|0|0|0|0|0|0|0|0
559|F0|0|1|0|1|1|1|0|0|0|0|1|0|743399404|743399409|0|0|0|0|0|0|0|0|0|0
560|F0|0|1|0|1|1|1|0|0|0|0|1|0|751208629|751208634|0|0|0|0|0|0|0|0|0|0
561|F0|0|1|0|1|1|1|0|0|0|0|1|0|760235573|760235578|0|0|0|0|0|0|0|0|0|0
562|F0|0|1|0|1|1|1|0|0|0|0|1|0|771043753|771043758|0|0|0|0|0|0|0|0|0|0
563|F0|0|1|0|1|1|1|0|0|0|0|1|0|779878606|779878611|0|0|0|0|0|0|0|0|0|0
564|F0|0|1|0|1|1|1|0|0|0|0|1|0|792302632|792302637|0|0|0|0|0|0|0|0|0|0
565|F0|0|1|0|1|1|1|0|0|0|0|1|0|806635342|806635347|0|0|0|0|0|0|0|0|0|0
566|F0|0|1|0|1|1|1|0|0|0|0|1|0|815055313|815055318|0|0|0|0|0|0|0|0|0|0
567|F0|0|1|0|1|1|1|0|0|0|0|1|0|823388659|823388664|0|0|0|0|0|0|0|0|0|0
568|F0|0|1|0|1|1|1|0|0|0|0|1|0|832229178|832229183|0|0|0|0|0|0|0|0|0|0
569|F0|0|1|0|1|1|1|0|0|0|0|1|0|842358229|842358234|0|0|0|0|0|0|0|0|0|0
570|F0|0|1|0|1|1|1|0|0|0|0|1|0|850064986|850064991|0|0|0|0|0|0|0|0|0|0
571|F0|0|1|0|1|1|1|0|0|0|0|1|0|857568974|857568979|0|0|0|0|0|0|0|0|0|0
572|F0|0|1|0|1|1|1|0|0|0|0|1|0|866117228|866117233|0|0|0|0|0|0|0|0|0|0
573|F0|0|1|0|1|1|1|0|0|0|0|1|0|875870348|875870353|0|0|0|0|0|0|0|0|0|0
574|F0|0|1|0|1|1|1|0|0|0|0|1|0|883878769|883878774|0|0|0|0|0|0|0|0|0|0
575|F0|0|1|0|1|1|1|0|0|0|0|1|0|893034152|893034157|0|0|0|0|0|0|0|0|0|0
576|F0|0|1|0|1|1|1|0|0|0|0|1|0|903294828|903294833|0|0|0|0|0|0|0|0|0|0
577|F0|0|1|0|1|1|1|0|0|0|0|1|0|909822115|909822120|0|0|0|0|0|0|0|0|0|0
578|F0|0|1|0|1|1|1|0|0|0|0|1|0|918848974|918848979|0|0|0|0|0|0|0|0|0|0
579|F0|0|1|0|1|1|1|0|0|0|0|1|0|929026898|929026903|0|0|0|0|0|0|0|0|0|0
580|F0|0|1|0|1|1|1|0|0|0|0|1|0|937896671|937896676|0|0|0|0|0|0|0|0|0|0
581|F0|0|1|0|1|1|1|0|0|0|0|1|0|947209934|947209939|0|0|0|0|0|0|0|0|0|0
582|F0|0|1|0|1|1|1|0|0|0|0|1|0|954174171|954174176|0|0|0|0|0|0|0|0|0|0
583|F0|0|1|0|1|1|1|0|0|0|0|1|0|962259779|962259784|0|0|0|0|0|0|0|0|0|0
584|F0|0|1|0|1|1|1|0|0|0|0|1|0|972820501|972820506|0|0|0|0|0|0|0|0|0|0
585|F0|0|1|0|1|1|1|0|0|0|0|1|0|982108081|982108086|0|0|0|0|0|0|0|0|0|0
586|F0|0|1|0|1|1|1|0|0|0|0|1|0|989785608|989785613|0|0|0|0|0|0|0|0|0|0
587|F0|0|1|0|1|1|1|0|0|0|0|1|0|998488163|998488168|0|0|0|0|0|0|0|0|0|0
588|F0|0|1|0|1|1|1|0|0|0|0|1|0|1008485868|1008485873|0|0|0|0|0|0|0|0|0|0
589|F0|0|1|0|1|1|1|0|0|0|0|1|0|1016918394|1016918399|0|0|0|0|0|0|0|0|0|0
590|F0|0|1|0|1|1|1|0|0|0|0|1|0|1027212113|1027212118|0|0|0|0|0|0|0|0|0|0
591|F0|0|1|0|1|1|1|0|0|0|0|1|0|1035776593|1035776598|0|0|0|0|0|0|0|0|0|0
592|F0|0|1|0|1|1|1|0|0|0|0|1|0|1046356005|1046356010|0|0|0|0|0|0|0|0|0|0
593|F0|0|1|0|1|1|1|0|0|0|0|1|0|1058946522|1058946527|0|0|0|0|0|0|0|0|0|0
594|F0|0|1|0|1|1|1|0|0|0|0|1|0|1069586339|1069586344|0|0|0|0|0|0|0|0|0|0
595|F0|0|1|0|1|1|1|0|0|0|0|1|0|1079562067|1079562072|0|0|0|0|0|0|0|0|0|0
596|F0|0|1|0|1|1|1|0|0|0|0|1|0|1089122277|1089122282|0|0|0|0|0|0|0|0|0|0
597|F0|0|1|0|1|1|1|0|0|0|0|1|0|1097879712|1097879717|0|0|0|0|0|0|0|0|0|0
598|F0|0|1|0|1|1|1|0|0|0|0|1|0|1107022293|1107022298|0|0|0|0|0|0|0|0|0|0
599|F0|0|1|0|1|1|1|0|0|0|0|1|0|1116608318|1116608323|0|0|0|0|0|0|0|0|0|0
600|F0|0|1|0|1|1|1|0|0|0|0|1|0|1124494613|1124494618|0|0|0|0|0|0|0|0|0|0
601|F0|0|1|0|1|1|1|0|0|0|0|1|0|1133643630|1133643635|0|0|0|0|0|0|0|0|0|0
602|F0|0|1|0|1|1|1|0|0|0|0|1|0|1143272754|1143272759|0|0|0|0|0|0|0|0|0|0
603|F0|0|1|0|1|1|1|0|0|0|0|1|0|1152164671|1152164676|0|0|0|0|0|0|0|0|0|0
604|F0|0|1|0|1|1|1|0|0|0|0|1|0|1161606115|1161606120|0|0|0|0|0|0|0|0|0|0
605|F0|0|1|0|1|1|1|0|0|0|0|1|0|1171061189|1171061194|0|0|0|0|0|0|0|0|0|0
606|F0|0|1|0|1|1|1|0|0|0|0|1|0|1180040188|1180040193|0|0|0|0|0|0|0|0|0|0
607|F0|0|1|0|1|1|1|0|0|0|0|1|0|1190297769|1190297774|0|0|0|0|0|0|0|0|0|0
608|F0|0|1|0|1|1|1|0|0|0|0|1|0|1198254725|1198254730|0|0|0|0|0|0|0|0|0|0
609|F0|0|1|0|1|1|1|0|0|0|0|1|0|1205090427|1205090432|0|0|0|0|0|0|0|0|0|0
610|F0|0|1|0|1|1|1|0|0|0|0|1|0|1212636328|1212636333|0|0|0|0|0|0|0|0|0|0
611|F0|0|1|0|1|1|1|0|0|0|0|1|0|1220278526|1220278531|0|0|0|0|0|0|0|0|0|0
612|F0|0|1|0|1|1|1|0|0|0|0|1|0|1226738408|1226738413|0|0|0|0|0|0|0|0|0|0
613|F0|0|1|0|1|1|1|0|0|0|0|1|0|1234431903|1234431908|0|0|0|0|0|0|0|0|0|0
614|F0|0|1|0|1|1|1|0|0|0|0|1|0|1244782582|1244782587|0|0|0|0|0|0|0|0|0|0
615|F0|0|1|0|1|1|1|0|0|0|0|1|0|1251232844|1251232849|0|0|0|0|0|0|0|0|0|0
616|F0|0|1|0|1|1|1|0|0|0|0|1|0|1260417722|1260417727|0|0|0|0|0|0|0|0|0|0
617|F0|0|1|0|1|1|1|0|0|0|0|1|0|1269181160|1269181165|0|0|0|0|0|0|0|0|0|0
618|F0|0|1|0|1|1|1|0|0|0|0|1|0|1277755075|1277755080|0|0|0|0|0|0|0|0|0|0
619|F0|0|1|0|1|1|1|0|0|0|0|1|0|1285577084|1285577089|0|0|0|0|0|0|0|0|0|0
620|F0|0|1|0|1|1|1|0|0|0|0|1|0|1293689009|1293689014|0|0|0|0|0|0|0|0|0|0
621|F0|0|1|0|1|1|1|0|0|0|0|1|0|1301360168|1301360173|0|0|0|0|0|0|0|0|0|0
622|F0|0|1|0|1|1|1|0|0|0|0|1|0|1310820849|1310820854|0|0|0|0|0|0|0|0|0|0
623|F0|0|1|0|1|1|1|0|0|0|0|1|0|1320336128|1320336133|0|0|0|0|0|0|0|0|0|0
624|F0|0|1|0|1|1|1|0|0|0|0|1|0|1328129237|1328129242|0|0|0|0|0|0|0|0|0|0
625|F0|0|1|0|1|1|1|0|0|0|0|1|0|1336680914|1336680919|0|0|0|0|0|0|0|0|0|0
626|F0|0|1|0|1|1|1|0|0|0|0|1|0|1348323254|1348323259|0|0|0|0|0|0|0|0|0|0
627|F0|0|1|0|1|1|1|0|0|0|0|1|0|1356470545|1356470550|0|0|0|0|0|0|0|0|0|0
628|F0|0|1|0|1|1|1|0|0|0|0|1|0|1364845230|1364845235|0|0|0|0|0|0|0|0|0|0
629|F0|0|1|0|1|1|1|0|0|0|0|1|0|1375768497|1375768502|0|0|0|0|0|0|0|0|0|0
630|F0|0|1|0|1|1|1|0|0|0|0|1|0|1382671678|1382671683|0|0|0|0|0|0|0|0|0|0
631|F0|0|1|0|1|1|1|0|0|0|0|1|0|1390930888|1390930893|0|0|0|0|0|0|0|0|0|0
632|F0|0|1|0|1|1|1|0|0|0|0|1|0|1400195601|1400195606|0|0|0|0|0|0|0|0|0|0
633|F0|0|1|0|1|1|1|0|0|0|0|1|0|1410237827|1410237832|0|0|0|0|0|0|0|0|0|0
634|F0|0|1|0|1|1|1|0|0|0|0|1|0|1417716599|1417716604|0|0|0|0|0|0|0|0|0|0
635|F0|0|1|0|1|1|1|0|0|0|0|1|0|1426335761|1426335766|0|0|0|0|0|0|0|0|0|0
636|F0|0|1|0|1|1|1|0|0|0|0|1|0|1435423925|1435423930|0|0|0|0|0|0|0|0|0|0
637|F0|0|1|0|1|1|1|0|0|0|0|1|0|1447408341|1447408346|0|0|0|0|0|0|0|0|0|0
638|F0|0|1|0|1|1|1|0|0|0|0|1|0|1456062764|1456062769|0|0|0|0|0|0|0|0|0|0
639|F0|0|1|0|1|1|1|0|0|0|0|1|0|1464553366|1464553371|0|0|0|0|0|0|0|0|0|0
640|F0|0|1|0|1|1|1|0|0|0|0|1|0|1474412384|1474412389|0|0|0|0|0|0|0|0|0|0
641|F0|0|1|0|1|1|1|0|0|0|0|1|0|1482594467|1482594472|0|0|0|0|0|0|0|0|0|0
642|F0|0|1|0|1|1|1|0|0|0|0|1|0|1489973178|1489973183|0|0|0|0|0|0|0|0|0|0
643|F0|0|1|0|1|1|1|0|0|0|0|1|0|1500282042|1500282047|0|0|0|0|0|0|0|0|0|0
644|F0|0|1|0|1|1|1|0|0|0|0|1|0|1511191980|1511191985|0|0|0|0|0|0|0|0|0|0
645|F0|0|1|0|1|1|1|0|0|0|0|1|0|1518046906|1518046911|0|0|0|0|0|0|0|0|0|0
646|F0|0|1|0|1|1|1|0|0|0|0|1|0|1526688219|1526688224|0|0|0|0|0|0|0|0|0|0
647|F0|0|1|0|1|1|1|0|0|0|0|1|0|1535859730|1535859735|0|0|0|0|0|0|0|0|0|0
648|F0|0|1|0|1|1|1|0|0|0|0|1|0|1544741998|1544742003|0|0|0|0|0|0|0|0|0|0
649|F0|0|1|0|1|1|1|0|0|0|0|1|0|1553181306|1553181311|0|0|0|0|0|0|0|0|0|0
650|F0|0|1|0|1|1|1|0|0|0|0|1|0|1561552798|1561552803|0|0|0|0|0|0|0|0|0|0
651|F0|0|1|0|1|1|1|0|0|0|0|1|0|1568909425|1568909430|0|0|0|0|0|0|0|0|0|0
652|F0|0|1|0|1|1|1|0|0|0|0|1|0|1578543582|1578543587|0|0|0|0|0|0|0|0|0|0
653|F0|0|1|0|1|1|1|0|0|0|0|1|0|1586330281|1586330286|0|0|0|0|0|0|0|0|0|0
654|F0|0|1|0|1|1|1|0|0|0|0|1|0|1593519420|1593519425|0|0|0|0|0|0|0|0|0|0
655|F0|0|1|0|1|1|1|0|0|0|0|1|0|1599873202|1599873207|0|0|0|0|0|0|0|0|0|0
656|F0|0|1|0|1|1|1|0|0|0|0|1|0|1608286487|1608286492|0|0|0|0|0|0|0|0|0|0
657|F0|0|1|0|1|1|1|0|0|0|0|1|0|1615941832|1615941837|0|0|0|0|0|0|0|0|0|0
658|F0|0|1|0|1|1|1|0|0|0|0|1|0|1623339799|1623339804|0|0|0|0|0|0|0|0|0|0
659|F0|0|1|0|1|1|1|0|0|0|0|1|0|1630898454|1630898459|0|0|0|0|0|0|0|0|0|0
660|F0|0|1|0|1|1|1|0|0|0|0|1|0|1641387306|1641387311|0|0|0|0|0|0|0|0|0|0
661|F0|0|1|0|1|1|1|0|0|0|0|1|0|1648885009|1648885014|0|0|0|0|0|0|0|0|0|0
662|F0|0|1|0|1|1|1|0|0|0|0|1|0|1656646193|1656646198|0|0|0|0|0|0|0|0|0|0
663|F0|0|1|0|1|1|1|0|0|0|0|1|0|1663537059|1663537064|0|0|0|0|0|0|0|0|0|0
664|F0|0|1|0|1|1|1|0|0|0|0|1|0|1672557495|1672557500|0|0|0|0|0|0|0|0|0|0
665|F0|0|1|0|1|1|1|0|0|0|0|1|0|1680295968|1680295973|0|0|0|0|0|0|0|0|0|0
666|F0|0|1|0|1|1|1|0|0|0|0|1|0|1687417649|1687417654|0|0|0|0|0|0|0|0|0|0
667|F0|0|1|0|1|1|1|0|0|0|0|1|0|1693723237|1693723242|0|0|0|0|0|0|0|0|0|0
668|F0|0|1|0|1|1|1|0|0|0|0|1|0|1703023328|1703023333|0|0|0|0|0|0|0|0|0|0
669|F0|0|1|0|1|1|1|0|0|0|0|1|0|1713251831|1713251836|0|0|0|0|0|0|0|0|0|0
670|F0|0|1|0|1|1|1|0|0|0|0|1|0|1721199333|1721199338|0|0|0|0|0|0|0|0|0|0
671|F0|0|1|0|1|1|1|0|0|0|0|1|0|1728937891|1728937896|0|0|0|0|0|0|0|0|0|0
672|F0|0|1|0|1|1|1|0|0|0|0|1|0|1739079916|1739079921|0|0|0|0|0|0|0|0|0|0
673|F0|0|1|0|1|1|1|0|0|0|0|1|0|1746452163|1746452168|0|0|0|0|0|0|0|0|0|0
674|F0|0|1|0|1|1|1|0|0|0|0|1|0|1754855761|1754855766|0|0|0|0|0|0|0|0|0|0
675|F0|0|1|0|1|1|1|0|0|0|0|1|0|1763185928|1763185933|0|0|0|0|0|0|0|0|0|0
676|F0|0|1|0|1|1|1|0|0|0|0|1|0|1773983305|1773983310|0|0|0|0|0|0|0|0|0|0
677|F0|0|1|0|1|1|1|0|0|0|0|1|0|1783357298|1783357303|0|0|0|0|0|0|0|0|0|0
678|F0|0|1|0|1|1|1|0|0|0|0|1|0|1789608334|1789608339|0|0|0|0|0|0|0|0|0|0
679|F0|0|1|0|1|1|1|0|0|0|0|1|0|1797603848|1797603853|0|0|0|0|0|0|0|0|0|0
680|F0|0|1|0|1|1|1|0|0|0|0|1|0|1807983436|1807983441|0|0|0|0|0|0|0|0|0|0
681|F0|0|1|0|1|1|1|0|0|0|0|1|0|1815631953|1815631958|0|0|0|0|0|0|0|0|0|0
682|F0|0|1|0|1|1|1|0|0|0|0|1|0|1822805091|1822805096|0|0|0|0|0|0|0|0|0|0
683|F0|0|1|0|1|1|1|0|0|0|0|1|0|1830774880|1830774885|0|0|0|0|0|0|0|0|0|0
684|F0|0|1|0|1|1|1|0|0|0|0|1|0|1840736762|1840736767|0|0|0|0|0|0|0|0|0|0
685|F0|0|1|0|1|1|1|0|0|0|0|1|0|1849488309|1849488314|0|0|0|0|0|0|0|0|0|0
686|F0|0|1|0|1|1|1|0|0|0|0|1|0|1858515173|1858515178|0|0|0|0|0|0|0|0|0|0
687|F0|0|1|0|1|1|1|0|0|0|0|1|0|1867349308|1867349313|0|0|0|0|0|0|0|0|0|0
688|F0|0|1|0|1|1|1|0|0|0|0|1|0|1877243747|1877243752|0|0|0|0|0|0|0|0|0|0
689|F0|0|1|0|1|1|1|0|0|0|0|1|0|1883809646|1883809651|0|0|0|0|0|0|0|0|0|0
690|F0|0|1|0|1|1|1|0|0|0|0|1|0|1892200416|1892200421|0|0|0|0|0|0|0|0|0|0
691|F0|0|1|0|1|1|1|0|0|0|0|1|0|1899784767|1899784772|0|0|0|0|0|0|0|0|0|0
692|F0|0|1|0|1|1|1|0|0|0|0|1|0|1911662270|1911662275|0|0|0|0|0|0|0|0|0|0
693|F0|0|1|0|1|1|1|0|0|0|0|1|0|1920329315|1920329320|0|0|0|0|0|0|0|0|0|0
694|F0|0|1|0|1|1|1|0|0|0|0|1|0|1928896777|1928896782|0|0|0|0|0|0|0|0|0|0
695|F0|0|1|0|1|1|1|0|0|0|0|1|0|1937429333|1937429338|0|0|0|0|0|0|0|0|0|0
696|F0|0|1|0|1|1|1|0|0|0|0|1|0|1944586432|1944586437|0|0|0|0|0|0|0|0|0|0
697|F0|0|1|0|1|1|1|0|0|0|0|1|0|1952549854|1952549859|0|0|0|0|0|0|0|0|0|0
698|F0|0|1|0|1|1|1|0|0|0|0|1|0|1961593820|1961593825|0|0|0|0|0|0|0|0|0|0
699|F0|0|1|0|1|1|1|0|0|0|0|1|0|1972519743|1972519748|0|0|0|0|0|0|0|0|0|0
700|F0|0|1|0|1|1|1|0|0|0|0|1|0|1979969257|1979969262|0|0|0|0|0|0|0|0|0|0
701|F0|0|1|0|1|1|1|0|0|0|0|1|0|1987653139|1987653144|0|0|0|0|0|0|0|0|0|0
702|F0|0|1|0|1|1|1|0|0|0|0|1|0|1995363034|1995363039|0|0|0|0|0|0|0|0|0|0
703|F0|0|1|0|1|1|1|0|0|0|0|1|0|2005434363|2005434368|0|0|0|0|0|0|0|0|0|0
704|F0|0|1|0|1|1|1|0|0|0|0|1|0|2013892662|2013892667|0|0|0|0|0|0|0|0|0|0
705|F0|0|1|0|1|1|1|0|0|0|0|1|0|2021374460|2021374465|0|0|0|0|0|0|0|0|0|0
706|F0|0|1|0|1|1|1|0|0|0|0|1|0|2029939305|2029939310|0|0|0|0|0|0|0|0|0|0
707|F0|0|1|0|1|1|1|0|0|0|0|1|0|2039194371|2039194376|0|0|0|0|0|0|0|0|0|0
708|F0|0|1|0|1|1|1|0|0|0|0|1|0|2049018156|2049018161|0|0|0|0|0|0|0|0|0|0
709|F0|0|1|0|1|1|1|0|0|0|0|1|0|2058578486|2058578491|0|0|0|0|0|0|0|0|0|0
710|F0|0|1|0|1|1|1|0|0|0|0|1|0|2066124954|2066124959|0|0|0|0|0|0|0|0|0|0
711|F0|0|1|0|1|1|1|0|0|0|0|1|0|2075428466|2075428471|0|0|0|0|0|0|0|0|0|0
712|F0|0|1|0|1|1|1|0|0|0|0|1|0|2084487925|2084487930|0|0|0|0|0|0|0|0|0|0
713|F0|0|1|0|1|1|1|0|0|0|0|1|0|2092522446|2092522451|0|0|0|0|0|0|0|0|0|0
714|F0|0|1|0|1|1|1|0|0|0|0|1|0|2103019167|2103019172|0|0|0|0|0|0|0|0|0|0
715|F0|0|1|0|1|1|1|0|0|0|0|1|0|2109877397|2109877402|0|0|0|0|0|0|0|0|0|0
716|F0|0|1|0|1|1|1|0|0|0|0|1|0|2116915564|2116915569|0|0|0|0|0|0|0|0|0|0
717|F0|0|1|0|1|1|1|0|0|0|0|1|0|2125470207|2125470212|0|0|0|0|0|0|0|0|0|0
718|F0|0|1|0|1|1|1|0|0|0|0|1|0|2133526966|2133526971|0|0|0|0|0|0|0|0|0|0
719|F0|0|1|0|1|1|1|0|0|0|0|1|0|2144452913|2144452918|0|0|0|0|0|0|0|0|0|0
720|F0|0|1|0|1|1|1|0|0|0|0|1|0|2152734499|2152734504|0|0|0|0|0|0|0|0|0|0
721|F0|0|1|0|1|1|1|0|0|0|0|1|0|2163089228|2163089233|0|0|0|0|0|0|0|0|0|0
722|F0|0|1|0|1|1|1|0|0|0|0|1|0|2174860808|2174860813|0|0|0|0|0|0|0|0|0|0
723|F0|0|1|0|1|1|1|0|0|0|0|1|0|2183120616|2183120621|0|0|0|0|0|0|0|0|0|0
724|F0|0|1|0|1|1|1|0|0|0|0|1|0|2190920246|2190920251|0|0|0|0|0|0|0|0|0|0
725|F0|0|1|0|1|1|1|0|0|0|0|1|0|2199436296|2199436301|0|0|0|0|0|0|0|0|0|0
726|F0|0|1|0|1|1|1|0|0|0|0|1|0|2208832727|2208832732|0|0|0|0|0|0|0|0|0|0
727|F0|0|1|0|1|1|1|0|0|0|0|1|0|2216895761|2216895766|0|0|0|0|0|0|0|0|0|0
728|F0|0|1|0|1|1|1|0|0|0|0|1|0|2226263217|2226263222|0|0|0|0|0|0|0|0|0|0
729|F0|0|1|0|1|1|1|0|0|0|0|1|0|2233462026|2233462031|0|0|0|0|0|0|0|0|0|0
730|F0|0|1|0|1|1|1|0|0|0|0|1|0|2242948483|2242948488|0|0|0|0|0|0|0|0|0|0
731|F0|0|1|0|1|1|1|0|0|0|0|1|0|2251236430|2251236435|0|0|0|0|0|0|0|0|0|0
732|F0|0|1|0|1|1|1|0|0|0|0|1|0|2259980634|2259980639|0|0|0|0|0|0|0|0|0|0
733|F0|0|1|0|1|1|1|0|0|0|0|1|0|2268157100|2268157105|0|0|0|0|0|0|0|0|0|0
734|F0|0|1|0|1|1|1|0|0|0|0|1|0|2276592942|2276592947|0|0|0|0|0|0|0|0|0|0
735|F0|0|1|0|1|1|1|0|0|0|0|1|0|2285523511|2285523516|0|0|0|0|0|0|0|0|0|0
736|F0|0|1|0|1|1|1|0|0|0|0|1|0|2293512959|2293512964|0|0|0|0|0|0|0|0|0|0
737|F0|0|1|0|1|1|1|0|0|0|0|1|0|2304866302|2304866307|0|0|0|0|0|0|0|0|0|0
738|F0|0|1|0|1|1|1|0|0|0|0|1|0|2311743702|2311743707|0|0|0|0|0|0|0|0|0|0
739|F0|0|1|0|1|1|1|0|0|0|0|1|0|2321156342|2321156347|0|0|0|0|0|0|0|0|0|0
740|F0|0|1|0|1|1|1|0|0|0|0|1|0|2329672566|2329672571|0|0|0|0|0|0|0|0|0|0
741|F0|0|1|0|1|1|1|0|0|0|0|1|0|2339104305|2339104310|0|0|0|0|0|0|0|0|0|0
742|F0|0|1|0|1|1|1|0|0|0|0|1|0|2346839587|2346839592|0|0|0|0|0|0|0|0|0|0
743|F0|0|1|0|1|1|1|0|0|0|0|1|0|2357312337|2357312342|0|0|0|0|0|0|0|0|0|0
744|F0|0|1|0|1|1|1|0|0|0|0|1|0|2367301045|2367301050|0|0|0|0|0|0|0|0|0|0
745|F0|0|1|0|1|1|1|0|0|0|0|1|0|2374901384|2374901389|0|0|0|0|0|0|0|0|0|0
746|F0|0|1|0|1|1|1|0|0|0|0|1|0|2383349902|2383349907|0|0|0|0|0|0|0|0|0|0
747|F0|0|1|0|1|1|1|0|0|0|0|1|0|2390314133|2390314138|0|0|0|0|0|0|0|0|0|0
748|F0|0|1|0|1|1|1|0|0|0|0|1|0|2399052035|2399052040|0|0|0|0|0|0|0|0|0|0
749|F0|0|1|0|1|1|1|0|0|0|0|1|0|2409868502|2409868507|0|0|0|0|0|0|0|0|0|0
750|F0|0|1|0|1|1|1|0|0|0|0|1|0|2420171200|2420171205|0|0|0|0|0|0|0|0|0|0
751|F0|0|1|0|1|1|1|0|0|0|0|1|0|2426826943|2426826948|0|0|0|0|0|0|0|0|0|0
752|F0|0|1|0|1|1|1|0|0|0|0|1|0|2435368894|2435368899|0|0|0|0|0|0|0|0|0|0
753|F0|0|1|0|1|1|1|0|0|0|0|1|0|2442606216|2442606221|0|0|0|0|0|0|0|0|0|0
754|F0|0|1|0|1|1|1|0|0|0|0|1|0|2453159971|2453159976|0|0|0|0|0|0|0|0|0|0
755|F0|0|1|0|1|1|1|0|0|0|0|1|0|2461823852|2461823857|0|0|0|0|0|0|0|0|0|0
756|F0|0|1|0|1|1|1|0|0|0|0|1|0|2471214011|2471214016|0|0|0|0|0|0|0|0|0|0
757|F0|0|1|0|1|1|1|0|0|0|0|1|0|2478933292|2478933297|0|0|0|0|0|0|0|0|0|0
758|F0|0|1|0|1|1|1|0|0|0|0|1|0|2488355374|2488355379|0|0|0|0|0|0|0|0|0|0
759|F0|0|1|0|1|1|1|0|0|0|0|1|0|2497141548|2497141553|0|0|0|0|0|0|0|0|0|0
760|F0|0|1|0|1|1|1|0|0|0|0|1|0|2505423100|2505423105|0|0|0|0|0|0|0|0|0|0
761|F0|0|1|0|1|1|1|0|0|0|0|1|0|2514183528|2514183533|0|0|0|0|0|0|0|0|0|0
762|F0|0|1|0|1|1|1|0|0|0|0|1|0|2520553490|2520553495|0|0|0|0|0|0|0|0|0|0
763|F0|0|1|0|1|1|1|0|0|0|0|1|0|2528269472|2528269477|0|0|0|0|0|0|0|0|0|0
764|F0|0|1|0|1|1|1|0|0|0|0|1|0|2537556622|2537556627|0|0|0|0|0|0|0|0|0|0
765|F0|0|1|0|1|1|1|0|0|0|0|1|0|2546233413|2546233418|0|0|0|0|0|0|0|0|0|0
766|F0|0|1|0|1|1|1|0|0|0|0|1|0|2555613750|2555613755|0|0|0|0|0|0|0|0|0|0
767|F0|0|1|0|1|1|1|0|0|0|0|1|0|2563490389|2563490394|0|0|0|0|0|0|0|0|0|0
768|F0|0|1|0|1|1|1|0|0|0|0|1|0|2572848300|2572848305|0|0|0|0|0|0|0|0|0|0
769|F0|0|1|0|1|1|1|0|0|0|0|1|0|2581763231|2581763236|0|0|0|0|0|0|0|0|0|0
770|F0|0|1|0|1|1|1|0|0|0|0|1|0|2589784503|2589784508|0|0|0|0|0|0|0|0|0|0
771|F0|0|1|0|1|1|1|0|0|0|0|1|0|2600225806|2600225811|0|0|0|0|0|0|0|0|0|0
772|F0|0|1|0|1|1|1|0|0|0|0|1|0|2608054336|2608054341|0|0|0|0|0|0|0|0|0|0
773|F0|0|1|0|1|1|1|0|0|0|0|1|0|2619558403|2619558408|0|0|0|0|0|0|0|0|0|0
774|F0|0|1|0|1|1|1|0|0|0|0|1|0|2630192465|2630192470|0|0|0|0|0|0|0|0|0|0
775|F0|0|1|0|1|1|1|0|0|0|0|1|0|2639801596|2639801601|0|0|0|0|0|0|0|0|0|0
776|F0|0|1|0|1|1|1|0|0|0|0|1|0|2647247754|2647247759|0|0|0|0|0|0|0|0|0|0
777|F0|0|1|0|1|1|1|0|0|0|0|1|0|2657495532|2657495537|0|0|0|0|0|0|0|0|0|0
778|F0|0|1|0|1|1|1|0|0|0|0|1|0|2666022198|2666022203|0|0|0|0|0|0|0|0|0|0
779|F0|0|1|0|1|1|1|0|0|0|0|1|0|2674062789|2674062794|0|0|0|0|0|0|0|0|0|0
780|F0|0|1|0|1|1|1|0|0|0|0|1|0|2681451112|2681451117|0|0|0|0|0|0|0|0|0|0
781|F0|0|1|0|1|1|1|0|0|0|0|1|0|2689430550|2689430555|0|0|0|0|0|0|0|0|0|0
782|F0|0|1|0|1|1|1|0|0|0|0|1|0|2698348287|2698348292|0|0|0|0|0|0|0|0|0|0
783|F0|0|1|0|1|1|1|0|0|0|0|1|0|2706777589|2706777594|0|0|0|0|0|0|0|0|0|0
784|F0|0|1|0|1|1|1|0|0|0|0|1|0|2714895258|2714895263|0|0|0|0|0|0|0|0|0|0
785|F0|0|1|0|1|1|1|0|0|0|0|1|0|2723437032|2723437037|0|0|0|0|0|0|0|0|0|0
786|F0|0|1|0|1|1|1|0|0|0|0|1|0|2731773338|2731773343|0|0|0|0|0|0|0|0|0|0
787|F0|0|1|0|1|1|1|0|0|0|0|1|0|2741356297|2741356302|0|0|0|0|0|0|0|0|0|0
788|F0|0|1|0|1|1|1|0|0|0|0|1|0|2750309262|2750309267|0|0|0|0|0|0|0|0|0|0
789|F0|0|1|0|1|1|1|0|0|0|0|1|0|2756238985|2756238990|0|0|0|0|0|0|0|0|0|0
790|F0|0|1|0|1|1|1|0|0|0|0|1|0|2770108416|2770108421|0|0|0|0|0|0|0|0|0|0
791|F0|0|1|0|1|1|1|0|0|0|0|1|0|2779739989|2779739994|0|0|0|0|0|0|0|0|0|0
792|F0|0|1|0|1|1|1|0|0|0|0|1|0|2790030702|2790030707|0|0|0|0|0|0|0|0|0|0
793|F0|0|1|0|1|1|1|0|0|0|0|1|0|2799147921|2799147926|0|0|0|0|0|0|0|0|0|0
794|F0|0|1|0|1|1|1|0|0|0|0|1|0|2812107423|2812107428|0|0|0|0|0|0|0|0|0|0
795|F0|0|1|0|1|1|1|0|0|0|0|1|0|2822040497|2822040502|0|0|0|0|0|0|0|0|0|0
796|F0|0|1|0|1|1|1|0|0|0|0|1|0|2832079574|2832079579|0|0|0|0|0|0|0|0|0|0
797|F0|0|1|0|1|1|1|0|0|0|0|1|0|2841485635|2841485640|0|0|0|0|0|0|0|0|0|0
798|F0|0|1|0|1|1|1|0|0|0|0|1|0|2849375118|2849375123|0|0|0|0|0|0|0|0|0|0
799|F0|0|1|0|1|1|1|0|0|0|0|1|0|2857512858|2857512863|0|0|0|0|0|0|0|0|0|0
800|F0|0|1|0|1|1|1|0|0|0|0|1|0|2864959050|2864959055|0|0|0|0|0|0|0|0|0|0
801|F0|0|1|0|1|1|1|0|0|0|0|1|0|2882799066|2882799071|0|0|0|0|0|0|0|0|0|0
802|F0|0|1|0|1|1|1|0|0|0|0|1|0|2889641279|2889641284|0|0|0|0|0|0|0|0|0|0
803|F0|0|1|0|1|1|1|0|0|0|0|1|0|2898202426|2898202431|0|0|0|0|0|0|0|0|0|0
804|F0|0|1|0|1|1|1|0|0|0|0|1|0|2907505694|2907505699|0|0|0|0|0|0|0|0|0|0
805|F0|0|1|0|1|1|1|0|0|0|0|1|0|2914341339|2914341344|0|0|0|0|0|0|0|0|0|0
806|F0|0|1|0|1|1|1|0|0|0|0|1|0|2922825221|2922825226|0|0|0|0|0|0|0|0|0|0
807|F0|0|1|0|1|1|1|0|0|0|0|1|0|2931193534|2931193539|0|0|0|0|0|0|0|0|0|0
808|F0|0|1|0|1|1|1|0|0|0|0|1|0|2938614005|2938614010|0|0|0|0|0|0|0|0|0|0
809|F0|0|1|0|1|1|1|0|0|0|0|1|0|2949067826|2949067831|0|0|0|0|0|0|0|0|0|0
810|F0|0|1|0|1|1|1|0|0|0|0|1|0|2957506780|2957506785|0|0|0|0|0|0|0|0|0|0
811|F0|0|1|0|1|1|1|0|0|0|0|1|0|2967963455|2967963460|0|0|0|0|0|0|0|0|0|0
812|F0|0|1|0|1|1|1|0|0|0|0|1|0|2977668278|2977668283|0|0|0|0|0|0|0|0|0|0
813|F0|0|1|0|1|1|1|0|0|0|0|1|0|2986242257|2986242262|0|0|0|0|0|0|0|0|0|0
814|F0|0|1|0|1|1|1|0|0|0|0|1|0|2994090889|2994090894|0|0|0|0|0|0|0|0|0|0
815|F0|0|1|0|1|1|1|0|0|0|0|1|0|3006132782|3006132787|0|0|0|0|0|0|0|0|0|0
816|F0|0|1|0|1|1|1|0|0|0|0|1|0|3014324342|3014324347|0|0|0|0|0|0|0|0|0|0
817|F0|0|1|0|1|1|1|0|0|0|0|1|0|3021879866|3021879871|0|0|0|0|0|0|0|0|0|0
818|F0|0|1|0|1|1|1|0|0|0|0|1|0|3031463198|3031463203|0|0|0|0|0|0|0|0|0|0
819|F0|0|1|0|1|1|1|0|0|0|0|1|0|3041962053|3041962058|0|0|0|0|0|0|0|0|0|0
820|F0|0|1|0|1|1|1|0|0|0|0|1|0|3049388958|3049388963|0|0|0|0|0|0|0|0|0|0
821|F0|0|1|0|1|1|1|0|0|0|0|1|0|3059068517|3059068522|0|0|0|0|0|0|0|0|0|0
822|F0|0|1|0|1|1|1|0|0|0|0|1|0|3068577516|3068577521|0|0|0|0|0|0|0|0|0|0
823|F0|0|1|0|1|1|1|0|0|0|0|1|0|3076399683|3076399688|0|0|0|0|0|0|0|0|0|0
824|F0|0|1|0|1|1|1|0|0|0|0|1|0|3086435464|3086435469|0|0|0|0|0|0|0|0|0|0
825|F0|0|1|0|1|1|1|0|0|0|0|1|0|3094893669|3094893674|0|0|0|0|0|0|0|0|0|0
826|F0|0|1|0|1|1|1|0|0|0|0|1|0|3102066879|3102066884|0|0|0|0|0|0|0|0|0|0
827|F0|0|1|0|1|1|1|0|0|0|0|1|0|3113526289|3113526294|0|0|0|0|0|0|0|0|0|0
828|F0|0|1|0|1|1|1|0|0|0|0|1|0|3121100974|3121100979|0|0|0|0|0|0|0|0|0|0
829|F0|0|1|0|1|1|1|0|0|0|0|1|0|3128534284|3128534289|0|0|0|0|0|0|0|0|0|0
830|F0|0|1|0|1|1|1|0|0|0|0|1|0|3137799232|3137799237|0|0|0|0|0|0|0|0|0|0
831|F0|0|1|0|1|1|1|0|0|0|0|1|0|3146029294|3146029299|0|0|0|0|0|0|0|0|0|0
832|F0|0|1|0|1|1|1|0|0|0|0|1|0|3153186358|3153186363|0|0|0|0|0|0|0|0|0|0
833|F0|0|1|0|1|1|1|0|0|0|0|1|0|3162666357|3162666362|0|0|0|0|0|0|0|0|0|0
834|F0|0|1|0|1|1|1|0|0|0|0|1|0|3173698120|3173698125|0|0|0|0|0|0|0|0|0|0
835|F0|0|1|0|1|1|1|0|0|0|0|1|0|3182121013|3182121018|0|0|0|0|0|0|0|0|0|0
836|F0|0|1|0|1|1|1|0|0|0|0|1|0|3190161567|3190161572|0|0|0|0|0|0|0|0|0|0
837|F0|0|1|0|1|1|1|0|0|0|0|1|0|3198076789|3198076794|0|0|0|0|0|0|0|0|0|0
838|F0|0|1|0|1|1|1|0|0|0|0|1|0|3209494481|3209494486|0|0|0|0|0|0|0|0|0|0
839|F0|0|1|0|1|1|1|0|0|0|0|1|0|3219074047|3219074052|0|0|0|0|0|0|0|0|0|0
840|F0|0|1|0|1|1|1|0|0|0|0|1|0|3227728270|3227728275|0|0|0|0|0|0|0|0|0|0
841|F0|0|1|0|1|1|1|0|0|0|0|1|0|3235939806|3235939811|0|0|0|0|0|0|0|0|0|0
842|F0|0|1|0|1|1|1|0|0|0|0|1|0|3246011080|3246011085|0|0|0|0|0|0|0|0|0|0
843|F0|0|1|0|1|1|1|0|0|0|0|1|0|3254286198|3254286203|0|0|0|0|0|0|0|0|0|0
844|F0|0|1|0|1|1|1|0|0|0|0|1|0|3264438783|3264438788|0|0|0|0|0|0|0|0|0|0
845|F0|0|1|0|1|1|1|0|0|0|0|1|0|3273366536|3273366541|0|0|0|0|0|0|0|0|0|0
846|F0|0|1|0|1|1|1|0|0|0|0|1|0|3280157201|3280157206|0|0|0|0|0|0|0|0|0|0
847|F0|0|1|0|1|1|1|0|0|0|0|1|0|3288641449|3288641454|0|0|0|0|0|0|0|0|0|0
848|F0|0|1|0|1|1|1|0|0|0|0|1|0|3297241303|3297241308|0|0|0|0|0|0|0|0|0|0
849|F0|0|1|0|1|1|1|0|0|0|0|1|0|3309073046|3309073051|0|0|0|0|0|0|0|0|0|0
850|F0|0|1|0|1|1|1|0|0|0|0|1|0|3319247662|3319247667|0|0|0|0|0|0|0|0|0|0
851|F0|0|1|0|1|1|1|0|0|0|0|1|0|3327140438|3327140443|0|0|0|0|0|0|0|0|0|0
852|F0|0|1|0|1|1|1|0|0|0|0|1|0|3339354581|3339354586|0|0|0|0|0|0|0|0|0|0
853|F0|0|1|0|1|1|1|0|0|0|0|1|0|3346849951|3346849956|0|0|0|0|0|0|0|0|0|0
854|F0|0|1|0|1|1|1|0|0|0|0|1|0|3355494997|3355495002|0|0|0|0|0|0|0|0|0|0
855|F0|0|1|0|1|1|1|0|0|0|0|1|0|3365209937|3365209942|0|0|0|0|0|0|0|0|0|0
856|F0|0|1|0|1|1|1|0|0|0|0|1|0|3374725225|3374725230|0|0|0|0|0|0|0|0|0|0
857|F0|0|1|0|1|1|1|0|0|0|0|1|0|3382727443|3382727448|0|0|0|0|0|0|0|0|0|0
858|F0|0|1|0|1|1|1|0|0|0|0|1|0|3390465984|3390465989|0|0|0|0|0|0|0|0|0|0
859|F0|0|1|0|1|1|1|0|0|0|0|1|0|3399583104|3399583109|0|0|0|0|0|0|0|0|0|0
860|F0|0|1|0|1|1|1|0|0|0|0|1|0|3410184469|3410184474|0|0|0|0|0|0|0|0|0|0
861|F0|0|1|0|1|1|1|0|0|0|0|1|0|3418822686|3418822691|0|0|0|0|0|0|0|0|0|0
862|F0|0|1|0|1|1|1|0|0|0|0|1|0|3426860035|3426860040|0|0|0|0|0|0|0|0|0|0
863|F0|0|1|0|1|1|1|0|0|0|0|1|0|3436593834|3436593839|0|0|0|0|0|0|0|0|0|0
864|F0|0|1|0|1|1|1|0|0|0|0|1|0|3444348387|3444348392|0|0|0|0|0|0|0|0|0|0
865|F0|0|1|0|1|1|1|0|0|0|0|1|0|3451932648|3451932653|0|0|0|0|0|0|0|0|0|0
866|F0|0|1|0|1|1|1|0|0|0|0|1|0|3460998668|3460998673|0|0|0|0|0|0|0|0|0|0
867|F0|0|1|0|1|1|1|0|0|0|0|1|0|3470080366|3470080371|0|0|0|0|0|0|0|0|0|0
868|F0|0|1|0|1|1|1|0|0|0|0|1|0|3479104051|3479104056|0|0|0|0|0|0|0|0|0|0
869|F0|0|1|0|1|1|1|0|0|0|0|1|0|3487318056|3487318061|0|0|0|0|0|0|0|0|0|0
870|F0|0|1|0|1|1|1|0|0|0|0|1|0|3496203642|3496203647|0|0|0|0|0|0|0|0|0|0
871|F0|0|1|0|1|1|1|0|0|0|0|1|0|3506242709|3506242714|0|0|0|0|0|0|0|0|0|0
872|F0|0|1|0|1|1|1|0|0|0|0|1|0|3513557170|3513557175|0|0|0|0|0|0|0|0|0|0
873|F0|0|1|0|1|1|1|0|0|0|0|1|0|3520100630|3520100635|0|0|0|0|0|0|0|0|0|0
874|F0|0|1|0|1|1|1|0|0|0|0|1|0|3531945384|3531945389|0|0|0|0|0|0|0|0|0|0
875|F0|0|1|0|1|1|1|0|0|0|0|1|0|3542472739|3542472744|0|0|0|0|0|0|0|0|0|0
876|F0|0|1|0|1|1|1|0|0|0|0|1|0|3551098133|3551098138|0|0|0|0|0|0|0|0|0|0
877|F0|0|1|0|1|1|1|0|0|0|0|1|0|3559264005|3559264010|0|0|0|0|0|0|0|0|0|0
878|F0|0|1|0|1|1|1|0|0|0|0|1|0|3567381658|3567381663|0|0|0|0|0|0|0|0|0|0
879|F0|0|1|0|1|1|1|0|0|0|0|1|0|3576896885|3576896890|0|0|0|0|0|0|0|0|0|0
880|F0|0|1|0|1|1|1|0|0|0|0|1|0|3585191313|3585191318|0|0|0|0|0|0|0|0|0|0
881|F0|0|1|0|1|1|1|0|0|0|0|1|0|3593488899|3593488904|0|0|0|0|0|0|0|0|0|0
882|F0|0|1|0|1|1|1|0|0|0|0|1|0|3601034734|3601034739|0|0|0|0|0|0|0|0|0|0
883|F0|0|1|0|1|1|1|0|0|0|0|1|0|3609644616|3609644621|0|0|0|0|0|0|0|0|0|0
884|F0|0|1|0|1|1|1|0|0|0|0|1|0|3619307770|3619307775|0|0|0|0|0|0|0|0|0|0
885|F0|0|1|0|1|1|1|0|0|0|0|1|0|3627685682|3627685687|0|0|0|0|0|0|0|0|0|0
886|F0|0|1|0|1|1|1|0|0|0|0|1|0|3636584046|3636584051|0|0|0|0|0|0|0|0|0|0
887|F0|0|1|0|1|1|1|0|0|0|0|1|0|3645254281|3645254286|0|0|0|0|0|0|0|0|0|0
888|F0|0|1|0|1|1|1|0|0|0|0|1|0|3654332778|3654332783|0|0|0|0|0|0|0|0|0|0
889|F0|0|1|0|1|1|1|0|0|0|0|1|0|3661711468|3661711473|0|0|0|0|0|0|0|0|0|0
890|F0|0|1|0|1|1|1|0|0|0|0|1|0|3670054779|3670054784|0|0|0|0|0|0|0|0|0|0
891|F0|0|1|0|1|1|1|0|0|0|0|1|0|3678490559|3678490564|0|0|0|0|0|0|0|0|0|0
892|F0|0|1|0|1|1|1|0|0|0|0|1|0|3686721109|3686721114|0|0|0|0|0|0|0|0|0|0
893|F0|0|1|0|1|1|1|0|0|0|0|1|0|3695307798|3695307803|0|0|0|0|0|0|0|0|0|0
894|F0|0|1|0|1|1|1|0|0|0|0|1|0|3703480085|3703480090|0|0|0|0|0|0|0|0|0|0
895|F0|0|1|0|1|1|1|0|0|0|0|1|0|3711042162|3711042167|0|0|0|0|0|0|0|0|0|0
896|F0|0|1|0|1|1|1|0|0|0|0|1|0|3718388726|3718388731|0|0|0|0|0|0|0|0|0|0
897|F0|0|1|0|1|1|1|0|0|0|0|1|0|3725864044|3725864049|0|0|0|0|0|0|0|0|0|0
898|F0|0|1|0|1|1|1|0|0|0|0|1|0|3734139185|3734139190|0|0|0|0|0|0|0|0|0|0
899|F0|0|1|0|1|1|1|0|0|0|0|1|0|3744027281|3744027286|0|0|0|0|0|0|0|0|0|0
900|F0|0|1|0|1|1|1|0|0|0|0|1|0|3754117649|3754117654|0|0|0|0|0|0|0|0|0|0
901|F0|0|1|0|1|1|1|0|0|0|0|1|0|3762077887|3762077892|0|0|0|0|0|0|0|0|0|0
902|F0|0|1|0|1|1|1|0|0|0|0|1|0|3773585457|3773585462|0|0|0|0|0|0|0|0|0|0
903|F0|0|1|0|1|1|1|0|0|0|0|1|0|3783423575|3783423580|0|0|0|0|0|0|0|0|0|0
904|F0|0|1|0|1|1|1|0|0|0|0|1|0|3790702670|3790702675|0|0|0|0|0|0|0|0|0|0
905|F0|0|1|0|1|1|1|0|0|0|0|1|0|3798588963|3798588968|0|0|0|0|0|0|0|0|0|0
906|F0|0|1|0|1|1|1|0|0|0|0|1|0|3807831262|3807831267|0|0|0|0|0|0|0|0|0|0
907|F0|0|1|0|1|1|1|0|0|0|0|1|0|3815193850|3815193855|0|0|0|0|0|0|0|0|0|0
908|F0|0|1|0|1|1|1|0|0|0|0|1|0|3823077256|3823077261|0|0|0|0|0|0|0|0|0|0
909|F0|0|1|0|1|1|1|0|0|0|0|1|0|3831423025|3831423030|0|0|0|0|0|0|0|0|0|0
910|F0|0|1|0|1|1|1|0|0|0|0|1|0|3838824188|3838824193|0|0|0|0|0|0|0|0|0|0
911|F0|0|1|0|1|1|1|0|0|0|0|1|0|3845280759|3845280764|0|0|0|0|0|0|0|0|0|0
912|F0|0|1|0|1|1|1|0|0|0|0|1|0|3853372681|3853372686|0|0|0|0|0|0|0|0|0|0
913|F0|0|1|0|1|1|1|0|0|0|0|1|0|3861856588|3861856593|0|0|0|0|0|0|0|0|0|0
914|F0|0|1|0|1|1|1|0|0|0|0|1|0|3871979173|3871979178|0|0|0|0|0|0|0|0|0|0
915|F0|0|1|0|1|1|1|0|0|0|0|1|0|3880402080|3880402085|0|0|0|0|0|0|0|0|0|0
916|F0|0|1|0|1|1|1|0|0|0|0|1|0|3888918134|3888918139|0|0|0|0|0|0|0|0|0|0
917|F0|0|1|0|1|1|1|0|0|0|0|1|0|3894818816|3894818821|0|0|0|0|0|0|0|0|0|0
918|F0|0|1|0|1|1|1|0|0|0|0|1|0|3904883679|3904883684|0|0|0|0|0|0|0|0|0|0
919|F0|0|1|0|1|1|1|0|0|0|0|1|0|3912754303|3912754308|0|0|0|0|0|0|0|0|0|0
920|F0|0|1|0|1|1|1|0|0|0|0|1|0|3921334563|3921334568|0|0|0|0|0|0|0|0|0|0
921|F0|0|1|0|1|1|1|0|0|0|0|1|0|3929542289|3929542294|0|0|0|0|0|0|0|0|0|0
922|F0|0|1|0|1|1|1|0|0|0|0|1|0|3941165713|3941165718|0|0|0|0|0|0|0|0|0|0
923|F0|0|1|0|1|1|1|0|0|0|0|1|0|3948676131|3948676136|0|0|0|0|0|0|0|0|0|0
924|F0|0|1|0|1|1|1|0|0|0|0|1|0|3957079785|3957079790|0|0|0|0|0|0|0|0|0|0
925|F0|0|1|0|1|1|1|0|0|0|0|1|0|3965399852|3965399857|0|0|0|0|0|0|0|0|0|0
926|F0|0|1|0|1|1|1|0|0|0|0|1|0|3973993006|3973993011|0|0|0|0|0|0|0|0|0|0
927|F0|0|1|0|1|1|1|0|0|0|0|1|0|3982383742|3982383747|0|0|0|0|0|0|0|0|0|0
928|F0|0|1|0|1|1|1|0|0|0|0|1|0|3989209790|3989209795|0|0|0|0|0|0|0|0|0|0
929|F0|0|1|0|1|1|1|0|0|0|0|1|0|3997475244|3997475249|0|0|0|0|0|0|0|0|0|0
930|F0|0|1|0|1|1|1|0|0|0|0|1|0|4007308606|4007308611|0|0|0|0|0|0|0|0|0|0
931|F0|0|1|0|1|1|1|0|0|0|0|1|0|4015041041|4015041046|0|0|0|0|0|0|0|0|0|0
932|F0|0|1|0|1|1|1|0|0|0|0|1|0|4023720913|4023720918|0|0|0|0|0|0|0|0|0|0
933|F0|0|1|0|1|1|1|0|0|0|0|1|0|4032853923|4032853928|0|0|0|0|0|0|0|0|0|0
934|F0|0|1|0|1|1|1|0|0|0|0|1|0|4042633539|4042633544|0|0|0|0|0|0|0|0|0|0
935|F0|0|1|0|1|1|1|0|0|0|0|1|0|4052903866|4052903871|0|0|0|0|0|0|0|0|0|0
936|F0|0|1|0|1|1|1|0|0|0|0|1|0|4062528421|4062528426|0|0|0|0|0|0|0|0|0|0
937|F0|0|1|0|1|1|1|0|0|0|0|1|0|4072213993|4072213998|0|0|0|0|0|0|0|0|0|0
938|F0|0|1|0|1|1|1|0|0|0|0|1|0|4080848997|4080849002|0|0|0|0|0|0|0|0|0|0
939|F0|0|1|0|1|1|1|0|0|0|0|1|0|4089564288|4089564293|0|0|0|0|0|0|0|0|0|0
940|F0|0|1|0|1|1|1|0|0|0|0|1|0|4098128561|4098128566|0|0|0|0|0|0|0|0|0|0
941|F0|0|1|0|1|1|1|0|0|0|0|1|0|4107576374|4107576379|0|0|0|0|0|0|0|0|0|0
942|F0|0|1|0|1|1|1|0|0|0|0|1|0|4115112492|4115112497|0|0|0|0|0|0|0|0|0|0
943|F0|0|1|0|1|1|1|0|0|0|0|1|0|4122671328|4122671333|0|0|0|0|0|0|0|0|0|0
944|F0|0|1|0|1|1|1|0|0|0|0|1|0|4131869283|4131869288|0|0|0|0|0|0|0|0|0|0
945|F0|0|1|0|1|1|1|0|0|0|0|1|0|4141121047|4141121052|0|0|0|0|0|0|0|0|0|0
946|F0|0|1|0|1|1|1|0|0|0|0|1|0|4149874853|4149874858|0|0|0|0|0|0|0|0|0|0
947|F0|0|1|0|1|1|1|0|0|0|0|1|0|4158034238|4158034243|0|0|0|0|0|0|0|0|0|0
948|F0|0|1|0|1|1|1|0|0|0|0|1|0|4166290047|4166290052|0|0|0|0|0|0|0|0|0|0
949|F0|0|1|0|1|1|1|0|0|0|0|1|0|4174041727|4174041732|0|0|0|0|0|0|0|0|0|0
950|F0|0|1|0|1|1|1|0|0|0|0|1|0|4182589879|4182589884|0|0|0|0|0|0|0|0|0|0
951|F0|0|1|0|1|1|1|0|0|0|0|1|0|4190839253|4190839258|0|0|0|0|0|0|0|0|0|0
952|F0|0|1|0|1|1|1|0|0|0|0|1|0|4199101512|4199101517|0|0|0|0|0|0|0|0|0|0
953|F0|0|1|0|1|1|1|0|0|0|0|1|0|4206117077|4206117082|0|0|0|0|0|0|0|0|0|0
954|F0|0|1|0|1|1|1|0|0|0|0|1|0|4215028343|4215028348|0|0|0|0|0|0|0|0|0|0
955|F0|0|1|0|1|1|1|0|0|0|0|1|0|4223782174|4223782179|0|0|0|0|0|0|0|0|0|0
956|F0|0|1|0|1|1|1|0|0|0|0|1|0|4234238958|4234238963|0|0|0|0|0|0|0|0|0|0
957|F0|0|1|0|1|1|1|0|0|0|0|1|0|4240942963|4240942968|0|0|0|0|0|0|0|0|0|0
958|F0|0|1|0|1|1|1|0|0|0|0|1|0|4248424462|4248424467|0|0|0|0|0|0|0|0|0|0
959|F0|0|1|0|1|1|1|0|0|0|0|1|0|4256262551|4256262556|0|0|0|0|0|0|0|0|0|0
960|F0|0|1|0|1|1|1|0|0|0|0|1|0|4264585996|4264586001|0|0|0|0|0|0|0|0|0|0
961|F0|0|1|0|1|1|1|0|0|0|0|1|0|4273339765|4273339770|0|0|0|0|0|0|0|0|0|0
962|F0|0|1|0|1|1|1|0|0|0|0|1|0|4284677228|4284677233|0|0|0|0|0|0|0|0|0|0
963|F0|0|1|0|1|1|1|0|0|0|0|1|0|4292341934|4292341939|0|0|0|0|0|0|0|0|0|0
964|F0|0|1|0|1|1|1|0|0|0|0|1|0|8342115|8342120|0|0|0|0|0|0|0|0|0|0
965|F0|0|1|0|1|1|1|0|0|0|0|1|0|16996284|16996289|0|0|0|0|0|0|0|0|0|0
966|F0|0|1|0|1|1|1|0|0|0|0|1|0|25293818|25293823|0|0|0|0|0|0|0|0|0|0
967|F0|0|1|0|1|1|1|0|0|0|0|1|0|35795518|35795523|0|0|0|0|0|0|0|0|0|0
968|F0|0|1|0|1|1|1|0|0|0|0|1|0|45487596|45487601|0|0|0|0|0|0|0|0|0|0
969|F0|0|1|0|1|1|1|0|0|0|0|1|0|54887246|54887251|0|0|0|0|0|0|0|0|0|0
970|F0|0|1|0|1|1|1|0|0|0|0|1|0|63229806|63229811|0|0|0|0|0|0|0|0|0|0
971|F0|0|1|0|1|1|1|0|0|0|0|1|0|72080338|72080343|0|0|0|0|0|0|0|0|0|0
972|F0|0|1|0|1|1|1|0|0|0|0|1|0|80252630|80252635|0|0|0|0|0|0|0|0|0|0
973|F0|0|1|0|1|1|1|0|0|0|0|1|0|90230542|90230547|0|0|0|0|0|0|0|0|0|0
974|F0|0|1|0|1|1|1|0|0|0|0|1|0|100089571|100089576|0|0|0|0|0|0|0|0|0|0
975|F0|0|1|0|1|1|1|0|0|0|0|1|0|109277178|109277183|0|0|0|0|0|0|0|0|0|0
976|F0|0|1|0|1|1|1|0|0|0|0|1|0|117070366|117070371|0|0|0|0|0|0|0|0|0|0
977|F0|0|1|0|1|1|1|0|0|0|0|1|0|126473402|126473407|0|0|0|0|0|0|0|0|0|0
978|F0|0|1|0|1|1|1|0|0|0|0|1|0|136088396|136088401|0|0|0|0|0|0|0|0|0|0
979|F0|0|1|0|1|1|1|0|0|0|0|1|0|145118510|145118515|0|0|0|0|0|0|0|0|0|0
980|F0|0|1|0|1|1|1|0|0|0|0|1|0|154081210|154081215|0|0|0|0|0|0|0|0|0|0
981|F0|0|1|0|1|1|1|0|0|0|0|1|0|161887171|161887176|0|0|0|0|0|0|0|0|0|0
982|F0|0|1|0|1|1|1|0|0|0|0|1|0|171187190|171187195|0|0|0|0|0|0|0|0|0|0
983|F0|0|1|0|1|1|1|0|0|0|0|1|0|179269678|179269683|0|0|0|0|0|0|0|0|0|0
984|F0|0|1|0|1|1|1|0|0|0|0|1|0|188251740|188251745|0|0|0|0|0|0|0|0|0|0
985|F0|0|1|0|1|1|1|0|0|0|0|1|0|197790449|197790454|0|0|0|0|0|0|0|0|0|0
986|F0|0|1|0|1|1|1|0|0|0|0|1|0|207190070|207190075|0|0|0|0|0|0|0|0|0|0
987|F0|0|1|0|1|1|1|0|0|0|0|1|0|215114917|215114922|0|0|0|0|0|0|0|0|0|0
988|F0|0|1|0|1|1|1|0|0|0|0|1|0|222381179|222381184|0|0|0|0|0|0|0|0|0|0
989|F0|0|1|0|1|1|1|0|0|0|0|1|0|231469129|231469134|0|0|0|0|0|0|0|0|0|0
990|F0|0|1|0|1|1|1|0|0|0|0|1|0|240197251|240197256|0|0|0|0|0|0|0|0|0|0
991|F0|0|1|0|1|1|1|0|0|0|0|1|0|248427318|248427323|0|0|0|0|0|0|0|0|0|0
992|F0|0|1|0|1|1|1|0|0|0|0|1|0|255677494|255677499|0|0|0|0|0|0|0|0|0|0
993|F0|0|1|0|1|1|1|0|0|0|0|1|0|265688310|265688315|0|0|0|0|0|0|0|0|0|0
994|F0|0|1|0|1|1|1|0|0|0|0|1|0|273812606|273812611|0|0|0|0|0|0|0|0|0|0
995|F0|0|1|0|1|1|1|0|0|0|0|1|0|282235587|282235592|0|0|0|0|0|0|0|0|0|0
996|F0|0|1|0|1|1|1|0|0|0|0|1|0|290581449|290581454|0|0|0|0|0|0|0|0|0|0
997|F0|0|1|0|1|1|1|0|0|0|0|1|0|300845512|300845517|0|0|0|0|0|0|0|0|0|0
998|F0|0|1|0|1|1|1|0|0|0|0|1|0|308866846|308866851|0|0|0|0|0|0|0|0|0|0
999|F0|0|1|0|1|1|1|0|0|0|0|1|0|316316268|316316273|0|0|0|0|0|0|0|0|0|0
