captured_ms|sequence|label|role|admission_snapshot_words_csv|ps_runtime_words_csv|pl_perf_snapshot_words_csv
1786195018289|1001|dma_reset_rotating_1_clean64|fixed|2,1378943233,16781056,6139980,6056384,69643,0,69643,0,1478,0,739,0,0,0,5791,5791,4721392,4721392,4096,4096,0,0,739,739,365238454,365238454,365238462,365238462,0,0,0,0,0,0,0,0,4096,256,131072,4,15|4,0,67108864,262144,256,0,0,0,0,100,0,88,0,25,22,0,1,100,0|4,991387516,0,0,0,5767168,0,5767168,0,17622,0,0,22,0,0,0,0,0,0,0,6895202,0,0,0,0,0
1786195018289|1001|dma_reset_rotating_1_clean64|rotating|2,1378943233,33554687,6233433,6148156,6162662,6148156,6162662,6148156,5903,5880,5879,5879,0,0,751,0,181488552,181129994,4096,4096,0,0,5880,5880,349135325,349135322,349135317,349135330,0,0,0,0,0,0,0,0,4096,256,131072,4,15|4,0,67108864,262144,256,0,0,0,0,100,0,88,0,25,22,0,1,100,0|4,399270015,0,5862016,0,0,0,0,0,6216816,0,22,0,325903670,0,325903670,0,2080,319021224,0,9772451,0,0,0,0,0
1786195023324|1001|dma_reset_rotating_1_clean64|fixed|4,1378943233,16781056,12443970,12273837,141354,0,141354,0,3000,0,1500,0,0,0,11737,11737,9583400,9583400,4096,4096,0,0,1500,1500,687744712,687744712,687744720,687744720,0,0,0,0,0,0,0,0,4096,256,131072,4,15|4,0,67108864,262144,256,0,0,0,0,188,0,176,0,47,44,0,1,188,0|6,1314384406,0,0,0,11534336,0,11534336,0,35574,0,0,44,0,0,0,0,0,0,0,6936237,0,0,0,0,0
1786195023324|1001|dma_reset_rotating_1_clean64|rotating|4,1378943233,33554687,12571700,12400141,12428930,12400141,12428930,12400141,11903,11858,11857,11857,0,0,1515,0,366025194,365306909,4096,4096,0,0,11858,11858,673030011,673030048,673030027,673030056,0,0,0,0,0,0,0,0,4096,256,131072,4,15|4,0,67108864,262144,256,0,0,0,0,188,0,176,0,47,44,0,1,188,0|6,723154849,0,11755648,0,0,0,0,0,12467657,0,44,0,648315096,0,648315096,0,2080,639749656,0,12620085,0,0,0,0,0
1786195028332|1001|dma_reset_rotating_1_clean64|fixed|6,1378943233,16781056,18721875,18464516,212597,0,212597,0,4512,0,2256,0,0,0,17656,17656,14413472,14413472,4096,4096,0,0,2256,2256,1008299578,1008299578,1008299586,1008299586,0,0,0,0,0,0,0,0,4096,256,131072,4,15|4,0,67108864,262144,256,0,0,0,0,276,0,264,0,69,66,0,1,276,0|8,1633969137,0,0,0,17301504,0,17301504,0,53338,0,0,66,0,0,0,0,0,0,0,6975263,0,0,0,0,0
1786195028332|1001|dma_reset_rotating_1_clean64|rotating|6,1378943233,33558272,18825849,18567263,18612120,18567263,18612120,18567263,17821,17754,17754,17754,0,0,2268,0,548030912,546952392,4096,4096,0,0,17754,17754,992515687,992516020,992515695,992516028,0,0,0,0,0,0,0,0,4096,256,131072,4,15|4,0,67108864,262144,256,0,0,0,0,276,0,264,0,69,66,0,1,276,0|8,1041729622,0,17546528,0,0,0,0,0,18617040,0,66,0,965442149,0,965442149,0,2080,955171881,0,15467492,0,0,0,0,0
1786195033333|1001|dma_reset_rotating_1_clean64|fixed|8,1378943233,16781056,24982791,24639426,283651,0,283651,0,6020,0,3010,0,0,0,23559,23559,19230736,19230736,4096,4096,0,0,3010,3010,1327995247,1327995247,1327995255,1327995255,0,0,0,0,0,0,0,0,4096,256,131072,4,15|4,0,67108864,262144,256,0,0,0,0,364,0,352,0,91,88,0,1,364,0|10,1954115177,0,0,0,23068672,0,23068672,0,71124,0,0,88,0,0,0,0,0,0,0,7011646,0,0,0,0,0
1786195033333|1001|dma_reset_rotating_1_clean64|rotating|8,1378943233,33554687,25071928,24727499,24787242,24727499,24787242,24727499,23734,23645,23643,23643,0,0,3021,0,729817452,728379679,4096,4096,0,0,23644,23644,1311643342,1311643355,1311643350,1311643363,0,0,0,0,0,0,0,0,4096,256,131072,4,15|4,0,67108864,262144,256,0,0,0,0,368,0,356,0,92,89,0,1,368,0|10,1361371218,0,23362432,0,0,0,0,0,24783549,0,89,0,1283629769,0,1283629769,0,2080,1271525753,0,18444613,0,0,0,0,0
1786195038353|1001|dma_reset_rotating_1_clean64|fixed|10,1378943233,16781056,31272131,30841306,355080,0,355080,0,7536,0,3768,0,0,0,29488,29488,24073496,24073496,4096,4096,0,0,3768,3768,1649409902,1649409902,1649409910,1649409910,0,0,0,0,0,0,0,0,4096,256,131072,4,15|4,0,67108864,262144,256,0,0,0,0,456,0,444,0,114,111,0,1,456,0|12,2276119386,0,0,0,29097984,0,29097984,0,89005,0,0,111,0,0,0,0,0,0,0,7060535,0,0,0,0,0
1786195038353|1001|dma_reset_rotating_1_clean64|rotating|10,1378943233,33558272,31396260,30963486,31039672,30963486,31039672,30963486,29719,29607,29606,29606,0,0,3784,0,913880400,912067568,4096,4096,0,0,29606,29606,1634825108,1634825441,1634825116,1634825449,0,0,0,0,0,0,0,0,4096,256,131072,4,15|4,0,67108864,262144,256,0,0,0,0,456,0,444,0,114,111,0,1,456,0|12,1685577935,0,29256064,0,0,0,0,0,31042010,0,111,0,1606363078,0,1606363078,0,2080,1592576090,0,21292225,0,0,0,0,0
1786195043354|1001|dma_reset_rotating_1_clean64|fixed|12,1378943233,16781056,37536183,37017840,426321,0,426321,0,9048,0,4524,0,0,0,35394,35394,28903552,28903552,4096,4096,0,0,4524,4524,1969767213,1969767213,1969767221,1969767221,0,0,0,0,0,0,0,0,4096,256,131072,4,15|4,0,67108864,262144,256,0,0,0,0,544,0,532,0,136,133,0,1,544,0|14,2595682408,0,0,0,34865152,0,34865152,0,106769,0,0,133,0,0,0,0,0,0,0,7102733,0,0,0,0,0
1786195043354|1001|dma_reset_rotating_1_clean64|rotating|12,1378943233,33557555,37629334,37109643,37201976,37109643,37201976,37109643,35617,35484,35482,35482,0,0,4535,0,1095260729,1093088788,4096,4096,0,0,35483,35483,1953249859,1953249872,1953249867,1953249880,0,0,0,0,0,0,0,0,4096,256,131072,4,15|4,0,67108864,262144,256,0,0,0,0,544,0,532,0,136,133,0,1,544,0|14,2004284663,0,35054848,0,0,0,0,0,37194349,0,133,0,1923620110,0,1923620110,0,2080,1908129842,0,24139781,0,0,0,0,0
1786195048355|1001|dma_reset_rotating_1_clean64|fixed|14,1378943233,16781056,43804715,43199508,497470,0,497470,0,10558,0,5279,0,0,0,41304,41304,33727248,33727248,4096,4096,0,0,5279,5279,2289892346,2289892346,2289892354,2289892354,0,0,0,0,0,0,0,0,4096,256,131072,4,15|4,0,67108864,262144,256,0,0,0,0,632,0,620,0,158,155,0,1,632,0|16,2915409818,0,0,0,40632320,0,40632320,0,124532,0,0,155,0,0,0,0,0,0,0,7158655,0,0,0,0,0
1786195048355|1001|dma_reset_rotating_1_clean64|rotating|14,1378943233,33558272,43900030,43293935,43401522,43293935,43401522,43293935,41551,41396,41394,41394,0,0,5290,0,1277750928,1275221048,4096,4096,0,0,41394,41394,2273571394,2273571727,2273571402,2273571735,0,0,0,0,0,0,0,0,4096,256,131072,4,15|4,0,67108864,262144,256,0,0,0,0,632,0,620,0,158,155,0,1,632,0|16,2323090847,0,40853632,0,0,0,0,0,43347967,0,155,0,2240976598,0,2240976598,0,2080,2223783205,0,26987182,0,0,0,0,0
1786195053360|1001|dma_reset_rotating_1_clean64|fixed|16,1378943233,16781056,50074655,49383171,568617,0,568617,0,12068,0,6034,0,0,0,47216,47216,38550880,38550880,4096,4096,0,0,6034,6034,2610017473,2610017473,2610017481,2610017481,0,0,0,0,0,0,0,0,4096,256,131072,4,15|4,0,67108864,262144,256,0,0,0,0,720,0,708,0,180,177,0,1,720,0|18,3235898660,0,0,0,46399488,0,46399488,0,142343,0,0,177,0,0,0,0,0,0,0,7198764,0,0,0,0,0
1786195053360|1001|dma_reset_rotating_1_clean64|rotating|16,1378943233,33554687,50186099,49493340,49616257,49493340,49616257,49493340,47501,47324,47321,47321,0,0,6047,0,1460714864,1457826792,4096,4096,0,0,47322,47322,2594748354,2594748351,2594748338,2594748343,0,0,0,0,0,0,0,0,4096,256,131072,4,15|4,0,67108864,262144,256,0,0,0,0,724,0,712,0,181,178,0,1,724,0|18,2644606259,0,46701152,0,0,0,0,0,49550775,0,178,0,2561030130,0,2561030130,0,2080,2542010063,0,29964017,0,0,0,0,0
1786195058370|1001|dma_reset_rotating_1_clean64|fixed|18,1378943233,16781056,56349246,55570667,639861,0,639861,0,13580,0,6790,0,0,0,53131,53131,43380888,43380888,4096,4096,0,0,6790,6790,2930572330,2930572330,2930572346,2930572346,0,0,0,0,0,0,0,0,4096,256,131072,4,15|4,0,67108864,262144,256,0,0,0,0,808,0,796,0,202,199,0,1,808,0|20,3556154421,0,0,0,52166656,0,52166656,0,160129,0,0,199,0,0,0,0,0,0,0,7244849,0,0,0,0,0
1786195058370|1001|dma_reset_rotating_1_clean64|rotating|18,1378943233,33554687,56449149,55668688,55808066,55668688,55808066,55668688,53428,53228,53225,53225,0,0,6803,0,1642956881,1639691504,4096,4096,0,0,53226,53226,2914778132,2914778137,2914778140,2914778121,0,0,0,0,0,0,0,0,4096,256,131072,4,15|4,0,67108864,262144,256,0,0,0,0,812,0,800,0,203,200,0,1,812,0|20,2963875351,0,52507840,0,0,0,0,0,55713957,0,200,0,2878847550,0,2878847550,0,2080,2858126048,0,32811425,0,0,0,0,0
1786195063376|1001|dma_reset_rotating_1_clean64|fixed|20,1378943233,16781056,62621070,61755721,711100,0,711100,0,15092,0,7546,0,0,0,59044,59044,48210936,48210936,4096,4096,0,0,7546,7546,3251127237,3251127237,3251127245,3251127245,0,0,0,0,0,0,0,0,4096,256,131072,4,15|4,0,67108864,262144,256,0,0,0,0,900,0,888,0,225,222,0,1,900,0|22,3877814596,0,0,0,58195968,0,58195968,0,178010,0,0,222,0,0,0,0,0,0,0,7288747,0,0,0,0,0
1786195063376|1001|dma_reset_rotating_1_clean64|rotating|20,1378943233,33558272,62749890,61882480,62037281,61882480,62037281,61882480,59391,59171,59166,59166,0,0,7562,0,1826336976,1822712808,4096,4096,0,0,59166,59166,3236650164,3236650497,3236650172,3236650505,0,0,0,0,0,0,0,0,4096,256,131072,4,15|4,0,67108864,262144,256,0,0,0,0,900,0,888,0,225,222,0,1,900,0|22,3286554986,0,58377760,0,0,0,0,0,61942918,0,222,0,3200059705,0,3200059705,0,2080,3177650352,0,35658825,0,0,0,0,0
1786195068378|1001|dma_reset_rotating_1_clean64|fixed|22,1378943233,16781056,68883677,67931364,782249,0,782249,0,16602,0,8301,0,0,0,64949,64949,53034600,53034600,4096,4096,0,0,8301,8301,3571054634,3571054634,3571054642,3571054642,0,0,0,0,0,0,0,0,4096,256,131072,4,15|4,0,67108864,262144,256,0,0,0,0,988,0,976,0,247,244,0,1,988,0|24,4196657678,0,0,0,63963136,0,63963136,0,195727,0,0,244,0,0,0,0,0,0,0,7328833,0,0,0,0,0
1786195068378|1001|dma_reset_rotating_1_clean64|rotating|22,1378943233,33554687,68967406,68014128,68184214,68014128,68184214,68014128,65276,65034,65028,65028,0,0,8311,0,2007302403,2003319710,4096,4096,0,0,65029,65029,3554346435,3554346432,3554346443,3554346440,0,0,0,0,0,0,0,0,4096,256,131072,4,15|4,0,67108864,262144,256,0,0,0,0,988,0,976,0,247,244,0,1,988,0|24,3605287447,0,64168640,0,0,0,0,0,68094497,0,244,0,3517344446,0,3517344446,0,2080,3493230271,0,38506226,0,0,0,0,0
