captured_ms|sequence|label|role|admission_snapshot_words_csv|ps_runtime_words_csv|pl_perf_snapshot_words_csv
1785886455916|1001|degrade_static_unavailable_1|fixed|2,1378943233,16781056,0,4292306,0,35185,0,35185,0,762,0,381,0,0,0,4071,0,2433848,0,4096,0,0,0,381,0,451415577,0,451415585,0,0,0,0,0,0,0,0,4096,256,131072,4,15|9,0,0,0,0,0,0,0,0,0,0,0,0,0,0,0,0,0,0|2,1167140144,0,0,0,0,0,0,0,8934,0,0,0,0,0,0,0,0,0,0,838996339,0,0,0,0,0
1785886455916|1001|degrade_static_unavailable_1|rotating|2,1378943233,33554926,0,4384438,0,4348519,0,4348519,0,4160,0,4158,0,0,0,389,0,128367538,0,4096,0,0,0,4159,0,439830565,0,439830573,0,0,0,0,0,0,0,0,4096,256,131072,4,15|9,0,0,0,0,0,0,0,0,0,0,0,0,0,0,0,0,0,0|2,484977757,0,3106272,0,0,0,0,0,3285190,0,0,0,230235467,0,230235467,0,2080,230902357,0,253964584,0,0,0,0,0
1785886464862|1002|degrade_static_unavailable_2|fixed|6,1378943233,16777949,4289951,0,4254764,0,4254764,0,4070,0,4068,0,0,0,381,0,125588392,0,4096,0,0,0,4069,0,1024415257,0,1024415265,0,0,0,0,0,0,0,0,0,4096,256,131072,4,15|9,0,0,0,0,0,0,0,0,0,0,0,0,0,0,0,0,0,0|4,1739654550,0,3058848,0,4194304,0,4194304,0,3235241,0,0,1,226714857,0,226714857,0,2080,227371565,0,1099598708,0,0,0,0,0
1785886464862|1002|degrade_static_unavailable_2|rotating|6,1378943233,33558272,4363898,0,35737,0,35737,0,774,0,387,0,0,0,4138,0,2472112,0,4096,0,0,0,387,0,1010947148,0,1010947156,0,0,0,0,0,0,0,0,0,4096,256,131072,4,15|9,0,0,0,0,0,0,0,0,0,0,0,0,0,0,0,0,0,0|4,1056831653,0,4194304,0,0,0,0,0,9025,0,1,0,310732307,0,310732307,0,2048,312001880,0,417466323,0,0,0,0,0
1785886473699|1003|degrade_static_unavailable_4|fixed|10,1378943233,16778427,4303002,4268627,4267723,4268627,4267723,4268627,4083,4082,4081,4081,0,0,382,0,125977875,125974822,4096,4096,0,0,4082,4082,1590009115,1590009112,1590009123,1590009120,0,0,0,0,0,0,0,0,4096,256,131072,4,15|9,0,0,0,0,0,0,0,0,0,0,0,0,0,0,0,0,0,0|6,2304848821,0,7261056,0,4194304,0,4194304,0,3239228,0,1,1,537728493,0,537728493,0,2080,539656471,0,1352354463,0,0,0,0,0
1785886473699|1003|degrade_static_unavailable_4|rotating|10,1378943233,33558272,4376516,4340662,35920,0,35920,0,778,0,389,0,0,0,4151,4150,2484912,0,4096,0,0,0,389,0,1577034829,0,1577034837,0,0,0,0,0,0,0,0,0,4096,256,131072,4,15|9,0,0,0,0,0,0,0,0,0,0,0,0,0,0,0,0,0,0|6,1622266210,0,4194304,0,4194304,0,4194304,0,9048,0,1,1,310732307,0,310732307,0,2048,312001880,0,573009256,0,0,0,0,0
1785886482510|1004|degrade_static_unavailable_8|fixed|14,1378943233,16781056,4022962,3989535,3989261,3989535,3989261,3989535,3816,3815,3815,3815,0,0,365,0,117761736,117762128,4096,4096,0,0,3815,3815,2154869417,2154981231,2154869425,2154981239,0,0,0,0,0,0,0,0,4096,256,131072,4,15|9,0,0,0,0,0,0,0,0,0,0,0,0,0,0,0,0,0,0|8,2869498354,0,11212560,0,4194304,0,4194304,0,2991861,0,2,1,848808667,0,848808667,0,2055,851953158,0,1604561618,0,0,0,0,0
1785886482510|1004|degrade_static_unavailable_8|rotating|14,1378943233,33558272,4022962,3989539,33701,0,33701,0,721,0,365,0,0,0,3815,3797,2331576,0,4096,0,0,0,365,0,2138185487,0,2138185495,0,0,0,0,0,0,0,0,0,4096,256,131072,4,15|9,0,0,0,0,0,0,0,0,0,0,0,0,0,0,0,0,0,0|8,2186929127,0,4194304,0,8388608,0,8388608,0,8471,0,1,2,310732307,0,310732307,0,2048,312001880,0,728043020,0,0,0,0,0
1785886487510|1004|degrade_static_unavailable_8|fixed|16,1378943233,16777216,4031009,3996934,3996570,3996934,3996570,3996934,3823,3822,3822,3822,0,0,373,0,117977784,117978232,4096,4096,0,0,3823,3823,2183714249,2183826297,2183714257,2183826305,0,0,0,0,0,0,0,0,4096,256,131072,4,15|9,0,0,0,0,0,0,0,0,0,0,0,0,0,0,0,0,0,0|10,3189729335,0,11217008,0,4194304,0,4194304,0,2997367,0,2,1,1169038536,0,1169038536,0,2048,882368251,0,1894377506,0,1,1,0,0
1785886487510|1004|degrade_static_unavailable_8|rotating|16,1378943233,33558272,4031009,3996938,34439,0,34439,0,729,0,373,0,0,0,3822,3797,2382672,0,4096,0,0,0,373,0,2167030579,0,2167030587,0,0,0,0,0,0,0,0,0,4096,256,131072,4,15|9,0,0,0,0,0,0,0,0,0,0,0,0,0,0,0,0,0,0|10,2507123582,0,4194304,0,8388608,0,8388608,0,8609,0,1,2,310732307,0,310732307,0,2048,312001880,0,728043020,0,0,0,0,0
1785886492518|1004|degrade_static_unavailable_8|fixed|18,1378943233,16777216,4031009,3996934,3996570,3996934,3996570,3996934,3823,3822,3822,3822,0,0,373,0,117977784,117978232,4096,4096,0,0,3823,3823,2183714249,2183826297,2183714257,2183826305,0,0,0,0,0,0,0,0,4096,256,131072,4,15|9,0,0,0,0,0,0,0,0,0,0,0,0,0,0,0,0,0,0|12,3509043934,0,11217008,0,4194304,0,4194304,0,2997367,0,2,1,1488353135,0,1488353135,0,2048,882368251,0,2213692105,0,1,1,0,0
1785886492518|1004|degrade_static_unavailable_8|rotating|18,1378943233,33558272,4031009,3996938,34439,0,34439,0,729,0,373,0,0,0,3822,3797,2382672,0,4096,0,0,0,373,0,2167030579,0,2167030587,0,0,0,0,0,0,0,0,0,4096,256,131072,4,15|9,0,0,0,0,0,0,0,0,0,0,0,0,0,0,0,0,0,0|12,2827257028,0,4194304,0,8388608,0,8388608,0,8609,0,1,2,310732307,0,310732307,0,2048,312001880,0,728043020,0,0,0,0,0
1785886497518|1004|degrade_static_unavailable_8|fixed|20,1378943233,16777216,4031009,3996934,3996570,3996934,3996570,3996934,3823,3822,3822,3822,0,0,373,0,117977784,117978232,4096,4096,0,0,3823,3823,2183714249,2183826297,2183714257,2183826305,0,0,0,0,0,0,0,0,4096,256,131072,4,15|9,0,0,0,0,0,0,0,0,0,0,0,0,0,0,0,0,0,0|14,3829238999,0,11217008,0,4194304,0,4194304,0,2997367,0,2,1,1808548200,0,1808548200,0,2048,882368251,0,2533887170,0,1,1,0,0
1785886497518|1004|degrade_static_unavailable_8|rotating|20,1378943233,33558272,4031009,3996938,34439,0,34439,0,729,0,373,0,0,0,3822,3797,2382672,0,4096,0,0,0,373,0,2167030579,0,2167030587,0,0,0,0,0,0,0,0,0,4096,256,131072,4,15|9,0,0,0,0,0,0,0,0,0,0,0,0,0,0,0,0,0,0|14,3146672600,0,4194304,0,8388608,0,8388608,0,8609,0,1,2,310732307,0,310732307,0,2048,312001880,0,728043020,0,0,0,0,0
1785886502527|1004|degrade_static_unavailable_8|fixed|22,1378943233,16777216,4031009,3996934,3996570,3996934,3996570,3996934,3823,3822,3822,3822,0,0,373,0,117977784,117978232,4096,4096,0,0,3823,3823,2183714249,2183826297,2183714257,2183826305,0,0,0,0,0,0,0,0,4096,256,131072,4,15|9,0,0,0,0,0,0,0,0,0,0,0,0,0,0,0,0,0,0|16,4149990947,0,11217008,0,4194304,0,4194304,0,2997367,0,2,1,2129300148,0,2129300148,0,2048,882368251,0,2854639118,0,1,1,0,0
1785886502527|1004|degrade_static_unavailable_8|rotating|22,1378943233,33558272,4031009,3996938,34439,0,34439,0,729,0,373,0,0,0,3822,3797,2382672,0,4096,0,0,0,373,0,2167030579,0,2167030587,0,0,0,0,0,0,0,0,0,4096,256,131072,4,15|9,0,0,0,0,0,0,0,0,0,0,0,0,0,0,0,0,0,0|16,3467308461,0,4194304,0,8388608,0,8388608,0,8609,0,1,2,310732307,0,310732307,0,2048,312001880,0,728043020,0,0,0,0,0
1785886507535|1004|degrade_static_unavailable_8|fixed|24,1378943233,16777216,4031009,3996934,3996570,3996934,3996570,3996934,3823,3822,3822,3822,0,0,373,0,117977784,117978232,4096,4096,0,0,3823,3823,2183714249,2183826297,2183714257,2183826305,0,0,0,0,0,0,0,0,4096,256,131072,4,15|9,0,0,0,0,0,0,0,0,0,0,0,0,0,0,0,0,0,0|18,175277911,1,11217008,0,4194304,0,4194304,0,2997367,0,2,1,2449554408,0,2449554408,0,2048,882368251,0,3174893378,0,1,1,0,0
1785886507535|1004|degrade_static_unavailable_8|rotating|24,1378943233,33558272,4031009,3996938,34439,0,34439,0,729,0,373,0,0,0,3822,3797,2382672,0,4096,0,0,0,373,0,2167030579,0,2167030587,0,0,0,0,0,0,0,0,0,4096,256,131072,4,15|9,0,0,0,0,0,0,0,0,0,0,0,0,0,0,0,0,0,0|18,3788017067,0,4194304,0,8388608,0,8388608,0,8609,0,1,2,310732307,0,310732307,0,2048,312001880,0,728043020,0,0,0,0,0
1785886512541|1004|degrade_static_unavailable_8|fixed|26,1378943233,16777216,4031009,3996934,3996570,3996934,3996570,3996934,3823,3822,3822,3822,0,0,373,0,117977784,117978232,4096,4096,0,0,3823,3823,2183714249,2183826297,2183714257,2183826305,0,0,0,0,0,0,0,0,4096,256,131072,4,15|9,0,0,0,0,0,0,0,0,0,0,0,0,0,0,0,0,0,0|20,495644757,1,11217008,0,4194304,0,4194304,0,2997367,0,2,1,2769921254,0,2769921254,0,2048,882368251,0,3495260224,0,1,1,0,0
1785886512541|1004|degrade_static_unavailable_8|rotating|26,1378943233,33558272,4031009,3996938,34439,0,34439,0,729,0,373,0,0,0,3822,3797,2382672,0,4096,0,0,0,373,0,2167030579,0,2167030587,0,0,0,0,0,0,0,0,0,4096,256,131072,4,15|9,0,0,0,0,0,0,0,0,0,0,0,0,0,0,0,0,0,0|20,4109244226,0,4194304,0,8388608,0,8388608,0,8609,0,1,2,310732307,0,310732307,0,2048,312001880,0,728043020,0,0,0,0,0
1785886517545|1004|degrade_static_unavailable_8|fixed|28,1378943233,16777216,4031009,3996934,3996570,3996934,3996570,3996934,3823,3822,3822,3822,0,0,373,0,117977784,117978232,4096,4096,0,0,3823,3823,2183714249,2183826297,2183714257,2183826305,0,0,0,0,0,0,0,0,4096,256,131072,4,15|9,0,0,0,0,0,0,0,0,0,0,0,0,0,0,0,0,0,0|22,816067218,1,11217008,0,4194304,0,4194304,0,2997367,0,2,1,3090343715,0,3090343715,0,2048,882368251,0,3815682685,0,1,1,0,0
1785886517545|1004|degrade_static_unavailable_8|rotating|28,1378943233,33558272,4031009,3996938,34439,0,34439,0,729,0,373,0,0,0,3822,3797,2382672,0,4096,0,0,0,373,0,2167030579,0,2167030587,0,0,0,0,0,0,0,0,0,4096,256,131072,4,15|9,0,0,0,0,0,0,0,0,0,0,0,0,0,0,0,0,0,0|22,133455812,1,4194304,0,8388608,0,8388608,0,8609,0,1,2,310732307,0,310732307,0,2048,312001880,0,728043020,0,0,0,0,0
1785886522549|1004|degrade_static_unavailable_8|fixed|30,1378943233,16777216,4031009,3996934,3996570,3996934,3996570,3996934,3823,3822,3822,3822,0,0,373,0,117977784,117978232,4096,4096,0,0,3823,3823,2183714249,2183826297,2183714257,2183826305,0,0,0,0,0,0,0,0,4096,256,131072,4,15|9,0,0,0,0,0,0,0,0,0,0,0,0,0,0,0,0,0,0|24,1137130038,1,11217008,0,4194304,0,4194304,0,2997367,0,2,1,3411406535,0,3411406535,0,2048,882368251,0,4136745505,0,1,1,0,0
1785886522549|1004|degrade_static_unavailable_8|rotating|30,1378943233,33558272,4031009,3996938,34439,0,34439,0,729,0,373,0,0,0,3822,3797,2382672,0,4096,0,0,0,373,0,2167030579,0,2167030587,0,0,0,0,0,0,0,0,0,4096,256,131072,4,15|9,0,0,0,0,0,0,0,0,0,0,0,0,0,0,0,0,0,0|24,455476098,1,4194304,0,8388608,0,8388608,0,8609,0,1,2,310732307,0,310732307,0,2048,312001880,0,728043020,0,0,0,0,0
1785886527556|1004|degrade_static_unavailable_8|fixed|32,1378943233,16777216,4031009,3996934,3996570,3996934,3996570,3996934,3823,3822,3822,3822,0,0,373,0,117977784,117978232,4096,4096,0,0,3823,3823,2183714249,2183826297,2183714257,2183826305,0,0,0,0,0,0,0,0,4096,256,131072,4,15|9,0,0,0,0,0,0,0,0,0,0,0,0,0,0,0,0,0,0|26,1456709677,1,11217008,0,4194304,0,4194304,0,2997367,0,2,1,3730986174,0,3730986174,0,2048,882368251,0,161357848,1,1,1,0,0
1785886527556|1004|degrade_static_unavailable_8|rotating|32,1378943233,33558272,4031009,3996938,34439,0,34439,0,729,0,373,0,0,0,3822,3797,2382672,0,4096,0,0,0,373,0,2167030579,0,2167030587,0,0,0,0,0,0,0,0,0,4096,256,131072,4,15|9,0,0,0,0,0,0,0,0,0,0,0,0,0,0,0,0,0,0|26,774134395,1,4194304,0,8388608,0,8388608,0,8609,0,1,2,310732307,0,310732307,0,2048,312001880,0,728043020,0,0,0,0,0
1785886532567|1004|degrade_static_unavailable_8|fixed|34,1378943233,16777216,4031009,3996934,3996570,3996934,3996570,3996934,3823,3822,3822,3822,0,0,373,0,117977784,117978232,4096,4096,0,0,3823,3823,2183714249,2183826297,2183714257,2183826305,0,0,0,0,0,0,0,0,4096,256,131072,4,15|9,0,0,0,0,0,0,0,0,0,0,0,0,0,0,0,0,0,0|28,1777251793,1,11217008,0,4194304,0,4194304,0,2997367,0,2,1,4051528290,0,4051528290,0,2048,882368251,0,481899964,1,1,1,0,0
1785886532567|1004|degrade_static_unavailable_8|rotating|34,1378943233,33558272,4031009,3996938,34439,0,34439,0,729,0,373,0,0,0,3822,3797,2382672,0,4096,0,0,0,373,0,2167030579,0,2167030587,0,0,0,0,0,0,0,0,0,4096,256,131072,4,15|9,0,0,0,0,0,0,0,0,0,0,0,0,0,0,0,0,0,0|28,1095486844,1,4194304,0,8388608,0,8388608,0,8609,0,1,2,310732307,0,310732307,0,2048,312001880,0,728043020,0,0,0,0,0
1785886537575|1004|degrade_static_unavailable_8|fixed|36,1378943233,16777216,4031009,3996934,3996570,3996934,3996570,3996934,3823,3822,3822,3822,0,0,373,0,117977784,117978232,4096,4096,0,0,3823,3823,2183714249,2183826297,2183714257,2183826305,0,0,0,0,0,0,0,0,4096,256,131072,4,15|9,0,0,0,0,0,0,0,0,0,0,0,0,0,0,0,0,0,0|30,2097990477,1,11217008,0,4194304,0,4194304,0,2997367,0,2,1,77299678,1,77299678,1,2048,882368251,0,802638648,1,1,1,0,0
1785886537575|1004|degrade_static_unavailable_8|rotating|36,1378943233,33558272,4031009,3996938,34439,0,34439,0,729,0,373,0,0,0,3822,3797,2382672,0,4096,0,0,0,373,0,2167030579,0,2167030587,0,0,0,0,0,0,0,0,0,4096,256,131072,4,15|9,0,0,0,0,0,0,0,0,0,0,0,0,0,0,0,0,0,0|30,1417157435,1,4194304,0,8388608,0,8388608,0,8609,0,1,2,310732307,0,310732307,0,2048,312001880,0,728043020,0,0,0,0,0
1785886542583|1004|degrade_static_unavailable_8|fixed|38,1378943233,16777216,4031009,3996934,3996570,3996934,3996570,3996934,3823,3822,3822,3822,0,0,373,0,117977784,117978232,4096,4096,0,0,3823,3823,2183714249,2183826297,2183714257,2183826305,0,0,0,0,0,0,0,0,4096,256,131072,4,15|9,0,0,0,0,0,0,0,0,0,0,0,0,0,0,0,0,0,0|32,2418661141,1,11217008,0,4194304,0,4194304,0,2997367,0,2,1,397970342,1,397970342,1,2048,882368251,0,1123309312,1,1,1,0,0
1785886542583|1004|degrade_static_unavailable_8|rotating|38,1378943233,33558272,4031009,3996938,34439,0,34439,0,729,0,373,0,0,0,3822,3797,2382672,0,4096,0,0,0,373,0,2167030579,0,2167030587,0,0,0,0,0,0,0,0,0,4096,256,131072,4,15|9,0,0,0,0,0,0,0,0,0,0,0,0,0,0,0,0,0,0|32,1736009348,1,4194304,0,8388608,0,8388608,0,8609,0,1,2,310732307,0,310732307,0,2048,312001880,0,728043020,0,0,0,0,0
1785886547600|1004|degrade_static_unavailable_8|fixed|40,1378943233,16777216,4031009,3996934,3996570,3996934,3996570,3996934,3823,3822,3822,3822,0,0,373,0,117977784,117978232,4096,4096,0,0,3823,3823,2183714249,2183826297,2183714257,2183826305,0,0,0,0,0,0,0,0,4096,256,131072,4,15|9,0,0,0,0,0,0,0,0,0,0,0,0,0,0,0,0,0,0|34,2739429661,1,11217008,0,4194304,0,4194304,0,2997367,0,2,1,718738862,1,718738862,1,2048,882368251,0,1444077832,1,1,1,0,0
1785886547600|1004|degrade_static_unavailable_8|rotating|40,1378943233,33558272,4031009,3996938,34439,0,34439,0,729,0,373,0,0,0,3822,3797,2382672,0,4096,0,0,0,373,0,2167030579,0,2167030587,0,0,0,0,0,0,0,0,0,4096,256,131072,4,15|9,0,0,0,0,0,0,0,0,0,0,0,0,0,0,0,0,0,0|34,2058011909,1,4194304,0,8388608,0,8388608,0,8609,0,1,2,310732307,0,310732307,0,2048,312001880,0,728043020,0,0,0,0,0
1785886552603|1004|degrade_static_unavailable_8|fixed|42,1378943233,16777216,4031009,3996934,3996570,3996934,3996570,3996934,3823,3822,3822,3822,0,0,373,0,117977784,117978232,4096,4096,0,0,3823,3823,2183714249,2183826297,2183714257,2183826305,0,0,0,0,0,0,0,0,4096,256,131072,4,15|9,0,0,0,0,0,0,0,0,0,0,0,0,0,0,0,0,0,0|36,3059927281,1,11217008,0,4194304,0,4194304,0,2997367,0,2,1,1039236482,1,1039236482,1,2048,882368251,0,1764575452,1,1,1,0,0
1785886552603|1004|degrade_static_unavailable_8|rotating|42,1378943233,33558272,4031009,3996938,34439,0,34439,0,729,0,373,0,0,0,3822,3797,2382672,0,4096,0,0,0,373,0,2167030579,0,2167030587,0,0,0,0,0,0,0,0,0,4096,256,131072,4,15|9,0,0,0,0,0,0,0,0,0,0,0,0,0,0,0,0,0,0|36,2377844093,1,4194304,0,8388608,0,8388608,0,8609,0,1,2,310732307,0,310732307,0,2048,312001880,0,728043020,0,0,0,0,0
1785886557614|1004|degrade_static_unavailable_8|fixed|44,1378943233,16777216,4031009,3996934,3996570,3996934,3996570,3996934,3823,3822,3822,3822,0,0,373,0,117977784,117978232,4096,4096,0,0,3823,3823,2183714249,2183826297,2183714257,2183826305,0,0,0,0,0,0,0,0,4096,256,131072,4,15|9,0,0,0,0,0,0,0,0,0,0,0,0,0,0,0,0,0,0|38,3381456804,1,11217008,0,4194304,0,4194304,0,2997367,0,2,1,1360766005,1,1360766005,1,2048,882368251,0,2086104975,1,1,1,0,0
1785886557614|1004|degrade_static_unavailable_8|rotating|44,1378943233,33558272,4031009,3996938,34439,0,34439,0,729,0,373,0,0,0,3822,3797,2382672,0,4096,0,0,0,373,0,2167030579,0,2167030587,0,0,0,0,0,0,0,0,0,4096,256,131072,4,15|9,0,0,0,0,0,0,0,0,0,0,0,0,0,0,0,0,0,0|38,2699123535,1,4194304,0,8388608,0,8388608,0,8609,0,1,2,310732307,0,310732307,0,2048,312001880,0,728043020,0,0,0,0,0
1785886562617|1004|degrade_static_unavailable_8|fixed|46,1378943233,16777216,4031009,3996934,3996570,3996934,3996570,3996934,3823,3822,3822,3822,0,0,373,0,117977784,117978232,4096,4096,0,0,3823,3823,2183714249,2183826297,2183714257,2183826305,0,0,0,0,0,0,0,0,4096,256,131072,4,15|9,0,0,0,0,0,0,0,0,0,0,0,0,0,0,0,0,0,0|40,3703660405,1,11217008,0,4194304,0,4194304,0,2997367,0,2,1,1682969606,1,1682969606,1,2048,882368251,0,2408308576,1,1,1,0,0
1785886562617|1004|degrade_static_unavailable_8|rotating|46,1378943233,33558272,4031009,3996938,34439,0,34439,0,729,0,373,0,0,0,3822,3797,2382672,0,4096,0,0,0,373,0,2167030579,0,2167030587,0,0,0,0,0,0,0,0,0,4096,256,131072,4,15|9,0,0,0,0,0,0,0,0,0,0,0,0,0,0,0,0,0,0|40,3022186560,1,4194304,0,8388608,0,8388608,0,8609,0,1,2,310732307,0,310732307,0,2048,312001880,0,728043020,0,0,0,0,0
1785886567692|1004|degrade_static_unavailable_8|fixed|48,1378943233,16777216,4031009,3996934,3996570,3996934,3996570,3996934,3823,3822,3822,3822,0,0,373,0,117977784,117978232,4096,4096,0,0,3823,3823,2183714249,2183826297,2183714257,2183826305,0,0,0,0,0,0,0,0,4096,256,131072,4,15|9,0,0,0,0,0,0,0,0,0,0,0,0,0,0,0,0,0,0|42,4025571243,1,11217008,0,4194304,0,4194304,0,2997367,0,2,1,2004880444,1,2004880444,1,2048,882368251,0,2730219414,1,1,1,0,0
1785886567692|1004|degrade_static_unavailable_8|rotating|48,1378943233,33558272,4031009,3996938,34439,0,34439,0,729,0,373,0,0,0,3822,3797,2382672,0,4096,0,0,0,373,0,2167030579,0,2167030587,0,0,0,0,0,0,0,0,0,4096,256,131072,4,15|9,0,0,0,0,0,0,0,0,0,0,0,0,0,0,0,0,0,0|42,3344504933,1,4194304,0,8388608,0,8388608,0,8609,0,1,2,310732307,0,310732307,0,2048,312001880,0,728043020,0,0,0,0,0
1785886572701|1004|degrade_static_unavailable_8|fixed|50,1378943233,16777216,4031009,3996934,3996570,3996934,3996570,3996934,3823,3822,3822,3822,0,0,373,0,117977784,117978232,4096,4096,0,0,3823,3823,2183714249,2183826297,2183714257,2183826305,0,0,0,0,0,0,0,0,4096,256,131072,4,15|9,0,0,0,0,0,0,0,0,0,0,0,0,0,0,0,0,0,0|44,52743701,2,11217008,0,4194304,0,4194304,0,2997367,0,2,1,2327020198,1,2327020198,1,2048,882368251,0,3052359168,1,1,1,0,0
1785886572701|1004|degrade_static_unavailable_8|rotating|50,1378943233,33558272,4031009,3996938,34439,0,34439,0,729,0,373,0,0,0,3822,3797,2382672,0,4096,0,0,0,373,0,2167030579,0,2167030587,0,0,0,0,0,0,0,0,0,4096,256,131072,4,15|9,0,0,0,0,0,0,0,0,0,0,0,0,0,0,0,0,0,0|44,3667283104,1,4194304,0,8388608,0,8388608,0,8609,0,1,2,310732307,0,310732307,0,2048,312001880,0,728043020,0,0,0,0,0
1785886577711|1004|degrade_static_unavailable_8|fixed|52,1378943233,16777216,4031009,3996934,3996570,3996934,3996570,3996934,3823,3822,3822,3822,0,0,373,0,117977784,117978232,4096,4096,0,0,3823,3823,2183714249,2183826297,2183714257,2183826305,0,0,0,0,0,0,0,0,4096,256,131072,4,15|9,0,0,0,0,0,0,0,0,0,0,0,0,0,0,0,0,0,0|46,371911222,2,11217008,0,4194304,0,4194304,0,2997367,0,2,1,2646187719,1,2646187719,1,2048,882368251,0,3371526689,1,1,1,0,0
1785886577711|1004|degrade_static_unavailable_8|rotating|52,1378943233,33558272,4031009,3996938,34439,0,34439,0,729,0,373,0,0,0,3822,3797,2382672,0,4096,0,0,0,373,0,2167030579,0,2167030587,0,0,0,0,0,0,0,0,0,4096,256,131072,4,15|9,0,0,0,0,0,0,0,0,0,0,0,0,0,0,0,0,0,0|46,3984211032,1,4194304,0,8388608,0,8388608,0,8609,0,1,2,310732307,0,310732307,0,2048,312001880,0,728043020,0,0,0,0,0
1785886582727|1004|degrade_static_unavailable_8|fixed|54,1378943233,16777216,4031009,3996934,3996570,3996934,3996570,3996934,3823,3822,3822,3822,0,0,373,0,117977784,117978232,4096,4096,0,0,3823,3823,2183714249,2183826297,2183714257,2183826305,0,0,0,0,0,0,0,0,4096,256,131072,4,15|9,0,0,0,0,0,0,0,0,0,0,0,0,0,0,0,0,0,0|48,692826545,2,11217008,0,4194304,0,4194304,0,2997367,0,2,1,2967103042,1,2967103042,1,2048,882368251,0,3692442012,1,1,1,0,0
1785886582727|1004|degrade_static_unavailable_8|rotating|54,1378943233,33558272,4031009,3996938,34439,0,34439,0,729,0,373,0,0,0,3822,3797,2382672,0,4096,0,0,0,373,0,2167030579,0,2167030587,0,0,0,0,0,0,0,0,0,4096,256,131072,4,15|9,0,0,0,0,0,0,0,0,0,0,0,0,0,0,0,0,0,0|48,10531872,2,4194304,0,8388608,0,8388608,0,8609,0,1,2,310732307,0,310732307,0,2048,312001880,0,728043020,0,0,0,0,0
1785886587734|1004|degrade_static_unavailable_8|fixed|56,1378943233,16777216,4031009,3996934,3996570,3996934,3996570,3996934,3823,3822,3822,3822,0,0,373,0,117977784,117978232,4096,4096,0,0,3823,3823,2183714249,2183826297,2183714257,2183826305,0,0,0,0,0,0,0,0,4096,256,131072,4,15|9,0,0,0,0,0,0,0,0,0,0,0,0,0,0,0,0,0,0|50,1013487857,2,11217008,0,4194304,0,4194304,0,2997367,0,2,1,3287764354,1,3287764354,1,2048,882368251,0,4013103324,1,1,1,0,0
1785886587734|1004|degrade_static_unavailable_8|rotating|56,1378943233,33558272,4031009,3996938,34439,0,34439,0,729,0,373,0,0,0,3822,3797,2382672,0,4096,0,0,0,373,0,2167030579,0,2167030587,0,0,0,0,0,0,0,0,0,4096,256,131072,4,15|9,0,0,0,0,0,0,0,0,0,0,0,0,0,0,0,0,0,0|50,331001346,2,4194304,0,8388608,0,8388608,0,8609,0,1,2,310732307,0,310732307,0,2048,312001880,0,728043020,0,0,0,0,0
1785886592742|1004|degrade_static_unavailable_8|fixed|58,1378943233,16777216,4031009,3996934,3996570,3996934,3996570,3996934,3823,3822,3822,3822,0,0,373,0,117977784,117978232,4096,4096,0,0,3823,3823,2183714249,2183826297,2183714257,2183826305,0,0,0,0,0,0,0,0,4096,256,131072,4,15|9,0,0,0,0,0,0,0,0,0,0,0,0,0,0,0,0,0,0|52,1333731291,2,11217008,0,4194304,0,4194304,0,2997367,0,2,1,3608007788,1,3608007788,1,2048,882368251,0,38379462,2,1,1,0,0
1785886592742|1004|degrade_static_unavailable_8|rotating|58,1378943233,33558272,4031009,3996938,34439,0,34439,0,729,0,373,0,0,0,3822,3797,2382672,0,4096,0,0,0,373,0,2167030579,0,2167030587,0,0,0,0,0,0,0,0,0,4096,256,131072,4,15|9,0,0,0,0,0,0,0,0,0,0,0,0,0,0,0,0,0,0|52,651546295,2,4194304,0,8388608,0,8388608,0,8609,0,1,2,310732307,0,310732307,0,2048,312001880,0,728043020,0,0,0,0,0
1785886597755|1004|degrade_static_unavailable_8|fixed|60,1378943233,16777216,4031009,3996934,3996570,3996934,3996570,3996934,3823,3822,3822,3822,0,0,373,0,117977784,117978232,4096,4096,0,0,3823,3823,2183714249,2183826297,2183714257,2183826305,0,0,0,0,0,0,0,0,4096,256,131072,4,15|9,0,0,0,0,0,0,0,0,0,0,0,0,0,0,0,0,0,0|54,1655426029,2,11217008,0,4194304,0,4194304,0,2997367,0,2,1,3929702526,1,3929702526,1,2048,882368251,0,360074200,2,1,1,0,0
1785886597755|1004|degrade_static_unavailable_8|rotating|60,1378943233,33558272,4031009,3996938,34439,0,34439,0,729,0,373,0,0,0,3822,3797,2382672,0,4096,0,0,0,373,0,2167030579,0,2167030587,0,0,0,0,0,0,0,0,0,4096,256,131072,4,15|9,0,0,0,0,0,0,0,0,0,0,0,0,0,0,0,0,0,0|54,973199093,2,4194304,0,8388608,0,8388608,0,8609,0,1,2,310732307,0,310732307,0,2048,312001880,0,728043020,0,0,0,0,0
1785886602767|1004|degrade_static_unavailable_8|fixed|62,1378943233,16777216,4031009,3996934,3996570,3996934,3996570,3996934,3823,3822,3822,3822,0,0,373,0,117977784,117978232,4096,4096,0,0,3823,3823,2183714249,2183826297,2183714257,2183826305,0,0,0,0,0,0,0,0,4096,256,131072,4,15|9,0,0,0,0,0,0,0,0,0,0,0,0,0,0,0,0,0,0|56,1976705027,2,11217008,0,4194304,0,4194304,0,2997367,0,2,1,4250981524,1,4250981524,1,2048,882368251,0,681353198,2,1,1,0,0
1785886602767|1004|degrade_static_unavailable_8|rotating|62,1378943233,33558272,4031009,3996938,34439,0,34439,0,729,0,373,0,0,0,3822,3797,2382672,0,4096,0,0,0,373,0,2167030579,0,2167030587,0,0,0,0,0,0,0,0,0,4096,256,131072,4,15|9,0,0,0,0,0,0,0,0,0,0,0,0,0,0,0,0,0,0|56,1293963966,2,4194304,0,8388608,0,8388608,0,8609,0,1,2,310732307,0,310732307,0,2048,312001880,0,728043020,0,0,0,0,0
1785886607769|1004|degrade_static_unavailable_8|fixed|64,1378943233,16777216,4031009,3996934,3996570,3996934,3996570,3996934,3823,3822,3822,3822,0,0,373,0,117977784,117978232,4096,4096,0,0,3823,3823,2183714249,2183826297,2183714257,2183826305,0,0,0,0,0,0,0,0,4096,256,131072,4,15|9,0,0,0,0,0,0,0,0,0,0,0,0,0,0,0,0,0,0|58,2295730427,2,11217008,0,4194304,0,4194304,0,2997367,0,2,1,275039628,2,275039628,2,2048,882368251,0,1000378598,2,1,1,0,0
1785886607769|1004|degrade_static_unavailable_8|rotating|64,1378943233,33558272,4031009,3996938,34439,0,34439,0,729,0,373,0,0,0,3822,3797,2382672,0,4096,0,0,0,373,0,2167030579,0,2167030587,0,0,0,0,0,0,0,0,0,4096,256,131072,4,15|9,0,0,0,0,0,0,0,0,0,0,0,0,0,0,0,0,0,0|58,1614017733,2,4194304,0,8388608,0,8388608,0,8609,0,1,2,310732307,0,310732307,0,2048,312001880,0,728043020,0,0,0,0,0
1785886612773|1004|degrade_static_unavailable_8|fixed|66,1378943233,16777216,4031009,3996934,3996570,3996934,3996570,3996934,3823,3822,3822,3822,0,0,373,0,117977784,117978232,4096,4096,0,0,3823,3823,2183714249,2183826297,2183714257,2183826305,0,0,0,0,0,0,0,0,4096,256,131072,4,15|9,0,0,0,0,0,0,0,0,0,0,0,0,0,0,0,0,0,0|60,2615785721,2,11217008,0,4194304,0,4194304,0,2997367,0,2,1,595094922,2,595094922,2,2048,882368251,0,1320433892,2,1,1,0,0
1785886612773|1004|degrade_static_unavailable_8|rotating|66,1378943233,33558272,4031009,3996938,34439,0,34439,0,729,0,373,0,0,0,3822,3797,2382672,0,4096,0,0,0,373,0,2167030579,0,2167030587,0,0,0,0,0,0,0,0,0,4096,256,131072,4,15|9,0,0,0,0,0,0,0,0,0,0,0,0,0,0,0,0,0,0|60,1933675189,2,4194304,0,8388608,0,8388608,0,8609,0,1,2,310732307,0,310732307,0,2048,312001880,0,728043020,0,0,0,0,0
1785886617773|1004|degrade_static_unavailable_8|fixed|68,1378943233,16777216,4031009,3996934,3996570,3996934,3996570,3996934,3823,3822,3822,3822,0,0,373,0,117977784,117978232,4096,4096,0,0,3823,3823,2183714249,2183826297,2183714257,2183826305,0,0,0,0,0,0,0,0,4096,256,131072,4,15|9,0,0,0,0,0,0,0,0,0,0,0,0,0,0,0,0,0,0|62,2935936176,2,11217008,0,4194304,0,4194304,0,2997367,0,2,1,915245377,2,915245377,2,2048,882368251,0,1640584347,2,1,1,0,0
1785886617773|1004|degrade_static_unavailable_8|rotating|68,1378943233,33558272,4031009,3996938,34439,0,34439,0,729,0,373,0,0,0,3822,3797,2382672,0,4096,0,0,0,373,0,2167030579,0,2167030587,0,0,0,0,0,0,0,0,0,4096,256,131072,4,15|9,0,0,0,0,0,0,0,0,0,0,0,0,0,0,0,0,0,0|62,2254025642,2,4194304,0,8388608,0,8388608,0,8609,0,1,2,310732307,0,310732307,0,2048,312001880,0,728043020,0,0,0,0,0
1785886622783|1004|degrade_static_unavailable_8|fixed|70,1378943233,16777216,4031009,3996934,3996570,3996934,3996570,3996934,3823,3822,3822,3822,0,0,373,0,117977784,117978232,4096,4096,0,0,3823,3823,2183714249,2183826297,2183714257,2183826305,0,0,0,0,0,0,0,0,4096,256,131072,4,15|9,0,0,0,0,0,0,0,0,0,0,0,0,0,0,0,0,0,0|64,3256475976,2,11217008,0,4194304,0,4194304,0,2997367,0,2,1,1235785177,2,1235785177,2,2048,882368251,0,1961124147,2,1,1,0,0
1785886622783|1004|degrade_static_unavailable_8|rotating|70,1378943233,33558272,4031009,3996938,34439,0,34439,0,729,0,373,0,0,0,3822,3797,2382672,0,4096,0,0,0,373,0,2167030579,0,2167030587,0,0,0,0,0,0,0,0,0,4096,256,131072,4,15|9,0,0,0,0,0,0,0,0,0,0,0,0,0,0,0,0,0,0|64,2574447433,2,4194304,0,8388608,0,8388608,0,8609,0,1,2,310732307,0,310732307,0,2048,312001880,0,728043020,0,0,0,0,0
1785886627785|1004|degrade_static_unavailable_8|fixed|72,1378943233,16777216,4031009,3996934,3996570,3996934,3996570,3996934,3823,3822,3822,3822,0,0,373,0,117977784,117978232,4096,4096,0,0,3823,3823,2183714249,2183826297,2183714257,2183826305,0,0,0,0,0,0,0,0,4096,256,131072,4,15|9,0,0,0,0,0,0,0,0,0,0,0,0,0,0,0,0,0,0|66,3576644930,2,11217008,0,4194304,0,4194304,0,2997367,0,2,1,1555954131,2,1555954131,2,2048,882368251,0,2281293101,2,1,1,0,0
1785886627785|1004|degrade_static_unavailable_8|rotating|72,1378943233,33558272,4031009,3996938,34439,0,34439,0,729,0,373,0,0,0,3822,3797,2382672,0,4096,0,0,0,373,0,2167030579,0,2167030587,0,0,0,0,0,0,0,0,0,4096,256,131072,4,15|9,0,0,0,0,0,0,0,0,0,0,0,0,0,0,0,0,0,0|66,2895977001,2,4194304,0,8388608,0,8388608,0,8609,0,1,2,310732307,0,310732307,0,2048,312001880,0,728043020,0,0,0,0,0
1785886632789|1004|degrade_static_unavailable_8|fixed|74,1378943233,16777216,4031009,3996934,3996570,3996934,3996570,3996934,3823,3822,3822,3822,0,0,373,0,117977784,117978232,4096,4096,0,0,3823,3823,2183714249,2183826297,2183714257,2183826305,0,0,0,0,0,0,0,0,4096,256,131072,4,15|9,0,0,0,0,0,0,0,0,0,0,0,0,0,0,0,0,0,0|68,3897711705,2,11217008,0,4194304,0,4194304,0,2997367,0,2,1,1877020906,2,1877020906,2,2048,882368251,0,2602359876,2,1,1,0,0
1785886632789|1004|degrade_static_unavailable_8|rotating|74,1378943233,33558272,4031009,3996938,34439,0,34439,0,729,0,373,0,0,0,3822,3797,2382672,0,4096,0,0,0,373,0,2167030579,0,2167030587,0,0,0,0,0,0,0,0,0,4096,256,131072,4,15|9,0,0,0,0,0,0,0,0,0,0,0,0,0,0,0,0,0,0|68,3216450400,2,4194304,0,8388608,0,8388608,0,8609,0,1,2,310732307,0,310732307,0,2048,312001880,0,728043020,0,0,0,0,0
1785886637795|1004|degrade_static_unavailable_8|fixed|76,1378943233,16777216,4031009,3996934,3996570,3996934,3996570,3996934,3823,3822,3822,3822,0,0,373,0,117977784,117978232,4096,4096,0,0,3823,3823,2183714249,2183826297,2183714257,2183826305,0,0,0,0,0,0,0,0,4096,256,131072,4,15|9,0,0,0,0,0,0,0,0,0,0,0,0,0,0,0,0,0,0|70,4217311902,2,11217008,0,4194304,0,4194304,0,2997367,0,2,1,2196621103,2,2196621103,2,2048,882368251,0,2921960073,2,1,1,0,0
1785886637795|1004|degrade_static_unavailable_8|rotating|76,1378943233,33558272,4031009,3996938,34439,0,34439,0,729,0,373,0,0,0,3822,3797,2382672,0,4096,0,0,0,373,0,2167030579,0,2167030587,0,0,0,0,0,0,0,0,0,4096,256,131072,4,15|9,0,0,0,0,0,0,0,0,0,0,0,0,0,0,0,0,0,0|70,3535150402,2,4194304,0,8388608,0,8388608,0,8609,0,1,2,310732307,0,310732307,0,2048,312001880,0,728043020,0,0,0,0,0
1785886642807|1004|degrade_static_unavailable_8|fixed|78,1378943233,16777216,4031009,3996934,3996570,3996934,3996570,3996934,3823,3822,3822,3822,0,0,373,0,117977784,117978232,4096,4096,0,0,3823,3823,2183714249,2183826297,2183714257,2183826305,0,0,0,0,0,0,0,0,4096,256,131072,4,15|9,0,0,0,0,0,0,0,0,0,0,0,0,0,0,0,0,0,0|72,243412063,3,11217008,0,4194304,0,4194304,0,2997367,0,2,1,2517688560,2,2517688560,2,2048,882368251,0,3243027530,2,1,1,0,0
1785886642807|1004|degrade_static_unavailable_8|rotating|78,1378943233,33558272,4031009,3996938,34439,0,34439,0,729,0,373,0,0,0,3822,3797,2382672,0,4096,0,0,0,373,0,2167030579,0,2167030587,0,0,0,0,0,0,0,0,0,4096,256,131072,4,15|9,0,0,0,0,0,0,0,0,0,0,0,0,0,0,0,0,0,0|72,3855464681,2,4194304,0,8388608,0,8388608,0,8609,0,1,2,310732307,0,310732307,0,2048,312001880,0,728043020,0,0,0,0,0
1785886647823|1004|degrade_static_unavailable_8|fixed|80,1378943233,16777216,4031009,3996934,3996570,3996934,3996570,3996934,3823,3822,3822,3822,0,0,373,0,117977784,117978232,4096,4096,0,0,3823,3823,2183714249,2183826297,2183714257,2183826305,0,0,0,0,0,0,0,0,4096,256,131072,4,15|9,0,0,0,0,0,0,0,0,0,0,0,0,0,0,0,0,0,0|74,564214628,3,11217008,0,4194304,0,4194304,0,2997367,0,2,1,2838491125,2,2838491125,2,2048,882368251,0,3563830095,2,1,1,0,0
1785886647823|1004|degrade_static_unavailable_8|rotating|80,1378943233,33558272,4031009,3996938,34439,0,34439,0,729,0,373,0,0,0,3822,3797,2382672,0,4096,0,0,0,373,0,2167030579,0,2167030587,0,0,0,0,0,0,0,0,0,4096,256,131072,4,15|9,0,0,0,0,0,0,0,0,0,0,0,0,0,0,0,0,0,0|74,4176977495,2,4194304,0,8388608,0,8388608,0,8609,0,1,2,310732307,0,310732307,0,2048,312001880,0,728043020,0,0,0,0,0
1785886652831|1004|degrade_static_unavailable_8|fixed|82,1378943233,16777216,4031009,3996934,3996570,3996934,3996570,3996934,3823,3822,3822,3822,0,0,373,0,117977784,117978232,4096,4096,0,0,3823,3823,2183714249,2183826297,2183714257,2183826305,0,0,0,0,0,0,0,0,4096,256,131072,4,15|9,0,0,0,0,0,0,0,0,0,0,0,0,0,0,0,0,0,0|76,883902276,3,11217008,0,4194304,0,4194304,0,2997367,0,2,1,3158178773,2,3158178773,2,2048,882368251,0,3883517743,2,1,1,0,0
1785886652831|1004|degrade_static_unavailable_8|rotating|82,1378943233,33558272,4031009,3996938,34439,0,34439,0,729,0,373,0,0,0,3822,3797,2382672,0,4096,0,0,0,373,0,2167030579,0,2167030587,0,0,0,0,0,0,0,0,0,4096,256,131072,4,15|9,0,0,0,0,0,0,0,0,0,0,0,0,0,0,0,0,0,0|76,202570456,3,4194304,0,8388608,0,8388608,0,8609,0,1,2,310732307,0,310732307,0,2048,312001880,0,728043020,0,0,0,0,0
