captured_ms|sequence|label|role|data_ro|dirm0|oen0
1785895284040|0|SAFE_BOOT|fixed|1346371075|8193|8193
1785895284040|0|SAFE_BOOT|rotating|1346371075|8193|8193
1785895284077|1001|intake_receive_only_5000ms_active|fixed|1350565379|8193|8193
1785895284077|1001|intake_receive_only_5000ms_active|rotating|1350565379|8193|8193
1785895289214|1001|intake_receive_only_5000ms|fixed|1350565379|8193|8193
1785895289214|1001|intake_receive_only_5000ms|rotating|1350565379|8193|8193
1785895289538|1001|intake_receive_only_5000ms_terminal|fixed|1350565379|8193|8193
1785895289538|1001|intake_receive_only_5000ms_terminal|rotating|1346371075|8193|8193
1785895289785|1002|intake_F0_raw_64_active|fixed|1346371075|8193|8193
1785895289785|1002|intake_F0_raw_64_active|rotating|1346371075|8193|8193
1785895290156|1002|intake_F0_raw_64_terminal|fixed|1350565379|8193|8193
1785895290156|1002|intake_F0_raw_64_terminal|rotating|1350565379|8193|8193
1785895290371|1003|intake_F0_raw_1024_active|fixed|1350565379|8193|8193
1785895290371|1003|intake_F0_raw_1024_active|rotating|1350565379|8193|8193
1785895290707|1003|intake_F0_raw_1024_terminal|fixed|1350565379|8193|8193
1785895290707|1003|intake_F0_raw_1024_terminal|rotating|1350565379|8193|8193
1785895290928|1004|intake_R0_raw_64_active|fixed|1350565379|8193|8193
1785895290928|1004|intake_R0_raw_64_active|rotating|1346371075|8193|8193
1785895291254|1004|intake_R0_raw_64_terminal|fixed|1346371075|8193|8193
1785895291254|1004|intake_R0_raw_64_terminal|rotating|1346371075|8193|8193
1785895291488|1005|intake_R0_raw_1024_active|fixed|1346371075|8193|8193
1785895291488|1005|intake_R0_raw_1024_active|rotating|1346371075|8193|8193
1785895291825|1005|intake_R0_raw_1024_terminal|fixed|1350565379|8193|8193
1785895291825|1005|intake_R0_raw_1024_terminal|rotating|1350565379|8193|8193
1785895292060|1006|intake_F1_raw_64_active|fixed|1346371075|8193|8193
1785895292060|1006|intake_F1_raw_64_active|rotating|1350565379|8193|8193
1785895292379|1006|intake_F1_raw_64_terminal|fixed|1346371075|8193|8193
1785895292379|1006|intake_F1_raw_64_terminal|rotating|1350565379|8193|8193
1785895292612|1007|intake_F1_raw_1024_active|fixed|1346371075|8193|8193
1785895292612|1007|intake_F1_raw_1024_active|rotating|1346371075|8193|8193
1785895292951|1007|intake_F1_raw_1024_terminal|fixed|1346371075|8193|8193
1785895292951|1007|intake_F1_raw_1024_terminal|rotating|1346371075|8193|8193
1785895293186|1008|intake_R1_raw_64_active|fixed|1346371075|8193|8193
1785895293186|1008|intake_R1_raw_64_active|rotating|1350565379|8193|8193
1785895293537|1008|intake_R1_raw_64_terminal|fixed|1346371075|8193|8193
1785895293537|1008|intake_R1_raw_64_terminal|rotating|1346371075|8193|8193
1785895293763|1009|intake_R1_raw_1024_active|fixed|1350565379|8193|8193
1785895293763|1009|intake_R1_raw_1024_active|rotating|1350565379|8193|8193
1785895294118|1009|intake_R1_raw_1024_terminal|fixed|1350565379|8193|8193
1785895294118|1009|intake_R1_raw_1024_terminal|rotating|1346371075|8193|8193
1785895294326|1010|intake_F2_raw_64_active|fixed|1350565379|8193|8193
1785895294326|1010|intake_F2_raw_64_active|rotating|1350565379|8193|8193
1785895294651|1010|intake_F2_raw_64_terminal|fixed|1350565379|8193|8193
1785895294651|1010|intake_F2_raw_64_terminal|rotating|1350565379|8193|8193
1785895294877|1011|intake_F2_raw_1024_active|fixed|1350565379|8193|8193
1785895294877|1011|intake_F2_raw_1024_active|rotating|1346371075|8193|8193
1785895295179|1011|intake_F2_raw_1024_terminal|fixed|1350565379|8193|8193
1785895295179|1011|intake_F2_raw_1024_terminal|rotating|1346371075|8193|8193
1785895295431|1012|intake_R2_raw_64_active|fixed|1346371075|8193|8193
1785895295431|1012|intake_R2_raw_64_active|rotating|1346371075|8193|8193
1785895295757|1012|intake_R2_raw_64_terminal|fixed|1346371075|8193|8193
1785895295757|1012|intake_R2_raw_64_terminal|rotating|1346371075|8193|8193
1785895295978|1013|intake_R2_raw_1024_active|fixed|1346371075|8193|8193
1785895295978|1013|intake_R2_raw_1024_active|rotating|1346371075|8193|8193
1785895296316|1013|intake_R2_raw_1024_terminal|fixed|1346371075|8193|8193
1785895296316|1013|intake_R2_raw_1024_terminal|rotating|1346371075|8193|8193
1785895296537|1014|intake_F3_raw_64_active|fixed|1346371075|8193|8193
1785895296537|1014|intake_F3_raw_64_active|rotating|1350565379|8193|8193
1785895296855|1014|intake_F3_raw_64_terminal|fixed|1350565379|8193|8193
1785895296855|1014|intake_F3_raw_64_terminal|rotating|1350565379|8193|8193
1785895297100|1015|intake_F3_raw_1024_active|fixed|1350565379|8193|8193
1785895297100|1015|intake_F3_raw_1024_active|rotating|1346371075|8193|8193
1785895297431|1015|intake_F3_raw_1024_terminal|fixed|1346371075|8193|8193
1785895297431|1015|intake_F3_raw_1024_terminal|rotating|1346371075|8193|8193
1785895297649|1016|intake_R3_raw_64_active|fixed|1350565379|8193|8193
1785895297649|1016|intake_R3_raw_64_active|rotating|1350565379|8193|8193
1785895297977|1016|intake_R3_raw_64_terminal|fixed|1346371075|8193|8193
1785895297977|1016|intake_R3_raw_64_terminal|rotating|1350565379|8193|8193
1785895298195|1017|intake_R3_raw_1024_active|fixed|1346371075|8193|8193
1785895298195|1017|intake_R3_raw_1024_active|rotating|1346371075|8193|8193
1785895298537|1017|intake_R3_raw_1024_terminal|fixed|1350565379|8193|8193
1785895298537|1017|intake_R3_raw_1024_terminal|rotating|1350565379|8193|8193
1785895298791|1018|intake_F2_counter_100f_active|fixed|1350565379|8193|8193
1785895298791|1018|intake_F2_counter_100f_active|rotating|1350557187|8193|8193
1785895299221|1018|intake_F2_counter_100f_terminal|fixed|1346371075|8193|8193
1785895299221|1018|intake_F2_counter_100f_terminal|rotating|1350565379|8193|8193
1785895299546|1019|intake_F2_prbs_1000f_active|fixed|1350565379|8193|8193
1785895299546|1019|intake_F2_prbs_1000f_active|rotating|1350557187|8193|8193
1785895300814|1019|intake_F2_prbs_1000f_terminal|fixed|1346371075|8193|8193
1785895300814|1019|intake_F2_prbs_1000f_terminal|rotating|1346371075|8193|8193
1785895301042|1020|intake_R2_counter_100f_active|fixed|1350557187|8193|8193
1785895301042|1020|intake_R2_counter_100f_active|rotating|1350565379|8193|8193
1785895301428|1020|intake_R2_counter_100f_terminal|fixed|1350565379|8193|8193
1785895301428|1020|intake_R2_counter_100f_terminal|rotating|1350565379|8193|8193
1785895301770|1021|intake_R2_prbs_1000f_active|fixed|1346362883|8193|8193
1785895301770|1021|intake_R2_prbs_1000f_active|rotating|1350565379|8193|8193
1785895303042|1021|intake_R2_prbs_1000f_terminal|fixed|1350565379|8193|8193
1785895303042|1021|intake_R2_prbs_1000f_terminal|rotating|1350565379|8193|8193
1785895303281|1022|intake_F3_counter_100f_active|fixed|1346371075|8193|8193
1785895303281|1022|intake_F3_counter_100f_active|rotating|1346362883|8193|8193
1785895303700|1022|intake_F3_counter_100f_terminal|fixed|1346371075|8193|8193
1785895303700|1022|intake_F3_counter_100f_terminal|rotating|1350565379|8193|8193
1785895304101|1023|intake_F3_prbs_1000f_active|fixed|1350565379|8193|8193
1785895304101|1023|intake_F3_prbs_1000f_active|rotating|1350557187|8193|8193
1785895305353|1023|intake_F3_prbs_1000f_terminal|fixed|1346371075|8193|8193
1785895305353|1023|intake_F3_prbs_1000f_terminal|rotating|1346371075|8193|8193
1785895305624|1024|intake_R3_counter_100f_active|fixed|1350557187|8193|8193
1785895305624|1024|intake_R3_counter_100f_active|rotating|1346371075|8193|8193
1785895306050|1024|intake_R3_counter_100f_terminal|fixed|1346371075|8193|8193
1785895306050|1024|intake_R3_counter_100f_terminal|rotating|1346371075|8193|8193
1785895306389|1025|intake_R3_prbs_1000f_active|fixed|1350557187|8193|8193
1785895306389|1025|intake_R3_prbs_1000f_active|rotating|1350565379|8193|8193
1785895307643|1025|intake_R3_prbs_1000f_terminal|fixed|1350565379|8193|8193
1785895307643|1025|intake_R3_prbs_1000f_terminal|rotating|1350565379|8193|8193
1785895308164|1026|P10_3F-MODULE_INTAKE_endpoint_shutdown_terminal|fixed|1346371075|8193|8193
1785895308164|1026|P10_3F-MODULE_INTAKE_endpoint_shutdown_terminal|rotating|1350565379|8193|8193
