captured_ms|sequence|label|role|admission_snapshot_words_csv|ps_runtime_words_csv|pl_perf_snapshot_words_csv
1785980017554|1001|lane0_unavailable|fixed|2,1378943233,16779622,0,5996181,0,5944932,0,5944932,0,5680,0,5663,0,0,0,543,0,174829072,0,4096,0,0,0,5664,0,362654966,0,362654926,0,0,0,0,0,0,0,0,4096,256,131072,4,15|4,0,67108864,262144,256,0,0,0,0,76,0,64,0,19,16,0,1,76,0|4,1081259275,0,4241728,0,0,0,0,0,4504373,0,16,0,321876798,0,321876798,0,2080,315435913,0,9009086,0,0,0,0,0
1785980017554|1001|lane0_unavailable|rotating|2,1378943233,33558272,0,6102316,0,52196,0,52196,0,1106,0,553,0,0,0,5763,3533088,3533088,4096,4096,0,0,553,553,351035077,351035077,351035085,351035085,0,0,0,0,0,0,0,0,4096,256,131072,4,15|4,0,67108864,262144,256,0,0,0,0,76,0,64,0,19,16,0,1,76,0|4,398757436,0,0,0,4194304,0,4194304,0,13262,0,0,16,0,0,0,0,0,0,0,6885440,0,0,0,0,0
1785980022559|1001|lane0_unavailable|fixed|4,1378943233,16777710,0,12097181,0,11993641,0,11993641,0,11461,0,11427,0,0,0,1097,0,352752568,0,4096,0,0,0,11428,0,682670952,0,682670944,0,0,0,0,0,0,0,0,4096,256,131072,4,15|4,0,67108864,262144,256,0,0,0,0,140,0,128,0,35,32,0,1,140,0|6,1402270899,0,8530880,0,0,0,0,0,9054354,0,32,0,641816134,0,641816134,0,2077,634131237,0,11100726,0,0,0,0,0
1785980022559|1001|lane0_unavailable|rotating|4,1378943233,33558272,0,12201096,0,104395,0,104395,0,2212,0,1106,0,0,0,11526,7066176,7066176,4096,4096,0,0,1106,1106,670710064,670710064,670710072,670710072,0,0,0,0,0,0,0,0,4096,256,131072,4,15|4,0,67108864,262144,256,0,0,0,0,140,0,128,0,35,32,0,1,140,0|6,715298969,0,0,0,8388608,0,8388608,0,26169,0,0,32,0,0,0,0,0,0,0,6914893,0,0,0,0,0
1785980027595|1001|lane0_unavailable|fixed|6,1378943233,16778666,0,18241418,0,18085302,0,18085302,0,17287,0,17237,0,0,0,1654,0,532089306,0,4096,0,0,0,17238,0,1005068296,0,1005068304,0,0,0,0,0,0,0,0,4096,256,131072,4,15|4,0,67108864,262144,256,0,0,0,0,204,0,192,0,51,48,0,1,204,0|8,1722589768,0,12804224,0,0,0,0,0,13590596,0,48,0,961066667,0,961066667,0,2080,952133590,0,13193140,0,0,0,0,0
1785980027595|1001|lane0_unavailable|rotating|6,1378943233,33557555,0,18319987,0,156863,0,156863,0,3324,0,1662,0,0,0,17312,10618059,10618059,4096,4096,0,0,1662,1662,992148502,992148502,992148510,992148510,0,0,0,0,0,0,0,0,4096,256,131072,4,15|5,0,67108864,262144,256,0,0,0,0,208,0,196,0,52,49,0,1,208,0|8,1037112608,0,0,0,12845056,0,12845056,0,39334,0,0,49,0,0,0,0,0,0,0,6947629,0,0,0,0,0
1785980032596|1001|lane0_unavailable|fixed|8,1378943233,16777710,0,24357685,0,24149100,0,24149100,0,23082,0,23015,0,0,0,2210,0,710445104,0,4096,0,0,0,23016,0,1325887845,0,1325887821,0,0,0,0,0,0,0,0,4096,256,131072,4,15|4,0,67108864,262144,256,0,0,0,0,272,0,260,0,68,65,0,1,272,0|10,2043445960,0,17078880,0,0,0,0,0,18136529,0,65,0,1280854195,0,1280854195,0,2080,1270537413,0,15416782,0,0,0,0,0
1785980032596|1001|lane0_unavailable|rotating|8,1378943233,33558272,0,24446166,0,209342,0,209342,0,4436,0,2218,0,0,0,23099,14170672,14170672,4096,4096,0,0,2218,2218,1313235198,1313235198,1313235206,1313235206,0,0,0,0,0,0,0,0,4096,256,131072,4,15|4,0,67108864,262144,256,0,0,0,0,272,0,260,0,68,65,0,1,272,0|10,1357754020,0,0,0,17039360,0,17039360,0,52406,0,0,65,0,0,0,0,0,0,0,6977418,0,0,0,0,0
1785980037606|1001|lane0_unavailable|fixed|10,1378943233,16779622,0,30460382,0,30199601,0,30199601,0,28863,0,28780,0,0,0,2763,0,888401710,0,4096,0,0,0,28781,0,1645830233,0,1645830241,0,0,0,0,0,0,0,0,4096,256,131072,4,15|4,0,67108864,262144,256,0,0,0,0,336,0,324,0,84,81,0,1,336,0|12,2363414396,0,21352224,0,0,0,0,0,22671568,0,81,0,1599754295,0,1599754295,0,2080,1588190406,0,17508123,0,0,0,0,0
1785980037606|1001|lane0_unavailable|rotating|10,1378943233,33558272,0,30523016,0,261351,0,261351,0,5538,0,2769,0,0,0,28839,17690968,17690968,4096,4096,0,0,2769,2769,1631729141,1631729141,1631729149,1631729149,0,0,0,0,0,0,0,0,4096,256,131072,4,15|4,0,67108864,262144,256,0,0,0,0,336,0,324,0,84,81,0,1,336,0|12,1676436741,0,0,0,21233664,0,21233664,0,65409,0,0,81,0,0,0,0,0,0,0,7006364,0,0,0,0,0
1785980042622|1001|lane0_unavailable|fixed|12,1378943233,16777710,0,36583774,0,36270510,0,36270510,0,34664,0,34566,0,0,0,3319,0,1066978245,0,4096,0,0,0,34566,0,1966899996,0,1966900004,0,0,0,0,0,0,0,0,4096,256,131072,4,15|4,0,67108864,262144,256,0,0,0,0,400,0,388,0,100,97,0,1,400,0|14,2684823499,0,25641376,0,0,0,0,0,27227396,0,97,0,1920091110,0,1920091110,0,2054,1907283180,0,19599792,0,0,0,0,0
1785980042622|1001|lane0_unavailable|rotating|12,1378943233,33558272,0,36656879,0,313823,0,313823,0,6650,0,3325,0,0,0,34635,21243176,21243176,4096,4096,0,0,3325,3325,1953166848,1953166848,1953166856,1953166856,0,0,0,0,0,0,0,0,4096,256,131072,4,15|4,0,67108864,262144,256,0,0,0,0,400,0,388,0,100,97,0,1,400,0|14,1998443684,0,0,0,25427968,0,25427968,0,78549,0,0,97,0,0,0,0,0,0,0,7038046,0,0,0,0,0
1785980047630|1001|lane0_unavailable|fixed|14,1378943233,16777710,0,42698122,0,42332580,0,42332580,0,40456,0,40341,0,0,0,3873,0,1245270824,0,4096,0,0,0,40342,0,2287433426,0,2287433386,0,0,0,0,0,0,0,0,4096,256,131072,4,15|4,0,67108864,262144,256,0,0,0,0,468,0,456,0,117,114,0,1,468,0|16,3005623053,0,29916032,0,0,0,0,0,31773552,0,114,0,2239822000,0,2239822000,0,2080,2225631390,0,21822409,0,0,0,0,0
1785980047630|1001|lane0_unavailable|rotating|14,1378943233,33558272,0,42776699,0,366300,0,366300,0,7762,0,3881,0,0,0,40416,24795456,24795456,4096,4096,0,0,3881,3881,2274252546,2274252546,2274252554,2274252554,0,0,0,0,0,0,0,0,4096,256,131072,4,15|4,0,67108864,262144,256,0,0,0,0,468,0,456,0,117,114,0,1,468,0|16,2318917103,0,0,0,29884416,0,29884416,0,91645,0,0,114,0,0,0,0,0,0,0,7074302,0,0,0,0,0
1785980052634|1001|lane0_unavailable|fixed|16,1378943233,16777710,0,48803182,0,48385255,0,48385255,0,46242,0,46110,0,0,0,4428,0,1423342564,0,4096,0,0,0,46111,0,2607710725,0,2607710733,0,0,0,0,0,0,0,0,4096,256,131072,4,15|4,0,67108864,262144,256,0,0,0,0,532,0,520,0,133,130,0,1,532,0|18,3324260418,0,34165664,0,0,0,0,0,36289032,0,130,0,2557396957,0,2557396957,0,2080,2541953303,0,23914596,0,0,0,0,0
1785980052634|1001|lane0_unavailable|rotating|16,1378943233,33558272,0,48869112,0,418497,0,418497,0,8868,0,4434,0,0,0,46173,28328568,28328568,4096,4096,0,0,4434,4434,2593928089,2593928089,2593928097,2593928097,0,0,0,0,0,0,0,0,4096,256,131072,4,15|4,0,67108864,262144,256,0,0,0,0,532,0,520,0,133,130,0,1,532,0|18,2638344838,0,0,0,34078720,0,34078720,0,104695,0,0,130,0,0,0,0,0,0,0,7103219,0,0,0,0,0
1785980057641|1001|lane0_unavailable|fixed|18,1378943233,16777710,0,54915340,0,54445119,0,54445119,0,52032,0,51884,0,0,0,4982,0,1601577963,0,4096,0,0,0,51885,0,2928185989,0,2928185997,0,0,0,0,0,0,0,0,4096,256,131072,4,15|4,0,67108864,262144,256,0,0,0,0,596,0,584,0,149,146,0,1,596,0|20,3645755468,0,38462720,0,0,0,0,0,40846057,0,146,0,2877817743,0,2877817743,0,2080,2861131517,0,26006493,0,0,0,0,0
1785980057641|1001|lane0_unavailable|rotating|18,1378943233,33558272,0,54981075,0,470785,0,470785,0,9976,0,4988,0,0,0,51947,31868016,31868016,4096,4096,0,0,4988,4988,2914189514,2914189514,2914189522,2914189522,0,0,0,0,0,0,0,0,4096,256,131072,4,15|4,0,67108864,262144,256,0,0,0,0,596,0,584,0,149,146,0,1,596,0|20,2959664546,0,0,0,38273024,0,38273024,0,117812,0,0,146,0,0,0,0,0,0,0,7129272,0,0,0,0,0
1785980062644|1001|lane0_unavailable|fixed|20,1378943233,16779144,0,61022598,0,60500097,0,60500097,0,57817,0,57654,0,0,0,5536,0,1779662672,0,4096,0,0,0,57654,0,3248345774,0,3248345782,0,0,0,0,0,0,0,0,4096,256,131072,4,15|4,0,67108864,262144,256,0,0,0,0,660,0,648,0,165,162,0,1,660,0|22,3966218993,0,42729472,0,0,0,0,0,45387032,0,163,0,3197214580,0,3197214580,0,2080,3179167006,0,28206112,0,0,0,0,0
1785980062644|1001|lane0_unavailable|rotating|20,1378943233,33558272,0,61087591,0,523162,0,523162,0,11086,0,5543,0,0,0,57715,35413896,35413896,4096,4096,0,0,5543,5543,3234685531,3234685531,3234685539,3234685539,0,0,0,0,0,0,0,0,4096,256,131072,4,15|4,0,67108864,262144,256,0,0,0,0,664,0,652,0,166,163,0,1,664,0|22,3279076787,0,0,0,42729472,0,42729472,0,130861,0,0,163,0,0,0,0,0,0,0,7170364,0,0,0,0,0
1785980067655|1001|lane0_unavailable|fixed|22,1378943233,16779144,0,67137826,0,66562847,0,66562847,0,63611,0,63431,0,0,0,6092,0,1957987440,0,4096,0,0,0,63431,0,3569109266,0,3569109282,0,0,0,0,0,0,0,0,4096,256,131072,4,15|4,0,67108864,262144,256,0,0,0,0,728,0,716,0,182,179,0,1,728,0|24,4286500463,0,47002816,0,0,0,0,0,49925966,0,179,0,3516427714,0,3516427714,0,2080,3497108236,0,30322219,0,0,0,0,0
1785980067655|1001|lane0_unavailable|rotating|22,1378943233,33558272,0,67196885,0,575453,0,575453,0,12194,0,6097,0,0,0,63487,38953400,38953400,4096,4096,0,0,6097,6097,3554947508,3554947508,3554947516,3554947516,0,0,0,0,0,0,0,0,4096,256,131072,4,15|4,0,67108864,262144,256,0,0,0,0,728,0,716,0,182,179,0,1,728,0|24,3599734661,0,0,0,46923776,0,46923776,0,143958,0,0,179,0,0,0,0,0,0,0,7198167,0,0,0,0,0
1785980072657|1001|lane0_unavailable|fixed|24,1378943233,16777710,0,73236005,0,72608828,0,72608828,0,69395,0,69198,0,0,0,6645,0,2136029327,0,4096,0,0,0,69199,0,3889210154,0,3889210162,0,0,0,0,0,0,0,0,4096,256,131072,4,15|4,0,67108864,262144,256,0,0,0,0,792,0,780,0,198,195,0,1,792,0|26,311860025,1,51284064,0,0,0,0,0,54461342,0,195,0,3835684260,0,3835684260,0,2080,3815118141,0,32414791,0,0,0,0,0
1785980072657|1001|lane0_unavailable|rotating|24,1378943233,33558272,0,73336631,0,628026,0,628026,0,13308,0,6654,0,0,0,69294,42511992,42511992,4096,4096,0,0,6654,6654,3876976499,3876976499,3876976507,3876976507,0,0,0,0,0,0,0,0,4096,256,131072,4,15|4,0,67108864,262144,256,0,0,0,0,792,0,780,0,198,195,0,1,792,0|26,3921945144,0,0,0,51118080,0,51118080,0,157099,0,0,195,0,0,0,0,0,0,0,7226201,0,0,0,0,0
1785980077666|1001|lane0_unavailable|fixed|26,1378943233,16777710,0,79347633,0,78668077,0,78668077,0,75190,0,74977,0,0,0,7200,0,2314406304,0,4096,0,0,0,74978,0,4209894186,0,4209894170,0,0,0,0,0,0,0,0,4096,256,131072,4,15|4,0,67108864,262144,256,0,0,0,0,856,0,844,0,214,211,0,1,856,0|28,633098810,1,55565312,0,0,0,0,0,59011045,0,211,0,4155852733,0,4155852733,0,2048,4134040238,0,34507098,0,0,0,0,0
1785980077666|1001|lane0_unavailable|rotating|26,1378943233,33558272,0,79431353,0,680308,0,680308,0,14416,0,7208,0,0,0,75056,46051488,46051488,4096,4096,0,0,7208,7208,4196755025,4196755025,4196755033,4196755033,0,0,0,0,0,0,0,0,4096,256,131072,4,15|4,0,67108864,262144,256,0,0,0,0,860,0,848,0,215,212,0,1,860,0|28,4242074928,0,0,0,55574528,0,55574528,0,170171,0,0,212,0,0,0,0,0,0,0,7264399,0,0,0,0,0
1785980082677|1001|lane0_unavailable|fixed|28,1378943233,16780578,0,85450665,0,84718728,0,84718728,0,80980,0,80749,0,0,0,7755,0,2492560043,0,4096,0,0,0,80750,0,235396048,0,235396056,0,0,0,0,0,0,0,0,4096,256,131072,4,15|4,0,67108864,262144,256,0,0,0,0,924,0,912,0,231,228,0,1,924,0|30,952996525,1,59832064,0,0,0,0,0,63539206,0,228,0,179716464,1,179716464,1,2080,156518752,1,36730555,0,0,0,0,0
1785980082677|1001|lane0_unavailable|rotating|28,1378943233,33558272,0,85525805,0,732599,0,732599,0,15524,0,7762,0,0,0,80820,49590976,49590976,4096,4096,0,0,7762,7762,222181078,222181078,222181086,222181086,0,0,0,0,0,0,0,0,4096,256,131072,4,15|4,0,67108864,262144,256,0,0,0,0,924,0,912,0,231,228,0,1,924,0|30,270431292,1,0,0,59768832,0,59768832,0,183381,0,0,228,0,0,0,0,0,0,0,7296613,0,0,0,0,0
1785980087717|1001|lane0_unavailable|fixed|30,1378943233,16777710,0,91602491,0,90817883,0,90817883,0,86811,0,86564,0,0,0,8313,0,2672065247,0,4096,0,0,0,86565,0,558079758,0,558079766,0,0,0,0,0,0,0,0,4096,256,131072,4,15|4,0,67108864,262144,256,0,0,0,0,988,0,976,0,247,244,0,1,988,0|32,1277227179,1,64160736,0,0,0,0,0,68132528,0,244,0,502864950,1,502864950,1,2080,478430817,1,38823089,0,0,0,0,0
1785980087717|1001|lane0_unavailable|rotating|30,1378943233,33558272,0,91718527,0,785546,0,785546,0,16646,0,8323,0,0,0,86674,53175104,53175104,4096,4096,0,0,8323,8323,546558847,546558847,546558855,546558855,0,0,0,0,0,0,0,0,4096,256,131072,4,15|4,0,67108864,262144,256,0,0,0,0,988,0,976,0,247,244,0,1,988,0|32,591467927,1,0,0,63963136,0,63963136,0,196480,0,0,244,0,0,0,0,0,0,0,7328821,0,0,0,0,0
1785980097034|1002|lane0_clean64|fixed|34,1378943233,16777471,6159569,6074517,6089723,6074517,6089723,6074517,5824,5802,5801,5801,0,0,740,0,179068739,178725648,4096,4096,0,0,5802,5802,1154480422,1154480443,1154480430,1154480411,0,0,0,0,0,0,0,0,4096,256,131072,4,15|4,0,67108864,262144,256,0,0,0,0,96,0,84,0,24,21,0,1,96,0|40,1872027091,1,5765856,0,0,0,0,0,6122338,0,21,0,320464220,0,320464220,0,2080,313708206,0,9628492,0,0,0,0,0
1785980097034|1002|lane0_clean64|rotating|34,1378943233,33558272,6225135,6138568,70692,0,70692,0,1498,0,749,0,0,0,5862,5862,4785304,4785304,4096,4096,0,0,749,749,1140701050,1140701050,1140701066,1140701066,0,0,0,0,0,0,0,0,4096,256,131072,4,15|4,0,67108864,262144,256,0,0,0,0,100,0,88,0,25,22,0,1,100,0|40,1185866640,1,0,0,5767168,0,5767168,0,17815,0,0,22,0,0,0,0,0,0,0,6902031,0,0,0,0,0
1785980102038|1002|lane0_clean64|fixed|36,1378943233,16777471,12425247,12253052,12284051,12253052,12284051,12253052,11752,11707,11706,11706,0,0,1496,0,361341149,360623296,4096,4096,0,0,11707,11707,1474555026,1474555039,1474555034,1474555023,0,0,0,0,0,0,0,0,4096,256,131072,4,15|4,0,67108864,262144,256,0,0,0,0,188,0,176,0,47,44,0,1,188,0|42,2192162746,1,11589664,0,0,0,0,0,12301685,0,44,0,639143923,0,639143923,0,2080,630566604,0,12594867,0,0,0,0,0
1785980102038|1002|lane0_clean64|rotating|36,1378943233,33558272,12500504,12327470,142048,0,142048,0,3010,0,1505,0,0,0,11777,11777,9615384,9615384,4096,4096,0,0,1505,1505,1461246168,1461246168,1461246176,1461246176,0,0,0,0,0,0,0,0,4096,256,131072,4,15|4,0,67108864,262144,256,0,0,0,0,188,0,176,0,47,44,0,1,188,0|42,1505391090,1,0,0,11534336,0,11534336,0,35606,0,0,44,0,0,0,0,0,0,0,6940508,0,0,0,0,0
1785980107045|1002|lane0_clean64|fixed|38,1378943233,16777471,18704049,18445014,18491498,18445014,18491498,18445014,17688,17622,17621,17621,0,0,2252,0,543921646,542845337,4096,4096,0,0,17621,17621,1795028808,1795029141,1795028816,1795029149,0,0,0,0,0,0,0,0,4096,256,131072,4,15|4,0,67108864,262144,256,0,0,0,0,276,0,264,0,69,66,0,1,276,0|44,2512615503,1,17412160,0,0,0,0,0,18492015,0,66,0,958141056,0,958141056,0,2080,947873991,0,15433980,0,0,0,0,0
1785980107045|1002|lane0_clean64|rotating|38,1378943233,33558272,18780038,18520218,213403,0,213403,0,4522,0,2261,0,0,0,17692,17692,14445416,14445416,4096,4096,0,0,2261,2261,1781792930,1781792930,1781792938,1781792938,0,0,0,0,0,0,0,0,4096,256,131072,4,15|4,0,67108864,262144,256,0,0,0,0,276,0,264,0,69,66,0,1,276,0|44,1826124600,1,0,0,17301504,0,17301504,0,53445,0,0,66,0,0,0,0,0,0,0,6989211,0,0,0,0,0
1785980112056|1002|lane0_clean64|fixed|40,1378943233,16781056,24992283,24645694,24708282,24645694,24708282,24645694,23633,23545,23544,23544,0,0,3009,0,726755808,725321408,4096,4096,0,0,23544,23544,2115949661,2115950002,2115949669,2115950010,0,0,0,0,0,0,0,0,4096,256,131072,4,15|4,0,67108864,262144,256,0,0,0,0,364,0,352,0,91,88,0,1,364,0|46,2833380826,1,23250464,0,0,0,0,0,24689423,0,88,0,1277446803,0,1277446803,0,2080,1265495232,0,18271247,0,0,0,0,0
1785980112056|1002|lane0_clean64|rotating|40,1378943233,33558272,25070802,24723329,284849,0,284849,0,6036,0,3018,0,0,0,23618,23618,19281784,19281784,4096,4096,0,0,3018,3018,2102767599,2102767599,2102767607,2102767607,0,0,0,0,0,0,0,0,4096,256,131072,4,15|4,0,67108864,262144,256,0,0,0,0,364,0,352,0,91,88,0,1,364,0|46,2147719129,1,0,0,23068672,0,23068672,0,71352,0,0,88,0,0,0,0,0,0,0,7033819,0,0,0,0,0
1785980117059|1002|lane0_clean64|fixed|42,1378943233,16777471,31265000,30832113,30909741,30832113,30909741,30832113,29564,29454,29452,29452,0,0,3764,0,909130936,907335531,4096,4096,0,0,29453,29453,2436090493,2436090506,2436090501,2436090514,0,0,0,0,0,0,0,0,4096,256,131072,4,15|4,0,67108864,262144,256,0,0,0,0,452,0,440,0,113,110,0,1,452,0|48,3153772234,1,29080864,0,0,0,0,0,30880635,0,110,0,1596380611,0,1596380611,0,2080,1582742603,0,21108748,0,0,0,0,0
1785980117059|1002|lane0_clean64|rotating|42,1378943233,33558272,31332141,30898506,355915,0,355915,0,7542,0,3771,0,0,0,29515,29515,24092680,24092680,4096,4096,0,0,3771,3771,2422023453,2422023453,2422023461,2422023461,0,0,0,0,0,0,0,0,4096,256,131072,4,15|5,0,67108864,262144,256,0,0,0,0,456,0,444,0,114,111,0,1,456,0|48,2466638461,1,0,0,29097984,0,29097984,0,89097,0,0,111,0,0,0,0,0,0,0,7083063,0,0,0,0,0
1785980122072|1002|lane0_clean64|fixed|44,1378943233,16777471,37548470,37027379,37121863,37027379,37121863,37027379,35505,35373,35371,35371,0,0,4520,0,1091830725,1089675480,4096,4096,0,0,35371,35371,2756771568,2756771901,2756771576,2756771909,0,0,0,0,0,0,0,0,4096,256,131072,4,15|4,0,67108864,262144,256,0,0,0,0,544,0,532,0,136,133,0,1,544,0|50,3474309423,1,34904672,0,0,0,0,0,37070084,0,133,0,1915461848,0,1915461848,0,2080,1900002065,0,24075593,0,0,0,0,0
1785980122072|1002|lane0_clean64|rotating|44,1378943233,33558272,37637395,37114753,427649,0,427649,0,9062,0,4531,0,0,0,35454,35454,28948320,28948320,4096,4096,0,0,4531,4531,2744089888,2744089888,2744089896,2744089896,0,0,0,0,0,0,0,0,4096,256,131072,4,15|4,0,67108864,262144,256,0,0,0,0,544,0,532,0,136,133,0,1,544,0|50,2790182735,1,0,0,34865152,0,34865152,0,107101,0,0,133,0,0,0,0,0,0,0,7124275,0,0,0,0,0
1785980127078|1002|lane0_clean64|fixed|46,1378943233,16777471,43827715,43218564,43329752,43218564,43329752,43218564,41443,41288,41285,41285,0,0,5276,0,1274387912,1271856787,4096,4096,0,0,41286,41286,3077351486,3077351483,3077351494,3077351491,0,0,0,0,0,0,0,0,4096,256,131072,4,15|4,0,67108864,262144,256,0,0,0,0,632,0,620,0,158,155,0,1,632,0|52,3795043973,1,40735072,0,0,0,0,0,43267873,0,155,0,2234738798,0,2234738798,0,2080,2217593656,0,26912016,0,0,0,0,0
1785980127078|1002|lane0_clean64|rotating|46,1378943233,33558272,43896432,43286458,498721,0,498721,0,10568,0,5284,0,0,0,41349,41349,33759168,33759168,4096,4096,0,0,5284,5284,3063344650,3063344650,3063344658,3063344658,0,0,0,0,0,0,0,0,4096,256,131072,4,15|4,0,67108864,262144,256,0,0,0,0,632,0,620,0,158,155,0,1,632,0|52,3108053947,1,0,0,40632320,0,40632320,0,124798,0,0,155,0,0,0,0,0,0,0,7166881,0,0,0,0,0
1785980132078|1002|lane0_clean64|fixed|48,1378943233,16781056,50095489,49399715,49526265,49399715,49526265,49399715,47367,47190,47188,47188,0,0,6031,0,1456600232,1453710168,4096,4096,0,0,47188,47188,3397179532,3397179897,3397179548,3397179905,0,0,0,0,0,0,0,0,4096,256,131072,4,15|4,0,67108864,262144,256,0,0,0,0,720,0,708,0,180,177,0,1,720,0|54,4114757685,1,46557568,0,0,0,0,0,49445520,0,177,0,2552996886,0,2552996886,0,2080,2534162916,0,29750211,0,0,0,0,0
1785980132078|1002|lane0_clean64|rotating|48,1378943233,33558272,50168877,49472272,569980,0,569980,0,12078,0,6039,0,0,0,47257,47257,38582816,38582816,4096,4096,0,0,6039,6039,3383460720,3383460720,3383460728,3383460728,0,0,0,0,0,0,0,0,4096,256,131072,4,15|4,0,67108864,262144,256,0,0,0,0,720,0,708,0,180,177,0,1,720,0|54,3428311766,1,0,0,46399488,0,46399488,0,142612,0,0,177,0,0,0,0,0,0,0,7204969,0,0,0,0,0
1785980137092|1002|lane0_clean64|fixed|50,1378943233,16781056,56383483,55600164,55742810,55600164,55742810,55600164,53312,53114,53111,53111,0,0,6788,0,1639431552,1636182816,4096,4096,0,0,53111,53111,3718100556,3718100881,3718100564,3718100889,0,0,0,0,0,0,0,0,4096,256,131072,4,15|4,0,67108864,262144,256,0,0,0,0,808,0,796,0,202,199,0,1,808,0|56,140908801,2,52395872,0,0,0,0,0,55649784,0,199,0,2872655722,0,2872655722,0,2080,2852137093,0,32587631,0,0,0,0,0
1785980137092|1002|lane0_clean64|rotating|50,1378943233,33558272,56458152,55673942,641422,0,641422,0,13592,0,6796,0,0,0,53181,53181,43419224,43419224,4096,4096,0,0,6796,6796,3704435576,3704435576,3704435584,3704435584,0,0,0,0,0,0,0,0,4096,256,131072,4,15|4,0,67108864,262144,256,0,0,0,0,812,0,800,0,203,200,0,1,812,0|56,3749933654,1,0,0,52428800,0,52428800,0,160521,0,0,200,0,0,0,0,0,0,0,7251634,0,0,0,0,0
1785980142106|1002|lane0_clean64|fixed|52,1378943233,16781056,62673402,61803018,61961288,61803018,61961288,61803018,59258,59038,59035,59035,0,0,7545,0,1822292304,1818686016,4096,4096,0,0,59035,59035,4039076539,4039076864,4039076547,4039076872,0,0,0,0,0,0,0,0,4096,256,131072,4,15|4,0,67108864,262144,256,0,0,0,0,900,0,888,0,225,222,0,1,900,0|58,462467921,2,58243392,0,0,0,0,0,61860530,0,222,0,3192752962,0,3192752962,0,2080,3170416970,0,35555155,0,0,0,0,0
1785980142106|1002|lane0_clean64|rotating|52,1378943233,33558272,62764732,61892660,713155,0,713155,0,15112,0,7556,0,0,0,59121,59121,48274856,48274856,4096,4096,0,0,7556,7556,4026502694,4026502694,4026502702,4026502702,0,0,0,0,0,0,0,0,4096,256,131072,4,15|4,0,67108864,262144,256,0,0,0,0,900,0,888,0,225,222,0,1,900,0|58,4072556331,1,0,0,58195968,0,58195968,0,178478,0,0,222,0,0,0,0,0,0,0,7298405,0,0,0,0,0
1785980147113|1002|lane0_clean64|fixed|54,1378943233,16777471,68950779,67992935,68167309,67992935,68167309,67992935,65194,64952,64947,64947,0,0,8301,0,2004800887,2000819096,4096,4096,0,0,64948,64948,64603869,64603882,64603877,64603866,0,0,0,0,0,0,0,0,4096,256,131072,4,15|4,0,67108864,262144,256,0,0,0,0,988,0,976,0,247,244,0,1,988,0|60,782568464,2,64065888,0,0,0,0,0,68045495,0,244,0,3511397881,0,3511397881,0,2080,3487373668,0,38392743,0,0,0,0,0
1785980147113|1002|lane0_clean64|rotating|54,1378943233,33558272,69029777,68070933,784322,0,784322,0,16620,0,8310,0,0,0,65022,65022,53092104,53092104,4096,4096,0,0,8310,8310,51221083,51221083,51221091,51221091,0,0,0,0,0,0,0,0,4096,256,131072,4,15|4,0,67108864,262144,256,0,0,0,0,988,0,976,0,247,244,0,1,988,0|60,96976857,2,0,0,63963136,0,63963136,0,196245,0,0,244,0,0,0,0,0,0,0,7336596,0,0,0,0,0
1785980155632|1003|lane1_unavailable|fixed|58,1378943233,16781056,5986824,0,51076,0,51076,0,1084,0,542,0,0,0,5655,0,3462792,3462792,4096,4096,0,0,542,542,609623404,609623404,609623412,609623412,0,0,0,0,0,0,0,0,4096,256,131072,4,15|4,0,67108864,262144,256,0,0,0,0,76,0,64,0,19,16,0,1,76,0|68,1327396857,2,0,0,4194304,0,4194304,0,12886,0,0,16,0,0,0,0,0,0,0,6880519,0,0,0,0,0
1785980155632|1003|lane1_unavailable|rotating|58,1378943233,33555165,6061194,0,6009457,0,6009457,0,5743,0,5725,0,0,0,549,0,176726192,0,4096,0,0,0,5726,0,596719044,0,596719012,0,0,0,0,0,0,0,0,0,4096,256,131072,4,15|4,0,67108864,262144,256,0,0,0,0,76,0,64,0,19,16,0,1,76,0|68,641597933,2,4273344,0,0,0,0,0,4539574,0,16,0,324323149,0,324323149,0,2080,317901716,0,8997738,0,0,0,0,0
1785980160637|1003|lane1_unavailable|fixed|60,1378943233,16781056,12097127,0,103378,0,103378,0,2194,0,1097,0,0,0,11427,0,7008696,7008696,4096,4096,0,0,1097,1097,930100037,930100037,930100045,930100045,0,0,0,0,0,0,0,0,4096,256,131072,4,15|4,0,67108864,262144,256,0,0,0,0,140,0,128,0,35,32,0,1,140,0|70,1648054663,2,0,0,8388608,0,8388608,0,25938,0,0,32,0,0,0,0,0,0,0,6913633,0,0,0,0,0
1785980160637|1003|lane1_unavailable|rotating|60,1378943233,33558272,12163471,0,12059527,0,12059527,0,11523,0,11490,0,0,0,1103,0,354674056,0,4096,0,0,0,11490,0,916664576,0,916664584,0,0,0,0,0,0,0,0,0,4096,256,131072,4,15|4,0,67108864,262144,256,0,0,0,0,140,0,128,0,35,32,0,1,140,0|70,960973479,2,8538784,0,0,0,0,0,9066604,0,32,0,642632335,0,642632335,0,2080,634977590,0,11073587,0,0,0,0,0
1785980165648|1003|lane1_unavailable|fixed|62,1378943233,16781056,18210048,0,155680,0,155680,0,3304,0,1652,0,0,0,17206,0,10554544,10554544,4096,4096,0,0,1652,1652,1250929047,1250929047,1250929063,1250929063,0,0,0,0,0,0,0,0,4096,256,131072,4,15|4,0,67108864,262144,256,0,0,0,0,204,0,192,0,51,48,0,1,204,0|72,1968633205,2,0,0,12582912,0,12582912,0,39014,0,0,48,0,0,0,0,0,0,0,6951354,0,0,0,0,0
1785980165648|1003|lane1_unavailable|rotating|62,1378943233,33555165,18328705,0,18172085,0,18172085,0,17368,0,17319,0,0,0,1662,0,534601418,0,4096,0,0,0,17319,0,1240115373,0,1240115381,0,0,0,0,0,0,0,0,0,4096,256,131072,4,15|4,0,67108864,262144,256,0,0,0,0,208,0,196,0,52,49,0,1,208,0|72,1284948237,2,12860864,0,0,0,0,0,13653319,0,49,0,965526573,0,965526573,0,2080,956521957,0,13273577,0,0,0,0,0
1785980170648|1003|lane1_unavailable|fixed|64,1378943233,16781056,24310435,0,207790,0,207790,0,4410,0,2205,0,0,0,22970,0,14087592,14087592,4096,4096,0,0,2205,2205,1570579579,1570579579,1570579587,1570579587,0,0,0,0,0,0,0,0,4096,256,131072,4,15|4,0,67108864,262144,256,0,0,0,0,268,0,260,0,68,65,0,1,272,0|74,2288333617,2,0,0,17039360,0,17039360,0,52065,0,0,65,0,0,0,0,0,0,0,6984189,0,0,0,0,0
1785980170648|1003|lane1_unavailable|rotating|64,1378943233,33558033,24395140,0,24186597,0,24186597,0,23118,0,23050,0,0,0,2213,0,711511787,0,4096,0,0,0,23051,0,1558310680,0,1558310688,0,0,0,0,0,0,0,0,0,4096,256,131072,4,15|4,0,67108864,262144,256,0,0,0,0,272,0,260,0,68,65,0,1,272,0|74,1604077748,2,17118400,0,0,0,0,0,18176726,0,65,0,1283591700,0,1283591700,0,2080,1273356190,0,15345311,0,0,0,0,0
1785980175678|1003|lane1_unavailable|fixed|66,1378943233,16781056,30448529,0,260279,0,260279,0,5524,0,2762,0,0,0,28769,0,17646272,17646272,4096,4096,0,0,2762,2762,1892239816,1892239816,1892239824,1892239824,0,0,0,0,0,0,0,0,4096,256,131072,4,15|4,0,67108864,262144,256,0,0,0,0,336,0,324,0,84,81,0,1,336,0|76,2611003528,2,0,0,21233664,0,21233664,0,65211,0,0,81,0,0,0,0,0,0,0,7018106,0,0,0,0,0
1785980175678|1003|lane1_unavailable|rotating|66,1378943233,33555165,30536038,0,30275005,0,30275005,0,28936,0,28852,0,0,0,2770,0,890614028,0,4096,0,0,0,28853,0,1880278071,0,1880278079,0,0,0,0,0,0,0,0,0,4096,256,131072,4,15|4,0,67108864,262144,256,0,0,0,0,336,0,324,0,84,81,0,1,336,0|76,1925309606,2,21407552,0,0,0,0,0,22729965,0,81,0,1603751270,0,1603751270,0,2080,1592286883,0,17421816,0,0,0,0,0
1785980180679|1003|lane1_unavailable|fixed|68,1378943233,16781056,36555726,0,312487,0,312487,0,6632,0,3316,0,0,0,34539,0,21185752,21185752,4096,4096,0,0,3316,3316,2212489495,2212489495,2212489503,2212489503,0,0,0,0,0,0,0,0,4096,256,131072,4,15|4,0,67108864,262144,256,0,0,0,0,400,0,388,0,100,97,0,1,400,0|78,2930545872,2,0,0,25427968,0,25427968,0,78240,0,0,97,0,0,0,0,0,0,0,7052156,0,0,0,0,0
1785980180679|1003|lane1_unavailable|rotating|68,1378943233,33555165,36620852,0,36307799,0,36307799,0,34701,0,34600,0,0,0,3322,0,1068056485,0,4096,0,0,0,34601,0,2199315708,0,2199315716,0,0,0,0,0,0,0,0,0,4096,256,131072,4,15|4,0,67108864,262144,256,0,0,0,0,400,0,388,0,100,97,0,1,400,0|78,2243592788,2,25649280,0,0,0,0,0,27241498,0,97,0,1920974020,0,1920974020,0,2080,1908266605,0,19502290,0,0,0,0,0
1785980185692|1003|lane1_unavailable|fixed|70,1378943233,16781056,42677853,0,364786,0,364786,0,7742,0,3871,0,0,0,40322,0,24731568,24731568,4096,4096,0,0,3871,3871,2533316527,2533316527,2533316535,2533316535,0,0,0,0,0,0,0,0,4096,256,131072,4,15|5,0,67108864,262144,256,0,0,0,0,468,0,456,0,117,114,0,1,468,0|80,3251332115,2,0,0,29884416,0,29884416,0,91314,0,0,114,0,0,0,0,0,0,0,7087136,0,0,0,0,0
1785980185692|1003|lane1_unavailable|rotating|70,1378943233,33555165,42753302,0,42387763,0,42387763,0,40512,0,40393,0,0,0,3879,0,1246860374,0,4096,0,0,0,40394,0,2520894432,0,2520894440,0,0,0,0,0,0,0,0,0,4096,256,131072,4,15|4,0,67108864,262144,256,0,0,0,0,468,0,456,0,117,114,0,1,468,0|80,2565886329,2,29947648,0,0,0,0,0,31809032,0,114,0,2242192969,0,2242192969,0,2080,2228128352,0,21704520,0,0,0,0,0
1785980190695|1003|lane1_unavailable|fixed|72,1378943233,16781056,48781655,0,417086,0,417086,0,8852,0,4426,0,0,0,46089,0,28277456,28277456,4096,4096,0,0,4426,4426,2853799537,2853799537,2853799545,2853799545,0,0,0,0,0,0,0,0,4096,256,131072,4,15|4,0,67108864,262144,256,0,0,0,0,532,0,520,0,133,130,0,1,532,0|82,3571806046,2,0,0,34078720,0,34078720,0,104366,0,0,130,0,0,0,0,0,0,0,7114873,0,0,0,0,0
1785980190695|1003|lane1_unavailable|rotating|72,1378943233,33555165,48849300,0,48431647,0,48431647,0,46287,0,46152,0,0,0,4432,0,1424649942,0,4096,0,0,0,46153,0,2840525384,0,2840525392,0,0,0,0,0,0,0,0,0,4096,256,131072,4,15|4,0,67108864,262144,256,0,0,0,0,532,0,520,0,133,130,0,1,532,0|82,2884746061,2,34205184,0,0,0,0,0,36328129,0,130,0,2559988317,0,2559988317,0,2080,2544688730,0,23780330,0,0,0,0,0
1785980195698|1003|lane1_unavailable|fixed|74,1378943233,16780339,54940922,0,469715,0,469715,0,9969,0,4984,0,0,0,51908,0,31843534,31843534,4096,4096,0,0,4985,4985,3176984242,3176984242,3176984250,3176984250,0,0,0,0,0,0,0,0,4096,256,131072,4,15|4,0,67108864,262144,256,0,0,0,0,596,0,584,0,149,146,0,1,596,0|84,3896074644,2,0,0,38273024,0,38273024,0,117582,0,0,146,0,0,0,0,0,0,0,7139854,0,0,0,0,0
1785980195698|1003|lane1_unavailable|rotating|74,1378943233,33556360,55044590,0,54573978,0,54573978,0,52157,0,52006,0,0,0,4994,0,1605325528,0,4096,0,0,0,52006,0,3165318146,0,3165318154,0,0,0,0,0,0,0,0,0,4096,256,131072,4,15|4,0,67108864,262144,256,0,0,0,0,600,0,588,0,150,147,0,1,600,0|84,3211057701,2,38558880,0,0,0,0,0,40952163,0,147,0,2885211533,0,2885211533,0,2080,2868560352,0,25988831,0,0,0,0,0
1785980200707|1003|lane1_unavailable|fixed|76,1378943233,16781056,61003833,0,521501,0,521501,0,11068,0,5534,0,0,0,57636,0,35356360,35356360,4096,4096,0,0,5534,5534,3494294161,3494294161,3494294169,3494294169,0,0,0,0,0,0,0,0,4096,256,131072,4,15|4,0,67108864,262144,256,0,0,0,0,660,0,648,0,165,162,0,1,660,0|86,4213214913,2,0,0,42467328,0,42467328,0,130516,0,0,162,0,0,0,0,0,0,0,7170489,0,0,0,0,0
1785980200707|1003|lane1_unavailable|rotating|76,1378943233,33555165,61103391,0,60580950,0,60580950,0,57898,0,57729,0,0,0,5544,0,1782007632,0,4096,0,0,0,57730,0,3483076630,0,3483076614,0,0,0,0,0,0,0,0,0,4096,256,131072,4,15|4,0,67108864,262144,256,0,0,0,0,664,0,652,0,166,163,0,1,664,0|86,3527911879,2,42784800,0,0,0,0,0,45443645,0,163,0,3201009231,0,3201009231,0,2080,3183115948,0,28064985,0,0,0,0,0
1785980205710|1003|lane1_unavailable|fixed|78,1378943233,16781056,67111172,0,573799,0,573799,0,12178,0,6089,0,0,0,63406,0,38902240,38902240,4096,4096,0,0,6089,6089,3814777231,3814777231,3814777239,3814777239,0,0,0,0,0,0,0,0,4096,256,131072,4,15|4,0,67108864,262144,256,0,0,0,0,728,0,716,0,182,179,0,1,728,0|88,237739175,3,0,0,46923776,0,46923776,0,143544,0,0,179,0,0,0,0,0,0,0,7205202,0,0,0,0,0
1785980205710|1003|lane1_unavailable|rotating|78,1378943233,33555165,67175222,0,66600856,0,66600856,0,63651,0,63466,0,0,0,6095,0,1959085908,0,4096,0,0,0,63467,0,3801485419,0,3801485427,0,0,0,0,0,0,0,0,0,4096,256,131072,4,15|4,0,67108864,262144,256,0,0,0,0,728,0,716,0,182,179,0,1,728,0|88,3845707424,2,47026528,0,0,0,0,0,49948324,0,179,0,3517744344,0,3517744344,0,2080,3498606320,0,30147172,0,0,0,0,0
1785980210724|1003|lane1_unavailable|fixed|80,1378943233,16781056,73229457,0,626101,0,626101,0,13288,0,6644,0,0,0,69186,0,42448128,42448128,4096,4096,0,0,6644,6644,4135608850,4135608850,4135608858,4135608858,0,0,0,0,0,0,0,0,4096,256,131072,4,15|4,0,67108864,262144,256,0,0,0,0,792,0,780,0,198,195,0,1,792,0|90,558402253,3,0,0,51118080,0,51118080,0,156619,0,0,195,0,0,0,0,0,0,0,7233771,0,0,0,0,0
1785980210724|1003|lane1_unavailable|rotating|80,1378943233,33555165,73305113,0,72678351,0,72678351,0,69459,0,69258,0,0,0,6651,0,2137872179,0,4096,0,0,0,69259,0,4122901485,0,4122901493,0,0,0,0,0,0,0,0,0,4096,256,131072,4,15|4,0,67108864,262144,256,0,0,0,0,792,0,780,0,198,195,0,1,792,0|90,4167927879,2,51323584,0,0,0,0,0,54515409,0,195,0,3838890535,0,3838890535,0,2080,3818529811,0,32219197,0,0,0,0,0
1785980215731|1003|lane1_unavailable|fixed|82,1378943233,16781056,79337811,0,678309,0,678309,0,14396,0,7198,0,0,0,74957,0,45987576,45987576,4096,4096,0,0,7198,7198,160886878,160886878,160886894,160886894,0,0,0,0,0,0,0,0,4096,256,131072,4,15|4,0,67108864,262144,256,0,0,0,0,856,0,844,0,214,211,0,1,856,0|92,878878535,3,0,0,55312384,0,55312384,0,169671,0,0,211,0,0,0,0,0,0,0,7259466,0,0,0,0,0
1785980215731|1003|lane1_unavailable|rotating|82,1378943233,33558272,79411284,0,78732319,0,78732319,0,75243,0,75027,0,0,0,7205,0,2315938328,0,4096,0,0,0,75027,0,148043571,0,148043579,0,0,0,0,0,0,0,0,0,4096,256,131072,4,15|4,0,67108864,262144,256,0,0,0,0,860,0,848,0,215,212,0,1,860,0|92,192285718,3,55582432,0,0,0,0,0,59040108,0,212,0,4157150958,0,4157150958,0,2080,4135420096,0,34425878,0,0,0,0,0
1785980220745|1003|lane1_unavailable|fixed|84,1378943233,16781056,85458126,0,730701,0,730701,0,15508,0,7754,0,0,0,80739,0,49539832,49539832,4096,4096,0,0,7754,7754,481956627,481956627,481956635,481956635,0,0,0,0,0,0,0,0,4096,256,131072,4,15|4,0,67108864,262144,256,0,0,0,0,924,0,912,0,231,228,0,1,924,0|94,1199947778,3,0,0,59768832,0,59768832,0,182769,0,0,228,0,0,0,0,0,0,0,7299902,0,0,0,0,0
1785980220745|1003|lane1_unavailable|rotating|84,1378943233,33555165,85532203,0,84800841,0,84800841,0,81043,0,80809,0,0,0,7761,0,2494420803,0,4096,0,0,0,80810,0,469078808,0,469078824,0,0,0,0,0,0,0,0,0,4096,256,131072,4,15|4,0,67108864,262144,256,0,0,0,0,924,0,912,0,231,228,0,1,924,0|94,513375689,3,59871584,0,0,0,0,0,63591817,0,228,0,182201345,1,182201345,1,2080,159241710,1,36502279,0,0,0,0,0
1785980225752|1003|lane1_unavailable|fixed|86,1378943233,16781056,91568764,0,782909,0,782909,0,16616,0,8308,0,0,0,86513,0,53079344,53079344,4096,4096,0,0,8308,8308,802206232,802206232,802206240,802206240,0,0,0,0,0,0,0,0,4096,256,131072,4,15|4,0,67108864,262144,256,0,0,0,0,988,0,976,0,247,244,0,1,988,0|96,1519450609,3,0,0,63963136,0,63963136,0,195798,0,0,244,0,0,0,0,0,0,0,7330456,0,0,0,0,0
1785980225752|1003|lane1_unavailable|rotating|86,1378943233,33555165,91630287,0,90846812,0,90846812,0,86821,0,86571,0,0,0,8314,0,2672281615,0,4096,0,0,0,86572,0,788849938,0,788849946,0,0,0,0,0,0,0,0,0,4096,256,131072,4,15|4,0,67108864,262144,256,0,0,0,0,988,0,976,0,247,244,0,1,988,0|96,834529208,3,64152832,0,0,0,0,0,68143445,0,244,0,502284552,1,502284552,1,2080,478090458,1,38582669,0,0,0,0,0
1785980235072|1004|lane1_clean64|fixed|90,1378943233,16781056,6142408,6058305,69643,0,69643,0,1478,0,739,0,0,0,5791,5791,4721392,4721392,4096,4096,0,0,739,739,1398907457,1398907457,1398907465,1398907465,0,0,0,0,0,0,0,0,4096,256,131072,4,15|4,0,67108864,262144,256,0,0,0,0,96,0,84,0,24,21,0,1,96,0|104,2116716049,3,0,0,5505024,0,5505024,0,17551,0,0,21,0,0,0,0,0,0,0,6885660,0,0,0,0,0
1785980235072|1004|lane1_clean64|rotating|90,1378943233,33558272,6219779,6134095,6149196,6134095,6149196,6134095,5887,5864,5864,5864,0,0,749,0,181010952,180651264,4096,4096,0,0,5864,5864,1386155768,1386156125,1386155776,1386156133,0,0,0,0,0,0,0,0,4096,256,131072,4,15|4,0,67108864,262144,256,0,0,0,0,100,0,88,0,25,22,0,1,100,0|104,1431134113,3,5830400,0,0,0,0,0,6184354,0,22,0,324092420,0,324092420,0,2080,317199787,0,9775738,0,0,0,0,0
1785980240073|1004|lane1_clean64|fixed|92,1378943233,16781056,12408943,12237935,140882,0,140882,0,2990,0,1495,0,0,0,11702,11702,9551456,9551456,4096,4096,0,0,1495,1495,1719464076,1719464076,1719464084,1719464084,0,0,0,0,0,0,0,0,4096,256,131072,4,15|4,0,67108864,262144,256,0,0,0,0,188,0,176,0,47,44,0,1,188,0|106,2437161386,3,0,0,11534336,0,11534336,0,35362,0,0,44,0,0,0,0,0,0,0,6924949,0,0,0,0,0
1785980240073|1004|lane1_clean64|rotating|92,1378943233,33554687,12473931,12301616,12332295,12301616,12332295,12301616,11809,11764,11763,11763,0,0,1503,0,363114124,362394343,4096,4096,0,0,11764,11764,1705834624,1705834621,1705834632,1705834637,0,0,0,0,0,0,0,0,4096,256,131072,4,15|4,0,67108864,262144,256,0,0,0,0,188,0,176,0,47,44,0,1,188,0|106,1750828969,3,11644992,0,0,0,0,0,12352078,0,44,0,642333628,0,642333628,0,2080,633739552,0,12624851,0,0,0,0,0
1785980245075|1004|lane1_clean64|fixed|94,1378943233,16781056,18668071,18410046,212030,0,212030,0,4500,0,2250,0,0,0,17604,17604,14375120,14375120,4096,4096,0,0,2250,2250,2039396047,2039396047,2039396055,2039396055,0,0,0,0,0,0,0,0,4096,256,131072,4,15|4,0,67108864,262144,256,0,0,0,0,276,0,264,0,69,66,0,1,276,0|108,2757743941,3,0,0,17301504,0,17301504,0,53172,0,0,66,0,0,0,0,0,0,0,6973838,0,0,0,0,0
1785980245075|1004|lane1_clean64|rotating|94,1378943233,33558272,18761936,18503036,18548868,18503036,18548868,18503036,17760,17693,17693,17693,0,0,2261,0,546148720,545069576,4096,4096,0,0,17693,17693,2027110275,2027110600,2027110283,2027110608,0,0,0,0,0,0,0,0,4096,256,131072,4,15|4,0,67108864,262144,256,0,0,0,0,276,0,264,0,69,66,0,1,276,0|108,2072166315,3,17491200,0,0,0,0,0,18553931,0,66,0,962209422,0,962209422,0,2080,951918349,0,15476306,0,0,0,0,0
1785980250088|1004|lane1_clean64|fixed|96,1378943233,16781056,24954544,24609158,283368,0,283368,0,6014,0,3007,0,0,0,23531,23531,19211544,19211544,4096,4096,0,0,3007,3007,2360382501,2360382501,2360382509,2360382509,0,0,0,0,0,0,0,0,4096,256,131072,4,15|4,0,67108864,262144,256,0,0,0,0,364,0,352,0,91,88,0,1,364,0|110,3078529049,3,0,0,23068672,0,23068672,0,71007,0,0,88,0,0,0,0,0,0,0,7014123,0,0,0,0,0
1785980250088|1004|lane1_clean64|rotating|96,1378943233,33554687,25044005,24697576,24759600,24697576,24759600,24697576,23706,23617,23616,23616,0,0,3018,0,728981904,727542880,4096,4096,0,0,23617,23617,2348062117,2348062138,2348062125,2348062122,0,0,0,0,0,0,0,0,4096,256,131072,4,15|4,0,67108864,262144,256,0,0,0,0,364,0,352,0,91,88,0,1,364,0|110,2393008051,3,23327916,0,0,0,0,0,24746325,0,88,0,1281591979,0,1281591979,0,2080,1269604004,0,18325572,0,0,0,0,0
1785980255092|1004|lane1_clean64|fixed|98,1378943233,16781056,31235201,30802995,354705,0,354705,0,7528,0,3764,0,0,0,29453,29453,24047952,24047952,4096,4096,0,0,3764,3764,2681368157,2681368157,2681368173,2681368173,0,0,0,0,0,0,0,0,4096,256,131072,4,15|4,0,67108864,262144,256,0,0,0,0,452,0,444,0,114,111,0,1,456,0|112,3400688497,3,0,0,29097984,0,29097984,0,88911,0,0,111,0,0,0,0,0,0,0,7058383,0,0,0,0,0
1785980255092|1004|lane1_clean64|rotating|98,1378943233,33554687,31353308,30919101,30997286,30919101,30997286,30919101,29677,29565,29564,29564,0,0,3778,0,912595779,910782288,4096,4096,0,0,29565,29565,2670477100,2670477105,2670477108,2670477097,0,0,0,0,0,0,0,0,4096,256,131072,4,15|4,0,67108864,262144,256,0,0,0,0,456,0,444,0,114,111,0,1,456,0|112,2715628198,3,29192832,0,0,0,0,0,30971888,0,111,0,1602745897,0,1602745897,0,2080,1588934193,0,21303253,0,0,0,0,0
1785980260094|1004|lane1_clean64|fixed|100,1378943233,16781056,37483558,36963110,425662,0,425662,0,9034,0,4517,0,0,0,35344,35344,28858824,28858824,4096,4096,0,0,4517,4517,3000635367,3000635367,3000635375,3000635375,0,0,0,0,0,0,0,0,4096,256,131072,4,15|4,0,67108864,262144,256,0,0,0,0,544,0,532,0,136,133,0,1,544,0|114,3722880243,3,0,0,34865152,0,34865152,0,106816,0,0,133,0,0,0,0,0,0,0,7103435,0,0,0,0,0
1785980260094|1004|lane1_clean64|rotating|100,1378943233,33554687,37665762,37142593,37238026,37142593,37238026,37142593,35651,35517,35516,35516,0,0,4539,0,1096316366,1094143713,4096,4096,0,0,35517,35517,2992958665,2992958670,2992958673,2992958678,0,0,0,0,0,0,0,0,4096,256,131072,4,15|4,0,67108864,262144,256,0,0,0,0,544,0,532,0,136,133,0,1,544,0|114,3037524824,3,35046944,0,0,0,0,0,37184988,0,133,0,1923178995,0,1923178995,0,2080,1907674324,0,24152375,0,0,0,0,0
1785980265108|1004|lane1_clean64|fixed|102,1378943233,16781056,43763353,43155307,496998,0,496998,0,10548,0,5274,0,0,0,41264,41264,33695264,33695264,4096,4096,0,0,5274,5274,3321426821,3321426821,3321426829,3321426829,0,0,0,0,0,0,0,0,4096,256,131072,4,15|4,0,67108864,262144,256,0,0,0,0,632,0,620,0,158,155,0,1,632,0|116,4039111161,3,0,0,40632320,0,40632320,0,124391,0,0,155,0,0,0,0,0,0,0,7140069,0,0,0,0,0
1785980265108|1004|lane1_clean64|rotating|102,1378943233,33558272,43837646,43228764,43339800,43228764,43339800,43228764,41491,41335,41335,41335,0,0,5283,0,1275931616,1273400920,4096,4096,0,0,41335,41335,3308281947,3308282296,3308281955,3308282304,0,0,0,0,0,0,0,0,4096,256,131072,4,15|4,0,67108864,262144,256,0,0,0,0,632,0,620,0,158,155,0,1,632,0|116,3352644907,3,40774592,0,0,0,0,0,43266906,0,155,0,2236867166,0,2236867166,0,2080,2219639380,0,27004493,0,0,0,0,0
1785980270112|1004|lane1_clean64|fixed|104,1378943233,16781056,50033032,49337940,568147,0,568147,0,12058,0,6029,0,0,0,47175,47175,38518960,38518960,4096,4096,0,0,6029,6029,3641551752,3641551752,3641551760,3641551760,0,0,0,0,0,0,0,0,4096,256,131072,4,15|4,0,67108864,262144,256,0,0,0,0,720,0,708,0,180,177,0,1,720,0|118,64555530,4,0,0,46399488,0,46399488,0,142178,0,0,177,0,0,0,0,0,0,0,7178206,0,0,0,0,0
1785980270112|1004|lane1_clean64|rotating|104,1378943233,33554687,50108818,49412879,49539822,49412879,49539822,49412879,47425,47248,47246,47246,0,0,6038,0,1458405434,1455514973,4096,4096,0,0,47247,47247,3628603340,3628603345,3628603356,3628603353,0,0,0,0,0,0,0,0,4096,256,131072,4,15|4,0,67108864,262144,256,0,0,0,0,720,0,708,0,180,177,0,1,720,0|118,3672852348,3,46597088,0,0,0,0,0,49448227,0,177,0,2555618983,0,2555618983,0,2080,2536693283,0,29851774,0,0,0,0,0
1785980275122|1004|lane1_clean64|fixed|106,1378943233,16781056,56333215,55549798,639673,0,639673,0,13576,0,6788,0,0,0,53115,53115,43368128,43368128,4096,4096,0,0,6788,6788,3963400350,3963400350,3963400358,3963400358,0,0,0,0,0,0,0,0,4096,256,131072,4,15|4,0,67108864,262144,256,0,0,0,0,808,0,796,0,202,199,0,1,808,0|120,386059793,4,0,0,52166656,0,52166656,0,160035,0,0,199,0,0,0,0,0,0,0,7216918,0,0,0,0,0
1785980275122|1004|lane1_clean64|rotating|106,1378943233,33554687,56400297,55615970,55759873,55615970,55759873,55615970,53379,53180,53178,53178,0,0,6796,0,1641516350,1638266633,4096,4096,0,0,53179,53179,3950025876,3950025865,3950025884,3950025873,0,0,0,0,0,0,0,0,4096,256,131072,4,15|4,0,67108864,262144,256,0,0,0,0,812,0,800,0,203,200,0,1,812,0|120,3994314131,3,52444608,0,0,0,0,0,55649716,0,200,0,2875618886,0,2875618886,0,2080,2854861403,0,32833718,0,0,0,0,0
1785980280123|1004|lane1_clean64|fixed|108,1378943233,16781056,62578361,61708632,710630,0,710630,0,15082,0,7541,0,0,0,59003,59003,48178960,48178960,4096,4096,0,0,7541,7541,4282668026,4282668026,4282668034,4282668034,0,0,0,0,0,0,0,0,4096,256,131072,4,15|4,0,67108864,262144,256,0,0,0,0,896,0,884,0,224,221,0,1,896,0|122,705458776,4,0,0,58195968,0,58195968,0,177798,0,0,222,0,0,0,0,0,0,0,7260606,0,0,0,0,0
1785980280123|1004|lane1_clean64|rotating|108,1378943233,33554687,62643505,61772382,61932122,61772382,61932122,61772382,59288,59067,59064,59064,0,0,7549,0,1823203008,1819578560,4096,4096,0,0,59065,59065,4269095005,4269095002,4269094997,4269094962,0,0,0,0,0,0,0,0,4096,256,131072,4,15|4,0,67108864,262144,256,0,0,0,0,900,0,888,0,225,222,0,1,900,0|122,18452237,4,58251296,0,0,0,0,0,61809476,0,222,0,3193272616,0,3193272616,0,2080,3170811551,0,35683273,0,0,0,0,0
1785980285137|1004|lane1_clean64|fixed|110,1378943233,16781056,68860062,67902667,781965,0,781965,0,16596,0,8298,0,0,0,64924,64924,53015416,53015416,4096,4096,0,0,8298,8298,308494538,308494538,308494546,308494546,0,0,0,0,0,0,0,0,4096,256,131072,4,15|4,0,67108864,262144,256,0,0,0,0,988,0,976,0,247,244,0,1,988,0|124,1026098146,4,0,0,63963136,0,63963136,0,195609,0,0,244,0,0,0,0,0,0,0,7308560,0,0,0,0,0
1785980285137|1004|lane1_clean64|rotating|110,1378943233,33558272,68957774,67999225,68174677,67999225,68174677,67999225,65261,65018,65016,65016,0,0,8310,0,2006914632,2002932752,4096,4096,0,0,65016,65016,296585711,296586044,296585719,296586052,0,0,0,0,0,0,0,0,4096,256,131072,4,15|4,0,67108864,262144,256,0,0,0,0,988,0,976,0,247,244,0,1,988,0|124,341546928,4,64124580,0,0,0,0,0,68047897,0,244,0,3514898986,0,3514898986,0,2080,3490744365,0,38536940,0,0,0,0,0
1785980293539|1005|lane2_unavailable|fixed|114,1378943233,16779144,5981412,5930070,5930352,5930070,5930352,5930070,5666,5650,5650,5650,0,0,541,0,174404536,174405728,4096,4096,0,0,5650,5650,846242848,846243387,846242856,846243395,0,0,0,0,0,0,0,0,4096,256,131072,4,15|4,0,67108864,262144,256,0,0,0,0,76,0,64,0,19,16,0,1,76,0|132,1563649570,4,4218016,0,0,0,0,0,4476006,0,16,0,319873908,0,319873908,0,2080,313450643,0,8986326,0,0,0,0,0
1785980293539|1005|lane2_unavailable|rotating|114,1378943233,33558272,6074587,6022441,51912,0,51912,0,1100,0,550,0,0,0,5738,5738,3513920,3513920,4096,4096,0,0,550,550,833654845,833654845,833654853,833654853,0,0,0,0,0,0,0,0,4096,256,131072,4,15|4,0,67108864,262144,256,0,0,0,0,76,0,64,0,19,16,0,1,76,0|132,879168480,4,0,0,4194304,0,4194304,0,13096,0,0,16,0,0,0,0,0,0,0,6879415,0,0,0,0,0
1785980298543|1005|lane2_unavailable|fixed|116,1378943233,16778427,12088824,11983144,11985379,11983144,11985379,11983144,11453,11419,11419,11418,0,0,1096,0,352490512,352464840,4096,4096,0,0,11420,11419,1166531062,1166531098,1166531070,1166531090,0,0,0,0,0,0,0,0,4096,256,131072,4,15|4,0,67108864,262144,256,0,0,0,0,140,0,128,0,35,32,0,1,140,0|134,1884183802,4,8491360,0,0,0,0,0,9019915,0,32,0,639339804,0,639339804,0,2080,631693647,0,11053452,0,0,0,0,0
1785980298543|1005|lane2_unavailable|rotating|116,1378943233,33558272,12161618,12056186,104108,0,104108,0,2206,0,1103,0,0,0,11488,11488,7047000,7047000,4096,4096,0,0,1103,1103,1153301037,1153301037,1153301045,1153301045,0,0,0,0,0,0,0,0,4096,256,131072,4,15|4,0,67108864,262144,256,0,0,0,0,140,0,128,0,35,32,0,1,140,0|134,1198374072,4,0,0,8388608,0,8388608,0,26121,0,0,32,0,0,0,0,0,0,0,6916283,0,0,0,0,0
1785980303549|1005|lane2_unavailable|fixed|118,1378943233,16780339,18197997,18040714,18042167,18040714,18042167,18040714,17245,17196,17196,17196,0,0,1651,0,530806878,530806054,4096,4096,0,0,17196,17196,1487108483,1487109051,1487108491,1487109059,0,0,0,0,0,0,0,0,4096,256,131072,4,15|4,0,67108864,262144,256,0,0,0,0,204,0,192,0,51,48,0,1,204,0|136,2204481711,4,12764704,0,0,0,0,0,13556089,0,48,0,958569377,0,958569377,0,2080,949700463,0,13120443,0,0,0,0,0
1785980303549|1005|lane2_unavailable|rotating|118,1378943233,33558272,18266728,18108947,156395,0,156395,0,3314,0,1657,0,0,0,17261,17261,10586440,10586440,4096,4096,0,0,1657,1657,1473537461,1473537461,1473537469,1473537469,0,0,0,0,0,0,0,0,4096,256,131072,4,15|4,0,67108864,262144,256,0,0,0,0,204,0,192,0,51,48,0,1,204,0|136,1517794215,4,0,0,12582912,0,12582912,0,39168,0,0,48,0,0,0,0,0,0,0,6960065,0,0,0,0,0
1785980308565|1005|lane2_unavailable|fixed|120,1378943233,16778427,24316931,24107820,24108724,24107820,24108724,24107820,23043,22978,22977,22977,0,0,2206,0,709268776,709267834,4096,4096,0,0,22978,22978,1807966919,1807966896,1807966887,1807966904,0,0,0,0,0,0,0,0,4096,256,131072,4,15|4,0,67108864,262144,256,0,0,0,0,272,0,260,0,68,65,0,1,272,0|138,2525644033,4,17055168,0,0,0,0,0,18106390,0,65,0,1278659083,0,1278659083,0,2080,1268435330,0,15318613,0,0,0,0,0
1785980308565|1005|lane2_unavailable|rotating|120,1378943233,33558272,24386364,24176529,208869,0,208869,0,4426,0,2213,0,0,0,23043,23043,14138704,14138704,4096,4096,0,0,2213,2213,1794598632,1794598632,1794598640,1794598640,0,0,0,0,0,0,0,0,4096,256,131072,4,15|4,0,67108864,262144,256,0,0,0,0,272,0,260,0,68,65,0,1,272,0|138,1838775952,4,0,0,17039360,0,17039360,0,52288,0,0,65,0,0,0,0,0,0,0,6992000,0,0,0,0,0
1785980313576|1005|lane2_unavailable|fixed|122,1378943233,16778427,30432176,30170606,30171585,30170606,30171585,30170606,28837,28756,28754,28754,0,0,2761,0,887601624,887600855,4096,4096,0,0,28755,28755,2128692265,2128692256,2128692217,2128692264,0,0,0,0,0,0,0,0,4096,256,131072,4,15|4,0,67108864,262144,256,0,0,0,0,336,0,324,0,84,81,0,1,336,0|140,2846283219,4,21328512,0,0,0,0,0,22651331,0,81,0,1598229933,0,1598229933,0,2080,1586758458,0,17410569,0,0,0,0,0
1785980313576|1005|lane2_unavailable|rotating|122,1378943233,33558272,30503247,30241122,261160,0,261160,0,5534,0,2767,0,0,0,28822,28822,17678208,17678208,4096,4096,0,0,2767,2767,2114860032,2114860032,2114860048,2114860048,0,0,0,0,0,0,0,0,4096,256,131072,4,15|4,0,67108864,262144,256,0,0,0,0,336,0,324,0,84,81,0,1,336,0|140,2159595439,4,0,0,21233664,0,21233664,0,65384,0,0,81,0,0,0,0,0,0,0,7024200,0,0,0,0,0
1785980318576|1005|lane2_unavailable|fixed|124,1378943233,16778427,36539411,36225624,36226529,36225624,36226529,36225624,34623,34525,34524,34523,0,0,3315,0,1065708072,1065680160,4096,4096,0,0,34525,34524,2448897511,2448897548,2448897519,2448897532,0,0,0,0,0,0,0,0,4096,256,131072,4,15|4,0,67108864,262144,256,0,0,0,0,400,0,388,0,100,97,0,1,400,0|142,3165435290,4,25586048,0,0,0,0,0,27174851,0,97,0,1916317620,0,1916317620,0,2080,1903594482,0,19503072,0,0,0,0,0
1785980318576|1005|lane2_unavailable|rotating|124,1378943233,33558272,36590454,36277163,313260,0,313260,0,6638,0,3319,0,0,0,34573,34573,21204896,21204896,4096,4096,0,0,3319,3319,2433945473,2433945473,2433945481,2433945481,0,0,0,0,0,0,0,0,4096,256,131072,4,15|4,0,67108864,262144,256,0,0,0,0,400,0,388,0,100,97,0,1,400,0|142,2478626968,4,0,0,25427968,0,25427968,0,78385,0,0,97,0,0,0,0,0,0,0,7051308,0,0,0,0,0
1785980323589|1005|lane2_unavailable|fixed|126,1378943233,16781056,42657166,42292789,42291906,42292789,42291906,42292789,40418,40304,40303,40303,0,0,3870,0,1244076640,1244074840,4096,4096,0,0,40303,40303,2769593621,2769598417,2769593637,2769598425,0,0,0,0,0,0,0,0,4096,256,131072,4,15|4,0,67108864,262144,256,0,0,0,0,464,0,452,0,116,113,0,1,464,0|144,3487259909,4,29883104,0,0,0,0,0,31737180,0,113,0,2237067975,0,2237067975,0,2080,2223102425,0,21594809,0,0,0,0,0
1785980323589|1005|lane2_unavailable|rotating|126,1378943233,33558272,42727638,42362605,365920,0,365920,0,7754,0,3877,0,0,0,40369,40369,24769912,24769912,4096,4096,0,0,3877,3877,2756207831,2756207831,2756207847,2756207847,0,0,0,0,0,0,0,0,4096,256,131072,4,15|4,0,67108864,262144,256,0,0,0,0,468,0,456,0,117,114,0,1,468,0|144,2800557404,4,0,0,29884416,0,29884416,0,91551,0,0,114,0,0,0,0,0,0,0,7087092,0,0,0,0,0
1785980328589|1005|lane2_unavailable|fixed|128,1378943233,16778427,48760650,48344870,48343101,48344870,48343101,48344870,46203,46072,46070,46070,0,0,4424,0,1422105688,1422098914,4096,4096,0,0,46071,46071,3089809635,3089809605,3089809627,3089809613,0,0,0,0,0,0,0,0,4096,256,131072,4,15|4,0,67108864,262144,256,0,0,0,0,532,0,520,0,133,130,0,1,532,0|146,3807220939,4,34149856,0,0,0,0,0,36269671,0,130,0,2555962317,0,2555962317,0,2080,2540610891,0,23818925,0,0,0,0,0
1785980328589|1005|lane2_unavailable|rotating|128,1378943233,33558272,48823047,48406620,418117,0,418117,0,8860,0,4430,0,0,0,46129,46129,28303040,28303040,4096,4096,0,0,4430,4430,3075884195,3075884195,3075884203,3075884203,0,0,0,0,0,0,0,0,4096,256,131072,4,15|4,0,67108864,262144,256,0,0,0,0,532,0,520,0,133,130,0,1,532,0|146,3120266694,4,0,0,34078720,0,34078720,0,104600,0,0,130,0,0,0,0,0,0,0,7119072,0,0,0,0,0
1785980333603|1005|lane2_unavailable|fixed|130,1378943233,16778427,54877198,54408810,54407264,54408810,54407264,54408810,51997,51850,51849,51848,0,0,4979,0,1600477548,1600469585,4096,4096,0,0,51849,51849,3410513512,3410517419,3410513520,3410517427,0,0,0,0,0,0,0,0,4096,256,131072,4,15|4,0,67108864,262144,256,0,0,0,0,596,0,584,0,149,146,0,1,596,0|148,4128131238,4,38431104,0,0,0,0,0,40818511,0,146,0,2875802304,0,2875802304,0,2080,2859203546,0,25912188,0,0,0,0,0
1785980333603|1005|lane2_unavailable|rotating|130,1378943233,33558272,54967387,54497080,470690,0,470690,0,9974,0,4987,0,0,0,51934,51933,31861640,31861640,4096,4096,0,0,4987,4987,3397909571,3397909571,3397909579,3397909579,0,0,0,0,0,0,0,0,4096,256,131072,4,15|4,0,67108864,262144,256,0,0,0,0,596,0,584,0,149,146,0,1,596,0|148,3443015511,4,0,0,38273024,0,38273024,0,117766,0,0,146,0,0,0,0,0,0,0,7154329,0,0,0,0,0
1785980338609|1005|lane2_unavailable|fixed|132,1378943233,16778427,60991482,60470681,60469261,60470681,60469261,60470681,57789,57626,57624,57624,0,0,5533,0,1778763702,1778760336,4096,4096,0,0,57625,57625,3731043174,3731043183,3731043182,3731043151,0,0,0,0,0,0,0,0,4096,256,131072,4,15|4,0,67108864,262144,256,0,0,0,0,660,0,648,0,165,162,0,1,660,0|150,153543727,5,42704448,0,0,0,0,0,45360024,0,162,0,3195113753,0,3195113753,0,2080,3177268502,0,28002915,0,0,0,0,0
1785980338609|1005|lane2_unavailable|rotating|132,1378943233,33558272,61069068,60546817,522877,0,522877,0,11080,0,5540,0,0,0,57698,57697,35394720,35394720,4096,4096,0,0,5540,5540,3717583611,3717583611,3717583619,3717583619,0,0,0,0,0,0,0,0,4096,256,131072,4,15|4,0,67108864,262144,256,0,0,0,0,664,0,652,0,166,163,0,1,664,0|150,3762966582,4,0,0,42729472,0,42729472,0,130837,0,0,163,0,0,0,0,0,0,0,7191596,0,0,0,0,0
1785980343609|1005|lane2_unavailable|fixed|134,1378943233,16780817,67092058,66518005,66517458,66518005,66517458,66518005,63571,63389,63389,63388,0,0,6088,0,1956691797,1956658712,4096,4096,0,0,63389,63388,4051064758,4051059403,4051064766,4051059411,0,0,0,0,0,0,0,0,4096,256,131072,4,15|4,0,67108864,262144,256,0,0,0,0,728,0,716,0,182,179,0,1,728,0|152,473564428,5,46979104,0,0,0,0,0,49893450,0,179,0,3514065790,0,3514065790,0,2080,3494836508,0,30226883,0,0,0,0,0
1785980343609|1005|lane2_unavailable|rotating|134,1378943233,33558272,67166154,66591338,575168,0,575168,0,12188,0,6094,0,0,0,63459,63458,38934224,38934224,4096,4096,0,0,6094,6094,4037494079,4037494079,4037494087,4037494087,0,0,0,0,0,0,0,0,4096,256,131072,4,15|4,0,67108864,262144,256,0,0,0,0,728,0,716,0,182,179,0,1,728,0|152,4082651815,4,0,0,46923776,0,46923776,0,143887,0,0,179,0,0,0,0,0,0,0,7223320,0,0,0,0,0
1785980348623|1005|lane2_unavailable|fixed|136,1378943233,16780339,73203393,72577907,72576501,72577907,72576501,72577907,69367,69170,69168,69168,0,0,6642,0,2135104514,2135097688,4096,4096,0,0,69169,69169,76881666,76881690,76881674,76881666,0,0,0,0,0,0,0,0,4096,256,131072,4,15|4,0,67108864,262144,256,0,0,0,0,792,0,780,0,198,195,0,1,792,0|154,794455148,5,51260352,0,0,0,0,0,54436841,0,195,0,3833886198,0,3833886198,0,2080,3813413617,0,32316113,0,0,0,0,0
1785980348623|1005|lane2_unavailable|rotating|136,1378943233,33558272,73275564,72649490,627553,0,627553,0,13298,0,6649,0,0,0,69237,69237,42480096,42480096,4096,4096,0,0,6649,6649,63371632,63371632,63371640,63371640,0,0,0,0,0,0,0,0,4096,256,131072,4,15|4,0,67108864,262144,256,0,0,0,0,792,0,780,0,198,195,0,1,792,0|154,108610812,5,0,0,51118080,0,51118080,0,156982,0,0,195,0,0,0,0,0,0,0,7260625,0,0,0,0,0
1785980353630|1005|lane2_unavailable|fixed|138,1378943233,16778427,79309707,78630676,78630432,78630676,78630432,78630676,75157,74943,74942,74941,0,0,7197,0,2313326808,2313293108,4096,4096,0,0,74943,74942,397291210,397291190,397291178,397291198,0,0,0,0,0,0,0,0,4096,256,131072,4,15|4,0,67108864,262144,256,0,0,0,0,856,0,844,0,214,211,0,1,856,0|156,1114867148,5,55533696,0,0,0,0,0,58974541,0,211,0,4153229862,0,4153229862,0,2080,4131509806,0,34407822,0,0,0,0,0
1785980353630|1005|lane2_unavailable|rotating|138,1378943233,33558272,79382131,78702521,679836,0,679836,0,14406,0,7203,0,0,0,75011,75010,46019520,46019520,4096,4096,0,0,7203,7203,383632810,383632810,383632818,383632818,0,0,0,0,0,0,0,0,4096,256,131072,4,15|4,0,67108864,262144,256,0,0,0,0,856,0,844,0,214,211,0,1,856,0|156,428408000,5,0,0,55312384,0,55312384,0,170053,0,0,211,0,0,0,0,0,0,0,7294386,0,0,0,0,0
1785980358644|1005|lane2_unavailable|fixed|140,1378943233,16780339,85422754,84692397,84691102,84692397,84691102,84692397,80954,80724,80722,80722,0,0,7752,0,2491752815,2491745778,4096,4096,0,0,80723,80723,718226492,718226505,718226500,718226513,0,0,0,0,0,0,0,0,4096,256,131072,4,15|4,0,67108864,262144,256,0,0,0,0,924,0,912,0,231,228,0,1,924,0|158,1435891614,5,59816256,0,0,0,0,0,63518868,0,228,0,178216392,1,178216392,1,2080,155115307,1,36630485,0,0,0,0,0
1785980358644|1005|lane2_unavailable|rotating|140,1378943233,33558272,85506375,84774457,732409,0,732409,0,15520,0,7760,0,0,0,80801,80800,49578200,49578200,4096,4096,0,0,7760,7760,705308866,705308866,705308874,705308874,0,0,0,0,0,0,0,0,4096,256,131072,4,15|4,0,67108864,262144,256,0,0,0,0,924,0,912,0,231,228,0,1,924,0|158,751332491,5,0,0,59768832,0,59768832,0,183244,0,0,228,0,0,0,0,0,0,0,7332350,0,0,0,0,0
1785980363652|1005|lane2_unavailable|fixed|142,1378943233,16778427,91556340,90774517,90772113,90774517,90772113,90774517,86769,86523,86521,86521,0,0,8309,0,2670746084,2670739476,4096,4096,0,0,86522,86522,1040027327,1040027359,1040027335,1040027367,0,0,0,0,0,0,0,0,4096,256,131072,4,15|4,0,67108864,262144,256,0,0,0,0,988,0,976,0,247,244,0,1,988,0|160,1757776510,5,64113312,0,0,0,0,0,68078589,0,244,0,499027024,1,499027024,1,2080,474682585,1,38723164,0,0,0,0,0
1785980363652|1005|lane2_unavailable|rotating|142,1378943233,33558272,91667194,90883466,785172,0,785172,0,16638,0,8319,0,0,0,86626,86625,53149592,53149592,4096,4096,0,0,8319,8319,1028510180,1028510180,1028510188,1028510188,0,0,0,0,0,0,0,0,4096,256,131072,4,15|4,0,67108864,262144,256,0,0,0,0,988,0,976,0,247,244,0,1,988,0|160,1073863722,5,0,0,63963136,0,63963136,0,196409,0,0,244,0,0,0,0,0,0,0,7365565,0,0,0,0,0
1785980373182|1006|lane2_clean64|fixed|146,1378943233,16777471,6172627,6088443,6102595,6088443,6102595,6088443,5838,5815,5814,5814,0,0,742,0,179472277,179129056,4096,4096,0,0,5815,5815,1649767084,1649767089,1649767092,1649767097,0,0,0,0,0,0,0,0,4096,256,131072,4,15|4,0,67108864,262144,256,0,0,0,0,100,0,88,0,25,22,0,1,100,0|168,2372861724,5,5877824,0,0,0,0,0,6241308,0,22,0,326687443,0,326687443,0,2080,319820558,0,9758898,0,0,0,0,0
1785980373182|1006|lane2_clean64|rotating|146,1378943233,33558272,6385461,6298076,72490,0,72490,0,1536,0,768,0,0,0,6014,6014,4906720,4906720,4096,4096,0,0,768,768,1643457587,1643457587,1643457595,1643457595,0,0,0,0,0,0,0,0,4096,256,131072,4,15|4,0,67108864,262144,256,0,0,0,0,100,0,88,0,25,22,0,1,100,0|168,1690000550,5,0,0,5767168,0,5767168,0,18333,0,0,22,0,0,0,0,0,0,0,6900848,0,0,0,0,0
1785980378183|1006|lane2_clean64|fixed|148,1378943233,16781056,12422411,12250814,12281215,12250814,12281215,12250814,11749,11705,11704,11704,0,0,1496,0,361278464,360560616,4096,4096,0,0,11704,11704,1968888885,1968867458,1968888893,1968867466,0,0,0,0,0,0,0,0,4096,256,131072,4,15|4,0,67108864,262144,256,0,0,0,0,188,0,176,0,47,44,0,1,188,0|170,2686418297,5,11581760,0,0,0,0,0,12295198,0,44,0,638818032,0,638818032,0,2080,630237741,0,12596216,0,0,0,0,0
1785980378183|1006|lane2_clean64|rotating|148,1378943233,33558272,12486694,12314579,141858,0,141858,0,3006,0,1503,0,0,0,11764,11764,9602584,9602584,4096,4096,0,0,1503,1503,1954977445,1954977445,1954977453,1954977453,0,0,0,0,0,0,0,0,4096,256,131072,4,15|4,0,67108864,262144,256,0,0,0,0,188,0,176,0,47,44,0,1,188,0|170,1999561007,5,0,0,11534336,0,11534336,0,35583,0,0,44,0,0,0,0,0,0,0,6950800,0,0,0,0,0
1785980383209|1006|lane2_clean64|fixed|150,1378943233,16777471,18720579,18461623,18507838,18461623,18507838,18461623,17707,17639,17637,17637,0,0,2254,0,544435604,543357864,4096,4096,0,0,17638,17638,2290510533,2290510546,2290510541,2290510506,0,0,0,0,0,0,0,0,4096,256,131072,4,15|4,0,67108864,262144,256,0,0,0,0,276,0,264,0,69,66,0,1,276,0|172,3008082868,5,17427968,0,0,0,0,0,18509297,0,66,0,959021051,0,959021051,0,2080,948758870,0,15432564,0,0,0,0,0
1785980383209|1006|lane2_clean64|rotating|150,1378943233,33558272,18794216,18534555,213498,0,213498,0,4524,0,2262,0,0,0,17706,17706,14451808,14451808,4096,4096,0,0,2262,2262,2276810756,2276810756,2276810764,2276810764,0,0,0,0,0,0,0,0,4096,256,131072,4,15|4,0,67108864,262144,256,0,0,0,0,276,0,264,0,69,66,0,1,276,0|172,2322240656,5,0,0,17301504,0,17301504,0,53539,0,0,66,0,0,0,0,0,0,0,6996168,0,0,0,0,0
1785980388221|1006|lane2_clean64|fixed|152,1378943233,16781056,25003446,24658146,24719350,24658146,24719350,24658146,23648,23558,23557,23557,0,0,3010,0,727157120,725720496,4096,4096,0,0,23557,23557,2611229383,2611229740,2611229391,2611229748,0,0,0,0,0,0,0,0,4096,256,131072,4,15|4,0,67108864,262144,256,0,0,0,0,364,0,352,0,91,88,0,1,364,0|174,3328874227,5,23266272,0,0,0,0,0,24707272,0,88,0,1278352834,0,1278352834,0,2080,1266406724,0,18269254,0,0,0,0,0
1785980388221|1006|lane2_clean64|rotating|152,1378943233,33558272,25093680,24747449,285129,0,285129,0,6042,0,3021,0,0,0,23642,23642,19300968,19300968,4096,4096,0,0,3021,3021,2598644421,2598644421,2598644429,2598644429,0,0,0,0,0,0,0,0,4096,256,131072,4,15|4,0,67108864,262144,256,0,0,0,0,368,0,356,0,92,89,0,1,368,0|174,2643088653,5,0,0,23330816,0,23330816,0,71400,0,0,89,0,0,0,0,0,0,0,7036565,0,0,0,0,0
1785980393235|1006|lane2_clean64|fixed|154,1378943233,16781056,31294717,30863674,30939177,30863674,30939177,30863674,29597,29485,29483,29483,0,0,3767,0,910081032,908285128,4096,4096,0,0,29483,29483,2932309564,2932309889,2932309572,2932309897,0,0,0,0,0,0,0,0,4096,256,131072,4,15|4,0,67108864,262144,256,0,0,0,0,452,0,440,0,113,110,0,1,452,0|176,3649833909,5,29097984,0,0,0,0,0,30906328,0,111,0,1597854588,0,1597854588,0,2080,1584096606,0,21227924,0,0,0,0,0
1785980393235|1006|lane2_clean64|rotating|154,1378943233,33558272,31359940,30927333,356388,0,356388,0,7552,0,3776,0,0,0,29544,29544,24124624,24124624,4096,4096,0,0,3776,3776,2918559561,2918559561,2918559569,2918559569,0,0,0,0,0,0,0,0,4096,256,131072,4,15|4,0,67108864,262144,256,0,0,0,0,456,0,444,0,114,111,0,1,456,0|176,2962950327,5,0,0,29097984,0,29097984,0,89191,0,0,111,0,0,0,0,0,0,0,7081358,0,0,0,0,0
1785980398244|1006|lane2_clean64|fixed|156,1378943233,16777471,37572420,37053663,37145434,37053663,37145434,37053663,35534,35399,35397,35397,0,0,4524,0,1092633494,1090462057,4096,4096,0,0,35397,35397,3252870230,3252870595,3252870246,3252870603,0,0,0,0,0,0,0,0,4096,256,131072,4,15|4,0,67108864,262144,256,0,0,0,0,544,0,532,0,136,133,0,1,544,0|178,3970573949,5,34936288,0,0,0,0,0,37103266,0,133,0,1917135052,0,1917135052,0,2080,1901687650,0,24070074,0,0,0,0,0
1785980398244|1006|lane2_clean64|rotating|156,1378943233,33558272,37640112,37120705,427744,0,427744,0,9064,0,4532,0,0,0,35460,35460,28954712,28954712,4096,4096,0,0,4532,4532,3239103642,3239103642,3239103650,3239103650,0,0,0,0,0,0,0,0,4096,256,131072,4,15|4,0,67108864,262144,256,0,0,0,0,544,0,532,0,136,133,0,1,544,0|178,3283565817,5,0,0,34865152,0,34865152,0,107030,0,0,133,0,0,0,0,0,0,0,7122567,0,0,0,0,0
1785980403252|1006|lane2_clean64|fixed|158,1378943233,16777471,43853110,43247794,43354768,43247794,43354768,43247794,41473,41316,41313,41313,0,0,5280,0,1275259190,1272729104,4096,4096,0,0,41314,41314,3573449006,3573449043,3573449014,3573449003,0,0,0,0,0,0,0,0,4096,256,131072,4,15|4,0,67108864,262144,256,0,0,0,0,632,0,620,0,158,155,0,1,632,0|180,4291125128,5,40766688,0,0,0,0,0,43297327,0,155,0,2236228631,0,2236228631,0,2080,2219094051,0,26908316,0,0,0,0,0
1785980403252|1006|lane2_clean64|rotating|158,1378943233,33558272,43920559,43314403,499099,0,499099,0,10576,0,5288,0,0,0,41376,41376,33784744,33784744,4096,4096,0,0,5288,5288,3559649535,3559649535,3559649543,3559649543,0,0,0,0,0,0,0,0,4096,256,131072,4,15|4,0,67108864,262144,256,0,0,0,0,632,0,620,0,158,155,0,1,632,0|180,3604113321,5,0,0,40632320,0,40632320,0,124869,0,0,155,0,0,0,0,0,0,0,7172383,0,0,0,0,0
1785980408257|1006|lane2_clean64|fixed|160,1378943233,16781056,50126872,49433652,49557270,49433652,49557270,49433652,47403,47224,47222,47222,0,0,6035,0,1457647088,1454758296,4096,4096,0,0,47222,47222,3893584651,3893585008,3893584667,3893585016,0,0,0,0,0,0,0,0,4096,256,131072,4,15|4,0,67108864,262144,256,0,0,0,0,720,0,708,0,180,177,0,1,720,0|182,316383036,6,46589184,0,0,0,0,0,49485190,0,177,0,2554998211,0,2554998211,0,2080,2536175854,0,29745460,0,0,0,0,0
1785980408257|1006|lane2_clean64|rotating|160,1378943233,33558272,50201500,49507451,570450,0,570450,0,12088,0,6044,0,0,0,47292,47292,38614720,38614720,4096,4096,0,0,6044,6044,3880194323,3880194323,3880194331,3880194331,0,0,0,0,0,0,0,0,4096,256,131072,4,15|4,0,67108864,262144,256,0,0,0,0,720,0,708,0,180,177,0,1,720,0|182,3924486213,5,0,0,46399488,0,46399488,0,142706,0,0,177,0,0,0,0,0,0,0,7216946,0,0,0,0,0
1785980413260|1006|lane2_clean64|fixed|162,1378943233,16781056,56403650,55624137,55762696,55624137,55762696,55624137,53338,53137,53135,53135,0,0,6791,0,1640170104,1636921592,4096,4096,0,0,53135,53135,4213969830,4213970139,4213969838,4213970147,0,0,0,0,0,0,0,0,4096,256,131072,4,15|4,0,67108864,262144,256,0,0,0,0,808,0,796,0,202,199,0,1,808,0|184,636564331,6,52411680,0,0,0,0,0,55670762,0,199,0,2873723882,0,2873723882,0,2080,2853212125,0,32584227,0,0,0,0,0
1785980413260|1006|lane2_clean64|rotating|162,1378943233,33558272,56482535,55701400,641894,0,641894,0,13602,0,6801,0,0,0,53209,53209,43451176,43451176,4096,4096,0,0,6801,6801,4200972192,4200972192,4200972208,4200972208,0,0,0,0,0,0,0,0,4096,256,131072,4,15|4,0,67108864,262144,256,0,0,0,0,812,0,800,0,203,200,0,1,812,0|184,4244905688,5,0,0,52428800,0,52428800,0,160544,0,0,200,0,0,0,0,0,0,0,7265915,0,0,0,0,0
1785980418266|1006|lane2_clean64|fixed|164,1378943233,16777471,62678332,61812065,61966124,61812065,61966124,61812065,59271,59048,59045,59045,0,0,7546,0,1822600029,1818992584,4096,4096,0,0,59046,59046,239244439,239244452,239244447,239244460,0,0,0,0,0,0,0,0,4096,256,131072,4,15|4,0,67108864,262144,256,0,0,0,0,900,0,888,0,225,222,0,1,900,0|186,957038083,6,58243392,0,0,0,0,0,61860284,0,222,0,3192739706,0,3192739706,0,2080,3170408642,0,35550301,0,0,0,0,0
1785980418266|1006|lane2_clean64|rotating|164,1378943233,33558272,62777685,61909218,713345,0,713345,0,15116,0,7558,0,0,0,59138,59138,48287648,48287648,4096,4096,0,0,7558,7558,226979560,226979560,226979568,226979568,0,0,0,0,0,0,0,0,4096,256,131072,4,15|4,0,67108864,262144,256,0,0,0,0,900,0,888,0,225,222,0,1,900,0|186,273240009,6,0,0,58195968,0,58195968,0,178549,0,0,222,0,0,0,0,0,0,0,7306972,0,0,0,0,0
1785980423280|1006|lane2_clean64|fixed|166,1378943233,16777471,68963909,68009959,68180251,68009959,68180251,68009959,65214,64968,64965,64965,0,0,8303,0,2005340584,2001357049,4096,4096,0,0,64966,64966,560131625,560131614,560131593,560131622,0,0,0,0,0,0,0,0,4096,256,131072,4,15|4,0,67108864,262144,256,0,0,0,0,988,0,976,0,247,244,0,1,988,0|188,1278258279,6,64081696,0,0,0,0,0,68067392,0,244,0,3512500326,0,3512500326,0,2080,3488483907,0,38388417,0,0,0,0,0
1785980423280|1006|lane2_clean64|rotating|166,1378943233,33558272,69045220,68090409,784605,0,784605,0,16626,0,8313,0,0,0,65041,65041,53111288,53111288,4096,4096,0,0,8313,8313,547095571,547095571,547095579,547095579,0,0,0,0,0,0,0,0,4096,256,131072,4,15|4,0,67108864,262144,256,0,0,0,0,988,0,976,0,247,244,0,1,988,0|188,593670205,6,0,0,63963136,0,63963136,0,196363,0,0,244,0,0,0,0,0,0,0,7350504,0,0,0,0,0
1785980431660|1007|lane3_unavailable|fixed|170,1378943233,16781056,5977557,5926802,50981,0,50981,0,1082,0,541,0,0,0,5647,5647,3456400,3456400,4096,4096,0,0,541,541,1096157081,1096157081,1096157089,1096157089,0,0,0,0,0,0,0,0,4096,256,131072,4,15|5,0,67108864,262144,256,0,0,0,0,76,0,64,0,19,16,0,1,76,0|196,1814098228,6,0,0,4194304,0,4194304,0,12863,0,0,16,0,0,0,0,0,0,0,6878579,0,0,0,0,0
1785980431660|1007|lane3_unavailable|rotating|170,1378943233,33556838,6063428,6011330,6011691,6011330,6011691,6011330,5745,5728,5728,5727,0,0,549,0,176811936,176794424,4096,4096,0,0,5728,5728,1083986811,1084017624,1083986819,1084017632,0,0,0,0,0,0,0,0,4096,256,131072,4,15|4,0,67108864,262144,256,0,0,0,0,76,0,64,0,19,16,0,1,76,0|196,1128886767,6,4281248,0,0,0,0,0,4541641,0,16,0,324482618,0,324482618,0,2080,318058006,0,9002600,0,0,0,0,0
1785980436682|1007|lane3_unavailable|fixed|172,1378943233,16781056,12105861,12003190,103472,0,103472,0,2196,0,1098,0,0,0,11436,11436,7015088,7015088,4096,4096,0,0,1098,1098,1417814471,1417814471,1417814479,1417814479,0,0,0,0,0,0,0,0,4096,256,131072,4,15|4,0,67108864,262144,256,0,0,0,0,140,0,128,0,35,32,0,1,140,0|198,2136630229,6,0,0,8388608,0,8388608,0,26009,0,0,32,0,0,0,0,0,0,0,6905395,0,0,0,0,0
1785980436682|1007|lane3_unavailable|rotating|172,1378943233,33556599,12195032,12091695,12090805,12091695,12090805,12091695,11554,11521,11520,11520,0,0,1106,0,355625194,355625283,4096,4096,0,0,11521,11521,1405507592,1405507599,1405507600,1405507607,0,0,0,0,0,0,0,0,4096,256,131072,4,15|4,0,67108864,262144,256,0,0,0,0,140,0,128,0,35,32,0,1,140,0|198,1449727629,6,8562496,0,0,0,0,0,9089765,0,32,0,644253168,0,644253168,0,2080,636600796,0,11076291,0,0,0,0,0
1785980441712|1007|lane3_unavailable|fixed|174,1378943233,16780339,18240279,18085975,155908,0,155908,0,3309,0,1654,0,0,0,17238,17237,10568266,10568266,4096,4096,0,0,1655,1655,1739825011,1739825011,1739825019,1739825019,0,0,0,0,0,0,0,0,4096,256,131072,4,15|4,0,67108864,262144,256,0,0,0,0,204,0,192,0,51,48,0,1,204,0|200,2457420184,6,0,0,12582912,0,12582912,0,39084,0,0,48,0,0,0,0,0,0,0,6938738,0,0,0,0,0
1785980441712|1007|lane3_unavailable|rotating|174,1378943233,33556599,18313399,18158617,18156873,18158617,18156873,18158617,17357,17307,17307,17306,0,0,1661,0,534237268,534211096,4096,4096,0,0,17308,17307,1726590771,1726590783,1726590779,1726590791,0,0,0,0,0,0,0,0,4096,256,131072,4,15|4,0,67108864,262144,256,0,0,0,0,204,0,192,0,51,48,0,1,204,0|200,1771009797,6,12843744,0,0,0,0,0,13639917,0,48,0,964465024,0,964465024,0,2080,955578188,0,13156686,0,0,0,0,0
1785980446722|1007|lane3_unavailable|fixed|176,1378943233,16781056,24352569,24147179,208260,0,208260,0,4420,0,2210,0,0,0,23013,23013,14119560,14119560,4096,4096,0,0,2210,2210,2060177113,2060177113,2060177121,2060177121,0,0,0,0,0,0,0,0,4096,256,131072,4,15|4,0,67108864,262144,256,0,0,0,0,272,0,260,0,68,65,0,1,272,0|202,2778047522,6,0,0,17039360,0,17039360,0,52159,0,0,65,0,0,0,0,0,0,0,6965932,0,0,0,0,0
1785980446722|1007|lane3_unavailable|rotating|176,1378943233,33557316,24425083,24219107,24216257,24219107,24216257,24219107,23148,23082,23082,23082,0,0,2216,0,712493472,712493440,4096,4096,0,0,23082,23082,2047201255,2047201808,2047201263,2047201816,0,0,0,0,0,0,0,0,4096,256,131072,4,15|4,0,67108864,262144,256,0,0,0,0,272,0,260,0,68,65,0,1,272,0|202,2091605415,6,17126304,0,0,0,0,0,18182150,0,65,0,1283990002,0,1283990002,0,2080,1273740221,0,15361265,0,0,0,0,0
1785980451730|1007|lane3_unavailable|fixed|178,1378943233,16781056,30471032,30212495,260563,0,260563,0,5530,0,2765,0,0,0,28793,28792,17665456,17665456,4096,4096,0,0,2765,2765,2381139282,2381139282,2381139290,2381139290,0,0,0,0,0,0,0,0,4096,256,131072,4,15|4,0,67108864,262144,256,0,0,0,0,336,0,324,0,84,81,0,1,336,0|204,3098673428,6,0,0,21233664,0,21233664,0,65235,0,0,81,0,0,0,0,0,0,0,6999031,0,0,0,0,0
1785980451730|1007|lane3_unavailable|rotating|178,1378943233,33558272,30546384,30287176,30285256,30287176,30285256,30287176,28947,28864,28865,28864,0,0,2771,0,891003304,890972360,4096,4096,0,0,28865,28864,2368091667,2368086319,2368091675,2368086327,0,0,0,0,0,0,0,0,4096,256,131072,4,15|4,0,67108864,262144,256,0,0,0,0,336,0,324,0,84,81,0,1,336,0|204,2412843236,6,21407552,0,0,0,0,0,22735790,0,81,0,1604157511,0,1604157511,0,2080,1592677831,0,17437095,0,0,0,0,0
1785980456741|1007|lane3_unavailable|fixed|180,1378943233,16781056,36584225,36273882,312770,0,312770,0,6638,0,3319,0,0,0,34569,34568,21204896,21204896,4096,4096,0,0,3319,3319,2701384634,2701384634,2701384642,2701384642,0,0,0,0,0,0,0,0,4096,256,131072,4,15|4,0,67108864,262144,256,0,0,0,0,400,0,388,0,100,97,0,1,400,0|206,3419275498,6,0,0,25427968,0,25427968,0,78286,0,0,97,0,0,0,0,0,0,0,7038112,0,0,0,0,0
1785980456741|1007|lane3_unavailable|rotating|180,1378943233,33558033,36655176,36344307,36341842,36344307,36341842,36344307,34735,34637,34636,34636,0,0,3325,0,1069145092,1069142616,4096,4096,0,0,34637,34636,2688407039,2688390312,2688407047,2688390320,0,0,0,0,0,0,0,0,4096,256,131072,4,15|4,0,67108864,262144,256,0,0,0,0,400,0,388,0,100,97,0,1,400,0|206,2732547704,6,25672992,0,0,0,0,0,27267350,0,97,0,1922795619,0,1922795619,0,2080,1910082365,0,19513206,0,0,0,0,0
1785980461754|1007|lane3_unavailable|fixed|182,1378943233,16781056,42704834,42340851,365068,0,365068,0,7748,0,3874,0,0,0,40350,40349,24750744,24750744,4096,4096,0,0,3874,3874,3022226952,3022226952,3022226960,3022226960,0,0,0,0,0,0,0,0,4096,256,131072,4,15|4,0,67108864,262144,256,0,0,0,0,468,0,456,0,117,114,0,1,468,0|208,3740193023,6,0,0,29884416,0,29884416,0,91384,0,0,114,0,0,0,0,0,0,0,7074855,0,0,0,0,0
1785980461754|1007|lane3_unavailable|rotating|182,1378943233,33557316,42791621,42427779,42425705,42427779,42425705,42427779,40548,40434,40432,40432,0,0,3883,0,1248054328,1248053968,4096,4096,0,0,40432,40432,3010159539,3010160083,3010159547,3010160091,0,0,0,0,0,0,0,0,4096,256,131072,4,15|4,0,67108864,262144,256,0,0,0,0,468,0,456,0,117,114,0,1,468,0|208,3054395396,6,29971360,0,0,0,0,0,31828488,0,114,0,2243568719,0,2243568719,0,2080,2229487238,0,21726461,0,0,0,0,0
1785980466768|1007|lane3_unavailable|fixed|184,1378943233,16781056,48822484,48407332,417464,0,417464,0,8860,0,4430,0,0,0,46130,46130,28303040,28303040,4096,4096,0,0,4430,4430,3343287610,3343287610,3343287618,3343287618,0,0,0,0,0,0,0,0,4096,256,131072,4,15|4,0,67108864,262144,256,0,0,0,0,532,0,520,0,133,130,0,1,532,0|210,4061825165,6,0,0,34078720,0,34078720,0,104484,0,0,130,0,0,0,0,0,0,0,7107445,0,0,0,0,0
1785980466768|1007|lane3_unavailable|rotating|184,1378943233,33557316,48913729,48497988,48495510,48497988,48495510,48497988,46349,46220,46217,46217,0,0,4438,0,1426625432,1426625328,4096,4096,0,0,46217,46217,3331196630,3331197175,3331196638,3331197183,0,0,0,0,0,0,0,0,4096,256,131072,4,15|4,0,67108864,262144,256,0,0,0,0,532,0,520,0,133,130,0,1,532,0|210,3375365487,6,34252608,0,0,0,0,0,36377719,0,130,0,2563468498,0,2563468498,0,2080,2548165703,0,23793706,0,0,0,0,0
1785980471793|1007|lane3_unavailable|fixed|186,1378943233,16781056,54957943,54489350,469861,0,469861,0,9972,0,4986,0,0,0,51926,51926,31855256,31855256,4096,4096,0,0,4986,4986,3664707501,3664707501,3664707509,3664707509,0,0,0,0,0,0,0,0,4096,256,131072,4,15|4,0,67108864,262144,256,0,0,0,0,596,0,584,0,149,146,0,1,596,0|212,88982515,7,0,0,38273024,0,38273024,0,117629,0,0,146,0,0,0,0,0,0,0,7141623,0,0,0,0,0
1785980471793|1007|lane3_unavailable|rotating|186,1378943233,33556599,55044931,54575534,54574319,54575534,54574319,54575534,52157,52012,52008,52008,0,0,4994,0,1605398320,1605399439,4096,4096,0,0,52009,52009,3652603869,3652603839,3652603837,3652603847,0,0,0,0,0,0,0,0,4096,256,131072,4,15|4,0,67108864,262144,256,0,0,0,0,600,0,588,0,150,147,0,1,600,0|212,3697026080,6,38543072,0,0,0,0,0,40935557,0,147,0,2884056475,0,2884056475,0,2080,2867394502,0,25996215,0,0,0,0,0
1785980476819|1007|lane3_unavailable|fixed|188,1378943233,16781056,61092726,60571015,522347,0,522347,0,11086,0,5543,0,0,0,57721,57721,35413888,35413888,4096,4096,0,0,5543,5543,3986359014,3986359014,3986359022,3986359022,0,0,0,0,0,0,0,0,4096,256,131072,4,15|4,0,67108864,262144,256,0,0,0,0,664,0,652,0,166,163,0,1,664,0|214,409336885,7,0,0,42729472,0,42729472,0,130681,0,0,163,0,0,0,0,0,0,0,7169194,0,0,0,0,0
1785980476819|1007|lane3_unavailable|rotating|188,1378943233,33556599,61165787,60642597,60642780,60642597,60642780,60642597,57956,57793,57790,57789,0,0,5550,0,1783872310,1783846473,4096,4096,0,0,57791,57790,3973560656,3973560653,3973560664,3973560661,0,0,0,0,0,0,0,0,4096,256,131072,4,15|4,0,67108864,262144,256,0,0,0,0,664,0,652,0,166,163,0,1,664,0|214,4017891826,6,42824320,0,0,0,0,0,45483989,0,163,0,3203851909,0,3203851909,0,2080,3185961711,0,28070371,0,0,0,0,0
1785980481832|1007|lane3_unavailable|fixed|190,1378943233,16781056,67236907,66660403,574837,0,574837,0,12200,0,6100,0,0,0,63524,63523,38972544,38972544,4096,4096,0,0,6100,6100,13404068,13404068,13404076,13404076,0,0,0,0,0,0,0,0,4096,256,131072,4,15|4,0,67108864,262144,256,0,0,0,0,728,0,716,0,182,179,0,1,728,0|216,731944062,7,0,0,46923776,0,46923776,0,143827,0,0,179,0,0,0,0,0,0,0,7205756,0,0,0,0,0
1785980481832|1007|lane3_unavailable|rotating|190,1378943233,33558272,67330268,66752845,66754580,66752845,66754580,66752845,63795,63615,63613,63612,0,0,6109,0,1963604656,1963574104,4096,4096,0,0,63613,63612,1690029,1684674,1690037,1684682,0,0,0,0,0,0,0,0,4096,256,131072,4,15|4,0,67108864,262144,256,0,0,0,0,728,0,716,0,182,179,0,1,728,0|216,47191883,7,47152992,0,0,0,0,0,50081197,0,179,0,3527037094,0,3527037094,0,2080,3507926848,0,30146532,0,0,0,0,0
1785980486847|1007|lane3_unavailable|fixed|192,1378943233,16781056,73334407,72706416,627045,0,627045,0,13308,0,6654,0,0,0,69286,69286,42511992,42511992,4096,4096,0,0,6654,6654,333642710,333642710,333642726,333642726,0,0,0,0,0,0,0,0,4096,256,131072,4,15|5,0,67108864,262144,256,0,0,0,0,796,0,784,0,199,196,0,1,796,0|218,1054667059,7,0,0,51380224,0,51380224,0,156996,0,0,196,0,0,0,0,0,0,0,7247948,0,0,0,0,0
1785980486847|1007|lane3_unavailable|rotating|192,1378943233,33558272,73479978,72850909,72851711,72850909,72851711,72850909,69623,69427,69424,69424,0,0,6667,0,2142977216,2142979560,4096,4096,0,0,69424,69424,324297943,324302730,324297951,324302738,0,0,0,0,0,0,0,0,4096,256,131072,4,15|4,0,67108864,262144,256,0,0,0,0,796,0,784,0,199,196,0,1,796,0|218,370280283,7,51459264,0,0,0,0,0,54658770,0,196,0,3849048926,0,3849048926,0,2080,3828587638,0,32344299,0,0,0,0,0
1785980491857|1007|lane3_unavailable|fixed|194,1378943233,16781056,79449265,78769117,679343,0,679343,0,14418,0,7209,0,0,0,75062,75062,46057864,46057864,4096,4096,0,0,7209,7209,654117730,654117730,654117738,654117738,0,0,0,0,0,0,0,0,4096,256,131072,4,15|4,0,67108864,262144,256,0,0,0,0,860,0,848,0,215,212,0,1,860,0|220,1372400024,7,0,0,55574528,0,55574528,0,169953,0,0,212,0,0,0,0,0,0,0,7284321,0,0,0,0,0
1785980491857|1007|lane3_unavailable|rotating|194,1378943233,33556599,79551971,78870941,78871779,78870941,78871779,78870941,75375,75163,75159,75159,0,0,7218,0,2320022748,2320021353,4096,4096,0,0,75160,75160,642605435,642605430,642605443,642605438,0,0,0,0,0,0,0,0,4096,256,131072,4,15|4,0,67108864,262144,256,0,0,0,0,860,0,848,0,215,212,0,1,860,0|220,687817330,7,55700992,0,0,0,0,0,59160184,0,212,0,4165525541,0,4165525541,0,2080,4143827518,0,34418480,0,0,0,0,0
1785980496872|1007|lane3_unavailable|fixed|196,1378943233,16781056,85574601,84842175,731645,0,731645,0,15528,0,7764,0,0,0,80849,80849,49603760,49603760,4096,4096,0,0,7764,7764,974953251,974953251,974953259,974953259,0,0,0,0,0,0,0,0,4096,256,131072,4,15|4,0,67108864,262144,256,0,0,0,0,924,0,912,0,231,228,0,1,924,0|222,1693044125,7,0,0,59768832,0,59768832,0,183029,0,0,228,0,0,0,0,0,0,0,7313250,0,0,0,0,0
1785980496872|1007|lane3_unavailable|rotating|196,1378943233,33557555,85641406,84908467,84909195,84908467,84909195,84908467,81144,80916,80912,80912,0,0,7770,0,2497591240,2497593372,4096,4096,0,0,80913,80913,961869899,961869890,961869891,961869898,0,0,0,0,0,0,0,0,4096,256,131072,4,15|4,0,67108864,262144,256,0,0,0,0,924,0,912,0,231,228,0,1,924,0|222,1006132281,7,59942720,0,0,0,0,0,63672398,0,228,0,187812764,1,187812764,1,2080,164876298,1,36494369,0,0,0,0,0
1785980501878|1007|lane3_unavailable|fixed|198,1378943233,16781056,91683717,90899327,783853,0,783853,0,16636,0,8318,0,0,0,86620,86620,53143208,53143208,4096,4096,0,0,8318,8318,1295194485,1295194485,1295194493,1295194493,0,0,0,0,0,0,0,0,4096,256,131072,4,15|4,0,67108864,262144,256,0,0,0,0,988,0,976,0,247,244,0,1,988,0|224,2013280629,7,0,0,63963136,0,63963136,0,196080,0,0,244,0,0,0,0,0,0,0,7346293,0,0,0,0,0
1785980501878|1007|lane3_unavailable|rotating|198,1378943233,33556599,91760972,90975129,90976462,90975129,90976462,90975129,86941,86696,86693,86692,0,0,8325,0,2676051048,2676026579,4096,4096,0,0,86694,86693,1282664620,1282664641,1282664628,1282664649,0,0,0,0,0,0,0,0,4096,256,131072,4,15|4,0,67108864,262144,256,0,0,0,0,988,0,976,0,247,244,0,1,988,0|224,1326887502,7,64223968,0,0,0,0,0,68219226,0,244,0,507497673,1,507497673,1,2080,483335182,1,38566325,0,0,0,0,0
1785980511166|1008|lane3_clean64|fixed|202,1378943233,16781056,6148714,6064924,69643,0,69643,0,1478,0,739,0,0,0,5791,5791,4721392,4721392,4096,4096,0,0,739,739,1889988132,1889988132,1889988140,1889988140,0,0,0,0,0,0,0,0,4096,256,131072,4,15|4,0,67108864,262144,256,0,0,0,0,96,0,84,0,24,21,0,1,96,0|232,2607779462,7,0,0,5505024,0,5505024,0,17551,0,0,21,0,0,0,0,0,0,0,6897300,0,0,0,0,0
1785980511166|1008|lane3_clean64|rotating|202,1378943233,33554687,6231949,6146380,6161272,6146380,6161272,6146380,5893,5870,5869,5869,0,0,750,0,181188604,180829503,4096,4096,0,0,5870,5870,1877560857,1877560870,1877560865,1877560878,0,0,0,0,0,0,0,0,4096,256,131072,4,15|4,0,67108864,262144,256,0,0,0,0,100,0,88,0,25,22,0,1,100,0|232,1922430782,7,5838304,0,0,0,0,0,6194346,0,22,0,324298134,0,324298134,0,2080,317410055,0,9772909,0,0,0,0,0
1785980516186|1008|lane3_clean64|fixed|204,1378943233,16781056,12435160,12263638,141071,0,141071,0,2994,0,1497,0,0,0,11716,11715,9564232,9564232,4096,4096,0,0,1497,1497,2211205091,2211205091,2211205099,2211205099,0,0,0,0,0,0,0,0,4096,256,131072,4,15|4,0,67108864,262144,256,0,0,0,0,188,0,176,0,47,44,0,1,188,0|234,2929174136,7,0,0,11534336,0,11534336,0,35409,0,0,44,0,0,0,0,0,0,0,6933001,0,0,0,0,0
1785980516186|1008|lane3_clean64|rotating|204,1378943233,33554687,12513537,12341126,12371617,12341126,12371617,12341126,11835,11790,11789,11789,0,0,1506,0,363926117,363208944,4096,4096,0,0,11790,11790,2198330261,2198330266,2198330269,2198330234,0,0,0,0,0,0,0,0,4096,256,131072,4,15|4,0,67108864,262144,256,0,0,0,0,188,0,176,0,47,44,0,1,188,0|234,2243441245,7,11676608,0,0,0,0,0,12393889,0,44,0,643849021,0,643849021,0,2076,635266009,0,12620603,0,0,0,0,0
1785980521197|1008|lane3_clean64|fixed|206,1378943233,16781056,18717118,18458988,212314,0,212314,0,4506,0,2253,0,0,0,17634,17634,14394312,14394312,4096,4096,0,0,2253,2253,2531759958,2531759958,2531759966,2531759966,0,0,0,0,0,0,0,0,4096,256,131072,4,15|4,0,67108864,262144,256,0,0,0,0,276,0,264,0,69,66,0,1,276,0|236,3249750800,7,0,0,17301504,0,17301504,0,53220,0,0,66,0,0,0,0,0,0,0,6982537,0,0,0,0,0
1785980521197|1008|lane3_clean64|rotating|206,1378943233,33554687,18792051,18533195,18578888,18533195,18578888,18533195,17774,17706,17705,17705,0,0,2262,0,546523431,545447584,4096,4096,0,0,17706,17706,2518862425,2518862462,2518862433,2518862430,0,0,0,0,0,0,0,0,4096,256,131072,4,15|4,0,67108864,262144,256,0,0,0,0,276,0,264,0,69,66,0,1,276,0|236,2563006241,7,17483296,0,0,0,0,0,18566595,0,66,0,961962345,0,961962345,0,2080,951677902,0,15468007,0,0,0,0,0
1785980526198|1008|lane3_clean64|fixed|208,1378943233,16781056,24987769,24643848,283461,0,283461,0,6016,0,3008,0,0,0,23542,23542,19217944,19217944,4096,4096,0,0,3008,3008,2851885033,2851885033,2851885041,2851885041,0,0,0,0,0,0,0,0,4096,256,131072,4,15|4,0,67108864,262144,256,0,0,0,0,364,0,352,0,91,88,0,1,364,0|238,3569883971,7,0,0,23068672,0,23068672,0,71007,0,0,88,0,0,0,0,0,0,0,7027424,0,0,0,0,0
1785980526198|1008|lane3_clean64|rotating|208,1378943233,33558272,25063866,24719000,24779555,24719000,24779555,24719000,23705,23614,23614,23614,0,0,3017,0,728914776,727481144,4096,4096,0,0,23614,23614,2839014469,2839014810,2839014477,2839014818,0,0,0,0,0,0,0,0,4096,256,131072,4,15|4,0,67108864,262144,256,0,0,0,0,364,0,352,0,91,88,0,1,364,0|238,2883881778,7,23321600,0,0,0,0,0,24765888,0,88,0,1281378306,0,1281378306,0,2080,1269399230,0,18315401,0,0,0,0,0
1785980531199|1008|lane3_clean64|fixed|210,1378943233,16781056,31259334,30829054,354612,0,354612,0,7526,0,3763,0,0,0,29449,29449,24041576,24041576,4096,4096,0,0,3763,3763,3172010092,3172010092,3172010100,3172010100,0,0,0,0,0,0,0,0,4096,256,131072,4,15|4,0,67108864,262144,256,0,0,0,0,452,0,440,0,113,110,0,1,452,0|240,3889901077,7,0,0,28835840,0,28835840,0,88793,0,0,110,0,0,0,0,0,0,0,7061771,0,0,0,0,0
1785980531199|1008|lane3_clean64|rotating|210,1378943233,33558272,31334441,30903150,30978985,30903150,30978985,30903150,29634,29520,29520,29520,0,0,3772,0,911222440,909428472,4096,4096,0,0,29520,29520,3159032215,3159032548,3159032223,3159032556,0,0,0,0,0,0,0,0,4096,256,131072,4,15|4,0,67108864,262144,256,0,0,0,0,456,0,444,0,114,111,0,1,456,0|240,3203368861,7,29129600,0,0,0,0,0,30936153,0,111,0,1599413389,0,1599413389,0,2080,1585599163,0,21292227,0,0,0,0,0
1785980536227|1008|lane3_clean64|fixed|212,1378943233,16781056,37589887,37071356,426510,0,426510,0,9052,0,4526,0,0,0,35413,35413,28916336,28916336,4096,4096,0,0,4526,4526,3495375607,3495375607,3495375615,3495375615,0,0,0,0,0,0,0,0,4096,256,131072,4,15|4,0,67108864,262144,256,0,0,0,0,544,0,532,0,136,133,0,1,544,0|242,4213528243,7,0,0,34865152,0,34865152,0,106792,0,0,133,0,0,0,0,0,0,0,7125393,0,0,0,0,0
1785980536227|1008|lane3_clean64|rotating|212,1378943233,33558272,37682095,37162720,37254547,37162720,37254547,37162720,35637,35500,35500,35500,0,0,4537,0,1095814448,1093643712,4096,4096,0,0,35500,35500,3483149913,3483150238,3483149921,3483150246,0,0,0,0,0,0,0,0,4096,256,131072,4,15|4,0,67108864,262144,256,0,0,0,0,544,0,532,0,136,133,0,1,544,0|242,3528692893,7,35046944,0,0,0,0,0,37222462,0,133,0,1923258085,0,1923258085,0,2080,1907766185,0,24139632,0,0,0,0,0
1785980541232|1008|lane3_clean64|fixed|214,1378943233,16781056,43840622,43236718,497375,0,497375,0,10556,0,5278,0,0,0,41301,41301,33720848,33720848,4096,4096,0,0,5278,5278,3814211376,3814211376,3814211384,3814211384,0,0,0,0,0,0,0,0,4096,256,131072,4,15|4,0,67108864,262144,256,0,0,0,0,632,0,620,0,158,155,0,1,632,0|244,237210599,8,0,0,40632320,0,40632320,0,124485,0,0,155,0,0,0,0,0,0,0,7170993,0,0,0,0,0
1785980541232|1008|lane3_clean64|rotating|214,1378943233,33554687,43920011,43315218,43421692,43315218,43421692,43315218,41536,41377,41376,41376,0,0,5288,0,1277207984,1274677877,4096,4096,0,0,41377,41377,3801590966,3801590955,3801590934,3801590963,0,0,0,0,0,0,0,0,4096,256,131072,4,15|4,0,67108864,262144,256,0,0,0,0,632,0,620,0,158,155,0,1,632,0|244,3846328308,7,40822016,0,0,0,0,0,43359145,0,155,0,2239449732,0,2239449732,0,2080,2222249615,0,26987034,0,0,0,0,0
1785980546242|1008|lane3_clean64|fixed|216,1378943233,16781056,50123345,49432153,568712,0,568712,0,12070,0,6035,0,0,0,47218,47218,38557280,38557280,4096,4096,0,0,6035,6035,4135195986,4135195986,4135195994,4135195994,0,0,0,0,0,0,0,0,4096,256,131072,4,15|4,0,67108864,262144,256,0,0,0,0,720,0,708,0,180,177,0,1,720,0|246,556813439,8,0,0,46399488,0,46399488,0,142249,0,0,177,0,0,0,0,0,0,0,7216052,0,0,0,0,0
1785980546242|1008|lane3_clean64|rotating|216,1378943233,33554687,50174495,49482719,49605215,49482719,49605215,49482719,47449,47268,47267,47267,0,0,6041,0,1459042082,1456154253,4096,4096,0,0,47268,47268,4120791549,4120791538,4120791557,4120791546,0,0,0,0,0,0,0,0,4096,256,131072,4,15|4,0,67108864,262144,256,0,0,0,0,720,0,708,0,180,177,0,1,720,0|246,4165260705,7,46628704,0,0,0,0,0,49521348,0,177,0,2556930457,0,2556930457,0,2080,2538028911,0,29834436,0,0,0,0,0
1785980551250|1008|lane3_clean64|fixed|218,1378943233,16781056,56400121,55622029,639861,0,639861,0,13580,0,6790,0,0,0,53132,53132,43380888,43380888,4096,4096,0,0,6790,6790,160353735,160353735,160353751,160353751,0,0,0,0,0,0,0,0,4096,256,131072,4,15|4,0,67108864,262144,256,0,0,0,0,808,0,796,0,202,199,0,1,808,0|248,878422003,8,0,0,52166656,0,52166656,0,160106,0,0,199,0,0,0,0,0,0,0,7252551,0,0,0,0,0
1785980551250|1008|lane3_clean64|rotating|218,1378943233,33558272,56472413,55692529,55831613,55692529,55831613,55692529,53403,53200,53200,53200,0,0,6800,0,1642178568,1638914680,4096,4096,0,0,53200,53200,147268845,147247394,147268853,147247410,0,0,0,0,0,0,0,0,4096,256,131072,4,15|4,0,67108864,262144,256,0,0,0,0,812,0,800,0,203,200,0,1,812,0|248,191698058,8,52468320,0,0,0,0,0,55727910,0,200,0,2876875202,0,2876875202,0,2080,2856145290,0,32811266,0,0,0,0,0
1785980556265|1008|lane3_clean64|fixed|220,1378943233,16781056,62686717,61820878,711288,0,711288,0,15096,0,7548,0,0,0,59053,59053,48223728,48223728,4096,4096,0,0,7548,7548,481444319,481444319,481444327,481444327,0,0,0,0,0,0,0,0,4096,256,131072,4,15|4,0,67108864,262144,256,0,0,0,0,900,0,888,0,225,222,0,1,900,0|250,1199275458,8,0,0,58195968,0,58195968,0,177963,0,0,222,0,0,0,0,0,0,0,7302141,0,0,0,0,0
1785980556265|1008|lane3_clean64|rotating|220,1378943233,33558272,62758984,61892160,62046941,61892160,62046941,61892160,59347,59121,59121,59121,0,0,7556,0,1824948112,1821325448,4096,4096,0,0,59121,59121,468216996,468217345,468217004,468217353,0,0,0,0,0,0,0,0,4096,256,131072,4,15|4,0,67108864,262144,256,0,0,0,0,900,0,888,0,225,222,0,1,900,0|250,513176509,8,58314528,0,0,0,0,0,61939664,0,222,0,3196892101,0,3196892101,0,2080,3174469248,0,35658665,0,0,0,0,0
1785980561278|1008|lane3_clean64|fixed|222,1378943233,16781056,68978881,68026991,782626,0,782626,0,16610,0,8305,0,0,0,64980,64980,53060184,53060184,4096,4096,0,0,8305,8305,802555045,802555045,802555053,802555053,0,0,0,0,0,0,0,0,4096,256,131072,4,15|4,0,67108864,262144,256,0,0,0,0,988,0,976,0,247,244,0,1,988,0|252,1520142899,8,0,0,63963136,0,63963136,0,195774,0,0,244,0,0,0,0,0,0,0,7346536,0,0,0,0,0
1785980561278|1008|lane3_clean64|rotating|222,1378943233,33554687,69044341,68091832,68260961,68091832,68260961,68091832,65290,65042,65041,65041,0,0,8313,0,2007706328,2003724224,4096,4096,0,0,65042,65042,789030229,789030234,789030197,789030202,0,0,0,0,0,0,0,0,4096,256,131072,4,15|4,0,67108864,262144,256,0,0,0,0,988,0,976,0,247,244,0,1,988,0|252,834142853,8,64152832,0,0,0,0,0,68141671,0,244,0,3516398869,0,3516398869,0,2080,3492281373,0,38506069,0,0,0,0,0
