captured_ms|sequence|label|role|admission_snapshot_words_csv|ps_runtime_words_csv|pl_perf_snapshot_words_csv
1785897081557|1001|stream64_f2r_1|fixed|2,1378943233,16781056,6145391,6061590,6075639,6061590,6075639,6061590,5812,5790,5790,5790,0,0,739,0,178726280,178381960,4096,4096,0,0,5790,5790,360824422,360824755,360824430,360824763,0,0,0,0,0,0,0,0,4096,256,131072,4,15|4,0,67108864,262144,256,0,0,0,0,96,0,84,0,24,21,0,1,96,0|4,1078573878,0,5757952,0,0,0,0,0,6111500,0,21,0,319990890,0,319990890,0,2080,313229987,0,9631713,0,0,0,0,0
1785897081557|1001|stream64_f2r_1|rotating|2,1378943233,33558272,6254878,6169193,71072,0,71072,0,1506,0,753,0,0,0,5893,5893,4810872,0,4096,0,0,0,753,0,349147767,0,349147775,0,0,0,0,0,0,0,0,0,4096,256,131072,4,15|4,0,67108864,262144,256,0,0,0,0,100,0,88,0,25,22,0,1,100,0|4,394451538,0,0,0,5767168,0,5767168,0,17886,0,0,22,0,0,0,0,0,0,0,6894344,0,0,0,0,0
1785897086574|1001|stream64_f2r_1|fixed|4,1378943233,16781056,12434977,12263585,12293687,12263585,12293687,12263585,11759,11714,11714,11714,0,0,1497,0,361587576,360869400,4096,4096,0,0,11714,11714,681920659,681921000,681920667,681921008,0,0,0,0,0,0,0,0,4096,256,131072,4,15|4,0,67108864,262144,256,0,0,0,0,188,0,176,0,47,44,0,1,188,0|6,1399637288,0,11597568,0,0,0,0,0,12312973,0,44,0,639594396,0,639594396,0,2080,631018217,0,12595453,0,0,0,0,0
1785897086574|1001|stream64_f2r_1|rotating|4,1378943233,33558272,12510257,12338037,142143,0,142143,0,3012,0,1506,0,0,0,11785,11785,9621776,0,4096,0,0,0,1506,0,668401187,0,668401195,0,0,0,0,0,0,0,0,0,4096,256,131072,4,15|4,0,67108864,262144,256,0,0,0,0,188,0,176,0,47,44,0,1,188,0|6,713110621,0,0,0,11534336,0,11534336,0,35630,0,0,44,0,0,0,0,0,0,0,6942830,0,0,0,0,0
1785897091576|1001|stream64_f2r_1|fixed|6,1378943233,16777471,18704544,18445139,18491993,18445139,18491993,18445139,17690,17623,17622,17622,0,0,2252,0,543979150,542901144,4096,4096,0,0,17623,17623,1002079839,1002079868,1002079847,1002079820,0,0,0,0,0,0,0,0,4096,256,131072,4,15|4,0,67108864,262144,256,0,0,0,0,276,0,264,0,69,66,0,1,276,0|8,1719732907,0,17420064,0,0,0,0,0,18493702,0,66,0,958234391,0,958234391,0,2080,947975432,0,15427600,0,0,0,0,0
1785897091576|1001|stream64_f2r_1|rotating|6,1378943233,33558272,18776339,18516090,213308,0,213308,0,4520,0,2260,0,0,0,17690,17690,14439016,0,4096,0,0,0,2260,0,988081403,0,988081411,0,0,0,0,0,0,0,0,0,4096,256,131072,4,15|4,0,67108864,262144,256,0,0,0,0,276,0,264,0,69,66,0,1,276,0|8,1033400023,0,0,0,17301504,0,17301504,0,53445,0,0,66,0,0,0,0,0,0,0,6986589,0,0,0,0,0
1785897096587|1001|stream64_f2r_1|fixed|8,1378943233,16777471,24992169,24645232,24708168,24645232,24708168,24645232,23635,23546,23545,23545,0,0,3009,0,726810784,725374242,4096,4096,0,0,23546,23546,1322995137,1322995110,1322995105,1322995118,0,0,0,0,0,0,0,0,4096,256,131072,4,15|4,0,67108864,262144,256,0,0,0,0,364,0,352,0,91,88,0,1,364,0|10,2040992281,0,23258368,0,0,0,0,0,24701054,0,88,0,1278034189,0,1278034189,0,2080,1266097155,0,18258436,0,0,0,0,0
1785897096587|1001|stream64_f2r_1|rotating|8,1378943233,33558272,25107371,24759026,285223,0,285223,0,6044,0,3022,0,0,0,23654,23654,19307360,0,4096,0,0,0,3022,0,1311198437,0,1311198445,0,0,0,0,0,0,0,0,0,4096,256,131072,4,15|5,0,67108864,262144,256,0,0,0,0,368,0,356,0,92,89,0,1,368,0|10,1357038456,0,0,0,23330816,0,23330816,0,71471,0,0,89,0,0,0,0,0,0,0,7032350,0,0,0,0,0
1785897101595|1001|stream64_f2r_1|fixed|10,1378943233,16777471,31268546,30833838,30913287,30833838,30913287,30833838,29569,29458,29457,29457,0,0,3764,0,909294472,907498232,4096,4096,0,0,29458,29458,1643310512,1643310517,1643310488,1643310477,0,0,0,0,0,0,0,0,4096,256,131072,4,15|4,0,67108864,262144,256,0,0,0,0,452,0,440,0,113,110,0,1,452,0|12,2360973933,0,29080864,0,0,0,0,0,30883408,0,110,0,1596560217,0,1596560217,0,2080,1582939341,0,21091645,0,0,0,0,0
1785897101595|1001|stream64_f2r_1|rotating|10,1378943233,33558272,31341121,30904940,356199,0,356199,0,7548,0,3774,0,0,0,29526,29526,24111864,0,4096,0,0,0,3774,0,1629696361,0,1629696369,0,0,0,0,0,0,0,0,0,4096,256,131072,4,15|4,0,67108864,262144,256,0,0,0,0,456,0,444,0,114,111,0,1,456,0|12,1674589948,0,0,0,29097984,0,29097984,0,89144,0,0,111,0,0,0,0,0,0,0,7073586,0,0,0,0,0
1785897106601|1001|stream64_f2r_1|fixed|12,1378943233,16777471,37546415,37025625,37119808,37025625,37119808,37025625,35505,35372,35371,35371,0,0,4520,0,1091843633,1089688108,4096,4096,0,0,35372,35372,1963737741,1963737738,1963737749,1963737746,0,0,0,0,0,0,0,0,4096,256,131072,4,15|4,0,67108864,262144,256,0,0,0,0,544,0,532,0,136,133,0,1,544,0|14,2681127883,0,34904672,0,0,0,0,0,37066761,0,133,0,1915258215,0,1915258215,0,2080,1899821327,0,24052727,0,0,0,0,0
1785897106601|1001|stream64_f2r_1|rotating|12,1378943233,33558272,37624659,37102197,427554,0,427554,0,9060,0,4530,0,0,0,35445,35445,28941920,0,4096,0,0,0,4530,0,1950361734,0,1950361742,0,0,0,0,0,0,0,0,0,4096,256,131072,4,15|4,0,67108864,262144,256,0,0,0,0,544,0,532,0,136,133,0,1,544,0|14,1996757449,0,0,0,34865152,0,34865152,0,107077,0,0,133,0,0,0,0,0,0,0,7108995,0,0,0,0,0
1785897111631|1001|stream64_f2r_1|fixed|14,1378943233,16781056,43851496,43242971,43353154,43242971,43353154,43242971,41467,41311,41311,41311,0,0,5280,0,1275187736,1272657104,4096,4096,0,0,41311,41311,2285657268,2285657601,2285657276,2285657609,0,0,0,0,0,0,0,0,4096,256,131072,4,15|4,0,67108864,262144,256,0,0,0,0,632,0,620,0,158,155,0,1,632,0|16,3003338989,0,40759540,0,0,0,0,0,43292340,0,155,0,2236005604,0,2236005604,0,2080,2218891574,0,26885934,0,0,0,0,0
1785897111631|1001|stream64_f2r_1|rotating|14,1378943233,33558272,43927895,43318652,499193,0,499193,0,10578,0,5289,0,0,0,41383,41383,33791136,0,4096,0,0,0,5289,0,2272191832,0,2272191840,0,0,0,0,0,0,0,0,0,4096,256,131072,4,15|4,0,67108864,262144,256,0,0,0,0,632,0,620,0,158,155,0,1,632,0|16,2316941218,0,0,0,40632320,0,40632320,0,124892,0,0,155,0,0,0,0,0,0,0,7151113,0,0,0,0,0
1785897116632|1001|stream64_f2r_1|fixed|16,1378943233,16781056,50124321,49426787,49554719,49426787,49554719,49426787,47396,47218,47218,47218,0,0,6035,0,1457525144,1454635208,4096,4096,0,0,47218,47218,2605714623,2605714924,2605714631,2605714940,0,0,0,0,0,0,0,0,4096,256,131072,4,15|4,0,67108864,262144,256,0,0,0,0,720,0,708,0,180,177,0,1,720,0|18,3323516194,0,46589184,0,0,0,0,0,49478909,0,177,0,2554725398,0,2554725398,0,2080,2535929214,0,29719242,0,0,0,0,0
1785897116632|1001|stream64_f2r_1|rotating|16,1378943233,33558272,50214406,49516044,570543,0,570543,0,12090,0,6045,0,0,0,47303,47303,38621104,0,4096,0,0,0,6045,0,2592732728,0,2592732736,0,0,0,0,0,0,0,0,0,4096,256,131072,4,15|4,0,67108864,262144,256,0,0,0,0,720,0,708,0,180,177,0,1,720,0|18,2637769830,0,0,0,46399488,0,46399488,0,142753,0,0,177,0,0,0,0,0,0,0,7200156,0,0,0,0,0
1785897121636|1001|stream64_f2r_1|fixed|18,1378943233,16777471,56416279,55632538,55775231,55632538,55775231,55632538,53345,53145,53144,53144,0,0,6792,0,1640468155,1637218286,4096,4096,0,0,53145,53145,2926836102,2926836091,2926836110,2926836099,0,0,0,0,0,0,0,0,4096,256,131072,4,15|4,0,67108864,262144,256,0,0,0,0,808,0,796,0,202,199,0,1,808,0|20,3644593411,0,52427488,0,0,0,0,0,55683009,0,199,0,2874343039,0,2874343039,0,2080,2853864683,0,32554175,0,0,0,0,0
1785897121636|1001|stream64_f2r_1|rotating|18,1378943233,33558272,56505375,55719881,642084,0,642084,0,13606,0,6803,0,0,0,53228,53228,43463944,0,4096,0,0,0,6803,0,2913936230,0,2913936238,0,0,0,0,0,0,0,0,0,4096,256,131072,4,15|4,0,67108864,262144,256,0,0,0,0,812,0,800,0,203,200,0,1,812,0|20,2959275453,0,0,0,52428800,0,52428800,0,160639,0,0,200,0,0,0,0,0,0,0,7244827,0,0,0,0,0
1785897126636|1001|stream64_f2r_1|fixed|20,1378943233,16777471,62670378,61798913,61958264,61798913,61958264,61798913,59258,59036,59036,59036,0,0,7545,0,1822322427,1818712454,4096,4096,0,0,59036,59036,3246044302,3246044651,3246044310,3246044659,0,0,0,0,0,0,0,0,4096,256,131072,4,15|4,0,67108864,262144,256,0,0,0,0,900,0,888,0,225,222,0,1,900,0|22,3963712711,0,58227584,0,0,0,0,0,61844861,0,222,0,3192012315,0,3192012315,0,2080,3169713727,0,35514386,0,0,0,0,0
1785897126636|1001|stream64_f2r_1|rotating|20,1378943233,33558272,62741541,61868549,712966,0,712966,0,15108,0,7554,0,0,0,59103,59103,48262064,0,4096,0,0,0,7554,0,3232326638,0,3232326646,0,0,0,0,0,0,0,0,0,4096,256,131072,4,15|4,0,67108864,262144,256,0,0,0,0,900,0,888,0,225,222,0,1,900,0|22,3277383754,0,0,0,58195968,0,58195968,0,178360,0,0,222,0,0,0,0,0,0,0,7291289,0,0,0,0,0
1785897131647|1001|stream64_f2r_1|fixed|22,1378943233,16777471,68976207,68016862,68192454,68016862,68192454,68016862,65221,64976,64975,64975,0,0,8304,0,2005673778,2001688693,4096,4096,0,0,64976,64976,3567996418,3567996439,3567996426,3567996447,0,0,0,0,0,0,0,0,4096,256,131072,4,15|4,0,67108864,262144,256,0,0,0,0,988,0,976,0,247,244,0,1,988,0|24,4285484789,0,64081696,0,0,0,0,0,68062404,0,244,0,3512320865,0,3512320865,0,2080,3488344996,0,38347822,0,0,0,0,0
1785897131647|1001|stream64_f2r_1|rotating|22,1378943233,33558272,69048104,68087685,784605,0,784605,0,16626,0,8313,0,0,0,65043,65043,53111288,0,4096,0,0,0,8313,0,3554156994,0,3554157002,0,0,0,0,0,0,0,0,0,4096,256,131072,4,15|4,0,67108864,262144,256,0,0,0,0,988,0,976,0,247,244,0,1,988,0|24,3599554958,0,0,0,63963136,0,63963136,0,196269,0,0,244,0,0,0,0,0,0,0,7340072,0,0,0,0,0
1785897140038|1002|stream64_f2r_2|fixed|26,1378943233,16777471,6137631,6053706,6067879,6053706,6067879,6053706,5810,5788,5787,5787,0,0,739,0,178655933,178314280,4096,4096,0,0,5788,5788,4103950774,4103950755,4103950782,4103950763,0,0,0,0,0,0,0,0,4096,256,131072,4,15|4,0,67108864,262144,256,0,0,0,0,96,0,84,0,24,21,0,1,96,0|32,526444355,1,5750048,0,0,0,0,0,6098209,0,21,0,319594093,0,319594093,0,2080,312829671,0,9633583,0,0,0,0,0
1785897140038|1002|stream64_f2r_2|rotating|26,1378943233,33558033,6214013,6128743,70633,0,70633,0,1497,0,748,0,0,0,5860,5860,4779800,0,4096,0,0,0,749,0,4090667525,0,4090667493,0,0,0,0,0,0,0,0,0,4096,256,131072,4,15|4,0,67108864,262144,256,0,0,0,0,100,0,88,0,25,22,0,1,100,0|32,4135978546,0,0,0,5767168,0,5767168,0,17791,0,0,22,0,0,0,0,0,0,0,6892719,0,0,0,0,0
1785897145048|1002|stream64_f2r_2|fixed|28,1378943233,16781056,12412698,12241985,12271502,12241985,12271502,12241985,11748,11704,11704,11704,0,0,1496,0,361279256,360561848,4096,4096,0,0,11704,11704,129537020,129515593,129537028,129515601,0,0,0,0,0,0,0,0,4096,256,131072,4,15|4,0,67108864,262144,256,0,0,0,0,188,0,176,0,47,44,0,1,188,0|34,847242695,1,11581760,0,0,0,0,0,12287936,0,44,0,638934505,0,638934505,0,2080,630346653,0,12603780,0,0,0,0,0
1785897145048|1002|stream64_f2r_2|rotating|28,1378943233,33558272,12491116,12319505,142048,0,142048,0,3010,0,1505,0,0,0,11778,11778,9615384,0,4096,0,0,0,1505,0,116249737,0,116249745,0,0,0,0,0,0,0,0,0,4096,256,131072,4,15|4,0,67108864,262144,256,0,0,0,0,188,0,176,0,47,44,0,1,188,0|34,161739294,1,0,0,11534336,0,11534336,0,35654,0,0,44,0,0,0,0,0,0,0,6938867,0,0,0,0,0
1785897150056|1002|stream64_f2r_2|fixed|30,1378943233,16777471,18679601,18420786,18467145,18420786,18467145,18420786,17683,17616,17616,17616,0,0,2251,0,543770539,542692814,4096,4096,0,0,17616,17616,449995420,449995769,449995428,449995777,0,0,0,0,0,0,0,0,4096,256,131072,4,15|4,0,67108864,262144,256,0,0,0,0,276,0,264,0,69,66,0,1,276,0|36,1168302439,1,17420064,0,0,0,0,0,18481889,0,66,0,958534673,0,958534673,0,2080,948257790,0,15445572,0,0,0,0,0
1785897150056|1002|stream64_f2r_2|rotating|30,1378943233,33558272,18770704,18510743,213498,0,213498,0,4524,0,2262,0,0,0,17701,17701,14451808,0,4096,0,0,0,2262,0,437228898,0,437228906,0,0,0,0,0,0,0,0,0,4096,256,131072,4,15|4,0,67108864,262144,256,0,0,0,0,276,0,264,0,69,66,0,1,276,0|36,482030634,1,0,0,17301504,0,17301504,0,53469,0,0,66,0,0,0,0,0,0,0,6981229,0,0,0,0,0
1785897155068|1002|stream64_f2r_2|fixed|32,1378943233,16777471,24958616,24612879,24674710,24612879,24674710,24612879,23626,23537,23536,23536,0,0,3008,0,726528636,725091336,4096,4096,0,0,23537,23537,770797093,770797138,770797109,770797098,0,0,0,0,0,0,0,0,4096,256,131072,4,15|4,0,67108864,262144,256,0,0,0,0,364,0,352,0,91,88,0,1,364,0|38,1488487144,1,23242560,0,0,0,0,0,24661939,0,88,0,1277263754,0,1277263754,0,2080,1265299619,0,18282191,0,0,0,0,0
1785897155068|1002|stream64_f2r_2|rotating|32,1378943233,33558272,25032212,24685584,284661,0,284661,0,6032,0,3016,0,0,0,23606,23606,19269024,0,4096,0,0,0,3016,0,756913572,0,756913580,0,0,0,0,0,0,0,0,0,4096,256,131072,4,15|4,0,67108864,262144,256,0,0,0,0,364,0,352,0,91,88,0,1,364,0|38,801996953,1,0,0,23068672,0,23068672,0,71282,0,0,88,0,0,0,0,0,0,0,7019570,0,0,0,0,0
1785897160076|1002|stream64_f2r_2|fixed|34,1378943233,16777471,31237045,30803976,30881786,30803976,30881786,30803976,29567,29457,29456,29456,0,0,3764,0,909248264,907450499,4096,4096,0,0,29456,29456,1091508531,1091508888,1091508539,1091508896,0,0,0,0,0,0,0,0,4096,256,131072,4,15|4,0,67108864,262144,256,0,0,0,0,452,0,440,0,113,110,0,1,452,0|40,1809088901,1,29080864,0,0,0,0,0,30850681,0,110,0,1596405935,0,1596405935,0,2080,1582762901,0,21113851,0,0,0,0,0
1785897160076|1002|stream64_f2r_2|rotating|34,1378943233,33558272,31320727,30886121,356293,0,356293,0,7550,0,3775,0,0,0,29535,29535,24118240,0,4096,0,0,0,3775,0,1078544421,0,1078544437,0,0,0,0,0,0,0,0,0,4096,256,131072,4,15|4,0,67108864,262144,256,0,0,0,0,456,0,444,0,114,111,0,1,456,0|40,1123855219,1,0,0,29097984,0,29097984,0,89191,0,0,111,0,0,0,0,0,0,0,7061494,0,0,0,0,0
1785897165086|1002|stream64_f2r_2|fixed|36,1378943233,16777471,37511115,36991242,37084508,36991242,37084508,36991242,35505,35373,35371,35371,0,0,4520,0,1091841778,1089683696,4096,4096,0,0,35372,35372,1412024535,1412024540,1412024543,1412024532,0,0,0,0,0,0,0,0,4096,256,131072,4,15|4,0,67108864,262144,256,0,0,0,0,544,0,532,0,136,133,0,1,544,0|42,2129116523,1,34896768,0,0,0,0,0,37025599,0,133,0,1914979581,0,1914979581,0,2080,1899517854,0,24075917,0,0,0,0,0
1785897165086|1002|stream64_f2r_2|rotating|36,1378943233,33558272,37587345,37065803,427554,0,427554,0,9060,0,4530,0,0,0,35443,35443,28941920,0,4096,0,0,0,4530,0,1398654926,0,1398654934,0,0,0,0,0,0,0,0,0,4096,256,131072,4,15|4,0,67108864,262144,256,0,0,0,0,544,0,532,0,136,133,0,1,544,0|42,1443322121,1,0,0,34865152,0,34865152,0,106983,0,0,133,0,0,0,0,0,0,0,7110477,0,0,0,0,0
1785897170086|1002|stream64_f2r_2|fixed|38,1378943233,16777471,43771944,43165500,43274075,43165500,43274075,43165500,41432,41276,41275,41275,0,0,5275,0,1274074062,1271541249,4096,4096,0,0,41275,41275,1732017425,1732017750,1732017433,1732017758,0,0,0,0,0,0,0,0,4096,256,131072,4,15|4,0,67108864,262144,256,0,0,0,0,632,0,620,0,158,155,0,1,632,0|44,2449874403,1,40727168,0,0,0,0,0,43216822,0,155,0,2234279861,0,2234279861,0,2077,2217134274,0,26910841,0,0,0,0,0
1785897170086|1002|stream64_f2r_2|rotating|38,1378943233,33558272,43848402,43241167,498721,0,498721,0,10568,0,5284,0,0,0,41347,41347,33759168,0,4096,0,0,0,5284,0,1718337914,0,1718337922,0,0,0,0,0,0,0,0,0,4096,256,131072,4,15|4,0,67108864,262144,256,0,0,0,0,632,0,620,0,158,155,0,1,632,0|44,1764547913,1,0,0,40632320,0,40632320,0,124845,0,0,155,0,0,0,0,0,0,0,7161910,0,0,0,0,0
1785897175100|1002|stream64_f2r_2|fixed|40,1378943233,16777471,50055318,49359228,49485999,49359228,49485999,49359228,47377,47199,47197,47197,0,0,6032,0,1456889899,1453998798,4096,4096,0,0,47198,47198,2052918309,2052918282,2052918317,2052918290,0,0,0,0,0,0,0,0,4096,256,131072,4,15|4,0,67108864,262144,256,0,0,0,0,720,0,708,0,180,177,0,1,720,0|46,2771363973,1,46581280,0,0,0,0,0,49423377,0,177,0,2554305903,0,2554305903,0,2080,2535479900,0,29747412,0,0,0,0,0
1785897175100|1002|stream64_f2r_2|rotating|40,1378943233,33558272,50148974,49451842,570356,0,570356,0,12086,0,6043,0,0,0,47285,47285,38608336,0,4096,0,0,0,6043,0,2040171400,0,2040171408,0,0,0,0,0,0,0,0,0,4096,256,131072,4,15|4,0,67108864,262144,256,0,0,0,0,720,0,708,0,180,177,0,1,720,0|46,2085698128,1,0,0,46399488,0,46399488,0,142729,0,0,177,0,0,0,0,0,0,0,7208673,0,0,0,0,0
1785897180130|1002|stream64_f2r_2|fixed|42,1378943233,16777471,56357200,55574068,55716246,55574068,55716246,55574068,53340,53140,53138,53138,0,0,6791,0,1640287760,1637036653,4096,4096,0,0,53139,53139,2374815240,2374815213,2374815216,2374815229,0,0,0,0,0,0,0,0,4096,256,131072,4,15|4,0,67108864,262144,256,0,0,0,0,808,0,796,0,202,199,0,1,808,0|48,3092416108,1,52419584,0,0,0,0,0,55620972,0,199,0,2873898462,0,2873898462,0,2080,2853393786,0,32578846,0,0,0,0,0
1785897180130|1002|stream64_f2r_2|rotating|42,1378943233,33558272,56429340,55644585,641800,0,641800,0,13600,0,6800,0,0,0,53206,53206,43444800,0,4096,0,0,0,6800,0,2360816416,0,2360816424,0,0,0,0,0,0,0,0,0,4096,256,131072,4,15|4,0,67108864,262144,256,0,0,0,0,812,0,800,0,203,200,0,1,812,0|48,2406048420,1,0,0,52428800,0,52428800,0,160568,0,0,200,0,0,0,0,0,0,0,7251658,0,0,0,0,0
1785897185134|1002|stream64_f2r_2|fixed|44,1378943233,16777471,62625776,61756131,61913568,61756131,61913568,61756131,59273,59051,59049,59049,0,0,7546,0,1822745977,1819135548,4096,4096,0,0,59050,59050,2695087516,2695087529,2695087524,2695087537,0,0,0,0,0,0,0,0,4096,256,131072,4,15|4,0,67108864,262144,256,0,0,0,0,900,0,888,0,225,222,0,1,900,0|50,3412907047,1,58243392,0,0,0,0,0,61803394,0,222,0,3192933449,0,3192933449,0,2080,3170607848,0,35544841,0,0,0,0,0
1785897185134|1002|stream64_f2r_2|rotating|44,1378943233,33558272,62699262,61828130,713155,0,713155,0,15112,0,7556,0,0,0,59119,59119,48274856,0,4096,0,0,0,7556,0,2681486722,0,2681486730,0,0,0,0,0,0,0,0,0,4096,256,131072,4,15|4,0,67108864,262144,256,0,0,0,0,900,0,888,0,225,222,0,1,900,0|50,2726190706,1,0,0,58195968,0,58195968,0,178383,0,0,222,0,0,0,0,0,0,0,7293848,0,0,0,0,0
1785897190136|1002|stream64_f2r_2|fixed|46,1378943233,16781056,68890155,67932932,68106591,67932932,68106591,67932932,65202,64957,64956,64956,0,0,8302,0,2005063424,2001077848,4096,4096,0,0,64956,64956,3015223431,3015223756,3015223439,3015223764,0,0,0,0,0,0,0,0,4096,256,131072,4,15|4,0,67108864,262144,256,0,0,0,0,988,0,976,0,247,244,0,1,988,0|52,3732848752,1,64065888,0,0,0,0,0,67979479,0,244,0,3511419530,0,3511419530,0,2080,3487409882,0,38378255,0,0,0,0,0
1785897190136|1002|stream64_f2r_2|rotating|46,1378943233,33558272,68963550,68005318,784416,0,784416,0,16622,0,8311,0,0,0,65025,65025,53098488,0,4096,0,0,0,8311,0,3001597963,0,3001597971,0,0,0,0,0,0,0,0,0,4096,256,131072,4,15|4,0,67108864,262144,256,0,0,0,0,988,0,976,0,247,244,0,1,988,0|52,3046243919,1,0,0,63963136,0,63963136,0,196198,0,0,244,0,0,0,0,0,0,0,7336387,0,0,0,0,0
1785897198501|1003|stream64_f2r_3|fixed|50,1378943233,16781056,6156749,6071161,6086903,6071161,6086903,6071161,5822,5800,5800,5800,0,0,740,0,179033760,178690944,4096,4096,0,0,5800,5800,3550585456,3550585781,3550585464,3550585789,0,0,0,0,0,0,0,0,4096,256,131072,4,15|4,0,67108864,262144,256,0,0,0,0,100,0,88,0,25,22,0,1,100,0|60,4269436001,1,5782976,0,0,0,0,0,6140503,0,22,0,321619408,0,321619408,0,2080,314734269,0,9756809,0,0,0,0,0
1785897198501|1003|stream64_f2r_3|rotating|50,1378943233,33558272,6245203,6157977,70882,0,70882,0,1502,0,751,0,0,0,5883,5883,4798072,0,4096,0,0,0,751,0,3537513643,0,3537513651,0,0,0,0,0,0,0,0,0,4096,256,131072,4,15|4,0,67108864,262144,256,0,0,0,0,100,0,88,0,25,22,0,1,100,0|60,3582734041,1,0,0,5767168,0,5767168,0,17838,0,0,22,0,0,0,0,0,0,0,6892828,0,0,0,0,0
1785897203513|1003|stream64_f2r_3|fixed|52,1378943233,16777471,12444424,12270737,12303039,12270737,12303039,12270737,11767,11723,11721,11721,0,0,1498,0,361821788,361103359,4096,4096,0,0,11722,11722,3871564210,3871564183,3871564218,3871564191,0,0,0,0,0,0,0,0,4096,256,131072,4,15|4,0,67108864,262144,256,0,0,0,0,188,0,176,0,47,44,0,1,188,0|62,294358877,2,11605472,0,0,0,0,0,12321716,0,44,0,640053956,0,640053956,0,2080,631483257,0,12591736,0,0,0,0,0
1785897203513|1003|stream64_f2r_3|rotating|52,1378943233,33558272,12513384,12338956,142143,0,142143,0,3012,0,1506,0,0,0,11786,11786,9621776,0,4096,0,0,0,1506,0,3857626420,0,3857626428,0,0,0,0,0,0,0,0,0,4096,256,131072,4,15|4,0,67108864,262144,256,0,0,0,0,188,0,176,0,47,44,0,1,188,0|62,3902505004,1,0,0,11534336,0,11534336,0,35630,0,0,44,0,0,0,0,0,0,0,6934784,0,0,0,0,0
1785897208527|1003|stream64_f2r_3|fixed|54,1378943233,16777471,18724675,18465072,18511934,18465072,18511934,18465072,17709,17644,17641,17641,0,0,2254,0,544563369,543484748,4096,4096,0,0,17642,17642,4192326889,4192326894,4192326897,4192326902,0,0,0,0,0,0,0,0,4096,256,131072,4,15|4,0,67108864,262144,256,0,0,0,0,276,0,264,0,69,66,0,1,276,0|64,614987313,2,17435872,0,0,0,0,0,18513079,0,66,0,959224792,0,959224792,0,2080,948967731,0,15429162,0,0,0,0,0
1785897208527|1003|stream64_f2r_3|rotating|54,1378943233,33558272,18795966,18535631,213592,0,213592,0,4526,0,2263,0,0,0,17709,17708,14458200,0,4096,0,0,0,2263,0,4178601230,0,4178601238,0,0,0,0,0,0,0,0,0,4096,256,131072,4,15|4,0,67108864,262144,256,0,0,0,0,276,0,264,0,69,66,0,1,276,0|64,4223275911,1,0,0,17301504,0,17301504,0,53492,0,0,66,0,0,0,0,0,0,0,6974092,0,0,0,0,0
1785897213531|1003|stream64_f2r_3|fixed|56,1378943233,16777471,25001547,24656268,24717451,24656268,24717451,24656268,23645,23558,23555,23555,0,0,3010,0,727111132,725672928,4096,4096,0,0,23556,23556,217787422,217787443,217787430,217787419,0,0,0,0,0,0,0,0,4096,256,131072,4,15|4,0,67108864,262144,256,0,0,0,0,364,0,352,0,91,88,0,1,364,0|66,935498805,2,23266272,0,0,0,0,0,24705192,0,88,0,1278278684,0,1278278684,0,2080,1266335912,0,18265937,0,0,0,0,0
1785897213531|1003|stream64_f2r_3|rotating|56,1378943233,33558272,25070132,24724262,284849,0,284849,0,6036,0,3018,0,0,0,23620,23620,19281784,0,4096,0,0,0,3018,0,203748550,0,203748558,0,0,0,0,0,0,0,0,0,4096,256,131072,4,15|4,0,67108864,262144,256,0,0,0,0,364,0,352,0,91,88,0,1,364,0|66,248680572,2,0,0,23068672,0,23068672,0,71305,0,0,88,0,0,0,0,0,0,0,7012453,0,0,0,0,0
1785897218546|1003|stream64_f2r_3|fixed|58,1378943233,16781056,31286725,30854722,30931278,30854722,30931278,30854722,29587,29478,29476,29476,0,0,3766,0,909865712,908069072,4096,4096,0,0,29476,29476,538560780,538561081,538560788,538561097,0,0,0,0,0,0,0,0,4096,256,131072,4,15|4,0,67108864,262144,256,0,0,0,0,452,0,440,0,113,110,0,1,452,0|68,1256325923,2,29097984,0,0,0,0,0,30904322,0,111,0,1597647874,0,1597647874,0,2080,1584021288,0,21100864,0,0,0,0,0
1785897218546|1003|stream64_f2r_3|rotating|58,1378943233,33558272,31359576,30926010,356388,0,356388,0,7552,0,3776,0,0,0,29544,29544,24124624,0,4096,0,0,0,3776,0,524952073,0,524952081,0,0,0,0,0,0,0,0,0,4096,256,131072,4,15|4,0,67108864,262144,256,0,0,0,0,456,0,444,0,114,111,0,1,456,0|68,569653555,2,0,0,29097984,0,29097984,0,89191,0,0,111,0,0,0,0,0,0,0,7060382,0,0,0,0,0
1785897223549|1003|stream64_f2r_3|fixed|60,1378943233,16777471,37559503,37039654,37132706,37039654,37132706,37039654,35519,35388,35384,35384,0,0,4522,0,1092246414,1090074465,4096,4096,0,0,35385,35385,858834286,858834307,858834294,858834315,0,0,0,0,0,0,0,0,4096,256,131072,4,15|4,0,67108864,262144,256,0,0,0,0,544,0,532,0,136,133,0,1,544,0|70,1577163985,2,34936288,0,0,0,0,0,37100925,0,133,0,1917026360,0,1917026360,0,2080,1901582343,0,24066710,0,0,0,0,0
1785897223549|1003|stream64_f2r_3|rotating|60,1378943233,33558272,37653337,37132450,427839,0,427839,0,9066,0,4533,0,0,0,35472,35472,28961104,0,4096,0,0,0,4533,0,845926731,0,845926739,0,0,0,0,0,0,0,0,0,4096,256,131072,4,15|4,0,67108864,262144,256,0,0,0,0,544,0,532,0,136,133,0,1,544,0|70,891628201,2,0,0,34865152,0,34865152,0,107101,0,0,133,0,0,0,0,0,0,0,7105066,0,0,0,0,0
1785897228554|1003|stream64_f2r_3|fixed|62,1378943233,16777471,43857770,43251069,43359428,43251069,43359428,43251069,41474,41321,41317,41317,0,0,5280,0,1275391056,1272860114,4096,4096,0,0,41318,41318,1180290875,1180290856,1180290859,1180290864,0,0,0,0,0,0,0,0,4096,256,131072,4,15|4,0,67108864,262144,256,0,0,0,0,632,0,620,0,158,155,0,1,632,0|72,1898235796,2,40774592,0,0,0,0,0,43304466,0,155,0,2236638595,0,2236638595,0,2080,2219518251,0,26895798,0,0,0,0,0
1785897228554|1003|stream64_f2r_3|rotating|62,1378943233,33558272,44001015,43392519,499945,0,499945,0,10594,0,5297,0,0,0,41452,41452,33842176,0,4096,0,0,0,5297,0,1169901572,0,1169901580,0,0,0,0,0,0,0,0,0,4096,256,131072,4,15|4,0,67108864,262144,256,0,0,0,0,636,0,624,0,159,156,0,1,636,0|72,1217972108,2,0,0,40894464,0,40894464,0,125269,0,0,156,0,0,0,0,0,0,0,7154663,0,0,0,0,0
1785897233577|1003|stream64_f2r_3|fixed|64,1378943233,16781056,50140342,49446972,49570551,49446972,49570551,49446972,47413,47238,47235,47235,0,0,6037,0,1458049568,1455160480,4096,4096,0,0,47235,47235,1500895381,1500895706,1500895389,1500895714,0,0,0,0,0,0,0,0,4096,256,131072,4,15|4,0,67108864,262144,256,0,0,0,0,720,0,708,0,180,177,0,1,720,0|74,2218570577,2,46597088,0,0,0,0,0,49494343,0,177,0,2555517752,0,2555517752,0,2080,2536715840,0,29726733,0,0,0,0,0
1785897233577|1003|stream64_f2r_3|rotating|64,1378943233,33558272,50243202,49548621,570918,0,570918,0,12098,0,6049,0,0,0,47331,47331,38646688,0,4096,0,0,0,6049,0,1488721055,0,1488721063,0,0,0,0,0,0,0,0,0,4096,256,131072,4,15|5,0,67108864,262144,256,0,0,0,0,724,0,712,0,181,178,0,1,724,0|74,1534167942,2,0,0,46661632,0,46661632,0,142871,0,0,178,0,0,0,0,0,0,0,7188915,0,0,0,0,0
1785897238582|1003|stream64_f2r_3|fixed|66,1378943233,16777471,56413461,55632053,55772413,55632053,55772413,55632053,53347,53149,53145,53145,0,0,6792,0,1640485560,1637237963,4096,4096,0,0,53146,53146,1821140926,1821140947,1821140934,1821140955,0,0,0,0,0,0,0,0,4096,256,131072,4,15|4,0,67108864,262144,256,0,0,0,0,808,0,796,0,202,199,0,1,808,0|76,2539137080,2,52428800,0,0,0,0,0,55686347,0,200,0,2874626327,0,2874626327,0,2080,2854143101,0,32559160,0,0,0,0,0
1785897238582|1003|stream64_f2r_3|rotating|66,1378943233,33558272,56506557,55723452,642179,0,642179,0,13608,0,6804,0,0,0,53233,53233,43470344,0,4096,0,0,0,6804,0,1808634413,0,1808634421,0,0,0,0,0,0,0,0,0,4096,256,131072,4,15|4,0,67108864,262144,256,0,0,0,0,812,0,800,0,203,200,0,1,812,0|76,1855035372,2,0,0,52428800,0,52428800,0,160734,0,0,200,0,0,0,0,0,0,0,7234573,0,0,0,0,0
1785897243594|1003|stream64_f2r_3|fixed|68,1378943233,16777471,62690664,61821767,61978172,61821767,61978172,61821767,59289,59068,59064,59064,0,0,7549,0,1823202527,1819580210,4096,4096,0,0,59065,59065,2141989631,2141989636,2141989639,2141989644,0,0,0,0,0,0,0,0,4096,256,131072,4,15|4,0,67108864,262144,256,0,0,0,0,900,0,888,0,225,222,0,1,900,0|78,2860155210,2,58267104,0,0,0,0,0,61879332,0,222,0,3194184881,0,3194184881,0,2080,3171878384,0,35530846,0,0,0,0,0
1785897243594|1003|stream64_f2r_3|rotating|68,1378943233,33558272,62776949,61907097,713440,0,713440,0,15118,0,7559,0,0,0,59146,59146,48294040,0,4096,0,0,0,7559,0,2128753738,0,2128753746,0,0,0,0,0,0,0,0,0,4096,256,131072,4,15|4,0,67108864,262144,256,0,0,0,0,900,0,888,0,225,222,0,1,900,0|78,2173904658,2,0,0,58195968,0,58195968,0,178478,0,0,222,0,0,0,0,0,0,0,7279279,0,0,0,0,0
1785897248605|1003|stream64_f2r_3|fixed|70,1378943233,16777471,68966506,68012463,68182658,68012463,68182658,68012463,65229,64986,64982,64982,0,0,8305,0,2005876072,2001896472,4096,4096,0,0,64983,64983,2462632312,2462632333,2462632320,2462632317,0,0,0,0,0,0,0,0,4096,256,131072,4,15|4,0,67108864,262144,256,0,0,0,0,988,0,976,0,247,244,0,1,988,0|80,3180271179,2,64089600,0,0,0,0,0,68058626,0,244,0,3512845226,0,3512845226,0,2080,3488856509,0,38362433,0,0,0,0,0
1785897248605|1003|stream64_f2r_3|rotating|70,1378943233,33558272,69033827,68078958,784605,0,784605,0,16626,0,8313,0,0,0,65045,65045,53111288,0,4096,0,0,0,8313,0,2448433421,0,2448433429,0,0,0,0,0,0,0,0,0,4096,256,131072,4,15|4,0,67108864,262144,256,0,0,0,0,988,0,976,0,247,244,0,1,988,0|80,2493557447,2,0,0,63963136,0,63963136,0,196269,0,0,244,0,0,0,0,0,0,0,7332586,0,0,0,0,0
1785897257003|1004|stream64_r2f_1|fixed|74,1378943233,16781056,6143837,6058830,69643,0,69643,0,1478,0,739,0,0,0,5788,5788,4721392,0,4096,0,0,0,739,0,2999852007,0,2999852015,0,0,0,0,0,0,0,0,0,4096,256,131072,4,15|4,0,67108864,262144,256,0,0,0,0,96,0,84,0,24,21,0,1,96,0|88,3717587536,2,0,0,5505024,0,5505024,0,17551,0,0,21,0,0,0,0,0,0,0,6891663,0,0,0,0,0
1785897257003|1004|stream64_r2f_1|rotating|74,1378943233,33554687,6216510,6130096,6146022,6130096,6146022,6130096,5880,5857,5856,5856,0,0,748,0,180778279,180418208,4096,4096,0,0,5857,5857,2986476682,2986476695,2986476690,2986476663,0,0,0,0,0,0,0,0,4096,256,131072,4,15|4,0,67108864,262144,256,0,0,0,0,100,0,88,0,25,22,0,1,100,0|88,3032099731,2,5830400,0,0,0,0,0,6184460,0,22,0,323880897,0,323880897,0,2080,316984604,0,9778100,0,0,0,0,0
1785897262013|1004|stream64_r2f_1|fixed|76,1378943233,16781056,12425155,12252194,140976,0,140976,0,2992,0,1496,0,0,0,11704,11704,9557856,0,4096,0,0,0,1496,0,3320521581,0,3320521589,0,0,0,0,0,0,0,0,0,4096,256,131072,4,15|4,0,67108864,262144,256,0,0,0,0,188,0,176,0,47,44,0,1,188,0|90,4038349261,2,0,0,11534336,0,11534336,0,35362,0,0,44,0,0,0,0,0,0,0,6947153,0,0,0,0,0
1785897262013|1004|stream64_r2f_1|rotating|76,1378943233,33554687,12514873,12340925,12372953,12340925,12372953,12340925,11834,11789,11788,11788,0,0,1506,0,363888888,363168011,4096,4096,0,0,11789,11789,3307903167,3307903188,3307903175,3307903196,0,0,0,0,0,0,0,0,4096,256,131072,4,15|4,0,67108864,262144,256,0,0,0,0,188,0,176,0,47,44,0,1,188,0|90,3353382219,2,11668704,0,0,0,0,0,12392700,0,44,0,643703809,0,643703809,0,2080,635102383,0,12635994,0,0,0,0,0
1785897267023|1004|stream64_r2f_1|fixed|78,1378943233,16781056,18704366,18445303,212219,0,212219,0,4504,0,2252,0,0,0,17623,17623,14387912,0,4096,0,0,0,2252,0,3641214328,0,3641214336,0,0,0,0,0,0,0,0,0,4096,256,131072,4,15|4,0,67108864,262144,256,0,0,0,0,276,0,264,0,69,66,0,1,276,0|92,64827777,3,0,0,17301504,0,17301504,0,53220,0,0,66,0,0,0,0,0,0,0,6988372,0,0,0,0,0
1785897267023|1004|stream64_r2f_1|rotating|78,1378943233,33558272,18795339,18535297,18582081,18535297,18582081,18535297,17777,17709,17709,17709,0,0,2263,0,546642872,545563472,4096,4096,0,0,17709,17709,3628698353,3628698702,3628698361,3628698710,0,0,0,0,0,0,0,0,4096,256,131072,4,15|4,0,67108864,262144,256,0,0,0,0,276,0,264,0,69,66,0,1,276,0|92,3673489364,2,17491200,0,0,0,0,0,18572878,0,66,0,962355330,0,962355330,0,2080,952044659,0,15494606,0,0,0,0,0
1785897272029|1004|stream64_r2f_1|fixed|80,1378943233,16781056,24978207,24633236,283368,0,283368,0,6014,0,3007,0,0,0,23534,23534,19211544,0,4096,0,0,0,3007,0,3961349429,0,3961349437,0,0,0,0,0,0,0,0,0,4096,256,131072,4,15|4,0,67108864,262144,256,0,0,0,0,364,0,352,0,91,88,0,1,364,0|94,384379870,3,0,0,23068672,0,23068672,0,70983,0,0,88,0,0,0,0,0,0,0,7034639,0,0,0,0,0
1785897272029|1004|stream64_r2f_1|rotating|80,1378943233,33555404,25054680,24708881,24770463,24708881,24770463,24708881,23696,23606,23606,23606,0,0,3016,0,728670816,727234184,4096,4096,0,0,23606,23606,3948242640,3948242973,3948242648,3948242981,0,0,0,0,0,0,0,0,4096,256,131072,4,15|4,0,67108864,262144,256,0,0,0,0,364,0,352,0,91,88,0,1,364,0|94,3993081733,2,23305792,0,0,0,0,0,24746819,0,88,0,1280494051,0,1280494051,0,2080,1268473609,0,18352047,0,0,0,0,0
1785897277030|1004|stream64_r2f_1|fixed|82,1378943233,16781056,31248877,30817151,354517,0,354517,0,7524,0,3762,0,0,0,29441,29441,24035192,0,4096,0,0,0,3762,0,4281487876,0,4281487884,0,0,0,0,0,0,0,0,0,4096,256,131072,4,15|4,0,67108864,262144,256,0,0,0,0,452,0,440,0,113,110,0,1,452,0|96,704454950,3,0,0,28835840,0,28835840,0,88770,0,0,110,0,0,0,0,0,0,0,7081908,0,0,0,0,0
1785897277030|1004|stream64_r2f_1|rotating|82,1378943233,33554687,31318254,30885747,30962986,30885747,30962986,30885747,29619,29507,29506,29506,0,0,3770,0,910804263,909008826,4096,4096,0,0,29507,29507,4267985243,4267985264,4267985251,4267985272,0,0,0,0,0,0,0,0,4096,256,131072,4,15|4,0,67108864,262144,256,0,0,0,0,456,0,444,0,114,111,0,1,456,0|96,18249794,3,29121696,0,0,0,0,0,30928860,0,111,0,1599175432,0,1599175432,0,2080,1585308330,0,21342080,0,0,0,0,0
1785897282040|1004|stream64_r2f_1|fixed|84,1378943233,16781056,37552019,37032375,426132,0,426132,0,9044,0,4522,0,0,0,35378,35378,28890792,0,4096,0,0,0,4522,0,308478612,0,308478620,0,0,0,0,0,0,0,0,0,4096,256,131072,4,15|4,0,67108864,262144,256,0,0,0,0,544,0,532,0,136,133,0,1,544,0|98,1026504624,3,0,0,34865152,0,34865152,0,106674,0,0,133,0,0,0,0,0,0,0,7131761,0,0,0,0,0
1785897282040|1004|stream64_r2f_1|rotating|84,1378943233,33554687,37649784,37129110,37222613,37129110,37222613,37129110,35606,35471,35470,35470,0,0,4533,0,1094891791,1092719802,4096,4096,0,0,35471,35471,296270947,296270992,296270955,296271000,0,0,0,0,0,0,0,0,4096,256,131072,4,15|4,0,67108864,262144,256,0,0,0,0,544,0,532,0,136,133,0,1,544,0|98,341159238,3,34999520,0,0,0,0,0,37168546,0,133,0,1920615420,0,1920615420,0,2080,1905054273,0,24197371,0,0,0,0,0
1785897287043|1004|stream64_r2f_1|fixed|86,1378943233,16781056,43801731,43195732,496998,0,496998,0,10548,0,5274,0,0,0,41265,41265,33695264,0,4096,0,0,0,5274,0,627444386,0,627444394,0,0,0,0,0,0,0,0,0,4096,256,131072,4,15|4,0,67108864,262144,256,0,0,0,0,632,0,620,0,158,155,0,1,632,0|100,1346431592,3,0,0,40632320,0,40632320,0,124438,0,0,155,0,0,0,0,0,0,0,7177037,0,0,0,0,0
1785897287043|1004|stream64_r2f_1|rotating|86,1378943233,33554687,43896488,43289387,43398452,43289387,43398452,43289387,41512,41355,41354,41354,0,0,5285,0,1276535946,1274005949,4096,4096,0,0,41355,41355,615133408,615133405,615133416,615133413,0,0,0,0,0,0,0,0,4096,256,131072,4,15|4,0,67108864,262144,256,0,0,0,0,632,0,620,0,158,155,0,1,632,0|100,660102073,3,40798304,0,0,0,0,0,43329918,0,155,0,2238108559,0,2238108559,0,2080,2220840238,0,27048821,0,0,0,0,0
1785897292053|1004|stream64_r2f_1|fixed|88,1378943233,16781056,50088908,49395347,568334,0,568334,0,12062,0,6031,0,0,0,47187,47187,38531712,0,4096,0,0,0,6031,0,948442164,0,948442172,0,0,0,0,0,0,0,0,0,4096,256,131072,4,15|4,0,67108864,262144,256,0,0,0,0,720,0,708,0,180,177,0,1,720,0|102,1666030256,3,0,0,46399488,0,46399488,0,142201,0,0,177,0,0,0,0,0,0,0,7221632,0,0,0,0,0
1785897292053|1004|stream64_r2f_1|rotating|88,1378943233,33558272,50153640,49459420,49584644,49459420,49584644,49459420,47427,47248,47248,47248,0,0,6038,0,1458452168,1455564360,4096,4096,0,0,47248,47248,934476158,934476507,934476174,934476515,0,0,0,0,0,0,0,0,4096,256,131072,4,15|4,0,67108864,262144,256,0,0,0,0,720,0,708,0,180,177,0,1,720,0|102,979190448,3,46604992,0,0,0,0,0,49495246,0,177,0,2555745262,0,2555745262,0,2080,2536762339,0,29909396,0,0,0,0,0
1785897297071|1004|stream64_r2f_1|fixed|90,1378943233,16781056,56378436,55597161,639673,0,639673,0,13576,0,6788,0,0,0,53111,53111,43368128,0,4096,0,0,0,6788,0,1269437782,0,1269437790,0,0,0,0,0,0,0,0,0,4096,256,131072,4,15|4,0,67108864,262144,256,0,0,0,0,808,0,796,0,202,199,0,1,808,0|104,1987301077,3,0,0,52166656,0,52166656,0,160059,0,0,199,0,0,0,0,0,0,0,7264916,0,0,0,0,0
1785897297071|1004|stream64_r2f_1|rotating|90,1378943233,33554687,56468715,55686610,55828103,55686610,55828103,55686610,53398,53197,53196,53196,0,0,6798,0,1642060781,1638813152,4096,4096,0,0,53197,53197,1256786866,1256786887,1256786874,1256786895,0,0,0,0,0,0,0,0,4096,256,131072,4,15|4,0,67108864,262144,256,0,0,0,0,812,0,800,0,203,200,0,1,812,0|104,1302396800,3,52476224,0,0,0,0,0,55737304,0,200,0,2877483806,0,2877483806,0,2080,2856668881,0,32896650,0,0,0,0,0
1785897302073|1004|stream64_r2f_1|fixed|92,1378943233,16781056,62651606,61784134,710818,0,710818,0,15086,0,7543,0,0,0,59021,59021,48191760,0,4096,0,0,0,7543,0,1589568144,0,1589568152,0,0,0,0,0,0,0,0,0,4096,256,131072,4,15|5,0,67108864,262144,256,0,0,0,0,900,0,888,0,225,222,0,1,900,0|106,2307781589,3,0,0,58195968,0,58195968,0,177869,0,0,222,0,0,0,0,0,0,0,7306660,0,0,0,0,0
1785897302073|1004|stream64_r2f_1|rotating|92,1378943233,33554687,62739915,61870959,62028061,61870959,62028061,61870959,59329,59105,59104,59104,0,0,7554,0,1824434136,1820811147,4096,4096,0,0,59105,59105,1577050371,1577050392,1577050379,1577050400,0,0,0,0,0,0,0,0,4096,256,131072,4,15|4,0,67108864,262144,256,0,0,0,0,900,0,888,0,225,222,0,1,900,0|106,1621681449,3,58282912,0,0,0,0,0,61905113,0,222,0,3195316783,0,3195316783,0,2080,3172793794,0,35750687,0,0,0,0,0
1785897307085|1004|stream64_r2f_1|fixed|94,1378943233,16781056,68948230,67994460,782342,0,782342,0,16604,0,8302,0,0,0,64953,64953,53040992,0,4096,0,0,0,8302,0,1911230290,0,1911230298,0,0,0,0,0,0,0,0,0,4096,256,131072,4,15|4,0,67108864,262144,256,0,0,0,0,988,0,976,0,247,244,0,1,988,0|108,2629324417,3,0,0,63963136,0,63963136,0,195727,0,0,244,0,0,0,0,0,0,0,7353675,0,0,0,0,0
1785897307085|1004|stream64_r2f_1|rotating|94,1378943233,33554687,69032902,68078156,68249617,68078156,68249617,68078156,65279,65033,65032,65032,0,0,8312,0,2007430418,2003447357,4096,4096,0,0,65033,65033,1898279530,1898279511,1898279538,1898279519,0,0,0,0,0,0,0,0,4096,256,131072,4,15|4,0,67108864,262144,256,0,0,0,0,988,0,976,0,247,244,0,1,988,0|108,1943516535,3,64137024,0,0,0,0,0,68123159,0,244,0,3515688341,0,3515688341,0,2080,3491459203,0,38612991,0,0,0,0,0
1785897315513|1005|stream64_r2f_2|fixed|98,1378943233,16781056,6146643,6062649,69643,0,69643,0,1478,0,739,0,0,0,5791,5791,4721392,0,4096,0,0,0,739,0,2449530335,0,2449530343,0,0,0,0,0,0,0,0,0,4096,256,131072,4,15|4,0,67108864,262144,256,0,0,0,0,96,0,84,0,24,21,0,1,100,0|116,3168285397,3,0,0,5767168,0,5767168,0,17622,0,0,22,0,0,0,0,0,0,0,6893760,0,0,0,0,0
1785897315513|1005|stream64_r2f_2|rotating|98,1378943233,33554687,6236803,6151236,6166126,6151236,6166126,6151236,5899,5876,5876,5876,0,0,750,0,181379365,181021480,4096,4096,0,0,5876,5876,2437194311,2437194636,2437194319,2437194644,0,0,0,0,0,0,0,0,4096,256,131072,4,15|4,0,67108864,262144,256,0,0,0,0,100,0,88,0,25,22,0,1,100,0|116,2482660915,3,5846208,0,0,0,0,0,6202013,0,22,0,324764600,0,324764600,0,2080,317863990,0,9785886,0,0,0,0,0
1785897320513|1005|stream64_r2f_2|fixed|100,1378943233,16781056,12420410,12249657,140788,0,140788,0,2988,0,1494,0,0,0,11700,11700,9545064,0,4096,0,0,0,1494,0,2769660872,0,2769660880,0,0,0,0,0,0,0,0,0,4096,256,131072,4,15|4,0,67108864,262144,256,0,0,0,0,188,0,176,0,47,44,0,1,188,0|118,3488442425,3,0,0,11534336,0,11534336,0,35385,0,0,44,0,0,0,0,0,0,0,6941669,0,0,0,0,0
1785897320513|1005|stream64_r2f_2|rotating|100,1378943233,33554687,12510875,12338328,12368955,12338328,12368955,12338328,11831,11786,11785,11785,0,0,1506,0,363783946,363066029,4096,4096,0,0,11786,11786,2757403302,2757403275,2757403310,2757403283,0,0,0,0,0,0,0,0,4096,256,131072,4,15|4,0,67108864,262144,256,0,0,0,0,188,0,176,0,47,44,0,1,188,0|118,2803054487,3,11668704,0,0,0,0,0,12392790,0,44,0,643702548,0,643702548,0,2080,635097308,0,12639883,0,0,0,0,0
1785897325526|1005|stream64_r2f_2|fixed|102,1378943233,16781056,18698994,18440992,212124,0,212124,0,4502,0,2251,0,0,0,17618,17618,14381512,0,4096,0,0,0,2251,0,3090459969,0,3090459977,0,0,0,0,0,0,0,0,0,4096,256,131072,4,15|4,0,67108864,262144,256,0,0,0,0,276,0,264,0,69,66,0,1,276,0|120,3808359021,3,0,0,17301504,0,17301504,0,53172,0,0,66,0,0,0,0,0,0,0,6988370,0,0,0,0,0
1785897325526|1005|stream64_r2f_2|rotating|102,1378943233,33554687,18798186,18539064,18584928,18539064,18584928,18539064,17779,17713,17711,17711,0,0,2263,0,546729792,545653667,4096,4096,0,0,17712,17712,3078534803,3078534784,3078534779,3078534792,0,0,0,0,0,0,0,0,4096,256,131072,4,15|4,0,67108864,262144,256,0,0,0,0,276,0,264,0,69,66,0,1,276,0|120,3123757138,3,17507008,0,0,0,0,0,18584797,0,66,0,962945623,0,962945623,0,2080,952635431,0,15497596,0,0,0,0,0
1785897330528|1005|stream64_r2f_2|fixed|104,1378943233,16781056,24966491,24622012,283273,0,283273,0,6012,0,3006,0,0,0,23523,23523,19205160,0,4096,0,0,0,3006,0,3410594340,0,3410594348,0,0,0,0,0,0,0,0,0,4096,256,131072,4,15|4,0,67108864,262144,256,0,0,0,0,364,0,352,0,91,88,0,1,364,0|122,4128286983,3,0,0,23068672,0,23068672,0,70936,0,0,88,0,0,0,0,0,0,0,7036244,0,0,0,0,0
1785897330528|1005|stream64_r2f_2|rotating|104,1378943233,33554687,25056373,24711034,24772156,24711034,24772156,24711034,23697,23609,23607,23607,0,0,3016,0,728720482,727286125,4096,4096,0,0,23608,23608,3398016243,3398016256,3398016251,3398016264,0,0,0,0,0,0,0,0,4096,256,131072,4,15|4,0,67108864,262144,256,0,0,0,0,364,0,352,0,91,88,0,1,364,0|122,3443389803,3,23313696,0,0,0,0,0,24760006,0,88,0,1281126616,0,1281126616,0,2080,1269105709,0,18354284,0,0,0,0,0
1785897335535|1005|stream64_r2f_2|fixed|106,1378943233,16781056,31263312,30831849,354705,0,354705,0,7528,0,3764,0,0,0,29454,29454,24047952,0,4096,0,0,0,3764,0,3732021244,0,3732021260,0,0,0,0,0,0,0,0,0,4096,256,131072,4,15|4,0,67108864,262144,256,0,0,0,0,452,0,440,0,113,110,0,1,452,0|124,154902297,4,0,0,28835840,0,28835840,0,88817,0,0,110,0,0,0,0,0,0,0,7076084,0,0,0,0,0
1785897335535|1005|stream64_r2f_2|rotating|106,1378943233,33554687,31354145,30920989,30998406,30920989,30998406,30920989,29653,29543,29540,29540,0,0,3775,0,911844032,910034355,4096,4096,0,0,29541,29541,3719601298,3719601319,3719601306,3719601327,0,0,0,0,0,0,0,0,4096,256,131072,4,15|4,0,67108864,262144,256,0,0,0,0,456,0,444,0,114,111,0,1,456,0|124,3764341214,3,29153312,0,0,0,0,0,30957834,0,111,0,1600618123,0,1600618123,0,2080,1586755214,0,21344750,0,0,0,0,0
1785897340551|1005|stream64_r2f_2|fixed|108,1378943233,16781056,37536295,37017288,425849,0,425849,0,9038,0,4519,0,0,0,35363,35363,28871608,0,4096,0,0,0,4519,0,4052146012,0,4052146020,0,0,0,0,0,0,0,0,0,4096,256,131072,4,15|5,0,67108864,262144,256,0,0,0,0,544,0,532,0,136,133,0,1,544,0|126,474482270,4,0,0,34865152,0,34865152,0,106580,0,0,133,0,0,0,0,0,0,0,7124892,0,0,0,0,0
1785897340551|1005|stream64_r2f_2|rotating|108,1378943233,33554687,37587654,37067251,37161144,37067251,37161144,37067251,35546,35414,35411,35411,0,0,4526,0,1093075758,1090906601,4096,4096,0,0,35412,35412,4037743140,4037743137,4037743148,4037743145,0,0,0,0,0,0,0,0,4096,256,131072,4,15|4,0,67108864,262144,256,0,0,0,0,544,0,532,0,136,133,0,1,544,0|126,4082518924,3,34936288,0,0,0,0,0,37105258,0,133,0,1917350089,0,1917350089,0,2080,1901783108,0,24189704,0,0,0,0,0
1785897345557|1005|stream64_r2f_2|fixed|110,1378943233,16781056,43810043,43203549,497093,0,497093,0,10550,0,5275,0,0,0,41273,41273,33701664,0,4096,0,0,0,5275,0,77541653,0,77541661,0,0,0,0,0,0,0,0,0,4096,256,131072,4,15|4,0,67108864,262144,256,0,0,0,0,632,0,620,0,158,155,0,1,632,0|128,795490621,4,0,0,40632320,0,40632320,0,124414,0,0,155,0,0,0,0,0,0,0,7176757,0,0,0,0,0
1785897345557|1005|stream64_r2f_2|rotating|110,1378943233,33554687,43885820,43278446,43387879,43278446,43387879,43278446,41501,41347,41344,41344,0,0,5284,0,1276214360,1273687008,4096,4096,0,0,41345,41345,64249869,64249850,64249861,64249858,0,0,0,0,0,0,0,0,4096,256,131072,4,15|4,0,67108864,262144,256,0,0,0,0,632,0,620,0,158,155,0,1,632,0|128,109107915,4,40782496,0,0,0,0,0,43317725,0,155,0,2237444824,0,2237444824,0,2080,2220178113,0,27043892,0,0,0,0,0
1785897350563|1005|stream64_r2f_2|fixed|112,1378943233,16781056,50088339,49393936,568334,0,568334,0,12062,0,6031,0,0,0,47186,47186,38531712,0,4096,0,0,0,6031,0,398101129,0,398101137,0,0,0,0,0,0,0,0,0,4096,256,131072,4,15|4,0,67108864,262144,256,0,0,0,0,720,0,708,0,180,177,0,1,720,0|130,1116553263,4,0,0,46399488,0,46399488,0,142249,0,0,177,0,0,0,0,0,0,0,7224335,0,0,0,0,0
1785897350563|1005|stream64_r2f_2|rotating|112,1378943233,33558272,50182822,49487334,49613449,49487334,49613449,49487334,47453,47277,47275,47275,0,0,6042,0,1459285376,1456398040,4096,4096,0,0,47275,47275,385586651,385586976,385586659,385586984,0,0,0,0,0,0,0,0,4096,256,131072,4,15|4,0,67108864,262144,256,0,0,0,0,720,0,708,0,180,177,0,1,720,0|130,430172606,4,46628704,0,0,0,0,0,49521293,0,177,0,2557047963,0,2557047963,0,2080,2538083661,0,29895941,0,0,0,0,0
1785897355568|1005|stream64_r2f_2|fixed|114,1378943233,16781056,56369249,55586756,639484,0,639484,0,13572,0,6786,0,0,0,53101,53101,43355368,0,4096,0,0,0,6786,0,718233244,0,718233260,0,0,0,0,0,0,0,0,0,4096,256,131072,4,15|4,0,67108864,262144,256,0,0,0,0,808,0,796,0,202,199,0,1,808,0|132,1435317475,4,0,0,52166656,0,52166656,0,159965,0,0,199,0,0,0,0,0,0,0,7264006,0,0,0,0,0
1785897355568|1005|stream64_r2f_2|rotating|114,1378943233,33554687,56441269,55657908,55800939,55657908,55800939,55657908,53370,53172,53169,53169,0,0,6795,0,1641234784,1637988364,4096,4096,0,0,53170,53170,705003998,705003947,705003990,705003955,0,0,0,0,0,0,0,0,4096,256,131072,4,15|4,0,67108864,262144,256,0,0,0,0,812,0,800,0,203,200,0,1,812,0|132,751061961,4,52460416,0,0,0,0,0,55718124,0,200,0,2876479390,0,2876479390,0,2080,2855677636,0,32880160,0,0,0,0,0
1785897360569|1005|stream64_r2f_2|fixed|116,1378943233,16781056,62652885,61782808,710818,0,710818,0,15086,0,7543,0,0,0,59021,59021,48191760,0,4096,0,0,0,7543,0,1039225289,0,1039225297,0,0,0,0,0,0,0,0,0,4096,256,131072,4,15|4,0,67108864,262144,256,0,0,0,0,896,0,884,0,224,221,0,1,900,0|134,1756292565,4,0,0,58195968,0,58195968,0,177822,0,0,222,0,0,0,0,0,0,0,7308420,0,0,0,0,0
1785897360569|1005|stream64_r2f_2|rotating|116,1378943233,33558272,62707733,61836439,61996256,61836439,61996256,61836439,59296,59075,59073,59073,0,0,7550,0,1823463464,1819843400,4096,4096,0,0,59073,59073,1025008193,1025008510,1025008201,1025008518,0,0,0,0,0,0,0,0,4096,256,131072,4,15|4,0,67108864,262144,256,0,0,0,0,900,0,888,0,225,222,0,1,900,0|134,1073190118,4,58322432,0,0,0,0,0,61941405,0,222,0,3197142043,0,3197142043,0,2080,3174644567,0,35733734,0,0,0,0,0
1785897365578|1005|stream64_r2f_2|fixed|118,1378943233,16781056,68917136,67961526,781965,0,781965,0,16596,0,8298,0,0,0,64923,64923,53015416,0,4096,0,0,0,8298,0,1359170374,0,1359170382,0,0,0,0,0,0,0,0,0,4096,256,131072,4,15|4,0,67108864,262144,256,0,0,0,0,988,0,976,0,247,244,0,1,988,0|136,2077137677,4,0,0,63963136,0,63963136,0,195632,0,0,244,0,0,0,0,0,0,0,7351862,0,0,0,0,0
1785897365578|1005|stream64_r2f_2|rotating|118,1378943233,33558272,69018930,68062276,68235833,68062276,68235833,68062276,65264,65021,65019,65019,0,0,8310,0,2007003704,2003026056,4096,4096,0,0,65019,65019,1347193346,1347193695,1347193354,1347193703,0,0,0,0,0,0,0,0,4096,256,131072,4,15|4,0,67108864,262144,256,0,0,0,0,988,0,976,0,247,244,0,1,988,0|136,1391876542,4,64113312,0,0,0,0,0,68097883,0,244,0,3514380747,0,3514380747,0,2080,3490159852,0,38599732,0,0,0,0,0
1785897373969|1006|stream64_r2f_3|fixed|122,1378943233,16781056,6158788,6073609,69737,0,69737,0,1480,0,740,0,0,0,5802,5802,4727776,0,4096,0,0,0,740,0,1896942233,0,1896942241,0,0,0,0,0,0,0,0,0,4096,256,131072,4,15|4,0,67108864,262144,256,0,0,0,0,96,0,84,0,24,21,0,1,96,0|144,2614872552,4,0,0,5505024,0,5505024,0,17575,0,0,21,0,0,0,0,0,0,0,6892967,0,0,0,0,0
1785897373969|1006|stream64_r2f_3|rotating|122,1378943233,33554687,6221490,6134853,6150907,6134853,6150907,6134853,5884,5861,5860,5860,0,0,749,0,180913125,180552800,4096,4096,0,0,5861,5861,1883369603,1883369584,1883369611,1883369592,0,0,0,0,0,0,0,0,4096,256,131072,4,15|4,0,67108864,262144,256,0,0,0,0,100,0,88,0,25,22,0,1,100,0|144,1928174841,4,5814592,0,0,0,0,0,6173126,0,22,0,323307749,0,323307749,0,2080,316396050,0,9790091,0,0,0,0,0
1785897378976|1006|stream64_r2f_3|fixed|124,1378943233,16781056,12419061,12246868,140788,0,140788,0,2988,0,1494,0,0,0,11698,11698,9545064,0,4096,0,0,0,1494,0,2216647912,0,2216647920,0,0,0,0,0,0,0,0,0,4096,256,131072,4,15|5,0,67108864,262144,256,0,0,0,0,188,0,176,0,47,44,0,1,188,0|146,2934297734,4,0,0,11534336,0,11534336,0,35338,0,0,44,0,0,0,0,0,0,0,6937184,0,0,0,0,0
1785897378976|1006|stream64_r2f_3|rotating|124,1378943233,33558272,12482638,12309025,12341096,12309025,12341096,12309025,11803,11758,11758,11758,0,0,1502,0,362946272,362229456,4096,4096,0,0,11758,11758,2202916279,2202916604,2202916287,2202916612,0,0,0,0,0,0,0,0,4096,256,131072,4,15|4,0,67108864,262144,256,0,0,0,0,188,0,176,0,47,44,0,1,188,0|146,2247720637,4,11629184,0,0,0,0,0,12347251,0,44,0,641399897,0,641399897,0,2080,632777905,0,12648054,0,0,0,0,0
1785897383987|1006|stream64_r2f_3|fixed|126,1378943233,16781056,18695704,18437004,212124,0,212124,0,4502,0,2251,0,0,0,17615,17615,14381512,0,4096,0,0,0,2251,0,2537448269,0,2537448277,0,0,0,0,0,0,0,0,0,4096,256,131072,4,15|4,0,67108864,262144,256,0,0,0,0,276,0,264,0,69,66,0,1,276,0|148,3255846302,4,0,0,17301504,0,17301504,0,53196,0,0,66,0,0,0,0,0,0,0,6984746,0,0,0,0,0
1785897383987|1006|stream64_r2f_3|rotating|126,1378943233,33554687,18795894,18536061,18582636,18536061,18582636,18536061,17777,17710,17709,17709,0,0,2263,0,546652656,545575027,4096,4096,0,0,17710,17710,2525395996,2525396025,2525396004,2525396033,0,0,0,0,0,0,0,0,4096,256,131072,4,15|4,0,67108864,262144,256,0,0,0,0,276,0,264,0,69,66,0,1,276,0|148,2570867453,4,17507008,0,0,0,0,0,18587256,0,66,0,963077257,0,963077257,0,2080,952756427,0,15508138,0,0,0,0,0
1785897388997|1006|stream64_r2f_3|fixed|128,1378943233,16781056,24972660,24627305,283368,0,283368,0,6014,0,3007,0,0,0,23528,23528,19211544,0,4096,0,0,0,3007,0,2858014596,0,2858014604,0,0,0,0,0,0,0,0,0,4096,256,131072,4,15|4,0,67108864,262144,256,0,0,0,0,364,0,352,0,91,88,0,1,364,0|150,3575767883,4,0,0,23068672,0,23068672,0,70983,0,0,88,0,0,0,0,0,0,0,7028407,0,0,0,0,0
1785897388997|1006|stream64_r2f_3|rotating|128,1378943233,33554687,25042193,24696182,24758069,24696182,24758069,24696182,23683,23594,23593,23593,0,0,3015,0,728294272,726859085,4096,4096,0,0,23594,23594,2844262398,2844262355,2844262366,2844262371,0,0,0,0,0,0,0,0,4096,256,131072,4,15|4,0,67108864,262144,256,0,0,0,0,364,0,352,0,91,88,0,1,364,0|150,2889163648,4,23297888,0,0,0,0,0,24735839,0,88,0,1279925732,0,1279925732,0,2080,1267888594,0,18367025,0,0,0,0,0
1785897394002|1006|stream64_r2f_3|fixed|130,1378943233,16781056,31251660,30819496,354517,0,354517,0,7524,0,3762,0,0,0,29443,29443,24035192,0,4096,0,0,0,3762,0,3178141469,0,3178141477,0,0,0,0,0,0,0,0,0,4096,256,131072,4,15|4,0,67108864,262144,256,0,0,0,0,452,0,440,0,113,110,0,1,452,0|152,3895937313,4,0,0,28835840,0,28835840,0,88770,0,0,110,0,0,0,0,0,0,0,7076414,0,0,0,0,0
1785897394002|1006|stream64_r2f_3|rotating|130,1378943233,33554687,31322655,30889633,30967294,30889633,30967294,30889633,29621,29510,29509,29509,0,0,3771,0,910909345,909114492,4096,4096,0,0,29510,29510,3164819390,3164819379,3164819398,3164819395,0,0,0,0,0,0,0,0,4096,256,131072,4,15|4,0,67108864,262144,256,0,0,0,0,456,0,444,0,114,111,0,1,456,0|152,3209227269,4,29113792,0,0,0,0,0,30916829,0,111,0,1598535377,0,1598535377,0,2080,1584661185,0,21347452,0,0,0,0,0
1785897399002|1006|stream64_r2f_3|fixed|132,1378943233,16781056,37522105,37001918,425662,0,425662,0,9034,0,4517,0,0,0,35349,35349,28858824,0,4096,0,0,0,4517,0,3498274811,0,3498274819,0,0,0,0,0,0,0,0,0,4096,256,131072,4,15|5,0,67108864,262144,256,0,0,0,0,544,0,532,0,136,133,0,1,544,0|154,4216196583,4,0,0,34865152,0,34865152,0,106556,0,0,133,0,0,0,0,0,0,0,7125270,0,0,0,0,0
1785897399002|1006|stream64_r2f_3|rotating|132,1378943233,33554687,37587348,37065667,37160838,37065667,37160838,37065667,35545,35411,35410,35410,0,0,4526,0,1093047788,1090875199,4096,4096,0,0,35411,35411,3484681152,3484681173,3484681160,3484681181,0,0,0,0,0,0,0,0,4096,256,131072,4,15|4,0,67108864,262144,256,0,0,0,0,544,0,532,0,136,133,0,1,544,0|154,3529511453,4,34936288,0,0,0,0,0,37105267,0,133,0,1917363937,0,1917363937,0,2080,1901784819,0,24201745,0,0,0,0,0
1785897404017|1006|stream64_r2f_3|fixed|134,1378943233,16781056,43807879,43199615,497093,0,497093,0,10550,0,5275,0,0,0,41270,41270,33701664,0,4096,0,0,0,5275,0,3819505522,0,3819505530,0,0,0,0,0,0,0,0,0,4096,256,131072,4,15|4,0,67108864,262144,256,0,0,0,0,632,0,620,0,158,155,0,1,632,0|156,242280771,5,0,0,40632320,0,40632320,0,124414,0,0,155,0,0,0,0,0,0,0,7163060,0,0,0,0,0
1785897404017|1006|stream64_r2f_3|rotating|134,1378943233,33554687,43876185,43267105,43378339,43267105,43378339,43267105,41491,41335,41334,41334,0,0,5283,0,1275908590,1273378825,4096,4096,0,0,41335,41335,3805679789,3805679810,3805679797,3805679818,0,0,0,0,0,0,0,0,4096,256,131072,4,15|4,0,67108864,262144,256,0,0,0,0,632,0,620,0,158,155,0,1,632,0|156,3850513328,4,40774592,0,0,0,0,0,43306782,0,155,0,2236906236,0,2236906236,0,2080,2219618896,0,27062728,0,0,0,0,0
1785897409026|1006|stream64_r2f_3|fixed|136,1378943233,16781056,50089991,49393382,568334,0,568334,0,12062,0,6031,0,0,0,47186,47186,38531712,0,4096,0,0,0,6031,0,4140071233,0,4140071241,0,0,0,0,0,0,0,0,0,4096,256,131072,4,15|4,0,67108864,262144,256,0,0,0,0,720,0,708,0,180,177,0,1,720,0|158,563331672,5,0,0,46399488,0,46399488,0,142249,0,0,177,0,0,0,0,0,0,0,7214095,0,0,0,0,0
1785897409026|1006|stream64_r2f_3|rotating|136,1378943233,33554687,50188235,49490520,49618862,49490520,49618862,49490520,47457,47279,47279,47278,0,0,6042,0,1459405479,1456516530,4096,4096,0,0,47279,47279,4127772670,4127772923,4127772678,4127772931,0,0,0,0,0,0,0,0,4096,256,131072,4,15|4,0,67108864,262144,256,0,0,0,0,720,0,708,0,180,177,0,1,720,0|158,4173875851,4,46660320,0,0,0,0,0,49555172,0,177,0,2558797327,0,2558797327,0,2080,2539814647,0,29921011,0,0,0,0,0
1785897414031|1006|stream64_r2f_3|fixed|138,1378943233,16781056,56363640,55578910,639484,0,639484,0,13572,0,6786,0,0,0,53095,53095,43355368,0,4096,0,0,0,6786,0,165234061,0,165234077,0,0,0,0,0,0,0,0,0,4096,256,131072,4,15|4,0,67108864,262144,256,0,0,0,0,808,0,796,0,202,199,0,1,808,0|160,884511233,5,0,0,52166656,0,52166656,0,160082,0,0,199,0,0,0,0,0,0,0,7264265,0,0,0,0,0
1785897414031|1006|stream64_r2f_3|rotating|138,1378943233,33554687,56487829,55700963,55846934,55700963,55846934,55700963,53414,53213,53212,53212,0,0,6801,0,1642553776,1639290024,4096,4096,0,0,53213,53213,154428217,154428222,154428193,154428190,0,0,0,0,0,0,0,0,4096,256,131072,4,15|4,0,67108864,262144,256,0,0,0,0,812,0,800,0,203,200,0,1,812,0|160,200330217,5,52499936,0,0,0,0,0,55762346,0,200,0,2878759085,0,2878759085,0,2080,2857940893,0,32904987,0,0,0,0,0
1785897419034|1006|stream64_r2f_3|fixed|140,1378943233,16781056,62638898,61767498,710630,0,710630,0,15082,0,7541,0,0,0,59007,59007,48178960,0,4096,0,0,0,7541,0,485368914,0,485368922,0,0,0,0,0,0,0,0,0,4096,256,131072,4,15|4,0,67108864,262144,256,0,0,0,0,900,0,888,0,225,222,0,1,900,0|162,1203639596,5,0,0,58195968,0,58195968,0,177822,0,0,222,0,0,0,0,0,0,0,7307263,0,0,0,0,0
1785897419034|1006|stream64_r2f_3|rotating|140,1378943233,33558272,62730066,61856993,62018305,61856993,62018305,61856993,59316,59093,59093,59093,0,0,7553,0,1824084864,1820462720,4096,4096,0,0,59093,59093,473089794,473090151,473089802,473090159,0,0,0,0,0,0,0,0,4096,256,131072,4,15|4,0,67108864,262144,256,0,0,0,0,900,0,888,0,225,222,0,1,900,0|162,519085083,5,58298720,0,0,0,0,0,61919732,0,222,0,3196064255,0,3196064255,0,2080,3173533178,0,35762148,0,0,0,0,0
1785897424055|1006|stream64_r2f_3|fixed|142,1378943233,16781056,68928440,67971411,782059,0,782059,0,16598,0,8299,0,0,0,64932,64932,53021800,0,4096,0,0,0,8299,0,806603895,0,806603903,0,0,0,0,0,0,0,0,0,4096,256,131072,4,15|4,0,67108864,262144,256,0,0,0,0,988,0,976,0,247,244,0,1,988,0|164,1527701037,5,0,0,63963136,0,63963136,0,195821,0,0,244,0,0,0,0,0,0,0,7352188,0,0,0,0,0
1785897424055|1006|stream64_r2f_3|rotating|142,1378943233,33554687,69071421,68112661,68287757,68112661,68287757,68112661,65313,65068,65067,65067,0,0,8316,0,2008498506,2004517525,4096,4096,0,0,65068,65068,796807884,796807857,796807892,796807865,0,0,0,0,0,0,0,0,4096,256,131072,4,15|4,0,67108864,262144,256,0,0,0,0,988,0,976,0,247,244,0,1,988,0|164,842297348,5,64176544,0,0,0,0,0,68164921,0,244,0,3517807064,0,3517807064,0,2080,3493573604,0,38625777,0,0,0,0,0
1785897432505|1007|stream_lane2_unavailable|fixed|146,1378943233,16778427,5988849,5936603,5937695,5936603,5937695,5936603,5675,5658,5658,5657,0,0,542,0,174672634,174644782,4096,4096,0,0,5659,5658,1347805249,1347805237,1347805265,1347805245,0,0,0,0,0,0,0,0,4096,256,131072,4,15|4,0,67108864,262144,256,0,0,0,0,76,0,64,0,19,16,0,1,76,0|172,2065414712,5,4225920,0,0,0,0,0,4483492,0,16,0,320491889,0,320491889,0,2080,314061325,0,8995411,0,0,0,0,0
1785897432505|1007|stream_lane2_unavailable|rotating|146,1378943233,33558272,6063714,6011680,51912,0,51912,0,1100,0,550,0,0,0,5729,5729,3513920,0,4096,0,0,0,550,0,1334513071,0,1334513079,0,0,0,0,0,0,0,0,0,4096,256,131072,4,15|4,0,67108864,262144,256,0,0,0,0,76,0,64,0,19,16,0,1,76,0|172,1379911558,5,0,0,4194304,0,4194304,0,13072,0,0,16,0,0,0,0,0,0,0,6890643,0,0,0,0,0
1785897437511|1007|stream_lane2_unavailable|fixed|148,1378943233,16778427,12094738,11991359,11991198,11991359,11991198,11991359,11461,11428,11426,11426,0,0,1097,0,352720154,352715599,4096,4096,0,0,11427,11427,1668065463,1668065450,1668065471,1668065458,0,0,0,0,0,0,0,0,4096,256,131072,4,15|4,0,67108864,262144,256,0,0,0,0,140,0,128,0,35,32,0,1,140,0|174,2385719581,5,8499264,0,0,0,0,0,9024159,0,32,0,639728422,0,639728422,0,2080,632064969,0,11072534,0,0,0,0,0
1785897437511|1007|stream_lane2_unavailable|rotating|148,1378943233,33558272,12169010,12065102,104108,0,104108,0,2206,0,1103,0,0,0,11497,11496,7047000,0,4096,0,0,0,1103,0,1654169225,0,1654169233,0,0,0,0,0,0,0,0,0,4096,256,131072,4,15|4,0,67108864,262144,256,0,0,0,0,140,0,128,0,35,32,0,1,140,0|174,1699549912,5,0,0,8388608,0,8388608,0,26121,0,0,32,0,0,0,0,0,0,0,6920354,0,0,0,0,0
1785897442513|1007|stream_lane2_unavailable|fixed|150,1378943233,16778427,18200859,18045657,18045029,18045657,18045029,18045657,17246,17197,17195,17195,0,0,1651,0,530786124,530784826,4096,4096,0,0,17196,17196,1988191976,1988192010,1988191984,1988192018,0,0,0,0,0,0,0,0,4096,256,131072,4,15|4,0,67108864,262144,256,0,0,0,0,204,0,192,0,51,48,0,1,204,0|176,2704939855,5,12756800,0,0,0,0,0,13548941,0,48,0,957884312,0,957884312,0,2080,948985348,0,13148885,0,0,0,0,0
1785897442513|1007|stream_lane2_unavailable|rotating|150,1378943233,33558272,18259909,18104248,156301,0,156301,0,3312,0,1656,0,0,0,17251,17251,10580064,0,4096,0,0,0,1656,0,1973828832,0,1973828840,0,0,0,0,0,0,0,0,0,4096,256,131072,4,15|4,0,67108864,262144,256,0,0,0,0,204,0,192,0,51,48,0,1,204,0|176,2019190635,5,0,0,12582912,0,12582912,0,39168,0,0,48,0,0,0,0,0,0,0,6957259,0,0,0,0,0
1785897447524|1007|stream_lane2_unavailable|fixed|152,1378943233,16778427,24315729,24108693,24107522,24108693,24107522,24108693,23044,22979,22977,22977,0,0,2206,0,709264160,709262352,4096,4096,0,0,22978,22978,2309077963,2309077979,2309077979,2309077995,0,0,0,0,0,0,0,0,4096,256,131072,4,15|4,0,67108864,262144,256,0,0,0,0,272,0,260,0,68,65,0,1,272,0|178,3026774949,5,17055168,0,0,0,0,0,18105166,0,65,0,1278644814,0,1278644814,0,2080,1268382616,0,15357147,0,0,0,0,0
1785897447524|1007|stream_lane2_unavailable|rotating|152,1378943233,33558272,24380133,24171630,208774,0,208774,0,4424,0,2212,0,0,0,23038,23037,14132320,0,4096,0,0,0,2212,0,2294900072,0,2294900080,0,0,0,0,0,0,0,0,0,4096,256,131072,4,15|4,0,67108864,262144,256,0,0,0,0,272,0,260,0,68,65,0,1,272,0|178,2339834117,5,0,0,17039360,0,17039360,0,52264,0,0,65,0,0,0,0,0,0,0,6996350,0,0,0,0,0
1785897452526|1007|stream_lane2_unavailable|fixed|154,1378943233,16778427,30420434,30160990,30159937,30160990,30159937,30160990,28829,28748,28745,28745,0,0,2760,0,887311038,887307574,4096,4096,0,0,28746,28746,2629293270,2629293270,2629293286,2629293278,0,0,0,0,0,0,0,0,4096,256,131072,4,15|4,0,67108864,262144,256,0,0,0,0,336,0,324,0,84,81,0,1,336,0|180,3346795551,5,21320608,0,0,0,0,0,22640729,0,81,0,1597599056,0,1597599056,0,2077,1586103233,0,17433309,0,0,0,0,0
1785897452526|1007|stream_lane2_unavailable|rotating|154,1378943233,33558272,30496596,30236659,261160,0,261160,0,5534,0,2767,0,0,0,28817,28817,17678208,0,4096,0,0,0,2767,0,2615731781,0,2615731797,0,0,0,0,0,0,0,0,0,4096,256,131072,4,15|4,0,67108864,262144,256,0,0,0,0,336,0,324,0,84,81,0,1,336,0|180,2661285022,5,0,0,21233664,0,21233664,0,65384,0,0,81,0,0,0,0,0,0,0,7026075,0,0,0,0,0
1785897457540|1007|stream_lane2_unavailable|fixed|156,1378943233,16778427,36537640,36225853,36224758,36225853,36224758,36225853,34624,34527,34524,34523,0,0,3315,0,1065691825,1065662528,4096,4096,0,0,34525,34524,2949966112,2949966124,2949966120,2949966084,0,0,0,0,0,0,0,0,4096,256,131072,4,15|4,0,67108864,262144,256,0,0,0,0,400,0,388,0,100,97,0,1,400,0|182,3667566247,5,25601856,0,0,0,0,0,27188134,0,97,0,1917299440,0,1917299440,0,2080,1904570659,0,19512198,0,0,0,0,0
1785897457540|1007|stream_lane2_unavailable|rotating|156,1378943233,33558272,36609430,36296941,313449,0,313449,0,6642,0,3321,0,0,0,34592,34591,21217664,0,4096,0,0,0,3321,0,2935980101,0,2935980109,0,0,0,0,0,0,0,0,0,4096,256,131072,4,15|4,0,67108864,262144,256,0,0,0,0,400,0,388,0,100,97,0,1,400,0|182,2981226876,5,0,0,25427968,0,25427968,0,78455,0,0,97,0,0,0,0,0,0,0,7062256,0,0,0,0,0
1785897462548|1007|stream_lane2_unavailable|fixed|158,1378943233,16778427,42651406,42287067,42286239,42287067,42286239,42287067,40415,40303,40300,40299,0,0,3869,0,1243979029,1243969837,4096,4096,0,0,40300,40300,3270502228,3270505204,3270502236,3270505212,0,0,0,0,0,0,0,0,4096,256,131072,4,15|4,0,67108864,262144,256,0,0,0,0,464,0,452,0,116,113,0,1,468,0|184,3988995906,5,29892320,0,0,0,0,0,31742150,0,114,0,2237656483,0,2237656483,0,2080,2223566115,0,21717116,0,0,0,0,0
1785897462548|1007|stream_lane2_unavailable|rotating|158,1378943233,33558272,42738422,42372604,366015,0,366015,0,7756,0,3878,0,0,0,40382,40381,24776296,0,4096,0,0,0,3878,0,3257638368,0,3257638376,0,0,0,0,0,0,0,0,0,4096,256,131072,4,15|4,0,67108864,262144,256,0,0,0,0,468,0,456,0,117,114,0,1,468,0|184,3302579317,5,0,0,29884416,0,29884416,0,91575,0,0,114,0,0,0,0,0,0,0,7100859,0,0,0,0,0
1785897467561|1007|stream_lane2_unavailable|fixed|160,1378943233,16778427,48774215,48356108,48356571,48356108,48356571,48356108,46216,46086,46083,46082,0,0,4425,0,1422498056,1422467536,4096,4096,0,0,46084,46083,3591551833,3591551853,3591551841,3591551821,0,0,0,0,0,0,0,0,4096,256,131072,4,15|4,0,67108864,262144,256,0,0,0,0,532,0,520,0,133,130,0,1,532,0|186,14120977,6,34157760,0,0,0,0,0,36280162,0,130,0,2556682490,0,2556682490,0,2080,2541359167,0,23792608,0,0,0,0,0
1785897467561|1007|stream_lane2_unavailable|rotating|160,1378943233,33558272,48851601,48433677,418307,0,418307,0,8864,0,4432,0,0,0,46156,46156,28315808,0,4096,0,0,0,4432,0,3577883264,0,3577883272,0,0,0,0,0,0,0,0,0,4096,256,131072,4,15|4,0,67108864,262144,256,0,0,0,0,532,0,520,0,133,130,0,1,532,0|186,3623539694,5,0,0,34078720,0,34078720,0,104671,0,0,130,0,0,0,0,0,0,0,7136225,0,0,0,0,0
1785897472586|1007|stream_lane2_unavailable|fixed|162,1378943233,16778427,54904194,54434553,54434071,54434553,54434071,54434553,52024,51878,51875,51874,0,0,4981,0,1601278183,1601247859,4096,4096,0,0,51876,51875,3912965599,3912965603,3912965607,3912965611,0,0,0,0,0,0,0,0,4096,256,131072,4,15|4,0,67108864,262144,256,0,0,0,0,596,0,584,0,149,146,0,1,596,0|188,335740344,6,38454816,0,0,0,0,0,40838909,0,146,0,2877227593,0,2877227593,0,2080,2860675833,0,25870370,0,0,0,0,0
1785897472586|1007|stream_lane2_unavailable|rotating|162,1378943233,33558272,54976332,54506843,470783,0,470783,0,9976,0,4988,0,0,0,51943,51943,31868016,0,4096,0,0,0,4988,0,3899306962,0,3899306970,0,0,0,0,0,0,0,0,0,4096,256,131072,4,15|4,0,67108864,262144,256,0,0,0,0,596,0,584,0,149,146,0,1,596,0|188,3944296572,5,0,0,38273024,0,38273024,0,117766,0,0,146,0,0,0,0,0,0,0,7172463,0,0,0,0,0
1785897477600|1007|stream_lane2_unavailable|fixed|164,1378943233,16780578,61026140,60503080,60503545,60503080,60503545,60503080,57822,57661,57658,57657,0,0,5537,0,1779787024,1779753256,4096,4096,0,0,57658,57658,4233883408,4233897502,4233883416,4233897470,0,0,0,0,0,0,0,0,4096,256,131072,4,15|4,0,67108864,262144,256,0,0,0,0,664,0,652,0,166,163,0,1,664,0|190,658876794,6,42761088,0,0,0,0,0,45417718,0,163,0,3199287475,0,3199287475,0,2080,3181377414,0,28075396,0,0,0,0,0
1785897477600|1007|stream_lane2_unavailable|rotating|164,1378943233,33558272,61150921,60627975,523635,0,523635,0,11096,0,5548,0,0,0,57776,57776,35445848,0,4096,0,0,0,5548,0,4222728023,0,4222728031,0,0,0,0,0,0,0,0,0,4096,256,131072,4,15|4,0,67108864,262144,256,0,0,0,0,664,0,652,0,166,163,0,1,664,0|190,4269491818,5,0,0,42729472,0,42729472,0,131051,0,0,163,0,0,0,0,0,0,0,7203824,0,0,0,0,0
1785897482617|1007|stream_lane2_unavailable|fixed|166,1378943233,16778427,67148274,66573792,66573201,66573792,66573201,66573792,63623,63445,63441,63441,0,0,6093,0,1958304260,1958300395,4096,4096,0,0,63442,63442,260017147,260017132,260017155,260017140,0,0,0,0,0,0,0,0,4096,256,131072,4,15|4,0,67108864,262144,256,0,0,0,0,728,0,716,0,182,179,0,1,728,0|192,978593583,6,47026528,0,0,0,0,0,49949774,0,179,0,3517937904,0,3517937904,0,2080,3498790794,0,30154982,0,0,0,0,0
1785897482617|1007|stream_lane2_unavailable|rotating|166,1378943233,33558272,67235526,66659460,575737,0,575737,0,12200,0,6100,0,0,0,63523,63522,38972544,0,4096,0,0,0,6100,0,246833197,0,246833205,0,0,0,0,0,0,0,0,0,4096,256,131072,4,15|4,0,67108864,262144,256,0,0,0,0,728,0,716,0,182,179,0,1,728,0|192,293601115,6,0,0,46923776,0,46923776,0,144075,0,0,179,0,0,0,0,0,0,0,7236542,0,0,0,0,0
1785897487617|1007|stream_lane2_unavailable|fixed|168,1378943233,16778905,73252010,72624333,72624741,72624333,72624741,72624333,69406,69211,69208,69208,0,0,6646,0,2136314568,2136308368,4096,4096,0,0,69209,69208,580041395,580023428,580041363,580023436,0,0,0,0,0,0,0,0,4096,256,131072,4,15|4,0,67108864,262144,256,0,0,0,0,792,0,780,0,198,195,0,1,792,0|194,1297729738,6,51284064,0,0,0,0,0,54472624,0,195,0,3836009675,0,3836009675,0,2080,3815627242,0,32231145,0,0,0,0,0
1785897487617|1007|stream_lane2_unavailable|rotating|168,1378943233,33558272,73326046,72696714,627931,0,627931,0,13306,0,6653,0,0,0,69278,69277,42505616,0,4096,0,0,0,6653,0,566488394,0,566488402,0,0,0,0,0,0,0,0,0,4096,256,131072,4,15|4,0,67108864,262144,256,0,0,0,0,792,0,780,0,198,195,0,1,792,0|194,611270150,6,0,0,51118080,0,51118080,0,157053,0,0,195,0,0,0,0,0,0,0,7267620,0,0,0,0,0
1785897492625|1007|stream_lane2_unavailable|fixed|170,1378943233,16778666,79358608,78676827,78678959,78676827,78678959,78676827,75196,74986,74983,74983,0,0,7201,0,2314573520,2314569891,4096,4096,0,0,74983,74983,900528393,900533172,900528401,900533180,0,0,0,0,0,0,0,0,4096,256,131072,4,15|4,0,67108864,262144,256,0,0,0,0,856,0,844,0,214,211,0,1,856,0|196,1618380959,6,55565312,0,0,0,0,0,59012418,0,211,0,4155590584,0,4155590584,0,2054,4133976901,0,34308326,0,0,0,0,0
1785897492625|1007|stream_lane2_unavailable|rotating|170,1378943233,33558272,79429825,78747432,680308,0,680308,0,14416,0,7208,0,0,0,75050,75050,46051488,0,4096,0,0,0,7208,0,886842049,0,886842057,0,0,0,0,0,0,0,0,0,4096,256,131072,4,15|4,0,67108864,262144,256,0,0,0,0,860,0,848,0,215,212,0,1,860,0|196,931783618,6,0,0,55574528,0,55574528,0,170148,0,0,212,0,0,0,0,0,0,0,7294796,0,0,0,0,0
1785897497631|1007|stream_lane2_unavailable|fixed|172,1378943233,16778427,85465914,84731627,84733883,84731627,84733883,84731627,80988,80761,80757,80757,0,0,7756,0,2492824437,2492818890,4096,4096,0,0,80758,80758,1221109064,1221109067,1221109072,1221109075,0,0,0,0,0,0,0,0,4096,256,131072,4,15|4,0,67108864,262144,256,0,0,0,0,924,0,912,0,231,228,0,1,924,0|198,1938740269,6,59839968,0,0,0,0,0,63547337,0,228,0,179913934,1,179913934,1,2080,156935206,1,36513308,0,0,0,0,0
1785897497631|1007|stream_lane2_unavailable|rotating|172,1378943233,33558272,85530845,84796007,732599,0,732599,0,15524,0,7762,0,0,0,80819,80819,49590992,0,4096,0,0,0,7762,0,1207216786,0,1207216794,0,0,0,0,0,0,0,0,0,4096,256,131072,4,15|4,0,67108864,262144,256,0,0,0,0,924,0,912,0,231,228,0,1,924,0|198,1251941271,6,0,0,59768832,0,59768832,0,183220,0,0,228,0,0,0,0,0,0,0,7334689,0,0,0,0,0
1785897502640|1007|stream_lane2_unavailable|fixed|174,1378943233,16778427,91572259,90784846,90787937,90784846,90787937,90784846,86779,86534,86531,86531,0,0,8310,0,2671059630,2671030762,4096,4096,0,0,86532,86531,1541525821,1541525065,1541525829,1541525073,0,0,0,0,0,0,0,0,4096,256,131072,4,15|4,0,67108864,262144,256,0,0,0,0,988,0,976,0,247,244,0,1,988,0|200,2259163805,6,64113312,0,0,0,0,0,68085325,0,244,0,499269134,1,499269134,1,2080,475057553,1,38590395,0,0,0,0,0
1785897502640|1007|stream_lane2_unavailable|rotating|174,1378943233,33558272,91643595,90855703,784888,0,784888,0,16632,0,8316,0,0,0,86599,86598,53130448,0,4096,0,0,0,8316,0,1527463268,0,1527463276,0,0,0,0,0,0,0,0,0,4096,256,131072,4,15|4,0,67108864,262144,256,0,0,0,0,988,0,976,0,247,244,0,1,988,0|200,1573533423,6,0,0,63963136,0,63963136,0,196339,0,0,244,0,0,0,0,0,0,0,7367272,0,0,0,0,0
1785897511998|1008|stream_clean_after_lane2|fixed|178,1378943233,16777471,6148532,6063794,6078780,6063794,6078780,6063794,5815,5793,5792,5792,0,0,739,0,178805496,178460600,4096,4096,0,0,5793,5793,2140475650,2140475679,2140475658,2140475663,0,0,0,0,0,0,0,0,4096,256,131072,4,15|4,0,67108864,262144,256,0,0,0,0,96,0,84,0,24,21,0,1,96,0|208,2858820660,6,5767168,0,0,0,0,0,6125238,0,22,0,320745801,0,320745801,0,2080,313965090,0,9648999,0,0,0,0,0
1785897511998|1008|stream_clean_after_lane2|rotating|178,1378943233,33558272,6241783,6155301,70882,0,70882,0,1502,0,751,0,0,0,5880,5880,4798072,0,4096,0,0,0,751,0,2127798926,0,2127798934,0,0,0,0,0,0,0,0,0,4096,256,131072,4,15|4,0,67108864,262144,256,0,0,0,0,100,0,88,0,25,22,0,1,100,0|208,2173010580,6,0,0,5767168,0,5767168,0,17838,0,0,22,0,0,0,0,0,0,0,6899134,0,0,0,0,0
1785897517020|1008|stream_clean_after_lane2|fixed|180,1378943233,16781056,12443514,12271224,12302129,12271224,12302129,12271224,11767,11722,11722,11722,0,0,1498,0,361835808,361115456,4096,4096,0,0,11722,11722,2461864027,2461864352,2461864035,2461864360,0,0,0,0,0,0,0,0,4096,256,131072,4,15|4,0,67108864,262144,256,0,0,0,0,188,0,176,0,47,44,0,1,188,0|210,3179518008,6,11605472,0,0,0,0,0,12319884,0,44,0,639983573,0,639983573,0,2080,631385067,0,12619524,0,0,0,0,0
1785897517020|1008|stream_clean_after_lane2|rotating|180,1378943233,33558272,12517810,12344648,142238,0,142238,0,3014,0,1507,0,0,0,11792,11792,9628168,0,4096,0,0,0,1507,0,2448352138,0,2448352146,0,0,0,0,0,0,0,0,0,4096,256,131072,4,15|4,0,67108864,262144,256,0,0,0,0,188,0,176,0,47,44,0,1,188,0|210,2493182813,6,0,0,11534336,0,11534336,0,35654,0,0,44,0,0,0,0,0,0,0,6937905,0,0,0,0,0
1785897522024|1008|stream_clean_after_lane2|fixed|182,1378943233,16781056,18719007,18458462,18506266,18458462,18506266,18458462,17704,17637,17636,17636,0,0,2254,0,544389008,543309008,4096,4096,0,0,17636,17636,2782306057,2782306382,2782306065,2782306390,0,0,0,0,0,0,0,0,4096,256,131072,4,15|4,0,67108864,262144,256,0,0,0,0,276,0,264,0,69,66,0,1,276,0|212,3498912268,6,17412160,0,0,0,0,0,18486813,0,66,0,957926161,0,957926161,0,2080,947631691,0,15461461,0,0,0,0,0
1785897522024|1008|stream_clean_after_lane2|rotating|182,1378943233,33558272,18773388,18512263,213308,0,213308,0,4520,0,2260,0,0,0,17687,17687,14439016,0,4096,0,0,0,2260,0,2767612433,0,2767612441,0,0,0,0,0,0,0,0,0,4096,256,131072,4,15|4,0,67108864,262144,256,0,0,0,0,276,0,264,0,69,66,0,1,276,0|212,2812446987,6,0,0,17301504,0,17301504,0,53421,0,0,66,0,0,0,0,0,0,0,6980601,0,0,0,0,0
1785897527038|1008|stream_clean_after_lane2|fixed|184,1378943233,16777471,25006832,24660108,24722736,24660108,24722736,24660108,23650,23561,23559,23559,0,0,3010,0,727233320,725794540,4096,4096,0,0,23560,23560,3103265583,3103265564,3103265567,3103265572,0,0,0,0,0,0,0,0,4096,256,131072,4,15|4,0,67108864,262144,256,0,0,0,0,364,0,352,0,91,88,0,1,364,0|214,3820930430,6,23266272,0,0,0,0,0,24708495,0,88,0,1278480795,0,1278480795,0,2080,1266502237,0,18301704,0,0,0,0,0
1785897527038|1008|stream_clean_after_lane2|rotating|184,1378943233,33558272,25075461,24727918,284942,0,284942,0,6038,0,3019,0,0,0,23624,23624,19288168,0,4096,0,0,0,3019,0,3089449615,0,3089449623,0,0,0,0,0,0,0,0,0,4096,256,131072,4,15|4,0,67108864,262144,256,0,0,0,0,364,0,352,0,91,88,0,1,364,0|214,3134239904,6,0,0,23068672,0,23068672,0,71329,0,0,88,0,0,0,0,0,0,0,7025051,0,0,0,0,0
1785897532047|1008|stream_clean_after_lane2|fixed|186,1378943233,16777471,31287287,30854195,30931840,30854195,30931840,30854195,29588,29478,29475,29475,0,0,3766,0,909861355,908063944,4096,4096,0,0,29476,29476,3423828898,3423828927,3423828914,3423828919,0,0,0,0,0,0,0,0,4096,256,131072,4,15|4,0,67108864,262144,256,0,0,0,0,452,0,440,0,113,110,0,1,452,0|216,4141592787,6,29097984,0,0,0,0,0,30904259,0,111,0,1597685224,0,1597685224,0,2080,1584019008,0,21140475,0,0,0,0,0
1785897532047|1008|stream_clean_after_lane2|rotating|186,1378943233,33558272,31374789,30939797,356578,0,356578,0,7556,0,3778,0,0,0,29558,29558,24137408,0,4096,0,0,0,3778,0,3411086944,0,3411086952,0,0,0,0,0,0,0,0,0,4096,256,131072,4,15|4,0,67108864,262144,256,0,0,0,0,456,0,444,0,114,111,0,1,456,0|216,3456727774,6,0,0,29097984,0,29097984,0,89286,0,0,111,0,0,0,0,0,0,0,7070406,0,0,0,0,0
1785897537060|1008|stream_clean_after_lane2|fixed|188,1378943233,16777471,37567960,37047269,37141069,37047269,37141069,37047269,35527,35394,35391,35391,0,0,4523,0,1092465109,1090293056,4096,4096,0,0,35392,35392,3744485700,3744485713,3744485708,3744485689,0,0,0,0,0,0,0,0,4096,256,131072,4,15|4,0,67108864,262144,256,0,0,0,0,544,0,532,0,136,133,0,1,544,0|218,167876728,7,34944192,0,0,0,0,0,37108666,0,133,0,1917474909,0,1917474909,0,2080,1901989808,0,24109472,0,0,0,0,0
1785897537060|1008|stream_clean_after_lane2|rotating|188,1378943233,33558272,37645890,37124425,427744,0,427744,0,9064,0,4532,0,0,0,35465,35465,28954712,0,4096,0,0,0,4532,0,3730775318,0,3730775326,0,0,0,0,0,0,0,0,0,4096,256,131072,4,15|4,0,67108864,262144,256,0,0,0,0,544,0,532,0,136,133,0,1,544,0|218,3776590310,6,0,0,34865152,0,34865152,0,107077,0,0,133,0,0,0,0,0,0,0,7111750,0,0,0,0,0
1785897542075|1008|stream_clean_after_lane2|fixed|190,1378943233,16781056,43863117,43254438,43364680,43254438,43364680,43254438,41479,41324,41322,41322,0,0,5281,0,1275528248,1272996472,4096,4096,0,0,41322,41322,4065796867,4065797200,4065796875,4065797208,0,0,0,0,0,0,0,0,4096,256,131072,4,15|4,0,67108864,262144,256,0,0,0,0,632,0,620,0,158,155,0,1,632,0|220,489395527,7,40790400,0,0,0,0,0,43320847,0,155,0,2237532156,0,2237532156,0,2080,2220365925,0,26945060,0,0,0,0,0
1785897542075|1008|stream_clean_after_lane2|rotating|190,1378943233,33558272,43947077,43337466,499382,0,499382,0,10582,0,5291,0,0,0,41401,41401,33803888,0,4096,0,0,0,5291,0,4052607853,0,4052607861,0,0,0,0,0,0,0,0,0,4096,256,131072,4,15|4,0,67108864,262144,256,0,0,0,0,632,0,620,0,158,155,0,1,632,0|220,4097574220,6,0,0,40632320,0,40632320,0,124939,0,0,155,0,0,0,0,0,0,0,7154575,0,0,0,0,0
1785897547116|1008|stream_clean_after_lane2|fixed|192,1378943233,16781056,50180685,49485421,49610516,49485421,49610516,49485421,47452,47275,47273,47273,0,0,6041,0,1459222976,1456332720,4096,4096,0,0,47273,47273,93256995,93257328,93257003,93257336,0,0,0,0,0,0,0,0,4096,256,131072,4,15|4,0,67108864,262144,256,0,0,0,0,720,0,708,0,180,177,0,1,720,0|222,811012075,7,46636608,0,0,0,0,0,49535506,0,177,0,2557687152,0,2557687152,0,2080,2538835701,0,29784738,0,0,0,0,0
1785897547116|1008|stream_clean_after_lane2|rotating|192,1378943233,33558272,50257781,49561527,571012,0,571012,0,12100,0,6050,0,0,0,47345,47345,38653080,0,4096,0,0,0,6050,0,79477210,0,79477218,0,0,0,0,0,0,0,0,0,4096,256,131072,4,15|4,0,67108864,262144,256,0,0,0,0,724,0,712,0,181,178,0,1,724,0|222,125926479,7,0,0,46661632,0,46661632,0,142942,0,0,178,0,0,0,0,0,0,0,7202960,0,0,0,0,0
1785897552121|1008|stream_clean_after_lane2|fixed|194,1378943233,16777471,56455377,55672961,55813861,55672961,55813861,55672961,53385,53186,53183,53183,0,0,6797,0,1641655080,1638405273,4096,4096,0,0,53184,53184,413505269,413505266,413505245,413505274,0,0,0,0,0,0,0,0,4096,256,131072,4,15|4,0,67108864,262144,256,0,0,0,0,812,0,800,0,203,200,0,1,812,0|224,1131417718,7,52468320,0,0,0,0,0,55723333,0,200,0,2876634867,0,2876634867,0,2080,2855958264,0,32756657,0,0,0,0,0
1785897552121|1008|stream_clean_after_lane2|rotating|194,1378943233,33558272,56527622,55743623,642368,0,642368,0,13612,0,6806,0,0,0,53251,53251,43483136,0,4096,0,0,0,6806,0,399829642,0,399829650,0,0,0,0,0,0,0,0,0,4096,256,131072,4,15|4,0,67108864,262144,256,0,0,0,0,812,0,800,0,203,200,0,1,812,0|224,444783842,7,0,0,52428800,0,52428800,0,160686,0,0,200,0,0,0,0,0,0,0,7249716,0,0,0,0,0
1785897557136|1008|stream_clean_after_lane2|fixed|196,1378943233,16777471,62743531,61874323,62030565,61874323,62030565,61874323,59332,59110,59107,59107,0,0,7554,0,1824531248,1820905130,4096,4096,0,0,59108,59108,734626522,734626519,734626490,734626527,0,0,0,0,0,0,0,0,4096,256,131072,4,15|4,0,67108864,262144,256,0,0,0,0,900,0,888,0,225,222,0,1,900,0|226,1452227078,7,58298720,0,0,0,0,0,61920993,0,222,0,3195986627,0,3195986627,0,2080,3173618730,0,35599015,0,0,0,0,0
1785897557136|1008|stream_clean_after_lane2|rotating|196,1378943233,33558272,62810051,61940158,713724,0,713724,0,15124,0,7562,0,0,0,59170,59170,48313176,0,4096,0,0,0,7562,0,720379649,0,720379657,0,0,0,0,0,0,0,0,0,4096,256,131072,4,15|4,0,67108864,262144,256,0,0,0,0,900,0,888,0,225,222,0,1,900,0|226,766170519,7,0,0,58195968,0,58195968,0,178572,0,0,222,0,0,0,0,0,0,0,7293648,0,0,0,0,0
1785897562151|1008|stream_clean_after_lane2|fixed|198,1378943233,16777471,69047291,68090847,68262686,68090847,68262686,68090847,65291,65047,65045,65044,0,0,8313,0,2007806602,2003821061,4096,4096,0,0,65045,65045,1056320003,1056320144,1056320011,1056320152,0,0,0,0,0,0,0,0,4096,256,131072,4,15|4,0,67108864,262144,256,0,0,0,0,988,0,976,0,247,244,0,1,988,0|228,1774518154,7,64160736,0,0,0,0,0,68148852,0,244,0,3516812199,0,3516812199,0,2080,3492760534,0,38440635,0,0,0,0,0
1785897562151|1008|stream_clean_after_lane2|rotating|198,1378943233,33558272,69132696,68175259,785546,0,785546,0,16646,0,8323,0,0,0,65125,65125,53175112,0,4096,0,0,0,8323,0,1043077770,0,1043077778,0,0,0,0,0,0,0,0,0,4096,256,131072,4,15|4,0,67108864,262144,256,0,0,0,0,992,0,980,0,248,245,0,1,992,0|228,1088936459,7,0,0,64225280,0,64225280,0,196551,0,0,245,0,0,0,0,0,0,0,7345296,0,0,0,0,0
1785897570522|1009|stream_lane3_unavailable|fixed|202,1378943233,16781056,5992270,5940159,51076,0,51076,0,1084,0,542,0,0,0,5662,5661,3462792,0,4096,0,0,0,542,0,1590676928,0,1590676936,0,0,0,0,0,0,0,0,0,4096,256,131072,4,15|4,0,67108864,262144,256,0,0,0,0,76,0,64,0,19,16,0,1,76,0|236,2308934444,7,0,0,4194304,0,4194304,0,12886,0,0,16,0,0,0,0,0,0,0,6880419,0,0,0,0,0
1785897570522|1009|stream_lane3_unavailable|rotating|202,1378943233,33558272,6062372,6010421,6010550,6010421,6010550,6010421,5747,5728,5728,5728,0,0,549,0,176811864,176812704,4096,4096,0,0,5728,5728,1577687151,1577735509,1577687159,1577735525,0,0,0,0,0,0,0,0,4096,256,131072,4,15|4,0,67108864,262144,256,0,0,0,0,76,0,64,0,19,16,0,1,76,0|236,1622281458,7,4265440,0,0,0,0,0,4529766,0,16,0,323732275,0,323732275,0,2080,317284716,0,9020930,0,0,0,0,0
1785897575523|1009|stream_lane3_unavailable|fixed|204,1378943233,16781056,12096392,11990845,103378,0,103378,0,2194,0,1097,0,0,0,11427,11426,7008696,0,4096,0,0,0,1097,0,1911161052,0,1911161060,0,0,0,0,0,0,0,0,0,4096,256,131072,4,15|4,0,67108864,262144,256,0,0,0,0,140,0,128,0,35,32,0,1,140,0|238,2628987275,7,0,0,8388608,0,8388608,0,25938,0,0,32,0,0,0,0,0,0,0,6910594,0,0,0,0,0
1785897575523|1009|stream_lane3_unavailable|rotating|204,1378943233,33556599,12168750,12062688,12064806,12062688,12064806,12062688,11531,11496,11495,11495,0,0,1103,0,354836210,354834353,4096,4096,0,0,11496,11496,1897802435,1897802428,1897802443,1897802444,0,0,0,0,0,0,0,0,4096,256,131072,4,15|4,0,67108864,262144,256,0,0,0,0,140,0,128,0,35,32,0,1,140,0|238,1942472238,7,8538784,0,0,0,0,0,9068550,0,32,0,642854719,0,642854719,0,2080,635169286,0,11103038,0,0,0,0,0
1785897580532|1009|stream_lane3_unavailable|fixed|206,1378943233,16781056,18211739,18053711,155586,0,155586,0,3302,0,1651,0,0,0,17204,17204,10548168,0,4096,0,0,0,1651,0,2231408548,0,2231408556,0,0,0,0,0,0,0,0,0,4096,256,131072,4,15|4,0,67108864,262144,256,0,0,0,0,204,0,192,0,51,48,0,1,204,0|240,2949692741,7,0,0,12582912,0,12582912,0,39014,0,0,48,0,0,0,0,0,0,0,6935395,0,0,0,0,0
1785897580532|1009|stream_lane3_unavailable|rotating|206,1378943233,33557077,18284709,18124931,18128464,18124931,18128464,18124931,17324,17272,17272,17272,0,0,1658,0,533176955,533153120,4096,4096,0,0,17273,17272,2218399805,2218395202,2218399821,2218395210,0,0,0,0,0,0,0,0,4096,256,131072,4,15|4,0,67108864,262144,256,0,0,0,0,204,0,192,0,51,48,0,1,204,0|240,2263246442,7,12820032,0,0,0,0,0,13615327,0,48,0,962558611,0,962558611,0,2080,953640808,0,13181339,0,0,0,0,0
1785897585536|1009|stream_lane3_unavailable|fixed|208,1378943233,16781056,24314547,24103754,207790,0,207790,0,4410,0,2205,0,0,0,22974,22973,14087592,0,4096,0,0,0,2205,0,2551663954,0,2551663962,0,0,0,0,0,0,0,0,0,4096,256,131072,4,15|5,0,67108864,262144,256,0,0,0,0,272,0,260,0,68,65,0,1,272,0|242,3269764659,7,0,0,17039360,0,17039360,0,52065,0,0,65,0,0,0,0,0,0,0,6967077,0,0,0,0,0
1785897585536|1009|stream_lane3_unavailable|rotating|208,1378943233,33556599,24384733,24173332,24176284,24173332,24176284,24173332,23110,23041,23041,23040,0,0,2212,0,711231508,711205040,4096,4096,0,0,23042,23041,2538645067,2538645063,2538645075,2538645071,0,0,0,0,0,0,0,0,4096,256,131072,4,15|4,0,67108864,262144,256,0,0,0,0,272,0,260,0,68,65,0,1,272,0|242,2583167102,7,17086784,0,0,0,0,0,18144420,0,65,0,1281412583,0,1281412583,0,2080,1271118053,0,15396306,0,0,0,0,0
1785897590542|1009|stream_lane3_unavailable|fixed|210,1378943233,16781056,30422011,30159785,260090,0,260090,0,5520,0,2760,0,0,0,28745,28745,17633480,0,4096,0,0,0,2760,0,2872150455,0,2872150463,0,0,0,0,0,0,0,0,0,4096,256,131072,4,15|4,0,67108864,262144,256,0,0,0,0,336,0,324,0,84,81,0,1,336,0|244,3590290337,7,0,0,21233664,0,21233664,0,65140,0,0,81,0,0,0,0,0,0,0,7002952,0,0,0,0,0
1785897590542|1009|stream_lane3_unavailable|rotating|210,1378943233,33556599,30509760,30245959,30248915,30245959,30248915,30245959,28913,28829,28828,28827,0,0,2768,0,889880427,889854694,4096,4096,0,0,28829,28828,2859825196,2859825185,2859825204,2859825193,0,0,0,0,0,0,0,0,4096,256,131072,4,15|4,0,67108864,262144,256,0,0,0,0,336,0,324,0,84,81,0,1,336,0|244,2906216887,7,21399648,0,0,0,0,0,22722861,0,81,0,1603384152,0,1603384152,0,2080,1591861229,0,17477418,0,0,0,0,0
1785897595556|1009|stream_lane3_unavailable|fixed|212,1378943233,16781056,36561636,36245644,312582,0,312582,0,6634,0,3317,0,0,0,34544,34544,21192144,0,4096,0,0,0,3317,0,3194155843,0,3194155851,0,0,0,0,0,0,0,0,0,4096,256,131072,4,15|4,0,67108864,262144,256,0,0,0,0,400,0,388,0,100,97,0,1,400,0|246,3912114663,7,0,0,25427968,0,25427968,0,78240,0,0,97,0,0,0,0,0,0,0,7036690,0,0,0,0,0
1785897595556|1009|stream_lane3_unavailable|rotating|212,1378943233,33557077,36636439,36319472,36323292,36319472,36323292,36319472,34716,34616,34615,34615,0,0,3323,0,1068509645,1068496320,4096,4096,0,0,34616,34615,3180970102,3180933832,3180970110,3180933840,0,0,0,0,0,0,0,0,4096,256,131072,4,15|4,0,67108864,262144,256,0,0,0,0,400,0,388,0,100,97,0,1,400,0|246,3226506857,7,25672992,0,0,0,0,0,27263572,0,97,0,1922605786,0,1922605786,0,2080,1909853594,0,19550921,0,0,0,0,0
1785897600597|1009|stream_lane3_unavailable|fixed|214,1378943233,16781056,42707815,42338477,365068,0,365068,0,7748,0,3874,0,0,0,40351,40351,24750744,0,4096,0,0,0,3874,0,3516168223,0,3516168231,0,0,0,0,0,0,0,0,0,4096,256,131072,4,15|4,0,67108864,262144,256,0,0,0,0,468,0,456,0,117,114,0,1,468,0|248,4236756339,7,0,0,29884416,0,29884416,0,91479,0,0,114,0,0,0,0,0,0,0,7070964,0,0,0,0,0
1785897600597|1009|stream_lane3_unavailable|rotating|214,1378943233,33556599,42830118,42460385,42463918,42460385,42463918,42460385,40585,40469,40467,40467,0,0,3886,0,1249141781,1249137650,4096,4096,0,0,40468,40468,3505820524,3505820535,3505820532,3505820543,0,0,0,0,0,0,0,0,4096,256,131072,4,15|4,0,67108864,262144,256,0,0,0,0,468,0,456,0,117,114,0,1,468,0|248,3551800942,7,30010880,0,0,0,0,0,31872945,0,114,0,2246815399,0,2246815399,0,2080,2232711600,0,21756041,0,0,0,0,0
1785897605606|1009|stream_lane3_unavailable|fixed|216,1378943233,16781056,48811488,48391104,417370,0,417370,0,8858,0,4429,0,0,0,46117,46117,28296648,0,4096,0,0,0,4429,0,3836642308,0,3836642316,0,0,0,0,0,0,0,0,0,4096,256,131072,4,15|4,0,67108864,262144,256,0,0,0,0,532,0,520,0,133,130,0,1,532,0|250,259557178,8,0,0,34078720,0,34078720,0,104436,0,0,130,0,0,0,0,0,0,0,7099086,0,0,0,0,0
1785897605606|1009|stream_lane3_unavailable|rotating|216,1378943233,33558272,48899186,48478186,48481157,48478186,48481157,48478186,46333,46201,46200,46200,0,0,4436,0,1426101936,1426102392,4096,4096,0,0,46200,46200,3823952412,3823957159,3823952420,3823957175,0,0,0,0,0,0,0,0,4096,256,131072,4,15|4,0,67108864,262144,256,0,0,0,0,532,0,520,0,133,130,0,1,532,0|250,3868827202,7,34244704,0,0,0,0,0,36367114,0,130,0,2562783203,0,2562783203,0,2080,2547442322,0,23828872,0,0,0,0,0
1785897610621|1009|stream_lane3_unavailable|fixed|218,1378943233,16781056,54935311,54459972,469672,0,469672,0,9968,0,4984,0,0,0,51901,51901,31842496,0,4096,0,0,0,4984,0,4157489610,0,4157489626,0,0,0,0,0,0,0,0,0,4096,256,131072,4,15|4,0,67108864,262144,256,0,0,0,0,596,0,584,0,149,146,0,1,596,0|252,581859446,8,0,0,38273024,0,38273024,0,117582,0,0,146,0,0,0,0,0,0,0,7136672,0,0,0,0,0
1785897610621|1009|stream_lane3_unavailable|rotating|218,1378943233,33556599,55050217,54574759,54579605,54574759,54579605,54574759,52160,52012,52010,52010,0,0,4994,0,1605455592,1605454310,4096,4096,0,0,52011,52011,4146432734,4146432702,4146432702,4146432710,0,0,0,0,0,0,0,0,4096,256,131072,4,15|4,0,67108864,262144,256,0,0,0,0,600,0,588,0,150,147,0,1,600,0|252,4192005721,7,38550976,0,0,0,0,0,40945908,0,147,0,2884885154,0,2884885154,0,2080,2868173050,0,26046820,0,0,0,0,0
1785897615625|1009|stream_lane3_unavailable|fixed|220,1378943233,16781056,61046456,60519089,521876,0,521876,0,11076,0,5538,0,0,0,57675,57675,35381936,0,4096,0,0,0,5538,0,182777361,0,182777369,0,0,0,0,0,0,0,0,0,4096,256,131072,4,15|5,0,67108864,262144,256,0,0,0,0,664,0,652,0,166,163,0,1,664,0|254,901037061,8,0,0,42729472,0,42729472,0,130586,0,0,163,0,0,0,0,0,0,0,7179272,0,0,0,0,0
1785897615625|1009|stream_lane3_unavailable|rotating|220,1378943233,33556599,61132404,60603358,60609679,60603358,60609679,60603358,57923,57758,57756,57755,0,0,5547,0,1782819567,1782789608,4096,4096,0,0,57757,57756,170453377,170453422,170453393,170453398,0,0,0,0,0,0,0,0,4096,256,131072,4,15|4,0,67108864,262144,256,0,0,0,0,664,0,652,0,166,163,0,1,664,0|254,215458443,8,42800608,0,0,0,0,0,45459295,0,163,0,3202242764,0,3202242764,0,2080,3184284535,0,28132088,0,0,0,0,0
1785897620625|1009|stream_lane3_unavailable|fixed|222,1378943233,16781056,67148693,66570084,574082,0,574082,0,12184,0,6092,0,0,0,63439,63439,38921432,0,4096,0,0,0,6092,0,502663988,0,502663996,0,0,0,0,0,0,0,0,0,4096,256,131072,4,15|4,0,67108864,262144,256,0,0,0,0,728,0,716,0,182,179,0,1,728,0|256,1220738812,8,0,0,46923776,0,46923776,0,143615,0,0,179,0,0,0,0,0,0,0,7210583,0,0,0,0,0
1785897620625|1009|stream_lane3_unavailable|rotating|222,1378943233,33556599,67224943,66645764,66650201,66645764,66650201,66645764,63694,63514,63511,63511,0,0,6099,0,1960484136,1960480730,4096,4096,0,0,63512,63512,489863758,489863751,489863734,489863759,0,0,0,0,0,0,0,0,4096,256,131072,4,15|4,0,67108864,262144,256,0,0,0,0,728,0,716,0,182,179,0,1,728,0|256,535395100,8,47073952,0,0,0,0,0,49994248,0,179,0,3521111085,0,3521111085,0,2080,3501926353,0,30202825,0,0,0,0,0
1785897625630|1009|stream_lane3_unavailable|fixed|224,1378943233,16781056,73255751,72624456,626289,0,626289,0,13292,0,6646,0,0,0,69208,69208,42460912,0,4096,0,0,0,6646,0,822909677,0,822909685,0,0,0,0,0,0,0,0,0,4096,256,131072,4,15|4,0,67108864,262144,256,0,0,0,0,792,0,780,0,198,195,0,1,792,0|258,1541231807,8,0,0,51118080,0,51118080,0,156690,0,0,195,0,0,0,0,0,0,0,7241621,0,0,0,0,0
1785897625630|1009|stream_lane3_unavailable|rotating|224,1378943233,33556599,73329534,72696869,72702582,72696869,72702582,72696869,69477,69280,69278,69277,0,0,6653,0,2138478784,2138449839,4096,4096,0,0,69279,69278,809868010,809867966,809867978,809867974,0,0,0,0,0,0,0,0,4096,256,131072,4,15|4,0,67108864,262144,256,0,0,0,0,792,0,780,0,198,195,0,1,792,0|258,854676308,8,51331488,0,0,0,0,0,54520254,0,195,0,3839327909,0,3839327909,0,2080,3818907543,0,32279299,0,0,0,0,0
1785897630645|1009|stream_lane3_unavailable|fixed|226,1378943233,16781056,79379578,78696161,678684,0,678684,0,14404,0,7202,0,0,0,74995,74995,46013120,0,4096,0,0,0,7202,0,1144340592,0,1144340600,0,0,0,0,0,0,0,0,0,4096,256,131072,4,15|4,0,67108864,262144,256,0,0,0,0,856,0,844,0,214,211,0,1,856,0|260,1862204122,8,0,0,55312384,0,55312384,0,169765,0,0,211,0,0,0,0,0,0,0,7274292,0,0,0,0,0
1785897630645|1009|stream_lane3_unavailable|rotating|226,1378943233,33556599,79443869,78760101,78764621,78760101,78764621,78760101,75271,75058,75055,75055,0,0,7208,0,2316825711,2316823090,4096,4096,0,0,75056,75056,1130653471,1130653468,1130653479,1130653476,0,0,0,0,0,0,0,0,4096,256,131072,4,15|4,0,67108864,262144,256,0,0,0,0,860,0,848,0,215,212,0,1,860,0|260,1175383360,8,55606144,0,0,0,0,0,59063287,0,212,0,4158966297,0,4158966297,0,2080,4137169357,0,34495810,0,0,0,0,0
1785897635645|1009|stream_lane3_unavailable|fixed|228,1378943233,16781056,85477718,84742064,730890,0,730890,0,15512,0,7756,0,0,0,80756,80756,49552616,0,4096,0,0,0,7756,0,1464231669,0,1464231677,0,0,0,0,0,0,0,0,0,4096,256,131072,4,15|4,0,67108864,262144,256,0,0,0,0,924,0,912,0,231,228,0,1,924,0|262,2181955194,8,0,0,59768832,0,59768832,0,182816,0,0,228,0,0,0,0,0,0,0,7315518,0,0,0,0,0
1785897635645|1009|stream_lane3_unavailable|rotating|228,1378943233,33556599,85552036,84815727,84820580,84815727,84820580,84815727,81058,80829,80826,80826,0,0,7762,0,2494948877,2494943114,4096,4096,0,0,80827,80827,1450874951,1450874946,1450874967,1450874954,0,0,0,0,0,0,0,0,4096,256,131072,4,15|4,0,67108864,262144,256,0,0,0,0,924,0,912,0,231,228,0,1,924,0|262,1496421245,8,59895296,0,0,0,0,0,63614175,0,228,0,183964598,1,183964598,1,2080,160941776,1,36569320,0,0,0,0,0
1785897640652|1009|stream_lane3_unavailable|fixed|230,1378943233,16781056,91590312,90802113,783097,0,783097,0,16620,0,8310,0,0,0,86531,86530,53092104,0,4096,0,0,0,8310,0,1784477246,0,1784477254,0,0,0,0,0,0,0,0,0,4096,256,131072,4,15|4,0,67108864,262144,256,0,0,0,0,988,0,976,0,247,244,0,1,988,0|264,2502449267,8,0,0,63963136,0,63963136,0,195868,0,0,244,0,0,0,0,0,0,0,7343106,0,0,0,0,0
1785897640652|1009|stream_lane3_unavailable|rotating|230,1378943233,33558272,91662169,90873266,90878505,90873266,90878505,90873266,86847,86600,86599,86598,0,0,8316,0,2673140808,2673107784,4096,4096,0,0,86599,86598,1771202561,1771197222,1771202569,1771197230,0,0,0,0,0,0,0,0,4096,256,131072,4,15|4,0,67108864,262144,256,0,0,0,0,988,0,976,0,247,244,0,1,988,0|264,1815886005,8,64152832,0,0,0,0,0,68142761,0,244,0,502364974,1,502364974,1,2080,478106608,1,38645704,0,0,0,0,0
1785897649942|1010|stream_clean_after_lane3|fixed|234,1378943233,16781056,6153001,6068400,69737,0,69737,0,1480,0,740,0,0,0,5797,5797,4727776,0,4096,0,0,0,740,0,2379383291,0,2379383299,0,0,0,0,0,0,0,0,0,4096,256,131072,4,15|4,0,67108864,262144,256,0,0,0,0,96,0,84,0,24,21,0,1,96,0|272,3097199864,8,0,0,5505024,0,5505024,0,17575,0,0,21,0,0,0,0,0,0,0,6883796,0,0,0,0,0
1785897649942|1010|stream_clean_after_lane3|rotating|234,1378943233,33554687,6217353,6131268,6146865,6131268,6146865,6131268,5882,5858,5857,5857,0,0,748,0,180808424,180450093,4096,4096,0,0,5858,5858,2365643381,2365643362,2365643333,2365643370,0,0,0,0,0,0,0,0,4096,256,131072,4,15|4,0,67108864,262144,256,0,0,0,0,100,0,88,0,25,22,0,1,100,0|272,2410278105,8,5806688,0,0,0,0,0,6166367,0,22,0,322955665,0,322955665,0,2080,316051264,0,9781069,0,0,0,0,0
1785897654943|1010|stream_clean_after_lane3|fixed|236,1378943233,16781056,12420963,12250056,140788,0,140788,0,2988,0,1494,0,0,0,11701,11701,9545064,0,4096,0,0,0,1494,0,2699092700,0,2699092708,0,0,0,0,0,0,0,0,0,4096,256,131072,4,15|4,0,67108864,262144,256,0,0,0,0,188,0,176,0,47,44,0,1,188,0|274,3417201480,8,0,0,11534336,0,11534336,0,35362,0,0,44,0,0,0,0,0,0,0,6923051,0,0,0,0,0
1785897654943|1010|stream_clean_after_lane3|rotating|236,1378943233,33554687,12493876,12321298,12352145,12321298,12352145,12321298,11816,11770,11769,11769,0,0,1504,0,363298136,362582490,4096,4096,0,0,11770,11770,2685996304,2685996293,2685996280,2685996301,0,0,0,0,0,0,0,0,4096,256,131072,4,15|4,0,67108864,262144,256,0,0,0,0,188,0,176,0,47,44,0,1,188,0|274,2730754196,8,11637088,0,0,0,0,0,12358658,0,44,0,641974156,0,641974156,0,2080,633360096,0,12641792,0,0,0,0,0
1785897659951|1010|stream_clean_after_lane3|fixed|238,1378943233,16781056,18694151,18434959,212124,0,212124,0,4502,0,2251,0,0,0,17613,17613,14381512,0,4096,0,0,0,2251,0,3019891298,0,3019891306,0,0,0,0,0,0,0,0,0,4096,256,131072,4,15|4,0,67108864,262144,256,0,0,0,0,276,0,264,0,69,66,0,1,276,0|276,3737771988,8,0,0,17301504,0,17301504,0,53172,0,0,66,0,0,0,0,0,0,0,6966851,0,0,0,0,0
1785897659951|1010|stream_clean_after_lane3|rotating|238,1378943233,33554687,18769206,18509191,18556233,18509191,18556233,18509191,17753,17685,17684,17684,0,0,2260,0,545870655,544796098,4096,4096,0,0,17685,17685,3006493213,3006493202,3006493221,3006493210,0,0,0,0,0,0,0,0,4096,256,131072,4,15|4,0,67108864,262144,256,0,0,0,0,276,0,264,0,69,66,0,1,276,0|276,3051644352,8,17475392,0,0,0,0,0,18554573,0,66,0,961404736,0,961404736,0,2080,951085324,0,15499905,0,0,0,0,0
1785897664951|1010|stream_clean_after_lane3|fixed|240,1378943233,16781056,24967261,24621322,283273,0,283273,0,6012,0,3006,0,0,0,23522,23522,19205160,0,4096,0,0,0,3006,0,3340023552,0,3340023560,0,0,0,0,0,0,0,0,0,4096,256,131072,4,15|4,0,67108864,262144,256,0,0,0,0,364,0,352,0,91,88,0,1,364,0|278,4058499713,8,0,0,23068672,0,23068672,0,70983,0,0,88,0,0,0,0,0,0,0,7008125,0,0,0,0,0
1785897664951|1010|stream_clean_after_lane3|rotating|240,1378943233,33554687,25058647,24711767,24774336,24711767,24774336,24711767,23699,23609,23608,23608,0,0,3017,0,728743020,727308935,4096,4096,0,0,23609,23609,3327498782,3327498819,3327498790,3327498827,0,0,0,0,0,0,0,0,4096,256,131072,4,15|4,0,67108864,262144,256,0,0,0,0,364,0,352,0,91,88,0,1,364,0|278,3373033522,8,23321600,0,0,0,0,0,24763922,0,88,0,1281332354,0,1281332354,0,2048,1269312801,0,18354504,0,0,0,0,0
1785897669966|1010|stream_clean_after_lane3|fixed|242,1378943233,16781056,31254750,30823420,354612,0,354612,0,7526,0,3763,0,0,0,29445,29445,24041576,0,4096,0,0,0,3763,0,3661024793,0,3661024801,0,0,0,0,0,0,0,0,0,4096,256,131072,4,15|4,0,67108864,262144,256,0,0,0,0,452,0,440,0,113,110,0,1,452,0|280,83971916,9,0,0,28835840,0,28835840,0,88793,0,0,110,0,0,0,0,0,0,0,7052828,0,0,0,0,0
1785897669966|1010|stream_clean_after_lane3|rotating|242,1378943233,33558272,31346147,30913103,30990503,30913103,30990503,30913103,29645,29532,29532,29532,0,0,3774,0,911591904,909781208,4096,4096,0,0,29532,29532,3648588228,3648588561,3648588236,3648588569,0,0,0,0,0,0,0,0,4096,256,131072,4,15|4,0,67108864,262144,256,0,0,0,0,456,0,444,0,114,111,0,1,456,0|280,3694737584,8,29169120,0,0,0,0,0,30976345,0,111,0,1601574536,0,1601574536,0,2080,1587711544,0,21348104,0,0,0,0,0
1785897674981|1010|stream_clean_after_lane3|fixed|244,1378943233,16781056,37539415,37021954,425849,0,425849,0,9038,0,4519,0,0,0,35366,35366,28871608,0,4096,0,0,0,4519,0,3981588319,0,3981588327,0,0,0,0,0,0,0,0,0,4096,256,131072,4,15|4,0,67108864,262144,256,0,0,0,0,544,0,532,0,136,133,0,1,544,0|282,404834810,9,0,0,34865152,0,34865152,0,106627,0,0,133,0,0,0,0,0,0,0,7098669,0,0,0,0,0
1785897674981|1010|stream_clean_after_lane3|rotating|244,1378943233,33554687,37614512,37095568,37187720,37095568,37187720,37095568,35572,35438,35436,35436,0,0,4529,0,1093852633,1091682884,4096,4096,0,0,35437,35437,3968548739,3968548744,3968548747,3968548752,0,0,0,0,0,0,0,0,4096,256,131072,4,15|4,0,67108864,262144,256,0,0,0,0,544,0,532,0,136,133,0,1,544,0|282,4013159863,8,34960000,0,0,0,0,0,37128521,0,133,0,1918549095,0,1918549095,0,2080,1902971585,0,24205201,0,0,0,0,0
1785897679992|1010|stream_clean_after_lane3|fixed|246,1378943233,16781056,43820393,43215081,497186,0,497186,0,10552,0,5276,0,0,0,41282,41282,33708056,0,4096,0,0,0,5276,0,7416846,0,7416854,0,0,0,0,0,0,0,0,0,4096,256,131072,4,15|4,0,67108864,262144,256,0,0,0,0,632,0,620,0,158,155,0,1,632,0|284,725484912,9,0,0,40632320,0,40632320,0,124438,0,0,155,0,0,0,0,0,0,0,7147508,0,0,0,0,0
1785897679992|1010|stream_clean_after_lane3|rotating|246,1378943233,33554687,43911780,43305350,43413556,43305350,43413556,43305350,41526,41370,41369,41369,0,0,5287,0,1276975375,1274444698,4096,4096,0,0,41369,41369,4289984195,4289984544,4289984211,4289984552,0,0,0,0,0,0,0,0,4096,256,131072,4,15|4,0,67108864,262144,256,0,0,0,0,632,0,620,0,158,155,0,1,632,0|284,39705701,9,40806208,0,0,0,0,0,43339879,0,155,0,2238600677,0,2238600677,0,2080,2221322415,0,27060411,0,0,0,0,0
1785897684998|1010|stream_clean_after_lane3|fixed|248,1378943233,16781056,50096914,49404724,568429,0,568429,0,12064,0,6032,0,0,0,47195,47195,38538096,0,4096,0,0,0,6032,0,327985641,0,327985649,0,0,0,0,0,0,0,0,0,4096,256,131072,4,15|4,0,67108864,262144,256,0,0,0,0,720,0,708,0,180,177,0,1,720,0|286,1045913130,9,0,0,46399488,0,46399488,0,142249,0,0,177,0,0,0,0,0,0,0,7191435,0,0,0,0,0
1785897684998|1010|stream_clean_after_lane3|rotating|248,1378943233,33554687,50173155,49480173,49603875,49480173,49603875,49480173,47446,47268,47266,47266,0,0,6041,0,1459029167,1456140274,4096,4096,0,0,47267,47267,314614653,314614650,314614661,314614658,0,0,0,0,0,0,0,0,4096,256,131072,4,15|4,0,67108864,262144,256,0,0,0,0,720,0,708,0,180,177,0,1,720,0|286,360082383,9,46636608,0,0,0,0,0,49530098,0,177,0,2557519759,0,2557519759,0,2080,2538531175,0,29921797,0,0,0,0,0
1785897690012|1010|stream_clean_after_lane3|fixed|250,1378943233,16781056,56388561,55608834,639768,0,639768,0,13578,0,6789,0,0,0,53121,53121,43374512,0,4096,0,0,0,6789,0,648980448,0,648980456,0,0,0,0,0,0,0,0,0,4096,256,131072,4,15|4,0,67108864,262144,256,0,0,0,0,808,0,796,0,202,199,0,1,808,0|288,1366880076,9,0,0,52166656,0,52166656,0,160082,0,0,199,0,0,0,0,0,0,0,7229142,0,0,0,0,0
1785897690012|1010|stream_clean_after_lane3|rotating|250,1378943233,33556360,56456400,55675993,55815883,55675993,55815883,55675993,53386,53186,53185,53185,0,0,6797,0,1641713080,1638465800,4096,4096,0,0,53185,53185,635291445,635291794,635291453,635291802,0,0,0,0,0,0,0,0,4096,256,131072,4,15|4,0,67108864,262144,256,0,0,0,0,812,0,800,0,203,200,0,1,812,0|288,680817676,9,52468320,0,0,0,0,0,55723843,0,200,0,2876797124,0,2876797124,0,2080,2855966945,0,32910159,0,0,0,0,0
1785897695022|1010|stream_clean_after_lane3|fixed|252,1378943233,16781056,62669001,61802933,711005,0,711005,0,15090,0,7545,0,0,0,59038,59038,48204544,0,4096,0,0,0,7545,0,969549516,0,969549524,0,0,0,0,0,0,0,0,0,4096,256,131072,4,15|4,0,67108864,262144,256,0,0,0,0,900,0,888,0,225,222,0,1,900,0|290,1687392867,9,0,0,58195968,0,58195968,0,177892,0,0,222,0,0,0,0,0,0,0,7272835,0,0,0,0,0
1785897695022|1010|stream_clean_after_lane3|rotating|252,1378943233,33554687,62745785,61878257,62033837,61878257,62033837,61878257,59335,59112,59110,59110,0,0,7555,0,1824621536,1820998195,4096,4096,0,0,59111,59111,956507885,956507890,956507893,956507898,0,0,0,0,0,0,0,0,4096,256,131072,4,15|4,0,67108864,262144,256,0,0,0,0,900,0,888,0,225,222,0,1,900,0|290,1001667090,9,58298720,0,0,0,0,0,61922026,0,222,0,3196188938,0,3196188938,0,2080,3173649666,0,35770316,0,0,0,0,0
1785897700023|1010|stream_clean_after_lane3|fixed|254,1378943233,16781056,68935035,67981829,782154,0,782154,0,16600,0,8300,0,0,0,64940,64940,53028200,0,4096,0,0,0,8300,0,1289489639,0,1289489647,0,0,0,0,0,0,0,0,0,4096,256,131072,4,15|4,0,67108864,262144,256,0,0,0,0,988,0,976,0,247,244,0,1,988,0|292,2007505205,9,0,0,63963136,0,63963136,0,195680,0,0,244,0,0,0,0,0,0,0,7320244,0,0,0,0,0
1785897700023|1010|stream_clean_after_lane3|rotating|254,1378943233,33554687,69008881,68054812,68225879,68054812,68225879,68054812,65256,65011,65010,65010,0,0,8309,0,2006725699,2002743406,4096,4096,0,0,65010,65010,1276176897,1276177222,1276176905,1276177230,0,0,0,0,0,0,0,0,4096,256,131072,4,15|4,0,67108864,262144,256,0,0,0,0,988,0,976,0,247,244,0,1,988,0|292,1320995096,9,64105408,0,0,0,0,0,68091202,0,244,0,3514065272,0,3514065272,0,2080,3489811664,0,38630625,0,0,0,0,0
