captured_ms|sequence|label|role|data_ro|dirm0|oen0
1785976980178|0|SAFE_BOOT|fixed|1346371075|8193|8193
1785976980178|0|SAFE_BOOT|rotating|1346371075|8193|8193
1785976980331|1001|tune_p10_3_baseline_f2r_00000_4194304_active|fixed|1346371075|8193|8193
1785976980331|1001|tune_p10_3_baseline_f2r_00000_4194304_active|rotating|1350557187|8193|8193
1785976984424|1001|tune_p10_3_baseline_f2r_00000_4194304_terminal|fixed|1346371075|8193|8193
1785976984424|1001|tune_p10_3_baseline_f2r_00000_4194304_terminal|rotating|1346371075|8193|8193
1785976984712|1002|tune_p10_3_baseline_f2r_00001_4194304_active|fixed|1350565379|8193|8193
1785976984712|1002|tune_p10_3_baseline_f2r_00001_4194304_active|rotating|1346362883|8193|8193
1785976988784|1002|tune_p10_3_baseline_f2r_00001_4194304_terminal|fixed|1350565379|8193|8193
1785976988784|1002|tune_p10_3_baseline_f2r_00001_4194304_terminal|rotating|1346371075|8193|8193
1785976989125|1003|tune_p10_3_baseline_f2r_00002_4194304_active|fixed|1346371075|8193|8193
1785976989125|1003|tune_p10_3_baseline_f2r_00002_4194304_active|rotating|1346362883|8193|8193
1785976993205|1003|tune_p10_3_baseline_f2r_00002_4194304_terminal|fixed|1350565379|8193|8193
1785976993205|1003|tune_p10_3_baseline_f2r_00002_4194304_terminal|rotating|1346371075|8193|8193
1785976993512|1004|tune_p10_3_baseline_f2r_00003_1048576_active|fixed|1350565379|8193|8193
1785976993512|1004|tune_p10_3_baseline_f2r_00003_1048576_active|rotating|1346362883|8193|8193
1785976994885|1004|tune_p10_3_baseline_f2r_00003_1048576_terminal|fixed|1346371075|8193|8193
1785976994885|1004|tune_p10_3_baseline_f2r_00003_1048576_terminal|rotating|1346371075|8193|8193
1785976995184|1005|tune_p10_3_baseline_f2r_00004_1048576_active|fixed|1350565379|8193|8193
1785976995184|1005|tune_p10_3_baseline_f2r_00004_1048576_active|rotating|1350557187|8193|8193
1785976996539|1005|tune_p10_3_baseline_f2r_00004_1048576_terminal|fixed|1346371075|8193|8193
1785976996539|1005|tune_p10_3_baseline_f2r_00004_1048576_terminal|rotating|1346371075|8193|8193
1785976996918|1006|tune_p10_3_baseline_f2r_00005_1048576_active|fixed|1346371075|8193|8193
1785976996918|1006|tune_p10_3_baseline_f2r_00005_1048576_active|rotating|1350557187|8193|8193
1785976998327|1006|tune_p10_3_baseline_f2r_00005_1048576_terminal|fixed|1346371075|8193|8193
1785976998327|1006|tune_p10_3_baseline_f2r_00005_1048576_terminal|rotating|1350565379|8193|8193
1785976998664|1007|tune_p10_3_baseline_f2r_00006_1048576_active|fixed|1350565379|8193|8193
1785976998664|1007|tune_p10_3_baseline_f2r_00006_1048576_active|rotating|1350557187|8193|8193
1785977000021|1007|tune_p10_3_baseline_f2r_00006_1048576_terminal|fixed|1350565379|8193|8193
1785977000021|1007|tune_p10_3_baseline_f2r_00006_1048576_terminal|rotating|1346371075|8193|8193
1785977000350|1008|tune_p10_3_baseline_f2r_00007_1048576_active|fixed|1346371074|8193|8193
1785977000350|1008|tune_p10_3_baseline_f2r_00007_1048576_active|rotating|1346362883|8193|8193
1785977001725|1008|tune_p10_3_baseline_f2r_00007_1048576_terminal|fixed|1346371075|8193|8193
1785977001725|1008|tune_p10_3_baseline_f2r_00007_1048576_terminal|rotating|1350565379|8193|8193
1785977002031|1009|tune_p10_3_baseline_f2r_00008_1048576_active|fixed|1346371075|8193|8193
1785977002031|1009|tune_p10_3_baseline_f2r_00008_1048576_active|rotating|1346362883|8193|8193
1785977003512|1009|tune_p10_3_baseline_f2r_00008_1048576_terminal|fixed|1346371075|8193|8193
1785977003512|1009|tune_p10_3_baseline_f2r_00008_1048576_terminal|rotating|1346371075|8193|8193
1785977003962|1010|tune_p10_3_baseline_f2r_00009_1048576_active|fixed|1346371075|8193|8193
1785977003962|1010|tune_p10_3_baseline_f2r_00009_1048576_active|rotating|1350557187|8193|8193
1785977005368|1010|tune_p10_3_baseline_f2r_00009_1048576_terminal|fixed|1350565379|8193|8193
1785977005368|1010|tune_p10_3_baseline_f2r_00009_1048576_terminal|rotating|1350565379|8193|8193
1785977010353|1011|tune_p10_3_baseline_r2f_00000_4194304_active|fixed|1346362883|8193|8193
1785977010353|1011|tune_p10_3_baseline_r2f_00000_4194304_active|rotating|1346371075|8193|8193
1785977014447|1011|tune_p10_3_baseline_r2f_00000_4194304_terminal|fixed|1346371075|8193|8193
1785977014447|1011|tune_p10_3_baseline_r2f_00000_4194304_terminal|rotating|1346371075|8193|8193
1785977014779|1012|tune_p10_3_baseline_r2f_00001_4194304_active|fixed|1350557187|8193|8193
1785977014779|1012|tune_p10_3_baseline_r2f_00001_4194304_active|rotating|1346371075|8193|8193
1785977018849|1012|tune_p10_3_baseline_r2f_00001_4194304_terminal|fixed|1346371075|8193|8193
1785977018849|1012|tune_p10_3_baseline_r2f_00001_4194304_terminal|rotating|1350565379|8193|8193
1785977019183|1013|tune_p10_3_baseline_r2f_00002_4194304_active|fixed|1350557187|8193|8193
1785977019183|1013|tune_p10_3_baseline_r2f_00002_4194304_active|rotating|1350565379|8193|8193
1785977023263|1013|tune_p10_3_baseline_r2f_00002_4194304_terminal|fixed|1346371075|8193|8193
1785977023263|1013|tune_p10_3_baseline_r2f_00002_4194304_terminal|rotating|1350565379|8193|8193
1785977023594|1014|tune_p10_3_baseline_r2f_00003_1048576_active|fixed|1346362883|8193|8193
1785977023594|1014|tune_p10_3_baseline_r2f_00003_1048576_active|rotating|1350565379|8193|8193
1785977024962|1014|tune_p10_3_baseline_r2f_00003_1048576_terminal|fixed|1346371075|8193|8193
1785977024962|1014|tune_p10_3_baseline_r2f_00003_1048576_terminal|rotating|1350565379|8193|8193
1785977025285|1015|tune_p10_3_baseline_r2f_00004_1048576_active|fixed|1350557187|8193|8193
1785977025285|1015|tune_p10_3_baseline_r2f_00004_1048576_active|rotating|1350565379|8193|8193
1785977026672|1015|tune_p10_3_baseline_r2f_00004_1048576_terminal|fixed|1346371075|8193|8193
1785977026672|1015|tune_p10_3_baseline_r2f_00004_1048576_terminal|rotating|1350565379|8193|8193
1785977027015|1016|tune_p10_3_baseline_r2f_00005_1048576_active|fixed|1346362883|8193|8193
1785977027015|1016|tune_p10_3_baseline_r2f_00005_1048576_active|rotating|1350565379|8193|8193
1785977028409|1016|tune_p10_3_baseline_r2f_00005_1048576_terminal|fixed|1350565379|8193|8193
1785977028409|1016|tune_p10_3_baseline_r2f_00005_1048576_terminal|rotating|1346371075|8193|8193
1785977028775|1017|tune_p10_3_baseline_r2f_00006_1048576_active|fixed|1346362883|8193|8193
1785977028775|1017|tune_p10_3_baseline_r2f_00006_1048576_active|rotating|1350565379|8193|8193
1785977030194|1017|tune_p10_3_baseline_r2f_00006_1048576_terminal|fixed|1346371075|8193|8193
1785977030194|1017|tune_p10_3_baseline_r2f_00006_1048576_terminal|rotating|1350565379|8193|8193
1785977030490|1018|tune_p10_3_baseline_r2f_00007_1048576_active|fixed|1350557187|8193|8193
1785977030490|1018|tune_p10_3_baseline_r2f_00007_1048576_active|rotating|1350565379|8193|8193
1785977031876|1018|tune_p10_3_baseline_r2f_00007_1048576_terminal|fixed|1346371075|8193|8193
1785977031876|1018|tune_p10_3_baseline_r2f_00007_1048576_terminal|rotating|1350565379|8193|8193
1785977032173|1019|tune_p10_3_baseline_r2f_00008_1048576_active|fixed|1346362883|8193|8193
1785977032173|1019|tune_p10_3_baseline_r2f_00008_1048576_active|rotating|1350565379|8193|8193
1785977033507|1019|tune_p10_3_baseline_r2f_00008_1048576_terminal|fixed|1350565379|8193|8193
1785977033507|1019|tune_p10_3_baseline_r2f_00008_1048576_terminal|rotating|1350565379|8193|8193
1785977033812|1020|tune_p10_3_baseline_r2f_00009_1048576_active|fixed|1350557187|8193|8193
1785977033812|1020|tune_p10_3_baseline_r2f_00009_1048576_active|rotating|1346371075|8193|8193
1785977035198|1020|tune_p10_3_baseline_r2f_00009_1048576_terminal|fixed|1350565379|8193|8193
1785977035198|1020|tune_p10_3_baseline_r2f_00009_1048576_terminal|rotating|1350565379|8193|8193
1785977040460|1021|tune_buffers8_batch8_f2r_00000_4194304_active|fixed|1350565379|8193|8193
1785977040460|1021|tune_buffers8_batch8_f2r_00000_4194304_active|rotating|1346362883|8193|8193
1785977044716|1021|tune_buffers8_batch8_f2r_00000_4194304_terminal|fixed|1350565379|8193|8193
1785977044716|1021|tune_buffers8_batch8_f2r_00000_4194304_terminal|rotating|1346371075|8193|8193
1785977045104|1022|tune_buffers8_batch8_f2r_00001_4194304_active|fixed|1346371075|8193|8193
1785977045104|1022|tune_buffers8_batch8_f2r_00001_4194304_active|rotating|1346362883|8193|8193
1785977049248|1022|tune_buffers8_batch8_f2r_00001_4194304_terminal|fixed|1350565379|8193|8193
1785977049248|1022|tune_buffers8_batch8_f2r_00001_4194304_terminal|rotating|1350565379|8193|8193
1785977049626|1023|tune_buffers8_batch8_f2r_00002_4194304_active|fixed|1350565379|8193|8193
1785977049626|1023|tune_buffers8_batch8_f2r_00002_4194304_active|rotating|1350557187|8193|8193
1785977053813|1023|tune_buffers8_batch8_f2r_00002_4194304_terminal|fixed|1350565379|8193|8193
1785977053813|1023|tune_buffers8_batch8_f2r_00002_4194304_terminal|rotating|1350565379|8193|8193
1785977054126|1024|tune_buffers8_batch8_f2r_00003_1048576_active|fixed|1346371075|8193|8193
1785977054126|1024|tune_buffers8_batch8_f2r_00003_1048576_active|rotating|1350557187|8193|8193
1785977055476|1024|tune_buffers8_batch8_f2r_00003_1048576_terminal|fixed|1346371075|8193|8193
1785977055476|1024|tune_buffers8_batch8_f2r_00003_1048576_terminal|rotating|1350565379|8193|8193
1785977055770|1025|tune_buffers8_batch8_f2r_00004_1048576_active|fixed|1346371075|8193|8193
1785977055770|1025|tune_buffers8_batch8_f2r_00004_1048576_active|rotating|1346362883|8193|8193
1785977057209|1025|tune_buffers8_batch8_f2r_00004_1048576_terminal|fixed|1350565379|8193|8193
1785977057209|1025|tune_buffers8_batch8_f2r_00004_1048576_terminal|rotating|1350565379|8193|8193
1785977057543|1026|tune_buffers8_batch8_f2r_00005_1048576_active|fixed|1350565379|8193|8193
1785977057543|1026|tune_buffers8_batch8_f2r_00005_1048576_active|rotating|1350557187|8193|8193
1785977059004|1026|tune_buffers8_batch8_f2r_00005_1048576_terminal|fixed|1346371075|8193|8193
1785977059004|1026|tune_buffers8_batch8_f2r_00005_1048576_terminal|rotating|1346371075|8193|8193
1785977059309|1027|tune_buffers8_batch8_f2r_00006_1048576_active|fixed|1350565379|8193|8193
1785977059309|1027|tune_buffers8_batch8_f2r_00006_1048576_active|rotating|1346362883|8193|8193
1785977060698|1027|tune_buffers8_batch8_f2r_00006_1048576_terminal|fixed|1346371075|8193|8193
1785977060698|1027|tune_buffers8_batch8_f2r_00006_1048576_terminal|rotating|1350565379|8193|8193
1785977061014|1028|tune_buffers8_batch8_f2r_00007_1048576_active|fixed|1346371075|8193|8193
1785977061014|1028|tune_buffers8_batch8_f2r_00007_1048576_active|rotating|1350557187|8193|8193
1785977062572|1028|tune_buffers8_batch8_f2r_00007_1048576_terminal|fixed|1350565379|8193|8193
1785977062572|1028|tune_buffers8_batch8_f2r_00007_1048576_terminal|rotating|1350565379|8193|8193
1785977062951|1029|tune_buffers8_batch8_f2r_00008_1048576_active|fixed|1350565379|8193|8193
1785977062951|1029|tune_buffers8_batch8_f2r_00008_1048576_active|rotating|1350557187|8193|8193
1785977064451|1029|tune_buffers8_batch8_f2r_00008_1048576_terminal|fixed|1350565379|8193|8193
1785977064451|1029|tune_buffers8_batch8_f2r_00008_1048576_terminal|rotating|1346371075|8193|8193
1785977070473|1030|tune_buffers8_batch8_r2f_00000_4194304_active|fixed|1350557187|8193|8193
1785977070473|1030|tune_buffers8_batch8_r2f_00000_4194304_active|rotating|1346371075|8193|8193
1785977074644|1030|tune_buffers8_batch8_r2f_00000_4194304_terminal|fixed|1350565379|8193|8193
1785977074644|1030|tune_buffers8_batch8_r2f_00000_4194304_terminal|rotating|1350565379|8193|8193
1785977075035|1031|tune_buffers8_batch8_r2f_00001_4194304_active|fixed|1350557187|8193|8193
1785977075035|1031|tune_buffers8_batch8_r2f_00001_4194304_active|rotating|1346371075|8193|8193
1785977079224|1031|tune_buffers8_batch8_r2f_00001_4194304_terminal|fixed|1346371075|8193|8193
1785977079224|1031|tune_buffers8_batch8_r2f_00001_4194304_terminal|rotating|1350565379|8193|8193
1785977079669|1032|tune_buffers8_batch8_r2f_00002_4194304_active|fixed|1350557187|8193|8193
1785977079669|1032|tune_buffers8_batch8_r2f_00002_4194304_active|rotating|1346371075|8193|8193
1785977083838|1032|tune_buffers8_batch8_r2f_00002_4194304_terminal|fixed|1350565379|8193|8193
1785977083838|1032|tune_buffers8_batch8_r2f_00002_4194304_terminal|rotating|1346371075|8193|8193
1785977084153|1033|tune_buffers8_batch8_r2f_00003_1048576_active|fixed|1346362883|8193|8193
1785977084153|1033|tune_buffers8_batch8_r2f_00003_1048576_active|rotating|1346371075|8193|8193
1785977085541|1033|tune_buffers8_batch8_r2f_00003_1048576_terminal|fixed|1346371075|8193|8193
1785977085541|1033|tune_buffers8_batch8_r2f_00003_1048576_terminal|rotating|1350565379|8193|8193
1785977085864|1034|tune_buffers8_batch8_r2f_00004_1048576_active|fixed|1350557187|8193|8193
1785977085864|1034|tune_buffers8_batch8_r2f_00004_1048576_active|rotating|1346371075|8193|8193
1785977087278|1034|tune_buffers8_batch8_r2f_00004_1048576_terminal|fixed|1350565379|8193|8193
1785977087278|1034|tune_buffers8_batch8_r2f_00004_1048576_terminal|rotating|1350565379|8193|8193
1785977087587|1035|tune_buffers8_batch8_r2f_00005_1048576_active|fixed|1346362883|8193|8193
1785977087587|1035|tune_buffers8_batch8_r2f_00005_1048576_active|rotating|1350565379|8193|8193
1785977089035|1035|tune_buffers8_batch8_r2f_00005_1048576_terminal|fixed|1350565379|8193|8193
1785977089035|1035|tune_buffers8_batch8_r2f_00005_1048576_terminal|rotating|1346371075|8193|8193
1785977089330|1036|tune_buffers8_batch8_r2f_00006_1048576_active|fixed|1350557187|8193|8193
1785977089330|1036|tune_buffers8_batch8_r2f_00006_1048576_active|rotating|1346371075|8193|8193
1785977090727|1036|tune_buffers8_batch8_r2f_00006_1048576_terminal|fixed|1350565379|8193|8193
1785977090727|1036|tune_buffers8_batch8_r2f_00006_1048576_terminal|rotating|1350565379|8193|8193
1785977091041|1037|tune_buffers8_batch8_r2f_00007_1048576_active|fixed|1350557187|8193|8193
1785977091041|1037|tune_buffers8_batch8_r2f_00007_1048576_active|rotating|1346371075|8193|8193
1785977092407|1037|tune_buffers8_batch8_r2f_00007_1048576_terminal|fixed|1350565379|8193|8193
1785977092407|1037|tune_buffers8_batch8_r2f_00007_1048576_terminal|rotating|1350565379|8193|8193
1785977092712|1038|tune_buffers8_batch8_r2f_00008_1048576_active|fixed|1350557187|8193|8193
1785977092712|1038|tune_buffers8_batch8_r2f_00008_1048576_active|rotating|1346371075|8193|8193
1785977094071|1038|tune_buffers8_batch8_r2f_00008_1048576_terminal|fixed|1346371075|8193|8193
1785977094071|1038|tune_buffers8_batch8_r2f_00008_1048576_terminal|rotating|1346371075|8193|8193
1785977100526|1039|tune_buffers8_batch16_f2r_00000_4194304_active|fixed|1346371075|8193|8193
1785977100526|1039|tune_buffers8_batch16_f2r_00000_4194304_active|rotating|1346362883|8193|8193
1785977104750|1039|tune_buffers8_batch16_f2r_00000_4194304_terminal|fixed|1350565379|8193|8193
1785977104750|1039|tune_buffers8_batch16_f2r_00000_4194304_terminal|rotating|1350565379|8193|8193
1785977105145|1040|tune_buffers8_batch16_f2r_00001_4194304_active|fixed|1350565379|8193|8193
1785977105145|1040|tune_buffers8_batch16_f2r_00001_4194304_active|rotating|1346362883|8193|8193
1785977109281|1040|tune_buffers8_batch16_f2r_00001_4194304_terminal|fixed|1346371075|8193|8193
1785977109281|1040|tune_buffers8_batch16_f2r_00001_4194304_terminal|rotating|1346371075|8193|8193
1785977109658|1041|tune_buffers8_batch16_f2r_00002_4194304_active|fixed|1350565379|8193|8193
1785977109658|1041|tune_buffers8_batch16_f2r_00002_4194304_active|rotating|1350557187|8193|8193
1785977113787|1041|tune_buffers8_batch16_f2r_00002_4194304_terminal|fixed|1346371075|8193|8193
1785977113787|1041|tune_buffers8_batch16_f2r_00002_4194304_terminal|rotating|1346371075|8193|8193
1785977114116|1042|tune_buffers8_batch16_f2r_00003_1048576_active|fixed|1346371075|8193|8193
1785977114116|1042|tune_buffers8_batch16_f2r_00003_1048576_active|rotating|1346362883|8193|8193
1785977115512|1042|tune_buffers8_batch16_f2r_00003_1048576_terminal|fixed|1346371075|8193|8193
1785977115512|1042|tune_buffers8_batch16_f2r_00003_1048576_terminal|rotating|1346371075|8193|8193
1785977115834|1043|tune_buffers8_batch16_f2r_00004_1048576_active|fixed|1350565379|8193|8193
1785977115834|1043|tune_buffers8_batch16_f2r_00004_1048576_active|rotating|1350557187|8193|8193
1785977117273|1043|tune_buffers8_batch16_f2r_00004_1048576_terminal|fixed|1346371075|8193|8193
1785977117273|1043|tune_buffers8_batch16_f2r_00004_1048576_terminal|rotating|1346371075|8193|8193
1785977117630|1044|tune_buffers8_batch16_f2r_00005_1048576_active|fixed|1350565379|8193|8193
1785977117630|1044|tune_buffers8_batch16_f2r_00005_1048576_active|rotating|1346362883|8193|8193
1785977119024|1044|tune_buffers8_batch16_f2r_00005_1048576_terminal|fixed|1346371075|8193|8193
1785977119024|1044|tune_buffers8_batch16_f2r_00005_1048576_terminal|rotating|1346371075|8193|8193
1785977119342|1045|tune_buffers8_batch16_f2r_00006_1048576_active|fixed|1350565379|8193|8193
1785977119342|1045|tune_buffers8_batch16_f2r_00006_1048576_active|rotating|1350557187|8193|8193
1785977120732|1045|tune_buffers8_batch16_f2r_00006_1048576_terminal|fixed|1346371075|8193|8193
1785977120732|1045|tune_buffers8_batch16_f2r_00006_1048576_terminal|rotating|1350565379|8193|8193
1785977121044|1046|tune_buffers8_batch16_f2r_00007_1048576_active|fixed|1350565379|8193|8193
1785977121044|1046|tune_buffers8_batch16_f2r_00007_1048576_active|rotating|1350557187|8193|8193
1785977122385|1046|tune_buffers8_batch16_f2r_00007_1048576_terminal|fixed|1350565379|8193|8193
1785977122385|1046|tune_buffers8_batch16_f2r_00007_1048576_terminal|rotating|1350565379|8193|8193
1785977122679|1047|tune_buffers8_batch16_f2r_00008_1048576_active|fixed|1350565379|8193|8193
1785977122679|1047|tune_buffers8_batch16_f2r_00008_1048576_active|rotating|1346362883|8193|8193
1785977124078|1047|tune_buffers8_batch16_f2r_00008_1048576_terminal|fixed|1346371075|8193|8193
1785977124078|1047|tune_buffers8_batch16_f2r_00008_1048576_terminal|rotating|1350565379|8193|8193
1785977130496|1048|tune_buffers8_batch16_r2f_00000_4194304_active|fixed|1350557187|8193|8193
1785977130496|1048|tune_buffers8_batch16_r2f_00000_4194304_active|rotating|1350565379|8193|8193
1785977134725|1048|tune_buffers8_batch16_r2f_00000_4194304_terminal|fixed|1350565379|8193|8193
1785977134725|1048|tune_buffers8_batch16_r2f_00000_4194304_terminal|rotating|1350565379|8193|8193
1785977135103|1049|tune_buffers8_batch16_r2f_00001_4194304_active|fixed|1350557187|8193|8193
1785977135103|1049|tune_buffers8_batch16_r2f_00001_4194304_active|rotating|1350565379|8193|8193
1785977139275|1049|tune_buffers8_batch16_r2f_00001_4194304_terminal|fixed|1350565379|8193|8193
1785977139275|1049|tune_buffers8_batch16_r2f_00001_4194304_terminal|rotating|1346371075|8193|8193
1785977139655|1050|tune_buffers8_batch16_r2f_00002_4194304_active|fixed|1350557187|8193|8193
1785977139655|1050|tune_buffers8_batch16_r2f_00002_4194304_active|rotating|1350565379|8193|8193
1785977143776|1050|tune_buffers8_batch16_r2f_00002_4194304_terminal|fixed|1346371075|8193|8193
1785977143776|1050|tune_buffers8_batch16_r2f_00002_4194304_terminal|rotating|1350565379|8193|8193
1785977144095|1051|tune_buffers8_batch16_r2f_00003_1048576_active|fixed|1350557187|8193|8193
1785977144095|1051|tune_buffers8_batch16_r2f_00003_1048576_active|rotating|1350565379|8193|8193
1785977145473|1051|tune_buffers8_batch16_r2f_00003_1048576_terminal|fixed|1346371075|8193|8193
1785977145473|1051|tune_buffers8_batch16_r2f_00003_1048576_terminal|rotating|1350565379|8193|8193
1785977145801|1052|tune_buffers8_batch16_r2f_00004_1048576_active|fixed|1346362883|8193|8193
1785977145801|1052|tune_buffers8_batch16_r2f_00004_1048576_active|rotating|1346371075|8193|8193
1785977147264|1052|tune_buffers8_batch16_r2f_00004_1048576_terminal|fixed|1346371075|8193|8193
1785977147264|1052|tune_buffers8_batch16_r2f_00004_1048576_terminal|rotating|1350565379|8193|8193
1785977147575|1053|tune_buffers8_batch16_r2f_00005_1048576_active|fixed|1350557187|8193|8193
1785977147575|1053|tune_buffers8_batch16_r2f_00005_1048576_active|rotating|1350565379|8193|8193
1785977148995|1053|tune_buffers8_batch16_r2f_00005_1048576_terminal|fixed|1350565379|8193|8193
1785977148995|1053|tune_buffers8_batch16_r2f_00005_1048576_terminal|rotating|1346371075|8193|8193
1785977149324|1054|tune_buffers8_batch16_r2f_00006_1048576_active|fixed|1350557187|8193|8193
1785977149324|1054|tune_buffers8_batch16_r2f_00006_1048576_active|rotating|1346371075|8193|8193
1785977150740|1054|tune_buffers8_batch16_r2f_00006_1048576_terminal|fixed|1346371075|8193|8193
1785977150740|1054|tune_buffers8_batch16_r2f_00006_1048576_terminal|rotating|1346371075|8193|8193
1785977151033|1055|tune_buffers8_batch16_r2f_00007_1048576_active|fixed|1346362883|8193|8193
1785977151033|1055|tune_buffers8_batch16_r2f_00007_1048576_active|rotating|1350565379|8193|8193
1785977152405|1055|tune_buffers8_batch16_r2f_00007_1048576_terminal|fixed|1346371075|8193|8193
1785977152405|1055|tune_buffers8_batch16_r2f_00007_1048576_terminal|rotating|1346371075|8193|8193
1785977152721|1056|tune_buffers8_batch16_r2f_00008_1048576_active|fixed|1350557187|8193|8193
1785977152721|1056|tune_buffers8_batch16_r2f_00008_1048576_active|rotating|1346371075|8193|8193
1785977154109|1056|tune_buffers8_batch16_r2f_00008_1048576_terminal|fixed|1346371075|8193|8193
1785977154109|1056|tune_buffers8_batch16_r2f_00008_1048576_terminal|rotating|1350565379|8193|8193
1785977160404|1057|tune_buffers4_batch16_f2r_00000_4194304_active|fixed|1350565379|8193|8193
1785977160404|1057|tune_buffers4_batch16_f2r_00000_4194304_active|rotating|1346362883|8193|8193
1785977164481|1057|tune_buffers4_batch16_f2r_00000_4194304_terminal|fixed|1350565379|8193|8193
1785977164481|1057|tune_buffers4_batch16_f2r_00000_4194304_terminal|rotating|1346371075|8193|8193
1785977164804|1058|tune_buffers4_batch16_f2r_00001_4194304_active|fixed|1346371075|8193|8193
1785977164804|1058|tune_buffers4_batch16_f2r_00001_4194304_active|rotating|1346362883|8193|8193
1785977168908|1058|tune_buffers4_batch16_f2r_00001_4194304_terminal|fixed|1346371075|8193|8193
1785977168908|1058|tune_buffers4_batch16_f2r_00001_4194304_terminal|rotating|1346371075|8193|8193
1785977169231|1059|tune_buffers4_batch16_f2r_00002_4194304_active|fixed|1346371075|8193|8193
1785977169231|1059|tune_buffers4_batch16_f2r_00002_4194304_active|rotating|1346362883|8193|8193
1785977173292|1059|tune_buffers4_batch16_f2r_00002_4194304_terminal|fixed|1350565379|8193|8193
1785977173292|1059|tune_buffers4_batch16_f2r_00002_4194304_terminal|rotating|1350565379|8193|8193
1785977173627|1060|tune_buffers4_batch16_f2r_00003_1048576_active|fixed|1346371075|8193|8193
1785977173627|1060|tune_buffers4_batch16_f2r_00003_1048576_active|rotating|1346362883|8193|8193
1785977174973|1060|tune_buffers4_batch16_f2r_00003_1048576_terminal|fixed|1346371075|8193|8193
1785977174973|1060|tune_buffers4_batch16_f2r_00003_1048576_terminal|rotating|1350565379|8193|8193
1785977175299|1061|tune_buffers4_batch16_f2r_00004_1048576_active|fixed|1350565379|8193|8193
1785977175299|1061|tune_buffers4_batch16_f2r_00004_1048576_active|rotating|1346362883|8193|8193
1785977176695|1061|tune_buffers4_batch16_f2r_00004_1048576_terminal|fixed|1346371075|8193|8193
1785977176695|1061|tune_buffers4_batch16_f2r_00004_1048576_terminal|rotating|1346371075|8193|8193
1785977177028|1062|tune_buffers4_batch16_f2r_00005_1048576_active|fixed|1346371075|8193|8193
1785977177028|1062|tune_buffers4_batch16_f2r_00005_1048576_active|rotating|1346362883|8193|8193
1785977178458|1062|tune_buffers4_batch16_f2r_00005_1048576_terminal|fixed|1350565379|8193|8193
1785977178458|1062|tune_buffers4_batch16_f2r_00005_1048576_terminal|rotating|1350565379|8193|8193
1785977178767|1063|tune_buffers4_batch16_f2r_00006_1048576_active|fixed|1350565379|8193|8193
1785977178767|1063|tune_buffers4_batch16_f2r_00006_1048576_active|rotating|1350557187|8193|8193
1785977180138|1063|tune_buffers4_batch16_f2r_00006_1048576_terminal|fixed|1346371075|8193|8193
1785977180138|1063|tune_buffers4_batch16_f2r_00006_1048576_terminal|rotating|1346371075|8193|8193
1785977180476|1064|tune_buffers4_batch16_f2r_00007_1048576_active|fixed|1346371075|8193|8193
1785977180476|1064|tune_buffers4_batch16_f2r_00007_1048576_active|rotating|1346362883|8193|8193
1785977181859|1064|tune_buffers4_batch16_f2r_00007_1048576_terminal|fixed|1350565379|8193|8193
1785977181859|1064|tune_buffers4_batch16_f2r_00007_1048576_terminal|rotating|1350565379|8193|8193
1785977182162|1065|tune_buffers4_batch16_f2r_00008_1048576_active|fixed|1350565379|8193|8193
1785977182162|1065|tune_buffers4_batch16_f2r_00008_1048576_active|rotating|1350557187|8193|8193
1785977183529|1065|tune_buffers4_batch16_f2r_00008_1048576_terminal|fixed|1346371075|8193|8193
1785977183529|1065|tune_buffers4_batch16_f2r_00008_1048576_terminal|rotating|1346371075|8193|8193
1785977183839|1066|tune_buffers4_batch16_f2r_00009_1048576_active|fixed|1346371075|8193|8193
1785977183839|1066|tune_buffers4_batch16_f2r_00009_1048576_active|rotating|1350557187|8193|8193
1785977185215|1066|tune_buffers4_batch16_f2r_00009_1048576_terminal|fixed|1346371075|8193|8193
1785977185215|1066|tune_buffers4_batch16_f2r_00009_1048576_terminal|rotating|1346371075|8193|8193
1785977190414|1067|tune_buffers4_batch16_r2f_00000_4194304_active|fixed|1346362883|8193|8193
1785977190414|1067|tune_buffers4_batch16_r2f_00000_4194304_active|rotating|1350565379|8193|8193
1785977194523|1067|tune_buffers4_batch16_r2f_00000_4194304_terminal|fixed|1350565379|8193|8193
1785977194523|1067|tune_buffers4_batch16_r2f_00000_4194304_terminal|rotating|1350565379|8193|8193
1785977194839|1068|tune_buffers4_batch16_r2f_00001_4194304_active|fixed|1350557187|8193|8193
1785977194839|1068|tune_buffers4_batch16_r2f_00001_4194304_active|rotating|1350565379|8193|8193
1785977198887|1068|tune_buffers4_batch16_r2f_00001_4194304_terminal|fixed|1346371075|8193|8193
1785977198887|1068|tune_buffers4_batch16_r2f_00001_4194304_terminal|rotating|1346371075|8193|8193
1785977199221|1069|tune_buffers4_batch16_r2f_00002_4194304_active|fixed|1350557187|8193|8193
1785977199221|1069|tune_buffers4_batch16_r2f_00002_4194304_active|rotating|1350565379|8193|8193
1785977203268|1069|tune_buffers4_batch16_r2f_00002_4194304_terminal|fixed|1346371075|8193|8193
1785977203268|1069|tune_buffers4_batch16_r2f_00002_4194304_terminal|rotating|1350565379|8193|8193
1785977203596|1070|tune_buffers4_batch16_r2f_00003_1048576_active|fixed|1350557187|8193|8193
1785977203596|1070|tune_buffers4_batch16_r2f_00003_1048576_active|rotating|1350565379|8193|8193
1785977205012|1070|tune_buffers4_batch16_r2f_00003_1048576_terminal|fixed|1346371075|8193|8193
1785977205012|1070|tune_buffers4_batch16_r2f_00003_1048576_terminal|rotating|1350565379|8193|8193
1785977205324|1071|tune_buffers4_batch16_r2f_00004_1048576_active|fixed|1346362883|8193|8193
1785977205324|1071|tune_buffers4_batch16_r2f_00004_1048576_active|rotating|1346371075|8193|8193
1785977206698|1071|tune_buffers4_batch16_r2f_00004_1048576_terminal|fixed|1350565379|8193|8193
1785977206698|1071|tune_buffers4_batch16_r2f_00004_1048576_terminal|rotating|1346371075|8193|8193
1785977207049|1072|tune_buffers4_batch16_r2f_00005_1048576_active|fixed|1350557187|8193|8193
1785977207049|1072|tune_buffers4_batch16_r2f_00005_1048576_active|rotating|1346371075|8193|8193
1785977208461|1072|tune_buffers4_batch16_r2f_00005_1048576_terminal|fixed|1350565379|8193|8193
1785977208461|1072|tune_buffers4_batch16_r2f_00005_1048576_terminal|rotating|1350565379|8193|8193
1785977208784|1073|tune_buffers4_batch16_r2f_00006_1048576_active|fixed|1350557187|8193|8193
1785977208784|1073|tune_buffers4_batch16_r2f_00006_1048576_active|rotating|1346371075|8193|8193
1785977210166|1073|tune_buffers4_batch16_r2f_00006_1048576_terminal|fixed|1350565379|8193|8193
1785977210166|1073|tune_buffers4_batch16_r2f_00006_1048576_terminal|rotating|1346371075|8193|8193
1785977210514|1074|tune_buffers4_batch16_r2f_00007_1048576_active|fixed|1346362883|8193|8193
1785977210514|1074|tune_buffers4_batch16_r2f_00007_1048576_active|rotating|1346371075|8193|8193
1785977211853|1074|tune_buffers4_batch16_r2f_00007_1048576_terminal|fixed|1350565379|8193|8193
1785977211853|1074|tune_buffers4_batch16_r2f_00007_1048576_terminal|rotating|1346371075|8193|8193
1785977212198|1075|tune_buffers4_batch16_r2f_00008_1048576_active|fixed|1350557187|8193|8193
1785977212198|1075|tune_buffers4_batch16_r2f_00008_1048576_active|rotating|1346371075|8193|8193
1785977213615|1075|tune_buffers4_batch16_r2f_00008_1048576_terminal|fixed|1350565379|8193|8193
1785977213615|1075|tune_buffers4_batch16_r2f_00008_1048576_terminal|rotating|1350565379|8193|8193
1785977213912|1076|tune_buffers4_batch16_r2f_00009_1048576_active|fixed|1350557187|8193|8193
1785977213912|1076|tune_buffers4_batch16_r2f_00009_1048576_active|rotating|1346371075|8193|8193
1785977215319|1076|tune_buffers4_batch16_r2f_00009_1048576_terminal|fixed|1346371075|8193|8193
1785977215319|1076|tune_buffers4_batch16_r2f_00009_1048576_terminal|rotating|1350565379|8193|8193
1785977220398|1077|tune_buffers4_batch32_f2r_00000_4194304_active|fixed|1346371075|8193|8193
1785977220398|1077|tune_buffers4_batch32_f2r_00000_4194304_active|rotating|1346362883|8193|8193
1785977224488|1077|tune_buffers4_batch32_f2r_00000_4194304_terminal|fixed|1346371075|8193|8193
1785977224488|1077|tune_buffers4_batch32_f2r_00000_4194304_terminal|rotating|1346371075|8193|8193
1785977224806|1078|tune_buffers4_batch32_f2r_00001_4194304_active|fixed|1346371075|8193|8193
1785977224806|1078|tune_buffers4_batch32_f2r_00001_4194304_active|rotating|1350557187|8193|8193
1785977229137|1078|tune_buffers4_batch32_f2r_00001_4194304_terminal|fixed|1346371075|8193|8193
1785977229137|1078|tune_buffers4_batch32_f2r_00001_4194304_terminal|rotating|1350565379|8193|8193
1785977229542|1079|tune_buffers4_batch32_f2r_00002_4194304_active|fixed|1346371075|8193|8193
1785977229542|1079|tune_buffers4_batch32_f2r_00002_4194304_active|rotating|1350557187|8193|8193
1785977233735|1079|tune_buffers4_batch32_f2r_00002_4194304_terminal|fixed|1346371075|8193|8193
1785977233735|1079|tune_buffers4_batch32_f2r_00002_4194304_terminal|rotating|1350565379|8193|8193
1785977234138|1080|tune_buffers4_batch32_f2r_00003_1048576_active|fixed|1350565379|8193|8193
1785977234138|1080|tune_buffers4_batch32_f2r_00003_1048576_active|rotating|1350557187|8193|8193
1785977235616|1080|tune_buffers4_batch32_f2r_00003_1048576_terminal|fixed|1350565379|8193|8193
1785977235616|1080|tune_buffers4_batch32_f2r_00003_1048576_terminal|rotating|1346371075|8193|8193
1785977236047|1081|tune_buffers4_batch32_f2r_00004_1048576_active|fixed|1346371075|8193|8193
1785977236047|1081|tune_buffers4_batch32_f2r_00004_1048576_active|rotating|1350557187|8193|8193
1785977237546|1081|tune_buffers4_batch32_f2r_00004_1048576_terminal|fixed|1346371075|8193|8193
1785977237546|1081|tune_buffers4_batch32_f2r_00004_1048576_terminal|rotating|1350565379|8193|8193
1785977237896|1082|tune_buffers4_batch32_f2r_00005_1048576_active|fixed|1346371075|8193|8193
1785977237896|1082|tune_buffers4_batch32_f2r_00005_1048576_active|rotating|1346362883|8193|8193
1785977239408|1082|tune_buffers4_batch32_f2r_00005_1048576_terminal|fixed|1350565379|8193|8193
1785977239408|1082|tune_buffers4_batch32_f2r_00005_1048576_terminal|rotating|1346371075|8193|8193
1785977239776|1083|tune_buffers4_batch32_f2r_00006_1048576_active|fixed|1346371075|8193|8193
1785977239776|1083|tune_buffers4_batch32_f2r_00006_1048576_active|rotating|1350557187|8193|8193
1785977241112|1083|tune_buffers4_batch32_f2r_00006_1048576_terminal|fixed|1346371075|8193|8193
1785977241112|1083|tune_buffers4_batch32_f2r_00006_1048576_terminal|rotating|1350565379|8193|8193
1785977241446|1084|tune_buffers4_batch32_f2r_00007_1048576_active|fixed|1346371075|8193|8193
1785977241446|1084|tune_buffers4_batch32_f2r_00007_1048576_active|rotating|1346362883|8193|8193
1785977242891|1084|tune_buffers4_batch32_f2r_00007_1048576_terminal|fixed|1346371075|8193|8193
1785977242891|1084|tune_buffers4_batch32_f2r_00007_1048576_terminal|rotating|1350565379|8193|8193
1785977243186|1085|tune_buffers4_batch32_f2r_00008_1048576_active|fixed|1350565379|8193|8193
1785977243186|1085|tune_buffers4_batch32_f2r_00008_1048576_active|rotating|1346362883|8193|8193
1785977244590|1085|tune_buffers4_batch32_f2r_00008_1048576_terminal|fixed|1346371075|8193|8193
1785977244590|1085|tune_buffers4_batch32_f2r_00008_1048576_terminal|rotating|1346371075|8193|8193
1785977250435|1086|tune_buffers4_batch32_r2f_00000_4194304_active|fixed|1350557187|8193|8193
1785977250435|1086|tune_buffers4_batch32_r2f_00000_4194304_active|rotating|1346371075|8193|8193
1785977254543|1086|tune_buffers4_batch32_r2f_00000_4194304_terminal|fixed|1350565379|8193|8193
1785977254543|1086|tune_buffers4_batch32_r2f_00000_4194304_terminal|rotating|1346371075|8193|8193
1785977254880|1087|tune_buffers4_batch32_r2f_00001_4194304_active|fixed|1346362883|8193|8193
1785977254880|1087|tune_buffers4_batch32_r2f_00001_4194304_active|rotating|1346371075|8193|8193
1785977258944|1087|tune_buffers4_batch32_r2f_00001_4194304_terminal|fixed|1346371075|8193|8193
1785977258944|1087|tune_buffers4_batch32_r2f_00001_4194304_terminal|rotating|1350565379|8193|8193
1785977259290|1088|tune_buffers4_batch32_r2f_00002_4194304_active|fixed|1350557187|8193|8193
1785977259290|1088|tune_buffers4_batch32_r2f_00002_4194304_active|rotating|1346371075|8193|8193
1785977263397|1088|tune_buffers4_batch32_r2f_00002_4194304_terminal|fixed|1350565379|8193|8193
1785977263397|1088|tune_buffers4_batch32_r2f_00002_4194304_terminal|rotating|1350565379|8193|8193
1785977263749|1089|tune_buffers4_batch32_r2f_00003_1048576_active|fixed|1350557187|8193|8193
1785977263749|1089|tune_buffers4_batch32_r2f_00003_1048576_active|rotating|1346371075|8193|8193
1785977265129|1089|tune_buffers4_batch32_r2f_00003_1048576_terminal|fixed|1346371075|8193|8193
1785977265129|1089|tune_buffers4_batch32_r2f_00003_1048576_terminal|rotating|1346371075|8193|8193
1785977265434|1090|tune_buffers4_batch32_r2f_00004_1048576_active|fixed|1350557187|8193|8193
1785977265434|1090|tune_buffers4_batch32_r2f_00004_1048576_active|rotating|1346371075|8193|8193
1785977266812|1090|tune_buffers4_batch32_r2f_00004_1048576_terminal|fixed|1350565379|8193|8193
1785977266812|1090|tune_buffers4_batch32_r2f_00004_1048576_terminal|rotating|1346371075|8193|8193
1785977267132|1091|tune_buffers4_batch32_r2f_00005_1048576_active|fixed|1346362883|8193|8193
1785977267132|1091|tune_buffers4_batch32_r2f_00005_1048576_active|rotating|1350565379|8193|8193
1785977268539|1091|tune_buffers4_batch32_r2f_00005_1048576_terminal|fixed|1350565379|8193|8193
1785977268539|1091|tune_buffers4_batch32_r2f_00005_1048576_terminal|rotating|1346371075|8193|8193
1785977268854|1092|tune_buffers4_batch32_r2f_00006_1048576_active|fixed|1350557187|8193|8193
1785977268854|1092|tune_buffers4_batch32_r2f_00006_1048576_active|rotating|1346371075|8193|8193
1785977270266|1092|tune_buffers4_batch32_r2f_00006_1048576_terminal|fixed|1350565379|8193|8193
1785977270266|1092|tune_buffers4_batch32_r2f_00006_1048576_terminal|rotating|1346371075|8193|8193
1785977270611|1093|tune_buffers4_batch32_r2f_00007_1048576_active|fixed|1346362883|8193|8193
1785977270611|1093|tune_buffers4_batch32_r2f_00007_1048576_active|rotating|1350565379|8193|8193
1785977272024|1093|tune_buffers4_batch32_r2f_00007_1048576_terminal|fixed|1350565379|8193|8193
1785977272024|1093|tune_buffers4_batch32_r2f_00007_1048576_terminal|rotating|1350565379|8193|8193
1785977272352|1094|tune_buffers4_batch32_r2f_00008_1048576_active|fixed|1346362883|8193|8193
1785977272352|1094|tune_buffers4_batch32_r2f_00008_1048576_active|rotating|1346371075|8193|8193
1785977273697|1094|tune_buffers4_batch32_r2f_00008_1048576_terminal|fixed|1346371075|8193|8193
1785977273697|1094|tune_buffers4_batch32_r2f_00008_1048576_terminal|rotating|1346371075|8193|8193
1785977274011|1095|tune_buffers4_batch32_r2f_00009_1048576_active|fixed|1346362883|8193|8193
1785977274011|1095|tune_buffers4_batch32_r2f_00009_1048576_active|rotating|1350565379|8193|8193
1785977275374|1095|tune_buffers4_batch32_r2f_00009_1048576_terminal|fixed|1346371075|8193|8193
1785977275374|1095|tune_buffers4_batch32_r2f_00009_1048576_terminal|rotating|1350565379|8193|8193
1785977280362|1096|tune_buffers2_batch16_f2r_00000_4194304_active|fixed|1346371075|8193|8193
1785977280362|1096|tune_buffers2_batch16_f2r_00000_4194304_active|rotating|1346362883|8193|8193
1785977284458|1096|tune_buffers2_batch16_f2r_00000_4194304_terminal|fixed|1346371075|8193|8193
1785977284458|1096|tune_buffers2_batch16_f2r_00000_4194304_terminal|rotating|1346371075|8193|8193
1785977284756|1097|tune_buffers2_batch16_f2r_00001_4194304_active|fixed|1346371075|8193|8193
1785977284756|1097|tune_buffers2_batch16_f2r_00001_4194304_active|rotating|1346362883|8193|8193
1785977288833|1097|tune_buffers2_batch16_f2r_00001_4194304_terminal|fixed|1346371075|8193|8193
1785977288833|1097|tune_buffers2_batch16_f2r_00001_4194304_terminal|rotating|1346371075|8193|8193
1785977289080|1098|tune_buffers2_batch16_f2r_00002_4194304_active|fixed|1346371075|8193|8193
1785977289080|1098|tune_buffers2_batch16_f2r_00002_4194304_active|rotating|1346362883|8193|8193
1785977293330|1098|tune_buffers2_batch16_f2r_00002_4194304_terminal|fixed|1346371075|8193|8193
1785977293330|1098|tune_buffers2_batch16_f2r_00002_4194304_terminal|rotating|1350565379|8193|8193
1785977293589|1099|tune_buffers2_batch16_f2r_00003_1048576_active|fixed|1346371075|8193|8193
1785977293589|1099|tune_buffers2_batch16_f2r_00003_1048576_active|rotating|1350557187|8193|8193
1785977295004|1099|tune_buffers2_batch16_f2r_00003_1048576_terminal|fixed|1346371075|8193|8193
1785977295004|1099|tune_buffers2_batch16_f2r_00003_1048576_terminal|rotating|1350565379|8193|8193
1785977295295|1100|tune_buffers2_batch16_f2r_00004_1048576_active|fixed|1346371075|8193|8193
1785977295295|1100|tune_buffers2_batch16_f2r_00004_1048576_active|rotating|1350557187|8193|8193
1785977296664|1100|tune_buffers2_batch16_f2r_00004_1048576_terminal|fixed|1350565379|8193|8193
1785977296664|1100|tune_buffers2_batch16_f2r_00004_1048576_terminal|rotating|1346371075|8193|8193
1785977297071|1101|tune_buffers2_batch16_f2r_00005_1048576_active|fixed|1346371075|8193|8193
1785977297071|1101|tune_buffers2_batch16_f2r_00005_1048576_active|rotating|1350557187|8193|8193
1785977298545|1101|tune_buffers2_batch16_f2r_00005_1048576_terminal|fixed|1346371075|8193|8193
1785977298545|1101|tune_buffers2_batch16_f2r_00005_1048576_terminal|rotating|1346371075|8193|8193
1785977298837|1102|tune_buffers2_batch16_f2r_00006_1048576_active|fixed|1346371075|8193|8193
1785977298837|1102|tune_buffers2_batch16_f2r_00006_1048576_active|rotating|1346362883|8193|8193
1785977300203|1102|tune_buffers2_batch16_f2r_00006_1048576_terminal|fixed|1350565379|8193|8193
1785977300203|1102|tune_buffers2_batch16_f2r_00006_1048576_terminal|rotating|1350565379|8193|8193
1785977300504|1103|tune_buffers2_batch16_f2r_00007_1048576_active|fixed|1346371075|8193|8193
1785977300504|1103|tune_buffers2_batch16_f2r_00007_1048576_active|rotating|1350557187|8193|8193
1785977301856|1103|tune_buffers2_batch16_f2r_00007_1048576_terminal|fixed|1350565379|8193|8193
1785977301856|1103|tune_buffers2_batch16_f2r_00007_1048576_terminal|rotating|1346371075|8193|8193
1785977302123|1104|tune_buffers2_batch16_f2r_00008_1048576_active|fixed|1346371075|8193|8193
1785977302123|1104|tune_buffers2_batch16_f2r_00008_1048576_active|rotating|1346362883|8193|8193
1785977303464|1104|tune_buffers2_batch16_f2r_00008_1048576_terminal|fixed|1346371075|8193|8193
1785977303464|1104|tune_buffers2_batch16_f2r_00008_1048576_terminal|rotating|1350565379|8193|8193
1785977303723|1105|tune_buffers2_batch16_f2r_00009_1048576_active|fixed|1346371075|8193|8193
1785977303723|1105|tune_buffers2_batch16_f2r_00009_1048576_active|rotating|1350557187|8193|8193
1785977305050|1105|tune_buffers2_batch16_f2r_00009_1048576_terminal|fixed|1346371075|8193|8193
1785977305050|1105|tune_buffers2_batch16_f2r_00009_1048576_terminal|rotating|1350565379|8193|8193
1785977310374|1106|tune_buffers2_batch16_r2f_00000_4194304_active|fixed|1350557187|8193|8193
1785977310374|1106|tune_buffers2_batch16_r2f_00000_4194304_active|rotating|1346371075|8193|8193
1785977314415|1106|tune_buffers2_batch16_r2f_00000_4194304_terminal|fixed|1346371075|8193|8193
1785977314415|1106|tune_buffers2_batch16_r2f_00000_4194304_terminal|rotating|1346371075|8193|8193
1785977314679|1107|tune_buffers2_batch16_r2f_00001_4194304_active|fixed|1350557187|8193|8193
1785977314679|1107|tune_buffers2_batch16_r2f_00001_4194304_active|rotating|1350565379|8193|8193
1785977318717|1107|tune_buffers2_batch16_r2f_00001_4194304_terminal|fixed|1350565379|8193|8193
1785977318717|1107|tune_buffers2_batch16_r2f_00001_4194304_terminal|rotating|1350565379|8193|8193
1785977319002|1108|tune_buffers2_batch16_r2f_00002_4194304_active|fixed|1346362883|8193|8193
1785977319002|1108|tune_buffers2_batch16_r2f_00002_4194304_active|rotating|1350565379|8193|8193
1785977323069|1108|tune_buffers2_batch16_r2f_00002_4194304_terminal|fixed|1350565379|8193|8193
1785977323069|1108|tune_buffers2_batch16_r2f_00002_4194304_terminal|rotating|1350565379|8193|8193
1785977323326|1109|tune_buffers2_batch16_r2f_00003_1048576_active|fixed|1346362883|8193|8193
1785977323326|1109|tune_buffers2_batch16_r2f_00003_1048576_active|rotating|1346371075|8193|8193
1785977324632|1109|tune_buffers2_batch16_r2f_00003_1048576_terminal|fixed|1350565379|8193|8193
1785977324632|1109|tune_buffers2_batch16_r2f_00003_1048576_terminal|rotating|1350565379|8193|8193
1785977324934|1110|tune_buffers2_batch16_r2f_00004_1048576_active|fixed|1350557187|8193|8193
1785977324934|1110|tune_buffers2_batch16_r2f_00004_1048576_active|rotating|1346371075|8193|8193
1785977326307|1110|tune_buffers2_batch16_r2f_00004_1048576_terminal|fixed|1346371075|8193|8193
1785977326307|1110|tune_buffers2_batch16_r2f_00004_1048576_terminal|rotating|1346371075|8193|8193
1785977326592|1111|tune_buffers2_batch16_r2f_00005_1048576_active|fixed|1350557187|8193|8193
1785977326592|1111|tune_buffers2_batch16_r2f_00005_1048576_active|rotating|1346371075|8193|8193
1785977327938|1111|tune_buffers2_batch16_r2f_00005_1048576_terminal|fixed|1346371075|8193|8193
1785977327938|1111|tune_buffers2_batch16_r2f_00005_1048576_terminal|rotating|1346371075|8193|8193
1785977328237|1112|tune_buffers2_batch16_r2f_00006_1048576_active|fixed|1346362883|8193|8193
1785977328237|1112|tune_buffers2_batch16_r2f_00006_1048576_active|rotating|1350565379|8193|8193
1785977329602|1112|tune_buffers2_batch16_r2f_00006_1048576_terminal|fixed|1350565379|8193|8193
1785977329602|1112|tune_buffers2_batch16_r2f_00006_1048576_terminal|rotating|1346371075|8193|8193
1785977329877|1113|tune_buffers2_batch16_r2f_00007_1048576_active|fixed|1346362883|8193|8193
1785977329877|1113|tune_buffers2_batch16_r2f_00007_1048576_active|rotating|1346371075|8193|8193
1785977331219|1113|tune_buffers2_batch16_r2f_00007_1048576_terminal|fixed|1346371075|8193|8193
1785977331219|1113|tune_buffers2_batch16_r2f_00007_1048576_terminal|rotating|1350565379|8193|8193
1785977331487|1114|tune_buffers2_batch16_r2f_00008_1048576_active|fixed|1350557187|8193|8193
1785977331487|1114|tune_buffers2_batch16_r2f_00008_1048576_active|rotating|1350565379|8193|8193
1785977332824|1114|tune_buffers2_batch16_r2f_00008_1048576_terminal|fixed|1350565379|8193|8193
1785977332824|1114|tune_buffers2_batch16_r2f_00008_1048576_terminal|rotating|1346371075|8193|8193
1785977333141|1115|tune_buffers2_batch16_r2f_00009_1048576_active|fixed|1350557187|8193|8193
1785977333141|1115|tune_buffers2_batch16_r2f_00009_1048576_active|rotating|1350565379|8193|8193
1785977334478|1115|tune_buffers2_batch16_r2f_00009_1048576_terminal|fixed|1346371075|8193|8193
1785977334478|1115|tune_buffers2_batch16_r2f_00009_1048576_terminal|rotating|1346371075|8193|8193
1785977340655|1116|P10_4-TUNING_endpoint_shutdown_terminal|fixed|1346371075|8193|8193
1785977340655|1116|P10_4-TUNING_endpoint_shutdown_terminal|rotating|1346371075|8193|8193
