captured_ms|sequence|label|role|admission_snapshot_words_csv|ps_runtime_words_csv|pl_perf_snapshot_words_csv
1785982243686|1001|dma_reset_fixed_1_clean64|fixed|2,1378943233,16777471,6148611,6064602,6078765,6064602,6078765,6064602,5820,5798,5797,5797,0,0,740,0,178951385,178608284,4096,4096,0,0,5798,5798,364446407,364446404,364446415,364446412,0,0,0,0,0,0,0,0,4096,256,131072,4,15|4,0,67108864,262144,256,0,0,0,0,96,0,84,0,24,21,0,1,96,0|4,1103228677,0,5765856,0,0,0,0,0,6116246,0,21,0,320484895,0,320484895,0,2080,313702826,0,9654569,0,0,0,0,0
1785982243686|1001|dma_reset_fixed_1_clean64|rotating|2,1378943233,33558272,6226699,6141136,70787,0,70787,0,1500,0,750,0,0,0,5871,5871,4791688,4791688,4096,4096,0,0,750,750,349819639,349819639,349819647,349819647,0,0,0,0,0,0,0,0,4096,256,131072,4,15|4,0,67108864,262144,256,0,0,0,0,100,0,88,0,25,22,0,1,100,0|4,397951639,0,0,0,5767168,0,5767168,0,17862,0,0,22,0,0,0,0,0,0,0,6900218,0,0,0,0,0
1785982248693|1001|dma_reset_fixed_1_clean64|fixed|4,1378943233,16781056,12417068,12245222,12275872,12245222,12275872,12245222,11757,11711,11711,11711,0,0,1496,0,361496032,360776992,4096,4096,0,0,11711,11711,684996637,684996986,684996645,684996994,0,0,0,0,0,0,0,0,4096,256,131072,4,15|4,0,67108864,262144,256,0,0,0,0,188,0,176,0,47,44,0,1,188,0|6,1423813686,0,11597568,0,0,0,0,0,12297280,0,44,0,639611976,0,639611976,0,2080,630991129,0,12640114,0,0,0,0,0
1785982248693|1001|dma_reset_fixed_1_clean64|rotating|4,1378943233,33558272,12503417,12330447,142238,0,142238,0,3014,0,1507,0,0,0,11792,11792,9628168,9628168,4096,4096,0,0,1507,1507,670811455,670811455,670811463,670811463,0,0,0,0,0,0,0,0,4096,256,131072,4,15|4,0,67108864,262144,256,0,0,0,0,188,0,176,0,47,44,0,1,188,0|6,718250814,0,0,0,11534336,0,11534336,0,35677,0,0,44,0,0,0,0,0,0,0,6936123,0,0,0,0,0
1785982253707|1001|dma_reset_fixed_1_clean64|fixed|6,1378943233,16777471,18694796,18435945,18482150,18435945,18482150,18435945,17699,17631,17630,17630,0,0,2253,0,544206982,543127633,4096,4096,0,0,17631,17631,1005753392,1005753389,1005753400,1005753397,0,0,0,0,0,0,0,0,4096,256,131072,4,15|4,0,67108864,262144,256,0,0,0,0,276,0,264,0,69,66,0,1,276,0|8,1744732017,0,17427968,0,0,0,0,0,18491590,0,66,0,959072707,0,959072707,0,2080,948736206,0,15506832,0,0,0,0,0
1785982253707|1001|dma_reset_fixed_1_clean64|rotating|6,1378943233,33558272,18773775,18513968,213498,0,213498,0,4524,0,2262,0,0,0,17704,17704,14451808,14451808,4096,4096,0,0,2262,2262,990956030,990956030,990956038,990956038,0,0,0,0,0,0,0,0,4096,256,131072,4,15|4,0,67108864,262144,256,0,0,0,0,276,0,264,0,69,66,0,1,276,0|8,1038217953,0,0,0,17301504,0,17301504,0,53492,0,0,66,0,0,0,0,0,0,0,6981061,0,0,0,0,0
1785982258722|1001|dma_reset_fixed_1_clean64|fixed|8,1378943233,16777471,24981393,24635011,24697297,24635011,24697297,24635011,23648,23558,23557,23557,0,0,3010,0,727165881,725727404,4096,4096,0,0,23558,23558,1326918422,1326918411,1326918430,1326918419,0,0,0,0,0,0,0,0,4096,256,131072,4,15|4,0,67108864,262144,256,0,0,0,0,364,0,352,0,91,88,0,1,364,0|10,2065506571,0,23266272,0,0,0,0,0,24682897,0,88,0,1278387685,0,1278387685,0,2080,1266342280,0,18368497,0,0,0,0,0
1785982258722|1001|dma_reset_fixed_1_clean64|rotating|8,1378943233,33558272,25063608,24716344,285035,0,285035,0,6040,0,3020,0,0,0,23634,23634,19294568,19294568,4096,4096,0,0,3020,3020,1312384876,1312384876,1312384884,1312384884,0,0,0,0,0,0,0,0,4096,256,131072,4,15|4,0,67108864,262144,256,0,0,0,0,368,0,356,0,92,89,0,1,368,0|10,1359961298,0,0,0,23330816,0,23330816,0,71400,0,0,89,0,0,0,0,0,0,0,7027477,0,0,0,0,0
1785982263725|1001|dma_reset_fixed_1_clean64|fixed|10,1378943233,16777471,31246707,30813967,30891354,30813967,30891354,30813967,29576,29464,29463,29463,0,0,3765,0,909473092,907677415,4096,4096,0,0,29464,29464,1646950797,1646950818,1646950805,1646950826,0,0,0,0,0,0,0,0,4096,256,131072,4,15|4,0,67108864,262144,256,0,0,0,0,452,0,440,0,113,110,0,1,452,0|12,2385788953,0,29088768,0,0,0,0,0,30865616,0,110,0,1597214443,0,1597214443,0,2080,1583459153,0,21227749,0,0,0,0,0
1785982263725|1001|dma_reset_fixed_1_clean64|rotating|10,1378943233,33558272,31338661,30904162,356483,0,356483,0,7554,0,3777,0,0,0,29550,29550,24131008,24131008,4096,4096,0,0,3777,3777,1633183001,1633183001,1633183009,1633183009,0,0,0,0,0,0,0,0,4096,256,131072,4,15|4,0,67108864,262144,256,0,0,0,0,456,0,444,0,114,111,0,1,456,0|12,1680834930,0,0,0,29097984,0,29097984,0,89262,0,0,111,0,0,0,0,0,0,0,7065939,0,0,0,0,0
1785982268730|1001|dma_reset_fixed_1_clean64|fixed|12,1378943233,16779383,37515473,36996163,37088866,36996163,37088866,36996163,35509,35374,35374,35374,0,0,4520,0,1091926312,1089772121,4096,4096,0,0,35375,35375,1967239141,1967239130,1967239093,1967239138,0,0,0,0,0,0,0,0,4096,256,131072,4,15|4,0,67108864,262144,256,0,0,0,0,544,0,532,0,136,133,0,1,544,0|14,2706401351,0,34920480,0,0,0,0,0,37050885,0,133,0,1916368913,0,1916368913,0,2080,1900772093,0,24216046,0,0,0,0,0
1785982268730|1001|dma_reset_fixed_1_clean64|rotating|12,1378943233,33558272,37603700,37082466,427649,0,427649,0,9062,0,4531,0,0,0,35457,35457,28948320,28948320,4096,4096,0,0,4531,4531,1952890779,1952890779,1952890787,1952890787,0,0,0,0,0,0,0,0,4096,256,131072,4,15|4,0,67108864,262144,256,0,0,0,0,544,0,532,0,136,133,0,1,544,0|14,2000164172,0,0,0,34865152,0,34865152,0,107030,0,0,133,0,0,0,0,0,0,0,7108926,0,0,0,0,0
1785982273744|1001|dma_reset_fixed_1_clean64|fixed|14,1378943233,16777471,43797804,43191004,43299652,43191004,43299652,43191004,41455,41300,41297,41297,0,0,5278,0,1274758432,1272228916,4096,4096,0,0,41298,41298,2288316068,2288316049,2288316052,2288316057,0,0,0,0,0,0,0,0,4096,256,131072,4,15|4,0,67108864,262144,256,0,0,0,0,632,0,620,0,158,155,0,1,632,0|16,3027862054,0,40766688,0,0,0,0,0,43255504,0,155,0,2236368064,0,2236368064,0,2080,2219056767,0,27084981,0,0,0,0,0
1785982273744|1001|dma_reset_fixed_1_clean64|rotating|14,1378943233,33558272,43916012,43307915,499477,0,499477,0,10584,0,5292,0,0,0,41408,41408,33810272,33810272,4096,4096,0,0,5292,5292,2275616179,2275616179,2275616187,2275616187,0,0,0,0,0,0,0,0,4096,256,131072,4,15|4,0,67108864,262144,256,0,0,0,0,632,0,620,0,158,155,0,1,632,0|16,2324466974,0,0,0,40632320,0,40632320,0,125080,0,0,155,0,0,0,0,0,0,0,7154513,0,0,0,0,0
1785982278749|1001|dma_reset_fixed_1_clean64|fixed|16,1378943233,16777471,50068503,49374721,49499090,49374721,49499090,49374721,47389,47212,47209,47209,0,0,6033,0,1457257566,1454368728,4096,4096,0,0,47210,47210,2608685181,2608685202,2608685189,2608685186,0,0,0,0,0,0,0,0,4096,256,131072,4,15|4,0,67108864,262144,256,0,0,0,0,720,0,708,0,180,177,0,1,720,0|18,3347673181,0,46581280,0,0,0,0,0,49428504,0,177,0,2554725543,0,2554725543,0,2080,2535696467,0,29950430,0,0,0,0,0
1785982278749|1001|dma_reset_fixed_1_clean64|rotating|16,1378943233,33558272,50160950,49466056,570450,0,570450,0,12088,0,6044,0,0,0,47296,47296,38614720,38614720,4096,4096,0,0,6044,6044,2594470194,2594470194,2594470202,2594470202,0,0,0,0,0,0,0,0,4096,256,131072,4,15|4,0,67108864,262144,256,0,0,0,0,720,0,708,0,180,178,0,1,724,0|18,2643071763,0,0,0,46661632,0,46661632,0,142824,0,0,178,0,0,0,0,0,0,0,7194478,0,0,0,0,0
1785982283759|1001|dma_reset_fixed_1_clean64|fixed|18,1378943233,16781056,56342080,55561571,55701313,55561571,55701313,55561571,53325,53126,53124,53124,0,0,6789,0,1639833656,1636585608,4096,4096,0,0,53124,53124,2929175528,2929175861,2929175536,2929175869,0,0,0,0,0,0,0,0,4096,256,131072,4,15|4,0,67108864,262144,256,0,0,0,0,808,0,796,0,202,199,0,1,808,0|20,3668950707,0,52427488,0,0,0,0,0,55629572,0,199,0,2874541517,0,2874541517,0,2080,2853800029,0,32817300,0,0,0,0,0
1785982283759|1001|dma_reset_fixed_1_clean64|rotating|18,1378943233,33558272,56434555,55652330,641894,0,641894,0,13602,0,6801,0,0,0,53211,53211,43451176,43451176,4096,4096,0,0,6801,6801,2915276124,2915276124,2915276140,2915276140,0,0,0,0,0,0,0,0,4096,256,131072,4,15|4,0,67108864,262144,256,0,0,0,0,812,0,800,0,203,200,0,1,812,0|20,2962158047,0,0,0,52428800,0,52428800,0,160568,0,0,200,0,0,0,0,0,0,0,7234583,0,0,0,0,0
1785982288760|1001|dma_reset_fixed_1_clean64|fixed|20,1378943233,16777471,62606811,61738789,61894791,61738789,61894791,61738789,59254,59034,59030,59030,0,0,7544,0,1822151395,1818544486,4096,4096,0,0,59031,59031,3249236286,3249236291,3249236302,3249236299,0,0,0,0,0,0,0,0,4096,256,131072,4,15|4,0,67108864,262144,256,0,0,0,0,900,0,888,0,225,222,0,1,900,0|22,3987923489,0,58222412,0,0,0,0,0,61783239,0,222,0,3192065568,0,3192065568,0,2080,3169477147,0,35802919,0,0,0,0,0
1785982288760|1001|dma_reset_fixed_1_clean64|rotating|20,1378943233,33558272,62694479,61824841,713060,0,713060,0,15110,0,7555,0,0,0,59113,59113,48268456,48268456,4096,4096,0,0,7555,7555,3234981066,3234981066,3234981074,3234981074,0,0,0,0,0,0,0,0,4096,256,131072,4,15|4,0,67108864,262144,256,0,0,0,0,900,0,888,0,225,222,0,1,900,0|22,3281979739,0,0,0,58195968,0,58195968,0,178360,0,0,222,0,0,0,0,0,0,0,7269734,0,0,0,0,0
1785982293760|1001|dma_reset_fixed_1_clean64|fixed|22,1378943233,16777471,68862819,67908035,68079539,67908035,68079539,67908035,65180,64937,64933,64933,0,0,8299,0,2004370352,2000388601,4096,4096,0,0,64934,64934,3569234465,3569234438,3569234457,3569234454,0,0,0,0,0,0,0,0,4096,256,131072,4,15|4,0,67108864,262144,256,0,0,0,0,988,0,976,0,247,244,0,1,988,0|24,14697944,1,64073792,0,0,0,0,0,67989190,0,244,0,3512344474,0,3512344474,0,2080,3488054711,0,38660012,0,0,0,0,0
1785982293760|1001|dma_reset_fixed_1_clean64|rotating|22,1378943233,33558272,68978754,68022785,784605,0,784605,0,16626,0,8313,0,0,0,65043,65043,53111288,53111288,4096,4096,0,0,8313,8313,3556405342,3556405342,3556405350,3556405350,0,0,0,0,0,0,0,0,4096,256,131072,4,15|4,0,67108864,262144,256,0,0,0,0,988,0,976,0,247,244,0,1,988,0|24,3603863872,0,0,0,63963136,0,63963136,0,196269,0,0,244,0,0,0,0,0,0,0,7305108,0,0,0,0,0
