captured_ms|sequence|label|role|data_ro|dirm0|oen0
1786008422086|0|SAFE_BOOT|fixed|1350565379|8193|8193
1786008422086|0|SAFE_BOOT|rotating|1350565379|8193|8193
1786008422142|1001|matrix_F0_raw64_active|fixed|1346371075|8193|8193
1786008422142|1001|matrix_F0_raw64_active|rotating|1350565379|8193|8193
1786008422545|1001|matrix_F0_raw64_terminal|fixed|1346371075|8193|8193
1786008422545|1001|matrix_F0_raw64_terminal|rotating|1346371075|8193|8193
1786008422893|1002|matrix_F0_raw1024_active|fixed|1346371075|8193|8193
1786008422893|1002|matrix_F0_raw1024_active|rotating|1346371075|8193|8193
1786008423249|1002|matrix_F0_raw1024_terminal|fixed|1350565379|8193|8193
1786008423249|1002|matrix_F0_raw1024_terminal|rotating|1350565379|8193|8193
1786008423548|1003|matrix_F0_frame30s_00000_4194304_active|fixed|1346371075|8193|8193
1786008423548|1003|matrix_F0_frame30s_00000_4194304_active|rotating|1350557187|8193|8193
1786008428704|1003|matrix_F0_frame30s_00000_4194304|fixed|1350565378|8193|8193
1786008428704|1003|matrix_F0_frame30s_00000_4194304|rotating|1350557187|8193|8193
1786008433717|1003|matrix_F0_frame30s_00000_4194304|fixed|1346371074|8193|8193
1786008433717|1003|matrix_F0_frame30s_00000_4194304|rotating|1350557187|8193|8193
1786008438342|1003|matrix_F0_frame30s_00000_4194304_terminal|fixed|1346371075|8193|8193
1786008438342|1003|matrix_F0_frame30s_00000_4194304_terminal|rotating|1346371075|8193|8193
1786008438693|1004|matrix_F0_frame30s_00001_1048576_active|fixed|1346371075|8193|8193
1786008438693|1004|matrix_F0_frame30s_00001_1048576_active|rotating|1350557187|8193|8193
1786008442714|1004|matrix_F0_frame30s_00001_1048576_terminal|fixed|1350565379|8193|8193
1786008442714|1004|matrix_F0_frame30s_00001_1048576_terminal|rotating|1350565379|8193|8193
1786008443162|1005|matrix_F0_frame30s_00002_1048576_active|fixed|1350565378|8193|8193
1786008443162|1005|matrix_F0_frame30s_00002_1048576_active|rotating|1346362883|8193|8193
1786008447011|1005|matrix_F0_frame30s_00002_1048576_terminal|fixed|1346371075|8193|8193
1786008447011|1005|matrix_F0_frame30s_00002_1048576_terminal|rotating|1350565379|8193|8193
1786008447318|1006|matrix_F0_frame30s_00003_1048576_active|fixed|1350565379|8193|8193
1786008447318|1006|matrix_F0_frame30s_00003_1048576_active|rotating|1346362883|8193|8193
1786008451408|1006|matrix_F0_frame30s_00003_1048576_terminal|fixed|1346371075|8193|8193
1786008451408|1006|matrix_F0_frame30s_00003_1048576_terminal|rotating|1350565379|8193|8193
1786008453527|1007|matrix_R0_raw64_active|fixed|1350565379|8193|8193
1786008453527|1007|matrix_R0_raw64_active|rotating|1350565379|8193|8193
1786008453911|1007|matrix_R0_raw64_terminal|fixed|1346371075|8193|8193
1786008453911|1007|matrix_R0_raw64_terminal|rotating|1350565379|8193|8193
1786008454175|1008|matrix_R0_raw1024_active|fixed|1346371075|8193|8193
1786008454175|1008|matrix_R0_raw1024_active|rotating|1350565379|8193|8193
1786008454561|1008|matrix_R0_raw1024_terminal|fixed|1350565379|8193|8193
1786008454561|1008|matrix_R0_raw1024_terminal|rotating|1346371075|8193|8193
1786008454910|1009|matrix_R0_frame30s_00000_4194304_active|fixed|1350557187|8193|8193
1786008454910|1009|matrix_R0_frame30s_00000_4194304_active|rotating|1346371075|8193|8193
1786008460047|1009|matrix_R0_frame30s_00000_4194304|fixed|1350557187|8193|8193
1786008460047|1009|matrix_R0_frame30s_00000_4194304|rotating|1346371074|8193|8193
1786008465082|1009|matrix_R0_frame30s_00000_4194304|fixed|1350557187|8193|8193
1786008465082|1009|matrix_R0_frame30s_00000_4194304|rotating|1346371074|8193|8193
1786008469675|1009|matrix_R0_frame30s_00000_4194304_terminal|fixed|1350565379|8193|8193
1786008469675|1009|matrix_R0_frame30s_00000_4194304_terminal|rotating|1350565379|8193|8193
1786008469974|1010|matrix_R0_frame30s_00001_1048576_active|fixed|1350557187|8193|8193
1786008469974|1010|matrix_R0_frame30s_00001_1048576_active|rotating|1350565379|8193|8193
1786008474000|1010|matrix_R0_frame30s_00001_1048576_terminal|fixed|1350565379|8193|8193
1786008474000|1010|matrix_R0_frame30s_00001_1048576_terminal|rotating|1346371075|8193|8193
1786008474272|1011|matrix_R0_frame30s_00002_1048576_active|fixed|1346362883|8193|8193
1786008474272|1011|matrix_R0_frame30s_00002_1048576_active|rotating|1346371075|8193|8193
1786008478329|1011|matrix_R0_frame30s_00002_1048576_terminal|fixed|1346371075|8193|8193
1786008478329|1011|matrix_R0_frame30s_00002_1048576_terminal|rotating|1350565379|8193|8193
1786008478683|1012|matrix_R0_frame30s_00003_1048576_active|fixed|1346362883|8193|8193
1786008478683|1012|matrix_R0_frame30s_00003_1048576_active|rotating|1346371075|8193|8193
1786008482787|1012|matrix_R0_frame30s_00003_1048576_terminal|fixed|1346371075|8193|8193
1786008482787|1012|matrix_R0_frame30s_00003_1048576_terminal|rotating|1346371075|8193|8193
1786008484856|1013|matrix_F1_raw64_active|fixed|1350565379|8193|8193
1786008484856|1013|matrix_F1_raw64_active|rotating|1346371075|8193|8193
1786008485240|1013|matrix_F1_raw64_terminal|fixed|1350565379|8193|8193
1786008485240|1013|matrix_F1_raw64_terminal|rotating|1350565379|8193|8193
1786008485499|1014|matrix_F1_raw1024_active|fixed|1350565379|8193|8193
1786008485499|1014|matrix_F1_raw1024_active|rotating|1350565379|8193|8193
1786008485933|1014|matrix_F1_raw1024_terminal|fixed|1346371075|8193|8193
1786008485933|1014|matrix_F1_raw1024_terminal|rotating|1346371075|8193|8193
1786008486278|1015|matrix_F1_frame30s_00000_4194304_active|fixed|1350565379|8193|8193
1786008486278|1015|matrix_F1_frame30s_00000_4194304_active|rotating|1346362883|8193|8193
1786008491471|1015|matrix_F1_frame30s_00000_4194304|fixed|1350565378|8193|8193
1786008491471|1015|matrix_F1_frame30s_00000_4194304|rotating|1350557187|8193|8193
1786008496405|1015|matrix_F1_frame30s_00000_4194304|fixed|1346371074|8193|8193
1786008496405|1015|matrix_F1_frame30s_00000_4194304|rotating|1346362883|8193|8193
1786008501073|1015|matrix_F1_frame30s_00000_4194304_terminal|fixed|1346371075|8193|8193
1786008501073|1015|matrix_F1_frame30s_00000_4194304_terminal|rotating|1346371075|8193|8193
1786008501496|1016|matrix_F1_frame30s_00001_1048576_active|fixed|1346371075|8193|8193
1786008501496|1016|matrix_F1_frame30s_00001_1048576_active|rotating|1346362883|8193|8193
1786008505572|1016|matrix_F1_frame30s_00001_1048576_terminal|fixed|1346371075|8193|8193
1786008505572|1016|matrix_F1_frame30s_00001_1048576_terminal|rotating|1350565379|8193|8193
1786008505825|1017|matrix_F1_frame30s_00002_1048576_active|fixed|1350565379|8193|8193
1786008505825|1017|matrix_F1_frame30s_00002_1048576_active|rotating|1350557187|8193|8193
1786008509886|1017|matrix_F1_frame30s_00002_1048576_terminal|fixed|1346371075|8193|8193
1786008509886|1017|matrix_F1_frame30s_00002_1048576_terminal|rotating|1346371075|8193|8193
1786008510158|1018|matrix_F1_frame30s_00003_1048576_active|fixed|1350565379|8193|8193
1786008510158|1018|matrix_F1_frame30s_00003_1048576_active|rotating|1350557187|8193|8193
1786008514214|1018|matrix_F1_frame30s_00003_1048576_terminal|fixed|1350565379|8193|8193
1786008514214|1018|matrix_F1_frame30s_00003_1048576_terminal|rotating|1346371075|8193|8193
1786008516222|1019|matrix_R1_raw64_active|fixed|1346371075|8193|8193
1786008516222|1019|matrix_R1_raw64_active|rotating|1346371075|8193|8193
1786008516613|1019|matrix_R1_raw64_terminal|fixed|1346371075|8193|8193
1786008516613|1019|matrix_R1_raw64_terminal|rotating|1346371075|8193|8193
1786008516872|1020|matrix_R1_raw1024_active|fixed|1346371075|8193|8193
1786008516872|1020|matrix_R1_raw1024_active|rotating|1350565379|8193|8193
1786008517250|1020|matrix_R1_raw1024_terminal|fixed|1350565379|8193|8193
1786008517250|1020|matrix_R1_raw1024_terminal|rotating|1346371075|8193|8193
1786008517594|1021|matrix_R1_frame30s_00000_4194304_active|fixed|1350557187|8193|8193
1786008517594|1021|matrix_R1_frame30s_00000_4194304_active|rotating|1350565379|8193|8193
1786008522718|1021|matrix_R1_frame30s_00000_4194304|fixed|1350557187|8193|8193
1786008522718|1021|matrix_R1_frame30s_00000_4194304|rotating|1350565378|8193|8193
1786008527717|1021|matrix_R1_frame30s_00000_4194304|fixed|1346362883|8193|8193
1786008527717|1021|matrix_R1_frame30s_00000_4194304|rotating|1350565378|8193|8193
1786008532416|1021|matrix_R1_frame30s_00000_4194304_terminal|fixed|1350565379|8193|8193
1786008532416|1021|matrix_R1_frame30s_00000_4194304_terminal|rotating|1350565379|8193|8193
1786008532862|1022|matrix_R1_frame30s_00001_1048576_active|fixed|1350557187|8193|8193
1786008532862|1022|matrix_R1_frame30s_00001_1048576_active|rotating|1350565379|8193|8193
1786008536868|1022|matrix_R1_frame30s_00001_1048576_terminal|fixed|1350565379|8193|8193
1786008536868|1022|matrix_R1_frame30s_00001_1048576_terminal|rotating|1346371075|8193|8193
1786008537197|1023|matrix_R1_frame30s_00002_1048576_active|fixed|1350557187|8193|8193
1786008537197|1023|matrix_R1_frame30s_00002_1048576_active|rotating|1346371075|8193|8193
1786008541242|1023|matrix_R1_frame30s_00002_1048576_terminal|fixed|1346371075|8193|8193
1786008541242|1023|matrix_R1_frame30s_00002_1048576_terminal|rotating|1350565379|8193|8193
1786008541556|1024|matrix_R1_frame30s_00003_1048576_active|fixed|1346362883|8193|8193
1786008541556|1024|matrix_R1_frame30s_00003_1048576_active|rotating|1350565379|8193|8193
1786008545611|1024|matrix_R1_frame30s_00003_1048576_terminal|fixed|1350565379|8193|8193
1786008545611|1024|matrix_R1_frame30s_00003_1048576_terminal|rotating|1350565379|8193|8193
1786008547532|1025|matrix_F2_raw64_active|fixed|1350565379|8193|8193
1786008547532|1025|matrix_F2_raw64_active|rotating|1350565379|8193|8193
1786008552670|1025|matrix_F2_raw64|fixed|1350565379|8193|8193
1786008552670|1025|matrix_F2_raw64|rotating|1350565379|8193|8193
1786008557711|1025|matrix_F2_raw64|fixed|1350565379|8193|8193
1786008557711|1025|matrix_F2_raw64|rotating|1346371075|8193|8193
1786008562688|1025|matrix_F2_raw64|fixed|1346371075|8193|8193
1786008562688|1025|matrix_F2_raw64|rotating|1350565379|8193|8193
1786008567772|1025|matrix_F2_raw64|fixed|1350565379|8193|8193
1786008567772|1025|matrix_F2_raw64|rotating|1346371075|8193|8193
1786008572754|1025|matrix_F2_raw64|fixed|1346371075|8193|8193
1786008572754|1025|matrix_F2_raw64|rotating|1350565379|8193|8193
1786008577854|1025|matrix_F2_raw64_terminal|fixed|1346371075|8193|8193
1786008577854|1025|matrix_F2_raw64_terminal|rotating|1350565379|8193|8193
