captured_ms|sequence|label|role|admission_snapshot_words_csv|ps_runtime_words_csv|pl_perf_snapshot_words_csv
1785894007580|1001|stream64_f2r_1|fixed|2,1378943233,16777471,6151751,6067845,6081905,6067845,6081905,6067845,5818,5796,5795,5795,0,0,740,0,178906932,178562383,4096,4096,0,0,5796,5796,361868642,361868615,361868650,361868631,0,0,0,0,0,0,0,0,4096,256,131072,4,15|4,0,67108864,262144,256,0,0,0,0,100,0,88,0,25,22,0,1,100,0|4,1074539525,0,5782976,0,0,0,0,0,6137940,0,22,0,321507812,0,321507812,0,2080,314609564,0,9769844,0,0,0,0,0
1785894007580|1001|stream64_f2r_1|rotating|2,1378943233,33558272,6249333,6163756,70977,0,70977,0,1504,0,752,0,0,0,5887,5887,4804472,0,4096,0,0,0,752,0,348818782,0,348818790,0,0,0,0,0,0,0,0,0,4096,256,131072,4,15|4,0,67108864,262144,256,0,0,0,0,100,0,88,0,25,22,0,1,100,0|4,394051465,0,0,0,5767168,0,5767168,0,17886,0,0,22,0,0,0,0,0,0,0,6891594,0,0,0,0,0
1785894012588|1001|stream64_f2r_1|fixed|4,1378943233,16777471,12433070,12261677,12291780,12261677,12291780,12261677,11758,11713,11712,11712,0,0,1497,0,361530955,360812520,4096,4096,0,0,11713,11713,682574249,682574262,682574257,682574238,0,0,0,0,0,0,0,0,4096,256,131072,4,15|4,0,67108864,262144,256,0,0,0,0,188,0,176,0,47,44,0,1,188,0|6,1392930854,0,11573856,0,0,0,0,0,12290155,0,44,0,638451421,0,638451421,0,2080,629848347,0,12617249,0,0,0,0,0
1785894012588|1001|stream64_f2r_1|rotating|4,1378943233,33558272,12480837,12309010,141764,0,141764,0,3004,0,1502,0,0,0,11757,11757,9596192,0,4096,0,0,0,1502,0,666795192,0,666795200,0,0,0,0,0,0,0,0,0,4096,256,131072,4,15|4,0,67108864,262144,256,0,0,0,0,188,0,176,0,47,44,0,1,188,0|6,711474066,0,0,0,11534336,0,11534336,0,35559,0,0,44,0,0,0,0,0,0,0,6940439,0,0,0,0,0
1785894017601|1001|stream64_f2r_1|fixed|6,1378943233,16777471,18715399,18455891,18502753,18455891,18502753,18455891,17701,17634,17633,17633,0,0,2253,0,544298632,543220601,4096,4096,0,0,17634,17634,1003393232,1003393205,1003393216,1003393213,0,0,0,0,0,0,0,0,4096,256,131072,4,15|4,0,67108864,262144,256,0,0,0,0,276,0,264,0,69,66,0,1,276,0|8,1714752652,0,17427968,0,0,0,0,0,18504361,0,66,0,958809691,0,958809691,0,2080,948517636,0,15462385,0,0,0,0,0
1785894017601|1001|stream64_f2r_1|rotating|6,1378943233,33558272,18782191,18521803,213403,0,213403,0,4522,0,2261,0,0,0,17696,17696,14445416,0,4096,0,0,0,2261,0,988637275,0,988637283,0,0,0,0,0,0,0,0,0,4096,256,131072,4,15|4,0,67108864,262144,256,0,0,0,0,276,0,264,0,69,66,0,1,276,0|8,1033227218,0,0,0,17301504,0,17301504,0,53452,0,0,66,0,0,0,0,0,0,0,6982846,0,0,0,0,0
1785894022601|1001|stream64_f2r_1|fixed|8,1378943233,16781056,24981613,24634854,24697707,24634854,24697707,24634854,23625,23536,23536,23536,0,0,3008,0,726508856,725072592,4096,4096,0,0,23536,23536,1323218655,1323218972,1323218663,1323218980,0,0,0,0,0,0,0,0,4096,256,131072,4,15|4,0,67108864,262144,256,0,0,0,0,364,0,352,0,91,88,0,1,364,0|10,2036207324,0,23274176,0,0,0,0,0,24715095,0,88,0,1278802811,0,1278802811,0,2080,1266826441,0,18301158,0,0,0,0,0
1785894022601|1001|stream64_f2r_1|rotating|8,1378943233,33558272,25092250,24743997,285129,0,285129,0,6042,0,3021,0,0,0,23640,23640,19300968,0,4096,0,0,0,3021,0,1310902754,0,1310902762,0,0,0,0,0,0,0,0,0,4096,256,131072,4,15|4,0,67108864,262144,256,0,0,0,0,364,0,352,0,92,89,0,1,368,0|10,1355350341,0,0,0,23330816,0,23330816,0,71400,0,0,89,0,0,0,0,0,0,0,7021782,0,0,0,0,0
1785894027601|1001|stream64_f2r_1|fixed|10,1378943233,16777471,31252707,30818178,30897635,30818178,30897635,30818178,29554,29443,29442,29442,0,0,3762,0,908833104,907036865,4096,4096,0,0,29443,29443,1643268565,1643268562,1643268533,1643268570,0,0,0,0,0,0,0,0,4096,256,131072,4,15|4,0,67108864,262144,256,0,0,0,0,452,0,440,0,113,110,0,1,452,0|12,2354874611,0,29072960,0,0,0,0,0,30871931,0,110,0,1596020402,0,1596020402,0,2080,1582350604,0,21138862,0,0,0,0,0
1785894027601|1001|stream64_f2r_1|rotating|10,1378943233,33558272,31328244,30893000,355915,0,355915,0,7542,0,3771,0,0,0,29514,29514,24092680,0,4096,0,0,0,3771,0,1628869473,0,1628869481,0,0,0,0,0,0,0,0,0,4096,256,131072,4,15|5,0,67108864,262144,256,0,0,0,0,456,0,444,0,114,111,0,1,456,0|12,1673463096,0,0,0,29097984,0,29097984,0,89097,0,0,111,0,0,0,0,0,0,0,7065052,0,0,0,0,0
1785894032612|1001|stream64_f2r_1|fixed|12,1378943233,16781056,37539546,37018876,37113033,37018876,37113033,37018876,35498,35365,35365,35365,0,0,4519,0,1091646184,1089490880,4096,4096,0,0,35365,35365,1964152539,1964152872,1964152547,1964152880,0,0,0,0,0,0,0,0,4096,256,131072,4,15|4,0,67108864,262144,256,0,0,0,0,544,0,532,0,136,133,0,1,544,0|14,2676194912,0,34912576,0,0,0,0,0,37077778,0,133,0,1915880799,0,1915880799,0,2080,1900388478,0,24109849,0,0,0,0,0
1785894032612|1001|stream64_f2r_1|rotating|12,1378943233,33558272,37643689,37121111,427744,0,427744,0,9064,0,4532,0,0,0,35463,35463,28954712,0,4096,0,0,0,4532,0,1951369797,0,1951369805,0,0,0,0,0,0,0,0,0,4096,256,131072,4,15|4,0,67108864,262144,256,0,0,0,0,544,0,532,0,136,133,0,1,544,0|14,1996622592,0,0,0,34865152,0,34865152,0,107077,0,0,133,0,0,0,0,0,0,0,7110752,0,0,0,0,0
1785894037621|1001|stream64_f2r_1|fixed|14,1378943233,16777471,43817264,43209045,43319301,43209045,43319301,43209045,41435,41279,41278,41278,0,0,5276,0,1274188048,1271657211,4096,4096,0,0,41279,41279,2284703153,2284703150,2284703121,2284703158,0,0,0,0,0,0,0,0,4096,256,131072,4,15|4,0,67108864,262144,256,0,0,0,0,632,0,620,0,158,155,0,1,632,0|16,2996904101,0,40742976,0,0,0,0,0,43274078,0,155,0,2235132388,0,2235132388,0,2080,2217954128,0,26946852,0,0,0,0,0
1785894037621|1001|stream64_f2r_1|rotating|14,1378943233,33558272,43908123,43299120,498909,0,498909,0,10572,0,5286,0,0,0,41364,41364,33771952,0,4096,0,0,0,5286,0,2271054903,0,2271054911,0,0,0,0,0,0,0,0,0,4096,256,131072,4,15|4,0,67108864,262144,256,0,0,0,0,632,0,620,0,158,155,0,1,632,0|16,2316489641,0,0,0,40632320,0,40632320,0,124869,0,0,155,0,0,0,0,0,0,0,7162330,0,0,0,0,0
1785894042633|1001|stream64_f2r_1|fixed|16,1378943233,16777471,50108447,49411006,49539034,49411006,49539034,49411006,47381,47203,47203,47203,0,0,6033,0,1457061309,1454171088,4096,4096,0,0,47203,47203,2605689416,2605689741,2605689424,2605689749,0,0,0,0,0,0,0,0,4096,256,131072,4,15|4,0,67108864,262144,256,0,0,0,0,720,0,708,0,180,177,0,1,720,0|18,3317753054,0,46581280,0,0,0,0,0,49473553,0,177,0,2554521765,0,2554521765,0,2080,2535657684,0,29785434,0,0,0,0,0
1785894042633|1001|stream64_f2r_1|rotating|16,1378943233,33558033,50192163,49494014,570284,0,570284,0,12085,0,6042,0,0,0,47282,47282,38602485,0,4096,0,0,0,6043,0,2592028489,0,2592028497,0,0,0,0,0,0,0,0,0,4096,256,131072,4,15|4,0,67108864,262144,256,0,0,0,0,720,0,708,0,180,177,0,1,720,0|18,2636420957,0,0,0,46399488,0,46399488,0,142682,0,0,177,0,0,0,0,0,0,0,7205231,0,0,0,0,0
1785894047638|1001|stream64_f2r_1|fixed|18,1378943233,16777471,56381687,55598279,55741014,55598279,55741014,55598279,53312,53112,53112,53112,0,0,6788,0,1639458837,1636208952,4096,4096,0,0,53112,53112,2925859302,2925859659,2925859310,2925859667,0,0,0,0,0,0,0,0,4096,256,131072,4,15|4,0,67108864,262144,256,0,0,0,0,808,0,796,0,202,199,0,1,808,0|20,3637103211,0,52387968,0,0,0,0,0,55644134,0,199,0,2872420250,0,2872420250,0,2080,2851863732,0,32623844,0,0,0,0,0
1785894047638|1001|stream64_f2r_1|rotating|18,1378943233,33558272,56463992,55679677,641516,0,641516,0,13594,0,6797,0,0,0,53189,53189,43425616,0,4096,0,0,0,6797,0,2911717373,0,2911717381,0,0,0,0,0,0,0,0,0,4096,256,131072,4,15|4,0,67108864,262144,256,0,0,0,0,812,0,800,0,203,200,0,1,812,0|20,2957116733,0,0,0,52428800,0,52428800,0,160544,0,0,200,0,0,0,0,0,0,0,7258354,0,0,0,0,0
1785894052647|1001|stream64_f2r_1|fixed|20,1378943233,16777471,62659689,61788420,61947763,61788420,61947763,61788420,59248,59026,59025,59025,0,0,7543,0,1822010625,1818400824,4096,4096,0,0,59026,59026,3246299417,3246299454,3246299425,3246299406,0,0,0,0,0,0,0,0,4096,256,131072,4,15|4,0,67108864,262144,256,0,0,0,0,900,0,888,0,225,222,0,1,900,0|22,3957747205,0,58219680,0,0,0,0,0,61835314,0,222,0,3191606316,0,3191606316,0,2080,3169227091,0,35593318,0,0,0,0,0
1785894052647|1001|stream64_f2r_1|rotating|20,1378943233,33558272,62731103,61858169,712872,0,712872,0,15106,0,7553,0,0,0,59093,59093,48255672,0,4096,0,0,0,7553,0,3232067342,0,3232067350,0,0,0,0,0,0,0,0,0,4096,256,131072,4,15|4,0,67108864,262144,256,0,0,0,0,900,0,888,0,225,222,0,1,900,0|22,3276548736,0,0,0,58195968,0,58195968,0,178312,0,0,222,0,0,0,0,0,0,0,7297145,0,0,0,0,0
1785894057654|1001|stream64_f2r_1|fixed|22,1378943233,16781056,68938179,67979149,68154804,67979149,68154804,67979149,65185,64940,64940,64940,0,0,8300,0,2004567888,2000583048,4096,4096,0,0,64940,64940,3566866962,3566867295,3566866970,3566867303,0,0,0,0,0,0,0,0,4096,256,131072,4,15|4,0,67108864,262144,256,0,0,0,0,988,0,976,0,247,244,0,1,988,0|24,4278223814,0,64050080,0,0,0,0,0,68027403,0,244,0,3510625325,0,3510625325,0,2080,3486554371,0,38436111,0,0,0,0,0
1785894057654|1001|stream64_f2r_1|rotating|22,1378943233,33558272,69013833,68053893,784227,0,784227,0,16618,0,8309,0,0,0,65011,65011,53085720,0,4096,0,0,0,8309,0,3552617722,0,3552617738,0,0,0,0,0,0,0,0,0,4096,256,131072,4,15|4,0,67108864,262144,256,0,0,0,0,988,0,976,0,247,244,0,1,988,0|24,3597901897,0,0,0,63963136,0,63963136,0,196198,0,0,244,0,0,0,0,0,0,0,7342373,0,0,0,0,0
1785894066108|1002|stream64_f2r_2|fixed|26,1378943233,16777471,6130951,6047135,6061293,6047135,6061293,6047135,5804,5782,5781,5781,0,0,738,0,178463521,178121800,4096,4096,0,0,5782,5782,4107818446,4107818467,4107818454,4107818419,0,0,0,0,0,0,0,0,4096,256,131072,4,15|4,0,67108864,262144,256,0,0,0,0,96,0,84,0,24,21,0,1,96,0|32,524549418,1,5755320,0,0,0,0,0,6101354,0,21,0,319769684,0,319769684,0,2080,313006771,0,9633107,0,0,0,0,0
1785894066108|1002|stream64_f2r_2|rotating|26,1378943233,33558272,6222413,6137099,70692,0,70692,0,1498,0,749,0,0,0,5867,5867,4785304,0,4096,0,0,0,749,0,4094244655,0,4094244671,0,0,0,0,0,0,0,0,0,4096,256,131072,4,15|4,0,67108864,262144,256,0,0,0,0,100,0,88,0,25,22,0,1,100,0|32,4139787618,0,0,0,5767168,0,5767168,0,17838,0,0,22,0,0,0,0,0,0,0,6896258,0,0,0,0,0
1785894071120|1002|stream64_f2r_2|fixed|28,1378943233,16777471,12425037,12254188,12283747,12254188,12283747,12254188,11761,11716,11715,11715,0,0,1497,0,361636810,360919133,4096,4096,0,0,11716,11716,134490984,134490949,134490992,134490957,0,0,0,0,0,0,0,0,4096,256,131072,4,15|4,0,67108864,262144,256,0,0,0,0,188,0,176,0,47,44,0,1,188,0|34,845922106,1,11597568,0,0,0,0,0,12302651,0,44,0,639681810,0,639681810,0,2080,631100320,0,12600806,0,0,0,0,0
1785894071120|1002|stream64_f2r_2|rotating|28,1378943233,33558272,12519763,12347812,142333,0,142333,0,3016,0,1508,0,0,0,11805,11805,9634544,0,4096,0,0,0,1508,0,121113300,0,121113308,0,0,0,0,0,0,0,0,0,4096,256,131072,4,15|4,0,67108864,262144,256,0,0,0,0,188,0,176,0,47,44,0,1,188,0|34,165859252,1,0,0,11534336,0,11534336,0,35701,0,0,44,0,0,0,0,0,0,0,6932399,0,0,0,0,0
1785894076125|1002|stream64_f2r_2|fixed|30,1378943233,16781056,18679601,18420786,18467145,18420786,18467145,18420786,17683,17616,17616,17616,0,0,2251,0,543770928,542693552,4096,4096,0,0,17616,17616,454195723,454196072,454195731,454196080,0,0,0,0,0,0,0,0,4096,256,131072,4,15|4,0,67108864,262144,256,0,0,0,0,276,0,264,0,69,66,0,1,276,0|36,1165505228,1,17412160,0,0,0,0,0,18467469,0,66,0,957811284,0,957811284,0,2080,947532498,0,15445772,0,0,0,0,0
1785894076125|1002|stream64_f2r_2|rotating|30,1378943233,33558272,18746459,18486803,213214,0,213214,0,4518,0,2259,0,0,0,17679,17679,14432616,0,4096,0,0,0,2259,0,439517063,0,439517071,0,0,0,0,0,0,0,0,0,4096,256,131072,4,15|4,0,67108864,262144,256,0,0,0,0,276,0,264,0,69,66,0,1,276,0|36,483872885,1,0,0,17301504,0,17301504,0,53398,0,0,66,0,0,0,0,0,0,0,6979586,0,0,0,0,0
1785894081134|1002|stream64_f2r_2|fixed|32,1378943233,16781056,24972710,24626820,24688709,24626820,24688709,24626820,23639,23550,23550,23550,0,0,3009,0,726942336,725505280,4096,4096,0,0,23550,23550,775713266,775713599,775713274,775713607,0,0,0,0,0,0,0,0,4096,256,131072,4,15|4,0,67108864,262144,256,0,0,0,0,364,0,352,0,91,88,0,1,364,0|38,1487032130,1,23258368,0,0,0,0,0,24673748,0,88,0,1277876634,0,1277876634,0,2080,1265909291,0,18288787,0,0,0,0,0
1785894081134|1002|stream64_f2r_2|rotating|32,1378943233,33558272,25052405,24705460,284942,0,284942,0,6038,0,3019,0,0,0,23625,23625,19288168,0,4096,0,0,0,3019,0,761786774,0,761786782,0,0,0,0,0,0,0,0,0,4096,256,131072,4,15|4,0,67108864,262144,256,0,0,0,0,364,0,352,0,91,88,0,1,364,0|38,806877371,1,0,0,23068672,0,23068672,0,71376,0,0,88,0,0,0,0,0,0,0,7018673,0,0,0,0,0
1785894086145|1002|stream64_f2r_2|fixed|34,1378943233,16777471,31231306,30798302,30876140,30798302,30876140,30798302,29562,29452,29450,29450,0,0,3763,0,909079296,907281603,4096,4096,0,0,29451,29451,1095442803,1095442800,1095442811,1095442808,0,0,0,0,0,0,0,0,4096,256,131072,4,15|4,0,67108864,262144,256,0,0,0,0,452,0,440,0,113,110,0,1,452,0|40,1806814627,1,29072960,0,0,0,0,0,30846488,0,110,0,1596205483,0,1596205483,0,2080,1582543276,0,21131321,0,0,0,0,0
1785894086145|1002|stream64_f2r_2|rotating|34,1378943233,33558272,31304243,30870541,356009,0,356009,0,7544,0,3772,0,0,0,29519,29519,24099072,0,4096,0,0,0,3772,0,1081047639,0,1081047647,0,0,0,0,0,0,0,0,0,4096,256,131072,4,15|4,0,67108864,262144,256,0,0,0,0,456,0,444,0,114,111,0,1,456,0|40,1126947296,1,0,0,29097984,0,29097984,0,89191,0,0,111,0,0,0,0,0,0,0,7066369,0,0,0,0,0
1785894091154|1002|stream64_f2r_2|fixed|36,1378943233,16777471,37520068,36999380,37093271,36999380,37093271,36999380,35514,35381,35379,35379,0,0,4522,0,1092098073,1089923716,4096,4096,0,0,35380,35380,1416815659,1416815624,1416815667,1416815640,0,0,0,0,0,0,0,0,4096,256,131072,4,15|4,0,67108864,262144,256,0,0,0,0,544,0,532,0,136,133,0,1,544,0|42,2128701301,1,34928384,0,0,0,0,0,37057636,0,133,0,1916628301,0,1916628301,0,2080,1901148606,0,24100667,0,0,0,0,0
1785894091154|1002|stream64_f2r_2|rotating|36,1378943233,33558272,37617351,37095508,427839,0,427839,0,9066,0,4533,0,0,0,35471,35471,28961104,0,4096,0,0,0,4533,0,1403546296,0,1403546304,0,0,0,0,0,0,0,0,0,4096,256,131072,4,15|4,0,67108864,262144,256,0,0,0,0,544,0,532,0,136,133,0,1,544,0|42,1448250564,1,0,0,34865152,0,34865152,0,107077,0,0,133,0,0,0,0,0,0,0,7114875,0,0,0,0,0
1785894096164|1002|stream64_f2r_2|fixed|38,1378943233,16781056,43777272,43170751,43279309,43170751,43279309,43170751,41437,41281,41280,41280,0,0,5276,0,1274231816,1271699304,4096,4096,0,0,41280,41280,1736514042,1736514343,1736514050,1736514359,0,0,0,0,0,0,0,0,4096,256,131072,4,15|4,0,67108864,262144,256,0,0,0,0,632,0,620,0,158,155,0,1,632,0|44,2447955274,1,40735072,0,0,0,0,0,43219427,0,155,0,2234430602,0,2234430602,0,2080,2217258806,0,26938741,0,0,0,0,0
1785894096164|1002|stream64_f2r_2|rotating|38,1378943233,33558272,43853587,43246274,498815,0,498815,0,10570,0,5285,0,0,0,41352,41352,33765552,0,4096,0,0,0,5285,0,1722372905,0,1722372913,0,0,0,0,0,0,0,0,0,4096,256,131072,4,15|4,0,67108864,262144,256,0,0,0,0,632,0,620,0,158,155,0,1,632,0|44,1767502645,1,0,0,40632320,0,40632320,0,124845,0,0,155,0,0,0,0,0,0,0,7159003,0,0,0,0,0
1785894101168|1002|stream64_f2r_2|fixed|40,1378943233,16777471,50047708,49351734,49478484,49351734,49478484,49351734,47370,47192,47190,47190,0,0,6031,0,1456669147,1453778014,4096,4096,0,0,47191,47191,2056769379,2056769352,2056769387,2056769360,0,0,0,0,0,0,0,0,4096,256,131072,4,15|4,0,67108864,262144,256,0,0,0,0,720,0,708,0,180,177,0,1,720,0|46,2768152483,1,46557568,0,0,0,0,0,49400299,0,177,0,2553172187,0,2553172187,0,2080,2534307839,0,29780660,0,0,0,0,0
1785894101168|1002|stream64_f2r_2|rotating|40,1378943233,33558272,50122082,49425295,570075,0,570075,0,12080,0,6040,0,0,0,47260,47260,38589200,0,4096,0,0,0,6040,0,2042492667,0,2042492675,0,0,0,0,0,0,0,0,0,4096,256,131072,4,15|4,0,67108864,262144,256,0,0,0,0,720,0,708,0,180,177,0,1,720,0|46,2087123669,1,0,0,46399488,0,46399488,0,142635,0,0,177,0,0,0,0,0,0,0,7202323,0,0,0,0,0
1785894106176|1002|stream64_f2r_2|fixed|42,1378943233,16777471,56326519,55543727,55685941,55543727,55685941,55543727,53311,53111,53109,53109,0,0,6787,0,1639394650,1636143573,4096,4096,0,0,53110,53110,2377505989,2377505986,2377505997,2377505994,0,0,0,0,0,0,0,0,4096,256,131072,4,15|4,0,67108864,262144,256,0,0,0,0,808,0,796,0,202,199,0,1,808,0|48,3089013328,1,52395872,0,0,0,0,0,55594322,0,199,0,2872573456,0,2872573456,0,2080,2852017883,0,32624646,0,0,0,0,0
1785894106176|1002|stream64_f2r_2|rotating|42,1378943233,33558272,56394882,55611145,641422,0,641422,0,13592,0,6796,0,0,0,53174,53174,43419224,0,4096,0,0,0,6796,0,2363044274,0,2363044282,0,0,0,0,0,0,0,0,0,4096,256,131072,4,15|5,0,67108864,262144,256,0,0,0,0,812,0,800,0,203,200,0,1,812,0|48,2407435154,1,0,0,52428800,0,52428800,0,160453,0,0,200,0,0,0,0,0,0,0,7250698,0,0,0,0,0
1785894111177|1002|stream64_f2r_2|fixed|44,1378943233,16777471,62587431,61718193,61875599,61718193,61875599,61718193,59237,59015,59013,59013,0,0,7542,0,1821628323,1818017686,4096,4096,0,0,59014,59014,2697391054,2697391027,2697391062,2697391035,0,0,0,0,0,0,0,0,4096,256,131072,4,15|4,0,67108864,262144,256,0,0,0,0,900,0,888,0,225,222,0,1,900,0|50,3408870593,1,58203872,0,0,0,0,0,61764375,0,222,0,3190978721,0,3190978721,0,2080,3168598400,0,35591070,0,0,0,0,0
1785894111177|1002|stream64_f2r_2|rotating|44,1378943233,33558272,62660480,61789733,712682,0,712682,0,15102,0,7551,0,0,0,59082,59082,48242872,0,4096,0,0,0,7551,0,2682961404,0,2682961412,0,0,0,0,0,0,0,0,0,4096,256,131072,4,15|4,0,67108864,262144,256,0,0,0,0,900,0,888,0,225,222,0,1,900,0|50,2727621523,1,0,0,58195968,0,58195968,0,178288,0,0,222,0,0,0,0,0,0,0,7301415,0,0,0,0,0
1785894116183|1002|stream64_f2r_2|fixed|46,1378943233,16777471,68859693,67902796,68076508,67902796,68076508,67902796,65174,64929,64927,64927,0,0,8298,0,2004175840,2000189968,4096,4096,0,0,64928,64928,3017950892,3017950937,3017950900,3017950921,0,0,0,0,0,0,0,0,4096,256,131072,4,15|4,0,67108864,262144,256,0,0,0,0,988,0,976,0,247,244,0,1,988,0|52,3730092193,1,64050080,0,0,0,0,0,67964793,0,244,0,3510738769,0,3510738769,0,2080,3486668494,0,38435482,0,0,0,0,0
1785894116183|1002|stream64_f2r_2|rotating|46,1378943233,33558272,68951015,67993026,784227,0,784227,0,16618,0,8309,0,0,0,65013,65013,53085720,0,4096,0,0,0,8309,0,3004372955,0,3004372971,0,0,0,0,0,0,0,0,0,4096,256,131072,4,15|4,0,67108864,262144,256,0,0,0,0,988,0,976,0,247,244,0,1,988,0|52,3050229665,1,0,0,63963136,0,63963136,0,196222,0,0,244,0,0,0,0,0,0,0,7348454,0,0,0,0,0
1785894124581|1003|stream64_f2r_3|fixed|50,1378943233,16777471,6144870,6059363,6075118,6059363,6075118,6059363,5811,5789,5788,5788,0,0,739,0,178683656,178340614,4096,4096,0,0,5789,5789,3555449794,3555449767,3555449746,3555449775,0,0,0,0,0,0,0,0,4096,256,131072,4,15|4,0,67108864,262144,256,0,0,0,0,96,0,84,0,24,21,0,1,96,0|60,4266743737,1,5750048,0,0,0,0,0,6106897,0,21,0,319750152,0,319750152,0,2080,312984382,0,9634894,0,0,0,0,0
1785894124581|1003|stream64_f2r_3|rotating|50,1378943233,33558272,6211606,6125159,70503,0,70503,0,1494,0,747,0,0,0,5851,5852,4772528,0,4096,0,0,0,747,0,3540834234,0,3540834242,0,0,0,0,0,0,0,0,0,4096,256,131072,4,15|4,0,67108864,262144,256,0,0,0,0,100,0,88,0,25,22,0,1,100,0|60,3585425348,1,0,0,5767168,0,5767168,0,17744,0,0,22,0,0,0,0,0,0,0,6894466,0,0,0,0,0
1785894129582|1003|stream64_f2r_3|fixed|52,1378943233,16777471,12414011,12241511,12273099,12241511,12273099,12241511,11738,11695,11693,11693,0,0,1493,0,360944539,360242366,4096,4096,0,0,11694,11694,3875390345,3875390334,3875390361,3875390342,0,0,0,0,0,0,0,0,4096,256,131072,4,15|4,0,67108864,262144,256,0,0,0,0,188,0,176,0,47,44,0,1,188,0|62,291880787,2,11573856,0,0,0,0,0,12288944,0,44,0,638398546,0,638398546,0,2080,629806631,0,12606109,0,0,0,0,0
1785894129582|1003|stream64_f2r_3|rotating|52,1378943233,33558272,12503549,12329246,142048,0,142048,0,3010,0,1505,0,0,0,11777,11777,9615384,0,4096,0,0,0,1505,0,3862045466,0,3862045474,0,0,0,0,0,0,0,0,0,4096,256,131072,4,15|4,0,67108864,262144,256,0,0,0,0,188,0,176,0,47,44,0,1,188,0|62,3906498964,1,0,0,11534336,0,11534336,0,35606,0,0,44,0,0,0,0,0,0,0,6939681,0,0,0,0,0
1785894134591|1003|stream64_f2r_3|fixed|54,1378943233,16777471,18688255,18429163,18475893,18429163,18475893,18429163,17675,17610,17607,17607,0,0,2250,0,543506618,542428024,4096,4096,0,0,17608,17608,4195962302,4195962323,4195962310,4195962299,0,0,0,0,0,0,0,0,4096,256,131072,4,15|4,0,67108864,262144,256,0,0,0,0,276,0,264,0,69,66,0,1,276,0|64,612361332,2,17404256,0,0,0,0,0,18477385,0,66,0,957421491,0,957421491,0,2080,947143223,0,15443526,0,0,0,0,0
1785894134591|1003|stream64_f2r_3|rotating|54,1378943233,33558272,18762017,18502153,213214,0,213214,0,4518,0,2259,0,0,0,17677,17677,14432616,0,4096,0,0,0,2259,0,4181730956,0,4181730964,0,0,0,0,0,0,0,0,0,4096,256,131072,4,15|4,0,67108864,262144,256,0,0,0,0,276,0,264,0,69,66,0,1,276,0|64,4226288710,1,0,0,17301504,0,17301504,0,53398,0,0,66,0,0,0,0,0,0,0,6977143,0,0,0,0,0
1785894139596|1003|stream64_f2r_3|fixed|56,1378943233,16777471,24963099,24618355,24679476,24618355,24679476,24618355,23609,23522,23519,23519,0,0,3005,0,725996604,724558415,4096,4096,0,0,23520,23520,221329133,221329114,221329141,221329122,0,0,0,0,0,0,0,0,4096,256,131072,4,15|4,0,67108864,262144,256,0,0,0,0,364,0,352,0,91,88,0,1,364,0|66,932748134,2,23226752,0,0,0,0,0,24667169,0,88,0,1276352669,0,1276352669,0,2080,1264378524,0,18288770,0,0,0,0,0
1785894139596|1003|stream64_f2r_3|rotating|56,1378943233,33558272,25038391,24692860,284474,0,284474,0,6028,0,3014,0,0,0,23590,23590,19256264,0,4096,0,0,0,3014,0,206886754,0,206886762,0,0,0,0,0,0,0,0,0,4096,256,131072,4,15|4,0,67108864,262144,256,0,0,0,0,364,0,352,0,91,88,0,1,364,0|66,251596454,2,0,0,23068672,0,23068672,0,71235,0,0,88,0,0,0,0,0,0,0,7019857,0,0,0,0,0
1785894144604|1003|stream64_f2r_3|fixed|58,1378943233,16777471,31246629,30814975,30891557,30814975,30891557,30814975,29550,29441,29438,29438,0,0,3762,0,908695583,906898664,4096,4096,0,0,29439,29439,542028165,542028194,542028173,542028170,0,0,0,0,0,0,0,0,4096,256,131072,4,15|4,0,67108864,262144,256,0,0,0,0,452,0,440,0,113,110,0,1,452,0|68,1254455143,2,29080864,0,0,0,0,0,30883018,0,110,0,1596596150,0,1596596150,0,2080,1582936301,0,21130629,0,0,0,0,0
1785894144604|1003|stream64_f2r_3|rotating|58,1378943233,33558272,31370802,30937145,356483,0,356483,0,7554,0,3777,0,0,0,29555,29555,24131008,0,4096,0,0,0,3777,0,530246248,0,530246256,0,0,0,0,0,0,0,0,0,4096,256,131072,4,15|4,0,67108864,262144,256,0,0,0,0,456,0,444,0,114,111,0,1,456,0|68,574906592,2,0,0,29097984,0,29097984,0,89239,0,0,111,0,0,0,0,0,0,0,7064840,0,0,0,0,0
1785894149606|1003|stream64_f2r_3|fixed|60,1378943233,16777471,37515116,36996557,37088885,36996557,37088885,36996557,35476,35346,35342,35342,0,0,4516,0,1090958487,1088802706,4096,4096,0,0,35343,35343,861957256,861957229,861957264,861957237,0,0,0,0,0,0,0,0,4096,256,131072,4,15|4,0,67108864,262144,256,0,0,0,0,544,0,532,0,136,133,0,1,544,0|70,1574162571,2,34896768,0,0,0,0,0,37057283,0,133,0,1914849602,0,1914849602,0,2080,1899360779,0,24102976,0,0,0,0,0
1785894149606|1003|stream64_f2r_3|rotating|60,1378943233,33558272,37603683,37083323,427271,0,427271,0,9054,0,4527,0,0,0,35426,35426,28922736,0,4096,0,0,0,4527,0,848218831,0,848218839,0,0,0,0,0,0,0,0,0,4096,256,131072,4,15|4,0,67108864,262144,256,0,0,0,0,544,0,532,0,136,133,0,1,544,0|70,893088691,2,0,0,34865152,0,34865152,0,106936,0,0,133,0,0,0,0,0,0,0,7104959,0,0,0,0,0
1785894154615|1003|stream64_f2r_3|fixed|62,1378943233,16781056,43797620,43191646,43299941,43191646,43299941,43191646,41417,41264,41261,41261,0,0,5273,0,1273644896,1271114136,4096,4096,0,0,41261,41261,1182748100,1182748441,1182748108,1182748449,0,0,0,0,0,0,0,0,4096,256,131072,4,15|4,0,67108864,262144,256,0,0,0,0,632,0,620,0,158,155,0,1,632,0|72,1894275946,2,40719264,0,0,0,0,0,43241776,0,155,0,2233507353,0,2233507353,0,2080,2216325260,0,26945613,0,0,0,0,0
1785894154615|1003|stream64_f2r_3|rotating|62,1378943233,33558272,43879554,43272674,498626,0,498626,0,10566,0,5283,0,0,0,41338,41338,33752784,0,4096,0,0,0,5283,0,1168769043,0,1168769059,0,0,0,0,0,0,0,0,0,4096,256,131072,4,15|4,0,67108864,262144,256,0,0,0,0,632,0,620,0,158,155,0,1,632,0|72,1214232211,2,0,0,40632320,0,40632320,0,124821,0,0,155,0,0,0,0,0,0,0,7147971,0,0,0,0,0
1785894159617|1003|stream64_f2r_3|fixed|64,1378943233,16779383,50070207,49377617,49501267,49377617,49501267,49377617,47348,47172,47169,47169,0,0,6028,0,1456012976,1453123408,4096,4096,0,0,47170,47170,1502895852,1502895857,1502895820,1502895833,0,0,0,0,0,0,0,0,4096,256,131072,4,15|4,0,67108864,262144,256,0,0,0,0,720,0,708,0,180,177,0,1,720,0|74,2214411603,2,46541760,0,0,0,0,0,49427436,0,177,0,2552187386,0,2552187386,0,2080,2533303486,0,29796787,0,0,0,0,0
1785894159617|1003|stream64_f2r_3|rotating|64,1378943233,33558272,50138453,49445182,569697,0,569697,0,12072,0,6036,0,0,0,47233,47233,38563672,0,4096,0,0,0,6036,0,1488038538,0,1488038546,0,0,0,0,0,0,0,0,0,4096,256,131072,4,15|4,0,67108864,262144,256,0,0,0,0,720,0,708,0,180,177,0,1,720,0|74,1532745648,2,0,0,46399488,0,46399488,0,142542,0,0,177,0,0,0,0,0,0,0,7195713,0,0,0,0,0
1785894164630|1003|stream64_f2r_3|fixed|66,1378943233,16777471,56355041,55574279,55714652,55574279,55714652,55574279,53292,53094,53090,53090,0,0,6785,0,1638784195,1635536664,4096,4096,0,0,53091,53091,1823724413,1823724434,1823724421,1823724426,0,0,0,0,0,0,0,0,4096,256,131072,4,15|4,0,67108864,262144,256,0,0,0,0,808,0,796,0,202,199,0,1,808,0|76,2534073628,2,52348448,0,0,0,0,0,55601982,0,199,0,2870397739,0,2870397739,0,2080,2849811731,0,32644868,0,0,0,0,0
1785894164630|1003|stream64_f2r_3|rotating|66,1378943233,33558272,56427694,55646114,641234,0,641234,0,13588,0,6794,0,0,0,53158,53158,43406432,0,4096,0,0,0,6794,0,1809453766,0,1809453774,0,0,0,0,0,0,0,0,0,4096,256,131072,4,15|4,0,67108864,262144,256,0,0,0,0,808,0,796,0,202,199,0,1,808,0|76,1853773639,2,0,0,52166656,0,52166656,0,160402,0,0,199,0,0,0,0,0,0,0,7240969,0,0,0,0,0
1785894169655|1003|stream64_f2r_3|fixed|68,1378943233,16777471,62647269,61779483,61935343,61779483,61935343,61779483,59247,59027,59023,59023,0,0,7543,0,1821939160,1818333176,4096,4096,0,0,59024,59024,2145214438,2145214443,2145214390,2145214419,0,0,0,0,0,0,0,0,4096,256,131072,4,15|4,0,67108864,262144,256,0,0,0,0,900,0,888,0,225,222,0,1,900,0|78,2857921780,2,58243392,0,0,0,0,0,61849779,0,222,0,3192772155,0,3192772155,0,2080,3170368468,0,35622890,0,0,0,0,0
1785894169655|1003|stream64_f2r_3|rotating|68,1378943233,33558272,62736676,61867271,713060,0,713060,0,15110,0,7555,0,0,0,59108,59108,48268456,0,4096,0,0,0,7555,0,2131961083,0,2131961091,0,0,0,0,0,0,0,0,0,4096,256,131072,4,15|4,0,67108864,262144,256,0,0,0,0,900,0,888,0,225,222,0,1,900,0|78,2176310212,2,0,0,58195968,0,58195968,0,178360,0,0,222,0,0,0,0,0,0,0,7290401,0,0,0,0,0
1785894174656|1003|stream64_f2r_3|fixed|70,1378943233,16777471,68908544,67955171,68125359,67955171,68125359,67955171,65174,64931,64927,64927,0,0,8298,0,2004187639,2000208010,4096,4096,0,0,64928,64928,2465251832,2465251861,2465251840,2465251869,0,0,0,0,0,0,0,0,4096,256,131072,4,15|4,0,67108864,262144,256,0,0,0,0,988,0,976,0,247,244,0,1,988,0|80,3176739351,2,64042176,0,0,0,0,0,68003414,0,244,0,3510140030,0,3510140030,0,2080,3486036495,0,38467014,0,0,0,0,0
1785894174656|1003|stream64_f2r_3|rotating|70,1378943233,33558272,68983925,68029727,784038,0,784038,0,16614,0,8307,0,0,0,64999,64999,53072968,0,4096,0,0,0,8307,0,2450793734,0,2450793742,0,0,0,0,0,0,0,0,0,4096,256,131072,4,15|4,0,67108864,262144,256,0,0,0,0,988,0,976,0,247,244,0,1,988,0|80,2495647723,2,0,0,63963136,0,63963136,0,196127,0,0,244,0,0,0,0,0,0,0,7339860,0,0,0,0,0
1785894183076|1004|stream64_r2f_1|fixed|74,1378943233,16781056,6143828,6058821,69643,0,69643,0,1478,0,739,0,0,0,5788,5788,4721392,0,4096,0,0,0,739,0,3004201487,0,3004201495,0,0,0,0,0,0,0,0,0,4096,256,131072,4,15|4,0,67108864,262144,256,0,0,0,0,96,0,84,0,24,21,0,1,96,0|88,3715568037,2,0,0,5505024,0,5505024,0,17528,0,0,21,0,0,0,0,0,0,0,6890975,0,0,0,0,0
1785894183076|1004|stream64_r2f_1|rotating|74,1378943233,33554687,6214365,6127954,6143877,6127954,6143877,6127954,5878,5855,5854,5854,0,0,748,0,180715317,180355264,4096,4096,0,0,5855,5855,2990095829,2990095834,2990095837,2990095842,0,0,0,0,0,0,0,0,4096,256,131072,4,15|4,0,67108864,262144,256,0,0,0,0,100,0,88,0,25,22,0,1,100,0|88,3034837627,2,5814592,0,0,0,0,0,6172722,0,22,0,323298976,0,323298976,0,2080,316388189,0,9789197,0,0,0,0,0
1785894188080|1004|stream64_r2f_1|fixed|76,1378943233,16781056,12424634,12252194,140882,0,140882,0,2990,0,1495,0,0,0,11703,11704,9551456,0,4096,0,0,0,1495,0,3324774057,0,3324774065,0,0,0,0,0,0,0,0,0,4096,256,131072,4,15|4,0,67108864,262144,256,0,0,0,0,188,0,176,0,47,44,0,1,188,0|90,4035776802,2,0,0,11534336,0,11534336,0,35338,0,0,44,0,0,0,0,0,0,0,6939387,0,0,0,0,0
1785894188080|1004|stream64_r2f_1|rotating|76,1378943233,33558272,12483458,12309912,12341916,12309912,12341916,12309912,11804,11759,11759,11759,0,0,1502,0,362977568,362256952,4096,4096,0,0,11759,11759,3310041826,3310042151,3310041834,3310042159,0,0,0,0,0,0,0,0,4096,256,131072,4,15|4,0,67108864,262144,256,0,0,0,0,188,0,176,0,47,44,0,1,188,0|90,3354356464,2,11629184,0,0,0,0,0,12346296,0,44,0,641364165,0,641364165,0,2080,632735238,0,12655007,0,0,0,0,0
1785894193095|1004|stream64_r2f_1|fixed|78,1378943233,16780817,18700923,18441867,212219,0,212219,0,4504,0,2252,0,0,0,17620,17620,14384394,0,4096,0,0,0,2252,0,3645577370,0,3645577378,0,0,0,0,0,0,0,0,0,4096,256,131072,4,15|4,0,67108864,262144,256,0,0,0,0,276,0,264,0,69,66,0,1,276,0|92,61908555,3,0,0,17301504,0,17301504,0,53172,0,0,66,0,0,0,0,0,0,0,6988466,0,0,0,0,0
1785894193095|1004|stream64_r2f_1|rotating|78,1378943233,33554687,18772491,18512760,18559518,18512760,18559518,18512760,17756,17688,17687,17687,0,0,2260,0,545976545,544896992,4096,4096,0,0,17688,17688,3631291660,3631291689,3631291668,3631291657,0,0,0,0,0,0,0,0,4096,256,131072,4,15|4,0,67108864,262144,256,0,0,0,0,276,0,264,0,69,66,0,1,276,0|92,3675275698,2,17465964,0,0,0,0,0,18542379,0,66,0,960824204,0,960824204,0,2080,950485099,0,15517565,0,0,0,0,0
1785894198097|1004|stream64_r2f_1|fixed|80,1378943233,16781056,24972923,24627919,283368,0,283368,0,6014,0,3007,0,0,0,23528,23528,19211544,0,4096,0,0,0,3007,0,3965717111,0,3965717119,0,0,0,0,0,0,0,0,0,4096,256,131072,4,15|4,0,67108864,262144,256,0,0,0,0,364,0,352,0,91,88,0,1,364,0|94,382046309,3,0,0,23068672,0,23068672,0,70960,0,0,88,0,0,0,0,0,0,0,7031166,0,0,0,0,0
1785894198097|1004|stream64_r2f_1|rotating|80,1378943233,33558272,25054680,24708881,24770463,24708881,24770463,24708881,23696,23606,23606,23606,0,0,3016,0,728670816,727234184,4096,4096,0,0,23606,23606,3951987336,3951987669,3951987344,3951987677,0,0,0,0,0,0,0,0,4096,256,131072,4,15|4,0,67108864,262144,256,0,0,0,0,364,0,352,0,91,88,0,1,364,0|94,3996720098,2,23313696,0,0,0,0,0,24752496,0,88,0,1280806671,0,1280806671,0,2080,1268760344,0,18379626,0,0,0,0,0
1785894203112|1004|stream64_r2f_1|fixed|82,1378943233,16781056,31261464,30829538,354705,0,354705,0,7528,0,3764,0,0,0,29452,29452,24047952,0,4096,0,0,0,3764,0,4286717082,0,4286717098,0,0,0,0,0,0,0,0,0,4096,256,131072,4,15|4,0,67108864,262144,256,0,0,0,0,452,0,440,0,113,110,0,1,452,0|96,703141116,3,0,0,28835840,0,28835840,0,88793,0,0,110,0,0,0,0,0,0,0,7079834,0,0,0,0,0
1785894203112|1004|stream64_r2f_1|rotating|82,1378943233,33554687,31327105,30894477,30971744,30894477,30971744,30894477,29627,29515,29514,29514,0,0,3771,0,911060458,909264997,4096,4096,0,0,29515,29515,4272174058,4272174039,4272174066,4272174047,0,0,0,0,0,0,0,0,4096,256,131072,4,15|4,0,67108864,262144,256,0,0,0,0,456,0,444,0,114,111,0,1,456,0|96,21598492,3,29121696,0,0,0,0,0,30928677,0,111,0,1599200361,0,1599200361,0,2080,1585302075,0,21373261,0,0,0,0,0
1785894208118|1004|stream64_r2f_1|fixed|84,1378943233,16781056,37537309,37018486,425849,0,425849,0,9038,0,4519,0,0,0,35364,35364,28871608,0,4096,0,0,0,4519,0,311892384,0,311892392,0,0,0,0,0,0,0,0,0,4096,256,131072,4,15|4,0,67108864,262144,256,0,0,0,0,544,0,532,0,136,133,0,1,544,0|98,1023590892,3,0,0,34865152,0,34865152,0,106627,0,0,133,0,0,0,0,0,0,0,7124627,0,0,0,0,0
1785894208118|1004|stream64_r2f_1|rotating|84,1378943233,33554687,37602745,37082555,37176140,37082555,37176140,37082555,35561,35426,35425,35425,0,0,4527,0,1093520771,1091348910,4096,4096,0,0,35426,35426,297635070,297635051,297635078,297635059,0,0,0,0,0,0,0,0,4096,256,131072,4,15|4,0,67108864,262144,256,0,0,0,0,544,0,532,0,136,133,0,1,544,0|98,342037013,3,34952096,0,0,0,0,0,37119820,0,133,0,1918181282,0,1918181282,0,2080,1902569681,0,24237640,0,0,0,0,0
1785894213118|1004|stream64_r2f_1|fixed|86,1378943233,16781056,43804311,43198332,496998,0,496998,0,10548,0,5274,0,0,0,41267,41267,33695264,0,4096,0,0,0,5274,0,631833496,0,631833504,0,0,0,0,0,0,0,0,0,4096,256,131072,4,15|4,0,67108864,262144,256,0,0,0,0,632,0,620,0,158,155,0,1,632,0|100,1343674928,3,0,0,40632320,0,40632320,0,124391,0,0,155,0,0,0,0,0,0,0,7170318,0,0,0,0,0
1785894213118|1004|stream64_r2f_1|rotating|86,1378943233,33554687,43883710,43276720,43385769,43276720,43385769,43276720,41500,41343,41342,41342,0,0,5284,0,1276163672,1273633620,4096,4096,0,0,41343,41343,618252357,618252346,618252325,618252354,0,0,0,0,0,0,0,0,4096,256,131072,4,15|4,0,67108864,262144,256,0,0,0,0,632,0,620,0,158,155,0,1,632,0|100,663476782,3,40798304,0,0,0,0,0,43329976,0,155,0,2238159499,0,2238159499,0,2080,2220842190,0,27097806,0,0,0,0,0
1785894218145|1004|stream64_r2f_1|fixed|88,1378943233,16781056,50104744,49411126,568429,0,568429,0,12064,0,6032,0,0,0,47202,47202,38538096,0,4096,0,0,0,6032,0,953260690,0,953260698,0,0,0,0,0,0,0,0,0,4096,256,131072,4,15|4,0,67108864,262144,256,0,0,0,0,720,0,708,0,180,177,0,1,720,0|102,1665075495,3,0,0,46399488,0,46399488,0,142249,0,0,177,0,0,0,0,0,0,0,7217299,0,0,0,0,0
1785894218145|1004|stream64_r2f_1|rotating|88,1378943233,33554687,50179795,49485239,49610515,49485239,49610515,49485239,47452,47273,47272,47272,0,0,6041,0,1459209200,1456321177,4096,4096,0,0,47273,47273,939570831,939570812,939570815,939570820,0,0,0,0,0,0,0,0,4096,256,131072,4,15|4,0,67108864,262144,256,0,0,0,0,720,0,708,0,180,177,0,1,720,0|102,984010453,3,46628704,0,0,0,0,0,49523443,0,177,0,2557235570,0,2557235570,0,2080,2538209116,0,29958015,0,0,0,0,0
1785894223159|1004|stream64_r2f_1|fixed|90,1378943233,16781056,56396988,55615467,639861,0,639861,0,13580,0,6790,0,0,0,53128,53128,43380888,0,4096,0,0,0,6790,0,1274687179,0,1274687195,0,0,0,0,0,0,0,0,0,4096,256,131072,4,15|4,0,67108864,262144,256,0,0,0,0,808,0,796,0,202,199,0,1,808,0|104,1986079800,3,0,0,52166656,0,52166656,0,160082,0,0,199,0,0,0,0,0,0,0,7255464,0,0,0,0,0
1785894223159|1004|stream64_r2f_1|rotating|90,1378943233,33554687,56474075,55691116,55833275,55691116,55833275,55691116,53404,53202,53201,53201,0,0,6800,0,1642212842,1638948893,4096,4096,0,0,53202,53202,1260944789,1260944794,1260944797,1260944802,0,0,0,0,0,0,0,0,4096,256,131072,4,15|4,0,67108864,262144,256,0,0,0,0,812,0,800,0,203,200,0,1,812,0|104,1305764385,3,52476224,0,0,0,0,0,55737088,0,200,0,2877527622,0,2877527622,0,2080,2856661518,0,32947826,0,0,0,0,0
1785894228188|1004|stream64_r2f_1|fixed|92,1378943233,16781056,62695987,61827431,711383,0,711383,0,15098,0,7549,0,0,0,59063,59063,48230104,0,4096,0,0,0,7549,0,1596344802,0,1596344810,0,0,0,0,0,0,0,0,0,4096,256,131072,4,15|4,0,67108864,262144,256,0,0,0,0,900,0,888,0,225,222,0,1,900,0|106,2307859659,3,0,0,58195968,0,58195968,0,177987,0,0,222,0,0,0,0,0,0,0,7294342,0,0,0,0,0
1785894228188|1004|stream64_r2f_1|rotating|92,1378943233,33554687,62771089,61901774,62058857,61901774,62058857,61901774,59358,59134,59133,59133,0,0,7558,0,1825339126,1821716056,4096,4096,0,0,59134,59134,1582393292,1582393321,1582393300,1582393297,0,0,0,0,0,0,0,0,4096,256,131072,4,15|4,0,67108864,262144,256,0,0,0,0,900,0,888,0,225,222,0,1,900,0|106,1626763657,3,58314528,0,0,0,0,0,61938320,0,222,0,3197067318,0,3197067318,0,2080,3174496292,0,35805509,0,0,0,0,0
1785894233196|1004|stream64_r2f_1|fixed|94,1378943233,16781056,68978459,68024451,782626,0,782626,0,16610,0,8305,0,0,0,64981,64981,53060184,0,4096,0,0,0,8305,0,1916904187,0,1916904195,0,0,0,0,0,0,0,0,0,4096,256,131072,4,15|4,0,67108864,262144,256,0,0,0,0,988,0,976,0,247,244,0,1,988,0|108,2628482882,3,0,0,63963136,0,63963136,0,195798,0,0,244,0,0,0,0,0,0,0,7340727,0,0,0,0,0
1785894233196|1004|stream64_r2f_1|rotating|94,1378943233,33558033,69058554,68103539,68274984,68103539,68274984,68103539,65303,65057,65057,65057,0,0,8315,0,2008179700,2004196784,4096,4096,0,0,65058,65057,1903354200,1903336412,1903354208,1903336420,0,0,0,0,0,0,0,0,4096,256,131072,4,15|4,0,67108864,262144,256,0,0,0,0,988,0,976,0,247,244,0,1,988,0|108,1949016372,3,64176544,0,0,0,0,0,68164757,0,244,0,3517854529,0,3517854529,0,2080,3493589456,0,38657408,0,0,0,0,0
1785894241572|1005|stream64_r2f_2|fixed|98,1378943233,16781056,6162505,6078393,69830,0,69830,0,1482,0,741,0,0,0,5806,5806,4734160,0,4096,0,0,0,741,0,2453877529,0,2453877537,0,0,0,0,0,0,0,0,0,4096,256,131072,4,15|5,0,67108864,262144,256,0,0,0,0,100,0,88,0,25,22,0,1,100,0|116,3165886055,3,0,0,5767168,0,5767168,0,17622,0,0,22,0,0,0,0,0,0,0,6887561,0,0,0,0,0
1785894241572|1005|stream64_r2f_2|rotating|98,1378943233,33554687,6261750,6175837,6190789,6175837,6190789,6175837,5923,5900,5899,5899,0,0,753,0,182101251,181743320,4096,4096,0,0,5900,5900,2441328692,2441328713,2441328700,2441328697,0,0,0,0,0,0,0,0,4096,256,131072,4,15|4,0,67108864,262144,256,0,0,0,0,100,0,88,0,25,22,0,1,100,0|116,2486230674,3,5862016,0,0,0,0,0,6223159,0,22,0,325852893,0,325852893,0,2080,318961146,0,9780395,0,0,0,0,0
1785894246573|1005|stream64_r2f_2|fixed|100,1378943233,16781056,12414568,12243845,140788,0,140788,0,2988,0,1494,0,0,0,11694,11694,9545064,0,4096,0,0,0,1494,0,2773155434,0,2773155442,0,0,0,0,0,0,0,0,0,4096,256,131072,4,15|4,0,67108864,262144,256,0,0,0,0,188,0,176,0,47,44,0,1,188,0|118,3484606409,3,0,0,11534336,0,11534336,0,35338,0,0,44,0,0,0,0,0,0,0,6931734,0,0,0,0,0
1785894246573|1005|stream64_r2f_2|rotating|100,1378943233,33554687,12487381,12315067,12345745,12315067,12345745,12315067,11808,11763,11762,11762,0,0,1503,0,363096417,362378364,4096,4096,0,0,11763,11763,2759067722,2759067719,2759067730,2759067735,0,0,0,0,0,0,0,0,4096,256,131072,4,15|4,0,67108864,262144,256,0,0,0,0,188,0,176,0,47,44,0,1,188,0|118,2803528427,3,11637088,0,0,0,0,0,12353447,0,44,0,641706878,0,641706878,0,2080,633095500,0,12639211,0,0,0,0,0
1785894251588|1005|stream64_r2f_2|fixed|102,1378943233,16781056,18701468,18443354,212219,0,212219,0,4504,0,2252,0,0,0,17620,17620,14387912,0,4096,0,0,0,2252,0,3094386241,0,3094386249,0,0,0,0,0,0,0,0,0,4096,256,131072,4,15|4,0,67108864,262144,256,0,0,0,0,276,0,264,0,69,66,0,1,276,0|120,3805545244,3,0,0,17301504,0,17301504,0,53172,0,0,66,0,0,0,0,0,0,0,6980345,0,0,0,0,0
1785894251588|1005|stream64_r2f_2|rotating|102,1378943233,33554687,18774964,18516115,18561991,18516115,18561991,18516115,17758,17692,17690,17690,0,0,2260,0,546057578,544981509,4096,4096,0,0,17691,17691,3080248061,3080248058,3080248069,3080248066,0,0,0,0,0,0,0,0,4096,256,131072,4,15|4,0,67108864,262144,256,0,0,0,0,276,0,264,0,69,66,0,1,276,0|120,3125129153,3,17483296,0,0,0,0,0,18563383,0,66,0,961846052,0,961846052,0,2080,951528271,0,15500072,0,0,0,0,0
1785894256591|1005|stream64_r2f_2|fixed|104,1378943233,16781056,24972463,24627887,283368,0,283368,0,6014,0,3007,0,0,0,23528,23528,19211544,0,4096,0,0,0,3007,0,3414522091,0,3414522099,0,0,0,0,0,0,0,0,0,4096,256,131072,4,15|4,0,67108864,262144,256,0,0,0,0,364,0,352,0,91,88,0,1,364,0|122,4125972369,3,0,0,23068672,0,23068672,0,70966,0,0,88,0,0,0,0,0,0,0,7023517,0,0,0,0,0
1785894256591|1005|stream64_r2f_2|rotating|104,1378943233,33554687,25040736,24695480,24756612,24695480,24756612,24695480,23682,23594,23592,23592,0,0,3015,0,728262632,726828296,4096,4096,0,0,23593,23593,3400092166,3400092171,3400092158,3400092139,0,0,0,0,0,0,0,0,4096,256,131072,4,15|4,0,67108864,262144,256,0,0,0,0,364,0,352,0,91,88,0,1,364,0|122,3444571215,3,23289984,0,0,0,0,0,24734600,0,88,0,1279836442,0,1279836442,0,2080,1267806467,0,18358239,0,0,0,0,0
1785894261598|1005|stream64_r2f_2|fixed|106,1378943233,16781056,31250083,30818768,354517,0,354517,0,7524,0,3762,0,0,0,29442,29442,24035192,0,4096,0,0,0,3762,0,3734660338,0,3734660346,0,0,0,0,0,0,0,0,0,4096,256,131072,4,15|4,0,67108864,262144,256,0,0,0,0,452,0,440,0,113,110,0,1,452,0|124,151334890,4,0,0,28835840,0,28835840,0,88770,0,0,110,0,0,0,0,0,0,0,7066268,0,0,0,0,0
1785894261598|1005|stream64_r2f_2|rotating|106,1378943233,33554687,31330362,30898114,30974906,30898114,30974906,30898114,29629,29520,29517,29517,0,0,3772,0,911149769,909356396,4096,4096,0,0,29518,29518,3721136328,3721136341,3721136336,3721136349,0,0,0,0,0,0,0,0,4096,256,131072,4,15|4,0,67108864,262144,256,0,0,0,0,456,0,444,0,114,111,0,1,456,0|124,3765861397,3,29129600,0,0,0,0,0,30939091,0,111,0,1599666720,0,1599666720,0,2080,1585794580,0,21348868,0,0,0,0,0
1785894266611|1005|stream64_r2f_2|fixed|108,1378943233,16780817,37533053,37014022,425849,0,425849,0,9038,0,4519,0,0,0,35360,35360,28868599,0,4096,0,0,0,4519,0,4055657466,0,4055657474,0,0,0,0,0,0,0,0,0,4096,256,131072,4,15|4,0,67108864,262144,256,0,0,0,0,544,0,532,0,136,133,0,1,544,0|126,473705653,4,0,0,34865152,0,34865152,0,106698,0,0,133,0,0,0,0,0,0,0,7113880,0,0,0,0,0
1785894266611|1005|stream64_r2f_2|rotating|108,1378943233,33554687,37642858,37121947,37215782,37121947,37215782,37121947,35598,35466,35463,35463,0,0,4532,0,1094682348,1092513199,4096,4096,0,0,35464,35464,4043427863,4043427852,4043427871,4043427860,0,0,0,0,0,0,0,0,4096,256,131072,4,15|4,0,67108864,262144,256,0,0,0,0,544,0,532,0,136,133,0,1,544,0|126,4087823205,3,34991616,0,0,0,0,0,37160307,0,133,0,1920163024,0,1920163024,0,2080,1904589495,0,24208109,0,0,0,0,0
1785894271620|1005|stream64_r2f_2|fixed|110,1378943233,16781056,43811092,43204614,497093,0,497093,0,10550,0,5275,0,0,0,41274,41274,33701664,0,4096,0,0,0,5275,0,81056046,0,81056054,0,0,0,0,0,0,0,0,0,4096,256,131072,4,15|4,0,67108864,262144,256,0,0,0,0,632,0,620,0,158,155,0,1,632,0|128,792835361,4,0,0,40632320,0,40632320,0,124414,0,0,155,0,0,0,0,0,0,0,7154573,0,0,0,0,0
1785894271620|1005|stream64_r2f_2|rotating|110,1378943233,33558272,43885510,43278137,43387569,43278137,43387569,43278137,41500,41346,41344,41344,0,0,5284,0,1276206408,1273679304,4096,4096,0,0,41344,41344,67112449,67112790,67112457,67112798,0,0,0,0,0,0,0,0,4096,256,131072,4,15|4,0,67108864,262144,256,0,0,0,0,632,0,620,0,158,155,0,1,632,0|128,111615268,4,40789040,0,0,0,0,0,43317727,0,155,0,2237473027,0,2237473027,0,2080,2220187317,0,27064226,0,0,0,0,0
1785894276628|1005|stream64_r2f_2|fixed|112,1378943233,16781056,50092237,49397839,568334,0,568334,0,12062,0,6031,0,0,0,47189,47189,38531712,0,4096,0,0,0,6031,0,401618003,0,401618011,0,0,0,0,0,0,0,0,0,4096,256,131072,4,15|4,0,67108864,262144,256,0,0,0,0,720,0,708,0,180,177,0,1,720,0|130,1114193063,4,0,0,46399488,0,46399488,0,142272,0,0,177,0,0,0,0,0,0,0,7195723,0,0,0,0,0
1785894276628|1005|stream64_r2f_2|rotating|112,1378943233,33554687,50186748,49491264,49617375,49491264,49617375,49491264,47457,47281,47278,47278,0,0,6042,0,1459397755,1456510150,4096,4096,0,0,47279,47279,388685879,388685876,388685887,388685884,0,0,0,0,0,0,0,0,4096,256,131072,4,15|4,0,67108864,262144,256,0,0,0,0,720,0,708,0,180,177,0,1,720,0|130,433102684,4,46636608,0,0,0,0,0,49529672,0,177,0,2557498551,0,2557498551,0,2080,2538513120,0,29918745,0,0,0,0,0
1785894281633|1005|stream64_r2f_2|fixed|114,1378943233,16781056,56396510,55613596,639861,0,639861,0,13580,0,6790,0,0,0,53127,53127,43380888,0,4096,0,0,0,6790,0,723469796,0,723469812,0,0,0,0,0,0,0,0,0,4096,256,131072,4,15|4,0,67108864,262144,256,0,0,0,0,808,0,796,0,202,199,0,1,808,0|132,1434756765,4,0,0,52166656,0,52166656,0,160082,0,0,199,0,0,0,0,0,0,0,7252303,0,0,0,0,0
1785894281633|1005|stream64_r2f_2|rotating|114,1378943233,33558272,56459760,55676226,55819243,55676226,55819243,55676226,53387,53189,53187,53187,0,0,6797,0,1641775952,1638529776,4096,4096,0,0,53187,53187,708828018,708828351,708828026,708828359,0,0,0,0,0,0,0,0,4096,256,131072,4,15|4,0,67108864,262144,256,0,0,0,0,812,0,800,0,203,200,0,1,812,0|132,753200848,4,52452512,0,0,0,0,0,55711194,0,200,0,2876142739,0,2876142739,0,2080,2855316861,0,32902565,0,0,0,0,0
1785894286642|1005|stream64_r2f_2|fixed|116,1378943233,16781056,62650066,61779997,710818,0,710818,0,15086,0,7543,0,0,0,59018,59018,48191760,0,4096,0,0,0,7543,0,1042737163,0,1042737171,0,0,0,0,0,0,0,0,0,4096,256,131072,4,15|5,0,67108864,262144,256,0,0,0,0,900,0,888,0,225,222,0,1,900,0|134,1754083525,4,0,0,58195968,0,58195968,0,177845,0,0,222,0,0,0,0,0,0,0,7297745,0,0,0,0,0
1785894286642|1005|stream64_r2f_2|rotating|116,1378943233,33554926,62722616,61851163,62010950,61851163,62010950,61851163,59310,59089,59087,59087,0,0,7552,0,1823895608,1820275509,4096,4096,0,0,59087,59087,1028649390,1028649723,1028649398,1028649731,0,0,0,0,0,0,0,0,4096,256,131072,4,15|4,0,67108864,262144,256,0,0,0,0,900,0,888,0,225,222,0,1,900,0|134,1072979326,4,58267104,0,0,0,0,0,61888626,0,222,0,3194467569,0,3194467569,0,2080,3171939960,0,35751966,0,0,0,0,0
1785894291642|1005|stream64_r2f_2|fixed|118,1378943233,16781056,68916083,67960468,781965,0,781965,0,16596,0,8298,0,0,0,64922,64922,53015416,0,4096,0,0,0,8298,0,1362672168,0,1362672176,0,0,0,0,0,0,0,0,0,4096,256,131072,4,15|4,0,67108864,262144,256,0,0,0,0,988,0,976,0,247,244,0,1,988,0|136,2073473235,4,0,0,63963136,0,63963136,0,195585,0,0,244,0,0,0,0,0,0,0,7348219,0,0,0,0,0
1785894291642|1005|stream64_r2f_2|rotating|118,1378943233,33558272,68967985,68011897,68185454,68011897,68185454,68011897,65216,64973,64971,64971,0,0,8304,0,2005522088,2001544384,4096,4096,0,0,64971,64971,1347493318,1347493643,1347493326,1347493659,0,0,0,0,0,0,0,0,4096,256,131072,4,15|4,0,67108864,262144,256,0,0,0,0,988,0,976,0,247,244,0,1,988,0|136,1391821844,4,64065888,0,0,0,0,0,68048503,0,244,0,3511860391,0,3511860391,0,2059,3487621589,0,38607435,0,0,0,0,0
1785894300077|1006|stream64_r2f_3|fixed|122,1378943233,16781056,6157167,6071973,69737,0,69737,0,1480,0,740,0,0,0,5800,5800,4727776,0,4096,0,0,0,740,0,1902265116,0,1902265124,0,0,0,0,0,0,0,0,0,4096,256,131072,4,15|4,0,67108864,262144,256,0,0,0,0,96,0,84,0,24,21,0,1,96,0|144,2613992665,4,0,0,5505024,0,5505024,0,17575,0,0,21,0,0,0,0,0,0,0,6888116,0,0,0,0,0
1785894300077|1006|stream64_r2f_3|rotating|122,1378943233,33554687,6227673,6141045,6157090,6141045,6157090,6141045,5890,5867,5866,5866,0,0,749,0,181095640,180735246,4096,4096,0,0,5867,5867,1888386905,1888386894,1888386881,1888386902,0,0,0,0,0,0,0,0,4096,256,131072,4,15|4,0,67108864,262144,256,0,0,0,0,100,0,88,0,25,22,0,1,100,0|144,1932793666,4,5822496,0,0,0,0,0,6179168,0,22,0,323618547,0,323618547,0,2080,316709351,0,9789320,0,0,0,0,0
1785894305085|1006|stream64_r2f_3|fixed|124,1378943233,16781056,12441400,12268284,141071,0,141071,0,2994,0,1497,0,0,0,11719,11719,9564232,0,4096,0,0,0,1497,0,2223068164,0,2223068172,0,0,0,0,0,0,0,0,0,4096,256,131072,4,15|4,0,67108864,262144,256,0,0,0,0,188,0,176,0,47,44,0,1,188,0|146,2935490255,4,0,0,11534336,0,11534336,0,35456,0,0,44,0,0,0,0,0,0,0,6941130,0,0,0,0,0
1785894305085|1006|stream64_r2f_3|rotating|124,1378943233,33554687,12523166,12349122,12381151,12349122,12381151,12349122,11842,11797,11796,11796,0,0,1507,0,364123705,363406556,4096,4096,0,0,11797,11797,2209686282,2209686279,2209686290,2209686287,0,0,0,0,0,0,0,0,4096,256,131072,4,15|4,0,67108864,262144,256,0,0,0,0,188,0,176,0,47,44,0,1,188,0|146,2254051934,4,11662740,0,0,0,0,0,12386745,0,44,0,643416754,0,643416754,0,2080,634796496,0,12653349,0,0,0,0,0
1785894310099|1006|stream64_r2f_3|fixed|126,1378943233,16781056,18721239,18462220,212408,0,212408,0,4508,0,2254,0,0,0,17639,17639,14400704,0,4096,0,0,0,2254,0,2544058244,0,2544058252,0,0,0,0,0,0,0,0,0,4096,256,131072,4,15|4,0,67108864,262144,256,0,0,0,0,276,0,264,0,69,66,0,1,276,0|148,3255666007,4,0,0,17301504,0,17301504,0,53243,0,0,66,0,0,0,0,0,0,0,6988085,0,0,0,0,0
1785894310099|1006|stream64_r2f_3|rotating|126,1378943233,33554687,18789157,18529410,18575994,18529410,18575994,18529410,17771,17704,17703,17703,0,0,2262,0,546458046,545380416,4096,4096,0,0,17704,17704,2529758569,2529758582,2529758577,2529758558,0,0,0,0,0,0,0,0,4096,256,131072,4,15|4,0,67108864,262144,256,0,0,0,0,276,0,264,0,69,66,0,1,276,0|148,2574170663,4,17483296,0,0,0,0,0,18567931,0,66,0,962080344,0,962080344,0,2080,951756400,0,15506196,0,0,0,0,0
1785894315103|1006|stream64_r2f_3|fixed|128,1378943233,16781056,24994613,24649021,283556,0,283556,0,6018,0,3009,0,0,0,23549,23549,19224344,0,4096,0,0,0,3009,0,2864198825,0,2864198833,0,0,0,0,0,0,0,0,0,4096,256,131072,4,15|4,0,67108864,262144,256,0,0,0,0,364,0,352,0,91,88,0,1,364,0|150,3575746867,4,0,0,23068672,0,23068672,0,71031,0,0,88,0,0,0,0,0,0,0,7031869,0,0,0,0,0
1785894315103|1006|stream64_r2f_3|rotating|128,1378943233,33554687,25060612,24714381,24776301,24714381,24776301,24714381,23701,23612,23611,23611,0,0,3017,0,728832360,727397272,4096,4096,0,0,23612,23612,2849907524,2849907513,2849907500,2849907481,0,0,0,0,0,0,0,0,4096,256,131072,4,15|4,0,67108864,262144,256,0,0,0,0,364,0,352,0,91,88,0,1,364,0|150,2894227179,4,23305792,0,0,0,0,0,24750611,0,88,0,1280681236,0,1280681236,0,2080,1268643777,0,18369078,0,0,0,0,0
1785894320108|1006|stream64_r2f_3|fixed|130,1378943233,16781056,31267828,30835535,354705,0,354705,0,7528,0,3764,0,0,0,29458,29458,24047952,0,4096,0,0,0,3764,0,3184342042,0,3184342058,0,0,0,0,0,0,0,0,0,4096,256,131072,4,15|4,0,67108864,262144,256,0,0,0,0,452,0,440,0,113,110,0,1,452,0|152,3896208550,4,0,0,28835840,0,28835840,0,88817,0,0,110,0,0,0,0,0,0,0,7066822,0,0,0,0,0
1785894320108|1006|stream64_r2f_3|rotating|130,1378943233,33554687,31342663,30908750,30987019,30908750,30987019,30908750,29641,29529,29528,29528,0,0,3774,0,911491200,909680133,4096,4096,0,0,29529,29529,3170676941,3170676914,3170676925,3170676922,0,0,0,0,0,0,0,0,4096,256,131072,4,15|4,0,67108864,262144,256,0,0,0,0,456,0,444,0,114,111,0,1,456,0|152,3215618306,4,29153312,0,0,0,0,0,30956958,0,111,0,1600610483,0,1600610483,0,2080,1586727609,0,21364654,0,0,0,0,0
1785894325109|1006|stream64_r2f_3|fixed|132,1378943233,16781056,37538553,37018216,425849,0,425849,0,9038,0,4519,0,0,0,35364,35364,28871608,0,4096,0,0,0,4519,0,3504481073,0,3504481081,0,0,0,0,0,0,0,0,0,4096,256,131072,4,15|4,0,67108864,262144,256,0,0,0,0,544,0,532,0,136,133,0,1,544,0|154,4216894633,4,0,0,34865152,0,34865152,0,106651,0,0,133,0,0,0,0,0,0,0,7111542,0,0,0,0,0
1785894325109|1006|stream64_r2f_3|rotating|132,1378943233,33554687,37631607,37109517,37204625,37109517,37204625,37109517,35587,35453,35452,35452,0,0,4531,0,1094336492,1092163911,4096,4096,0,0,35453,35453,3491651125,3491651114,3491651133,3491651122,0,0,0,0,0,0,0,0,4096,256,131072,4,15|4,0,67108864,262144,256,0,0,0,0,544,0,532,0,136,133,0,1,544,0|154,3536156414,4,34983712,0,0,0,0,0,37150552,0,133,0,1919690991,0,1919690991,0,2080,1904097473,0,24226362,0,0,0,0,0
1785894330114|1006|stream64_r2f_3|fixed|134,1378943233,16781056,43812272,43203990,497093,0,497093,0,10550,0,5275,0,0,0,41274,41274,33701664,0,4096,0,0,0,5275,0,3824855996,0,3824856004,0,0,0,0,0,0,0,0,0,4096,256,131072,4,15|4,0,67108864,262144,256,0,0,0,0,632,0,620,0,158,155,0,1,632,0|156,242345959,5,0,0,40632320,0,40632320,0,124461,0,0,155,0,0,0,0,0,0,0,7162966,0,0,0,0,0
1785894330114|1006|stream64_r2f_3|rotating|134,1378943233,33557555,43908704,43299347,43410575,43299347,43410575,43299347,41521,41365,41365,41365,0,0,5286,0,1276856133,1274326464,4096,4096,0,0,41366,41366,3812059911,3812059924,3812059919,3812059900,0,0,0,0,0,0,0,0,4096,256,131072,4,15|4,0,67108864,262144,256,0,0,0,0,632,0,620,0,158,155,0,1,632,0|156,3856732018,4,40814112,0,0,0,0,0,43343616,0,155,0,2238808995,0,2238808995,0,2080,2221502370,0,27090533,0,0,0,0,0
1785894335130|1006|stream64_r2f_3|fixed|136,1378943233,16781056,50102981,49406309,568429,0,568429,0,12064,0,6032,0,0,0,47198,47198,38538096,0,4096,0,0,0,6032,0,4145857241,0,4145857249,0,0,0,0,0,0,0,0,0,4096,256,131072,4,15|4,0,67108864,262144,256,0,0,0,0,720,0,708,0,180,177,0,1,720,0|158,562525395,5,0,0,46399488,0,46399488,0,142249,0,0,177,0,0,0,0,0,0,0,7215548,0,0,0,0,0
1785894335130|1006|stream64_r2f_3|rotating|136,1378943233,33554687,50181529,49483907,49612249,49483907,49612249,49483907,47451,47273,47272,47272,0,0,6041,0,1459212280,1456323418,4096,4096,0,0,47273,47273,4132172969,4132172934,4132172937,4132172942,0,0,0,0,0,0,0,0,4096,256,131072,4,15|4,0,67108864,262144,256,0,0,0,0,720,0,708,0,180,177,0,1,720,0|158,4176497623,4,46628704,0,0,0,0,0,49521658,0,177,0,2557120952,0,2557120952,0,2080,2538097966,0,29954564,0,0,0,0,0
1785894340132|1006|stream64_r2f_3|fixed|138,1378943233,16781056,56375487,55590685,639578,0,639578,0,13574,0,6787,0,0,0,53106,53106,43361744,0,4096,0,0,0,6787,0,171035461,0,171035469,0,0,0,0,0,0,0,0,0,4096,256,131072,4,15|4,0,67108864,262144,256,0,0,0,0,808,0,796,0,202,199,0,1,808,0|160,882646039,5,0,0,52166656,0,52166656,0,160035,0,0,199,0,0,0,0,0,0,0,7267229,0,0,0,0,0
1785894340132|1006|stream64_r2f_3|rotating|138,1378943233,33554687,56445523,55659963,55805193,55659963,55805193,55659963,53373,53173,53172,53172,0,0,6795,0,1641326216,1638078689,4096,4096,0,0,53173,53173,156910428,156910417,156910404,156910425,0,0,0,0,0,0,0,0,4096,256,131072,4,15|4,0,67108864,262144,256,0,0,0,0,812,0,800,0,203,200,0,1,812,0|160,201906670,5,52452512,0,0,0,0,0,55708241,0,200,0,2876041343,0,2876041343,0,2080,2855165009,0,32952982,0,0,0,0,0
1785894345147|1006|stream64_r2f_3|fixed|140,1378943233,16781056,62666254,61794573,710912,0,710912,0,15088,0,7544,0,0,0,59033,59033,48198152,0,4096,0,0,0,7544,0,492036142,0,492036150,0,0,0,0,0,0,0,0,0,4096,256,131072,4,15|5,0,67108864,262144,256,0,0,0,0,900,0,888,0,225,222,0,1,900,0|162,1203738375,5,0,0,58195968,0,58195968,0,177892,0,0,222,0,0,0,0,0,0,0,7306501,0,0,0,0,0
1785894345147|1006|stream64_r2f_3|rotating|140,1378943233,33554687,62731800,61858730,62020039,61858730,62020039,61858730,59318,59095,59094,59094,0,0,7553,0,1824133160,1820510767,4096,4096,0,0,59095,59095,477937088,477937077,477937064,477937085,0,0,0,0,0,0,0,0,4096,256,131072,4,15|4,0,67108864,262144,256,0,0,0,0,900,0,888,0,225,222,0,1,900,0|162,522293450,5,58275008,0,0,0,0,0,61897006,0,222,0,3194972499,0,3194972499,0,2080,3172383422,0,35815092,0,0,0,0,0
1785894350162|1006|stream64_r2f_3|fixed|142,1378943233,16781056,68951268,67993886,782342,0,782342,0,16604,0,8302,0,0,0,64954,64954,53040992,0,4096,0,0,0,8302,0,813265159,0,813265167,0,0,0,0,0,0,0,0,0,4096,256,131072,4,15|4,0,67108864,262144,256,0,0,0,0,988,0,976,0,247,244,0,1,988,0|164,1524693625,5,0,0,63963136,0,63963136,0,195703,0,0,244,0,0,0,0,0,0,0,7347257,0,0,0,0,0
1785894350162|1006|stream64_r2f_3|rotating|142,1378943233,33558272,69048739,68090232,68265359,68090232,68265359,68090232,65291,65046,65046,65046,0,0,8313,0,2007840448,2003859752,4096,4096,0,0,65046,65046,800397227,800397544,800397235,800397552,0,0,0,0,0,0,0,0,4096,256,131072,4,15|4,0,67108864,262144,256,0,0,0,0,988,0,976,0,247,244,0,1,988,0|164,845255338,5,64152832,0,0,0,0,0,68137649,0,244,0,3516464931,0,3516464931,0,2080,3492177213,0,38674979,0,0,0,0,0
1785894358557|1007|stream_lane2_unavailable|fixed|146,1378943233,16778427,5977170,5925893,5926110,5925893,5926110,5925893,5664,5648,5647,5647,0,0,541,0,174330857,174329425,4096,4096,0,0,5648,5648,1350519483,1350519491,1350519491,1350519499,0,0,0,0,0,0,0,0,4096,256,131072,4,15|4,0,67108864,262144,256,0,0,0,0,76,0,64,0,19,16,0,1,76,0|172,2061896753,5,4218016,0,0,0,0,0,4475534,0,16,0,319939043,0,319939043,0,2080,313506824,0,8995370,0,0,0,0,0
1785894358557|1007|stream_lane2_unavailable|rotating|146,1378943233,33558272,6063252,6011218,51912,0,51912,0,1100,0,550,0,0,0,5728,5728,3513920,0,4096,0,0,0,550,0,1337198401,0,1337198409,0,0,0,0,0,0,0,0,0,4096,256,131072,4,15|4,0,67108864,262144,256,0,0,0,0,76,0,64,0,19,16,0,1,76,0|172,1383293280,5,0,0,4194304,0,4194304,0,13120,0,0,16,0,0,0,0,0,0,0,6887420,0,0,0,0,0
1785894363559|1007|stream_lane2_unavailable|fixed|148,1378943233,16778427,12084997,11981001,11981552,11981001,11981552,11981001,11452,11418,11417,11416,0,0,1096,0,352437632,352409793,4096,4096,0,0,11418,11417,1670844065,1670844037,1670844041,1670844045,0,0,0,0,0,0,0,0,4096,256,131072,4,15|4,0,67108864,262144,256,0,0,0,0,140,0,128,0,35,32,0,1,140,0|174,2382069409,5,8491360,0,0,0,0,0,9014295,0,32,0,639043363,0,639043363,0,2080,631375006,0,11075742,0,0,0,0,0
1785894363559|1007|stream_lane2_unavailable|rotating|148,1378943233,33558272,12161197,12057240,104108,0,104108,0,2206,0,1103,0,0,0,11489,11489,7047000,0,4096,0,0,0,1103,0,1656857761,0,1656857769,0,0,0,0,0,0,0,0,0,4096,256,131072,4,15|4,0,67108864,262144,256,0,0,0,0,140,0,128,0,35,32,0,1,140,0|174,1702139246,5,0,0,8388608,0,8388608,0,26121,0,0,32,0,0,0,0,0,0,0,6921634,0,0,0,0,0
1785894368569|1007|stream_lane2_unavailable|fixed|150,1378943233,16779144,18200459,18045275,18044629,18045275,18044629,18045275,17245,17196,17195,17195,0,0,1651,0,530776048,530775176,4096,4096,0,0,17195,17195,1991472665,1991473225,1991472673,1991473233,0,0,0,0,0,0,0,0,4096,256,131072,4,15|4,0,67108864,262144,256,0,0,0,0,204,0,192,0,51,48,0,1,204,0|176,2703089628,5,12772608,0,0,0,0,0,13564703,0,48,0,958993270,0,958993270,0,2080,950094395,0,13152191,0,0,0,0,0
1785894368569|1007|stream_lane2_unavailable|rotating|150,1378943233,33558272,18267175,18111534,156301,0,156301,0,3312,0,1656,0,0,0,17258,17258,10580064,0,4096,0,0,0,1656,0,1976517431,0,1976517439,0,0,0,0,0,0,0,0,0,4096,256,131072,4,15|4,0,67108864,262144,256,0,0,0,0,204,0,192,0,51,48,0,1,204,0|176,2021570187,5,0,0,12582912,0,12582912,0,39168,0,0,48,0,0,0,0,0,0,0,6948441,0,0,0,0,0
1785894373583|1007|stream_lane2_unavailable|fixed|152,1378943233,16778427,24313733,24105910,24105620,24105910,24105620,24105910,23042,22976,22975,22974,0,0,2205,0,709206948,709178720,4096,4096,0,0,22976,22975,2312237194,2312237214,2312237202,2312237222,0,0,0,0,0,0,0,0,4096,256,131072,4,15|4,0,67108864,262144,256,0,0,0,0,272,0,260,0,68,65,0,1,272,0|178,3023714076,5,17047264,0,0,0,0,0,18104024,0,65,0,1278549054,0,1278549054,0,2080,1268285813,0,15356494,0,0,0,0,0
1785894373583|1007|stream_lane2_unavailable|rotating|152,1378943233,33558272,24383091,24174441,208774,0,208774,0,4424,0,2212,0,0,0,23041,23040,14132320,0,4096,0,0,0,2212,0,2297584672,0,2297584680,0,0,0,0,0,0,0,0,0,4096,256,131072,4,15|4,0,67108864,262144,256,0,0,0,0,272,0,260,0,68,65,0,1,272,0|178,2342512597,5,0,0,17039360,0,17039360,0,52288,0,0,65,0,0,0,0,0,0,0,6985365,0,0,0,0,0
1785894378587|1007|stream_lane2_unavailable|fixed|154,1378943233,16778427,30418259,30158799,30157762,30158799,30157762,30158799,28827,28746,28743,28743,0,0,2760,0,887247144,887243672,4096,4096,0,0,28744,28744,2632500662,2632500662,2632500622,2632500638,0,0,0,0,0,0,0,0,4096,256,131072,4,15|4,0,67108864,262144,256,0,0,0,0,336,0,324,0,84,81,0,1,336,0|180,3343890597,5,21320608,0,0,0,0,0,22641420,0,81,0,1597657239,0,1597657239,0,2080,1586152530,0,17442196,0,0,0,0,0
1785894378587|1007|stream_lane2_unavailable|rotating|154,1378943233,33558272,30493254,30233296,261160,0,261160,0,5534,0,2767,0,0,0,28814,28814,17678208,0,4096,0,0,0,2767,0,2618425891,0,2618425907,0,0,0,0,0,0,0,0,0,4096,256,131072,4,15|4,0,67108864,262144,256,0,0,0,0,336,0,324,0,84,81,0,1,336,0|180,2663752304,5,0,0,21233664,0,21233664,0,65384,0,0,81,0,0,0,0,0,0,0,7016001,0,0,0,0,0
1785894383595|1007|stream_lane2_unavailable|fixed|156,1378943233,16778427,36536545,36224772,36223663,36224772,36223663,36224772,34623,34526,34523,34522,0,0,3315,0,1065660272,1065630961,4096,4096,0,0,34524,34523,2953238866,2953238846,2953238858,2953238854,0,0,0,0,0,0,0,0,4096,256,131072,4,15|4,0,67108864,262144,256,0,0,0,0,400,0,388,0,100,97,0,1,400,0|182,3664563395,5,25601856,0,0,0,0,0,27187291,0,97,0,1917259725,0,1917259725,0,2080,1904512361,0,19530782,0,0,0,0,0
1785894383595|1007|stream_lane2_unavailable|rotating|156,1378943233,33558272,36602086,36289475,313449,0,313449,0,6642,0,3321,0,0,0,34585,34584,21217664,0,4096,0,0,0,3321,0,2938683875,0,2938683883,0,0,0,0,0,0,0,0,0,4096,256,131072,4,15|4,0,67108864,262144,256,0,0,0,0,400,0,388,0,100,97,0,1,400,0|182,2983257420,5,0,0,25427968,0,25427968,0,78432,0,0,97,0,0,0,0,0,0,0,7047512,0,0,0,0,0
1785894388595|1007|stream_lane2_unavailable|fixed|158,1378943233,16778427,42636729,42271676,42271655,42271676,42271655,42271676,40402,40289,40286,40285,0,0,3868,0,1243551217,1243519536,4096,4096,0,0,40287,40286,3273065030,3273065027,3273065038,3273064987,0,0,0,0,0,0,0,0,4096,256,131072,4,15|4,0,67108864,262144,256,0,0,0,0,464,0,452,0,116,113,0,1,464,0|184,3985460197,5,29883104,0,0,0,0,0,31735507,0,113,0,2237086215,0,2237086215,0,2080,2223100836,0,21614728,0,0,0,0,0
1785894388595|1007|stream_lane2_unavailable|rotating|158,1378943233,33558272,42727561,42362672,365920,0,365920,0,7754,0,3877,0,0,0,40372,40372,24769912,0,4096,0,0,0,3877,0,3259761520,0,3259761536,0,0,0,0,0,0,0,0,0,4096,256,131072,4,15|4,0,67108864,262144,256,0,0,0,0,468,0,456,0,117,114,0,1,468,0|184,3305226790,5,0,0,29884416,0,29884416,0,91598,0,0,114,0,0,0,0,0,0,0,7084458,0,0,0,0,0
1785894393607|1007|stream_lane2_unavailable|fixed|160,1378943233,16779144,48777085,48359810,48359347,48359810,48359347,48359810,46218,46089,46086,46086,0,0,4426,0,1422581752,1422578072,4096,4096,0,0,46086,46086,3595073586,3595074146,3595073594,3595074154,0,0,0,0,0,0,0,0,4096,256,131072,4,15|4,0,67108864,262144,256,0,0,0,0,532,0,520,0,133,130,0,1,532,0|186,11619244,6,34165664,0,0,0,0,0,36286204,0,130,0,2557141918,0,2557141918,0,2080,2541786434,0,23826467,0,0,0,0,0
1785894393607|1007|stream_lane2_unavailable|rotating|160,1378943233,33558272,48842791,48424825,418307,0,418307,0,8864,0,4432,0,0,0,46148,46148,28315808,0,4096,0,0,0,4432,0,3580602218,0,3580602226,0,0,0,0,0,0,0,0,0,4096,256,131072,4,15|4,0,67108864,262144,256,0,0,0,0,532,0,520,0,133,130,0,1,532,0|186,3626868732,5,0,0,34078720,0,34078720,0,104718,0,0,130,0,0,0,0,0,0,0,7122428,0,0,0,0,0
1785894398619|1007|stream_lane2_unavailable|fixed|162,1378943233,16778427,54876421,54407708,54406487,54407708,54406487,54407708,51997,51852,51848,51848,0,0,4979,0,1600465303,1600458172,4096,4096,0,0,51849,51849,3914892597,3914892568,3914892605,3914892576,0,0,0,0,0,0,0,0,4096,256,131072,4,15|4,0,67108864,262144,256,0,0,0,0,596,0,584,0,149,146,0,1,596,0|188,331236567,6,38431104,0,0,0,0,0,40816149,0,146,0,2875692881,0,2875692881,0,2080,2859094648,0,25911753,0,0,0,0,0
1785894398619|1007|stream_lane2_unavailable|rotating|162,1378943233,33558272,54940205,54470884,470501,0,470501,0,9970,0,4985,0,0,0,51908,51908,31848872,0,4096,0,0,0,4985,0,3900266514,0,3900266522,0,0,0,0,0,0,0,0,0,4096,256,131072,4,15|4,0,67108864,262144,256,0,0,0,0,596,0,584,0,149,146,0,1,596,0|188,3945399549,5,0,0,38273024,0,38273024,0,117719,0,0,146,0,0,0,0,0,0,0,7153451,0,0,0,0,0
1785894403619|1007|stream_lane2_unavailable|fixed|164,1378943233,16778427,60975776,60454126,60453649,60454126,60453649,60454126,57775,57614,57610,57610,0,0,5532,0,1778314794,1778310410,4096,4096,0,0,57611,57611,4234648558,4234648550,4234648566,4234648558,0,0,0,0,0,0,0,0,4096,256,131072,4,15|4,0,67108864,262144,256,0,0,0,0,660,0,648,0,165,162,0,1,660,0|190,651065685,6,42696544,0,0,0,0,0,45349739,0,162,0,3194455639,0,3194455639,0,2080,3176617833,0,27993863,0,0,0,0,0
1785894403619|1007|stream_lane2_unavailable|rotating|164,1378943233,33558272,61047453,60525317,522689,0,522689,0,11076,0,5538,0,0,0,57678,57678,35381936,0,4096,0,0,0,5538,0,4219931870,0,4219931878,0,0,0,0,0,0,0,0,0,4096,256,131072,4,15|5,0,67108864,262144,256,0,0,0,0,664,0,652,0,166,163,0,1,664,0|190,4264840398,5,0,0,42729472,0,42729472,0,130766,0,0,163,0,0,0,0,0,0,0,7190020,0,0,0,0,0
1785894408627|1007|stream_lane2_unavailable|fixed|166,1378943233,16778427,67086860,66513059,66512355,66513059,66512355,66513059,63565,63387,63383,63383,0,0,6087,0,1956514304,1956510881,4096,4096,0,0,63384,63384,260175704,260175685,260175664,260175693,0,0,0,0,0,0,0,0,4096,256,131072,4,15|4,0,67108864,262144,256,0,0,0,0,728,0,716,0,182,179,0,1,728,0|192,971617040,6,46971200,0,0,0,0,0,49891650,0,179,0,3513938330,0,3513938330,0,2080,3494723012,0,30211312,0,0,0,0,0
1785894408627|1007|stream_lane2_unavailable|rotating|166,1378943233,33558033,67159553,66583948,575168,0,575168,0,12188,0,6094,0,0,0,63452,63451,38930142,0,4096,0,0,0,6094,0,246044976,0,246044984,0,0,0,0,0,0,0,0,0,4096,256,131072,4,15|4,0,67108864,262144,256,0,0,0,0,728,0,716,0,182,179,0,1,728,0|192,290265230,6,0,0,46923776,0,46923776,0,143863,0,0,179,0,0,0,0,0,0,0,7224112,0,0,0,0,0
1785894413641|1007|stream_lane2_unavailable|fixed|168,1378943233,16781056,73207490,72580251,72580598,72580251,72580598,72580251,69363,69169,69166,69166,0,0,6642,0,2135014600,2135011936,4096,4096,0,0,69166,69166,581097488,581098024,581097496,581098032,0,0,0,0,0,0,0,0,4096,256,131072,4,15|4,0,67108864,262144,256,0,0,0,0,792,0,780,0,198,195,0,1,792,0|194,1291727864,6,51244544,0,0,0,0,0,54428385,0,195,0,3832980818,0,3832980818,0,2080,3812519946,0,32301100,0,0,0,0,0
1785894413641|1007|stream_lane2_unavailable|rotating|168,1378943233,33558272,73258695,72630178,627364,0,627364,0,13294,0,6647,0,0,0,69214,69213,42467312,0,4096,0,0,0,6647,0,565713764,0,565713772,0,0,0,0,0,0,0,0,0,4096,256,131072,4,15|4,0,67108864,262144,256,0,0,0,0,792,0,780,0,198,195,0,1,792,0|194,610241903,6,0,0,51118080,0,51118080,0,156911,0,0,195,0,0,0,0,0,0,0,7262774,0,0,0,0,0
1785894418652|1007|stream_lane2_unavailable|fixed|170,1378943233,16781056,79319431,78637054,78640156,78637054,78640156,78637054,75159,74948,74946,74945,0,0,7197,0,2313431384,2313397256,4096,4096,0,0,74946,74945,901824370,901819030,901824378,901819038,0,0,0,0,0,0,0,0,4096,256,131072,4,15|4,0,67108864,262144,256,0,0,0,0,856,0,844,0,214,211,0,1,856,0|196,1613244186,6,55533696,0,0,0,0,0,58980615,0,211,0,4153424852,0,4153424852,0,2080,4131738074,0,34374634,0,0,0,0,0
1785894418652|1007|stream_lane2_unavailable|rotating|170,1378943233,33558033,79391224,78709325,679837,0,679837,0,14406,0,7203,0,0,0,75014,75014,46019522,0,4096,0,0,0,7204,0,887720509,0,887720517,0,0,0,0,0,0,0,0,0,4096,256,131072,4,15|4,0,67108864,262144,256,0,0,0,0,856,0,844,0,215,212,0,1,860,0|196,932201711,6,0,0,55574528,0,55574528,0,170077,0,0,212,0,0,0,0,0,0,0,7299293,0,0,0,0,0
1785894423664|1007|stream_lane2_unavailable|fixed|172,1378943233,16778427,85432088,84698219,84700342,84698219,84700342,84698219,80956,80729,80725,80725,0,0,7753,0,2491837521,2491835284,4096,4096,0,0,80726,80726,1222740632,1222740613,1222740640,1222740621,0,0,0,0,0,0,0,0,4096,256,131072,4,15|4,0,67108864,262144,256,0,0,0,0,924,0,912,0,231,228,0,1,924,0|198,1934237502,6,59816256,0,0,0,0,0,63524442,0,228,0,178380232,1,178380232,1,2080,155312001,1,36597721,0,0,0,0,0
1785894423664|1007|stream_lane2_unavailable|rotating|172,1378943233,33558272,85498984,84764534,732314,0,732314,0,15518,0,7759,0,0,0,80789,80789,49571800,0,4096,0,0,0,7759,0,1208219220,0,1208219228,0,0,0,0,0,0,0,0,0,4096,256,131072,4,15|4,0,67108864,262144,256,0,0,0,0,924,0,912,0,231,228,0,1,924,0|198,1253396668,6,0,0,59768832,0,59768832,0,183173,0,0,228,0,0,0,0,0,0,0,7331218,0,0,0,0,0
1785894428666|1007|stream_lane2_unavailable|fixed|174,1378943233,16780578,91534360,90747099,90750322,90747099,90750322,90747099,86743,86499,86496,86495,0,0,8307,0,2669955936,2669924320,4096,4096,0,0,86496,86496,1542957236,1542972097,1542957244,1542972065,0,0,0,0,0,0,0,0,4096,256,131072,4,15|4,0,67108864,262144,256,0,0,0,0,988,0,976,0,247,244,0,1,988,0|200,2254108977,6,64089600,0,0,0,0,0,68053966,0,244,0,497183371,1,497183371,1,2080,472866883,1,38690212,0,0,0,0,0
1785894428666|1007|stream_lane2_unavailable|rotating|174,1378943233,33558272,91609789,90822098,784605,0,784605,0,16626,0,8313,0,0,0,86567,86566,53111288,0,4096,0,0,0,8313,0,1528481111,0,1528481119,0,0,0,0,0,0,0,0,0,4096,256,131072,4,15|4,0,67108864,262144,256,0,0,0,0,988,0,976,0,247,244,0,1,988,0|200,1574050960,6,0,0,63963136,0,63963136,0,196269,0,0,244,0,0,0,0,0,0,0,7358041,0,0,0,0,0
1785894437970|1008|stream_clean_after_lane2|fixed|178,1378943233,16777471,6155824,6070991,6085978,6070991,6085978,6070991,5822,5800,5799,5799,0,0,740,0,179018313,178673404,4096,4096,0,0,5800,5800,2138208684,2138208673,2138208692,2138208681,0,0,0,0,0,0,0,0,4096,256,131072,4,15|4,0,67108864,262144,256,0,0,0,0,96,0,84,0,24,21,0,1,96,0|208,2849647462,6,5765856,0,0,0,0,0,6120800,0,21,0,320477391,0,320477391,0,2080,313710854,0,9639164,0,0,0,0,0
1785894437970|1008|stream_clean_after_lane2|rotating|178,1378943233,33558272,6228532,6142259,70692,0,70692,0,1498,0,749,0,0,0,5868,5868,4785304,0,4096,0,0,0,749,0,2123677498,0,2123677514,0,0,0,0,0,0,0,0,0,4096,256,131072,4,15|4,0,67108864,262144,256,0,0,0,0,100,0,88,0,25,22,0,1,100,0|208,2168517399,6,0,0,5767168,0,5767168,0,17791,0,0,22,0,0,0,0,0,0,0,6892277,0,0,0,0,0
1785894442981|1008|stream_clean_after_lane2|fixed|180,1378943233,16781056,12437098,12264944,12295808,12264944,12295808,12264944,11761,11716,11716,11716,0,0,1497,0,361650608,360930240,4096,4096,0,0,11716,11716,2458905106,2458905431,2458905114,2458905439,0,0,0,0,0,0,0,0,4096,256,131072,4,15|4,0,67108864,262144,256,0,0,0,0,188,0,176,0,47,44,0,1,188,0|210,3170266466,6,11597568,0,0,0,0,0,12313047,0,44,0,639638467,0,639638467,0,2080,631042340,0,12615521,0,0,0,0,0
1785894442981|1008|stream_clean_after_lane2|rotating|180,1378943233,33558272,12511998,12338870,142143,0,142143,0,3012,0,1506,0,0,0,11786,11786,9621776,0,4096,0,0,0,1506,0,2444661784,0,2444661792,0,0,0,0,0,0,0,0,0,4096,256,131072,4,15|4,0,67108864,262144,256,0,0,0,0,188,0,176,0,47,44,0,1,188,0|210,2489189981,6,0,0,11534336,0,11534336,0,35630,0,0,44,0,0,0,0,0,0,0,6933661,0,0,0,0,0
1785894447984|1008|stream_clean_after_lane2|fixed|182,1378943233,16777471,18709360,18449018,18496809,18449018,18496809,18449018,17695,17628,17627,17627,0,0,2252,0,544107514,543027197,4096,4096,0,0,17627,17627,2779196153,2779196478,2779196161,2779196486,0,0,0,0,0,0,0,0,4096,256,131072,4,15|4,0,67108864,262144,256,0,0,0,0,276,0,264,0,69,66,0,1,276,0|212,3490521722,6,17420064,0,0,0,0,0,18496713,0,66,0,958438099,0,958438099,0,2080,948139210,0,15467650,0,0,0,0,0
1785894447984|1008|stream_clean_after_lane2|rotating|182,1378943233,33558272,18783237,18522031,213403,0,213403,0,4522,0,2261,0,0,0,17696,17696,14445416,0,4096,0,0,0,2261,0,2764791766,0,2764791774,0,0,0,0,0,0,0,0,0,4096,256,131072,4,15|4,0,67108864,262144,256,0,0,0,0,276,0,264,0,69,66,0,1,276,0|212,2809541065,6,0,0,17301504,0,17301504,0,53469,0,0,66,0,0,0,0,0,0,0,6986387,0,0,0,0,0
1785894452993|1008|stream_clean_after_lane2|fixed|184,1378943233,16781056,24992563,24645964,24708562,24645964,24708562,24645964,23636,23547,23546,23546,0,0,3009,0,726818768,725380272,4096,4096,0,0,23546,23546,3099913115,3099913432,3099913123,3099913440,0,0,0,0,0,0,0,0,4096,256,131072,4,15|4,0,67108864,262144,256,0,0,0,0,364,0,352,0,91,88,0,1,364,0|214,3811079211,6,23250464,0,0,0,0,0,24689775,0,88,0,1277537988,0,1277537988,0,2080,1265541909,0,18315904,0,0,0,0,0
1785894452993|1008|stream_clean_after_lane2|rotating|184,1378943233,33558272,25066919,24719533,284849,0,284849,0,6036,0,3018,0,0,0,23616,23616,19281784,0,4096,0,0,0,3018,0,3085777381,0,3085777389,0,0,0,0,0,0,0,0,0,4096,256,131072,4,15|4,0,67108864,262144,256,0,0,0,0,364,0,352,0,91,88,0,1,364,0|214,3131027987,6,0,0,23068672,0,23068672,0,71352,0,0,88,0,0,0,0,0,0,0,7029626,0,0,0,0,0
1785894458000|1008|stream_clean_after_lane2|fixed|186,1378943233,16777710,31270358,30837494,30915099,30837494,30915099,30837494,29572,29462,29460,29460,0,0,3764,0,909372296,907574904,4096,4096,0,0,29460,29460,3420362904,3420363253,3420362912,3420363261,0,0,0,0,0,0,0,0,4096,256,131072,4,15|4,0,67108864,262144,256,0,0,0,0,452,0,440,0,113,110,0,1,452,0|216,4132371910,6,29096672,0,0,0,0,0,30897410,0,110,0,1597369135,0,1597369135,0,2080,1583677813,0,21165605,0,0,0,0,0
1785894458000|1008|stream_clean_after_lane2|rotating|186,1378943233,33558272,31350984,30916398,356293,0,356293,0,7550,0,3775,0,0,0,29535,29535,24118240,0,4096,0,0,0,3775,0,3406566305,0,3406566321,0,0,0,0,0,0,0,0,0,4096,256,131072,4,15|4,0,67108864,262144,256,0,0,0,0,456,0,444,0,114,111,0,1,456,0|216,3451120676,6,0,0,29097984,0,29097984,0,89168,0,0,111,0,0,0,0,0,0,0,7076197,0,0,0,0,0
1785894463010|1008|stream_clean_after_lane2|fixed|188,1378943233,16777471,37549907,37030050,37123300,37030050,37123300,37030050,35509,35377,35374,35374,0,0,4520,0,1091942060,1089786327,4096,4096,0,0,35375,35375,3740851713,3740851710,3740851721,3740851718,0,0,0,0,0,0,0,0,4096,256,131072,4,15|4,0,67108864,262144,256,0,0,0,0,544,0,532,0,136,133,0,1,544,0|218,157286229,7,34912576,0,0,0,0,0,37075038,0,133,0,1915796774,0,1915796774,0,2080,1900271067,0,24143363,0,0,0,0,0
1785894463010|1008|stream_clean_after_lane2|rotating|188,1378943233,33558272,37621316,37100138,427459,0,427459,0,9058,0,4529,0,0,0,35441,35441,28935520,0,4096,0,0,0,4529,0,3726263152,0,3726263160,0,0,0,0,0,0,0,0,0,4096,256,131072,4,15|4,0,67108864,262144,256,0,0,0,0,544,0,532,0,136,133,0,1,544,0|218,3771126790,6,0,0,34865152,0,34865152,0,106983,0,0,133,0,0,0,0,0,0,0,7120095,0,0,0,0,0
1785894468025|1008|stream_clean_after_lane2|fixed|190,1378943233,16777471,43840805,43232383,43342653,43232383,43342653,43232383,41458,41303,41300,41300,0,0,5278,0,1274875373,1272343296,4096,4096,0,0,41301,41301,4062080857,4062080830,4062080865,4062080838,0,0,0,0,0,0,0,0,4096,256,131072,4,15|4,0,67108864,262144,256,0,0,0,0,632,0,620,0,158,155,0,1,632,0|220,478406039,7,40750880,0,0,0,0,0,43279405,0,155,0,2235457008,0,2235457008,0,2080,2218236923,0,26990502,0,0,0,0,0
1785894468025|1008|stream_clean_after_lane2|rotating|190,1378943233,33558033,43918372,43309037,499085,0,499085,0,10575,0,5287,0,0,0,41374,41374,33780296,0,4096,0,0,0,5288,0,4048106745,0,4048106721,0,0,0,0,0,0,0,0,0,4096,256,131072,4,15|4,0,67108864,262144,256,0,0,0,0,632,0,620,0,158,155,0,1,632,0|220,4093197678,6,0,0,40632320,0,40632320,0,124916,0,0,155,0,0,0,0,0,0,0,7165935,0,0,0,0,0
1785894473040|1008|stream_clean_after_lane2|fixed|192,1378943233,16777471,50148007,49453046,49578122,49453046,49578122,49453046,47422,47245,47242,47242,0,0,6038,0,1458269280,1455378781,4096,4096,0,0,47243,47243,89036333,89036322,89036301,89036330,0,0,0,0,0,0,0,0,4096,256,131072,4,15|4,0,67108864,262144,256,0,0,0,0,720,0,708,0,180,177,0,1,720,0|222,799334827,7,46589184,0,0,0,0,0,49480500,0,177,0,2554926220,0,2554926220,0,2080,2536009718,0,29839680,0,0,0,0,0
1785894473040|1008|stream_clean_after_lane2|rotating|192,1378943233,33558272,50200947,49505343,570450,0,570450,0,12088,0,6044,0,0,0,47292,47292,38614720,0,4096,0,0,0,6044,0,73696687,0,73696695,0,0,0,0,0,0,0,0,0,4096,256,131072,4,15|4,0,67108864,262144,256,0,0,0,0,720,0,708,0,180,177,0,1,720,0|222,117948242,7,0,0,46399488,0,46399488,0,142706,0,0,177,0,0,0,0,0,0,0,7204321,0,0,0,0,0
1785894478053|1008|stream_clean_after_lane2|fixed|194,1378943233,16781056,56411803,55629916,55770814,55629916,55770814,55629916,53343,53144,53142,53142,0,0,6791,0,1640388160,1637138528,4096,4096,0,0,53142,53142,408713541,408713866,408713549,408713874,0,0,0,0,0,0,0,0,4096,256,131072,4,15|4,0,67108864,262144,256,0,0,0,0,808,0,796,0,202,199,0,1,808,0|224,1120327059,7,52427488,0,0,0,0,0,55682714,0,199,0,2874458876,0,2874458876,0,2080,2853843594,0,32691221,0,0,0,0,0
1785894478053|1008|stream_clean_after_lane2|rotating|194,1378943233,33558272,56501032,55717380,642084,0,642084,0,13606,0,6803,0,0,0,53226,53226,43463944,0,4096,0,0,0,6803,0,395347084,0,395347092,0,0,0,0,0,0,0,0,0,4096,256,131072,4,15|4,0,67108864,262144,256,0,0,0,0,812,0,800,0,203,200,0,1,812,0|224,440633444,7,0,0,52428800,0,52428800,0,160663,0,0,200,0,0,0,0,0,0,0,7249872,0,0,0,0,0
1785894483070|1008|stream_clean_after_lane2|fixed|196,1378943233,16777471,62698498,61829707,61986006,61829707,61986006,61829707,59290,59068,59065,59065,0,0,7549,0,1823223280,1819597226,4096,4096,0,0,59066,59066,729788222,729788219,729788206,729788227,0,0,0,0,0,0,0,0,4096,256,131072,4,15|4,0,67108864,262144,256,0,0,0,0,900,0,888,0,225,222,0,1,900,0|226,1442415948,7,58282912,0,0,0,0,0,61901984,0,222,0,3195083909,0,3195083909,0,2080,3172646801,0,35664905,0,0,0,0,0
1785894483070|1008|stream_clean_after_lane2|rotating|196,1378943233,33558272,62788651,61918928,713535,0,713535,0,15120,0,7560,0,0,0,59150,59150,48300416,0,4096,0,0,0,7560,0,716329065,0,716329073,0,0,0,0,0,0,0,0,0,4096,256,131072,4,15|4,0,67108864,262144,256,0,0,0,0,900,0,888,0,225,222,0,1,900,0|226,760840172,7,0,0,58195968,0,58195968,0,178478,0,0,222,0,0,0,0,0,0,0,7292102,0,0,0,0,0
1785894488111|1008|stream_clean_after_lane2|fixed|198,1378943233,16781056,69021810,68065666,68237488,68065666,68237488,68065666,65267,65023,65021,65021,0,0,8310,0,2007069744,2003084464,4096,4096,0,0,65021,65021,1052469064,1052469405,1052469072,1052469413,0,0,0,0,0,0,0,0,4096,256,131072,4,15|4,0,67108864,262144,256,0,0,0,0,988,0,976,0,247,244,0,1,988,0|228,1763935392,7,64129120,0,0,0,0,0,68114495,0,244,0,3515141801,0,3515141801,0,2080,3491012474,0,38511582,0,0,0,0,0
1785894488111|1008|stream_clean_after_lane2|rotating|198,1378943233,33558272,69095160,68138105,785172,0,785172,0,16638,0,8319,0,0,0,65090,65090,53149592,0,4096,0,0,0,8319,0,1038172670,0,1038172678,0,0,0,0,0,0,0,0,0,4096,256,131072,4,15|4,0,67108864,262144,256,0,0,0,0,988,0,976,0,247,244,0,1,988,0|228,1082743736,7,0,0,63963136,0,63963136,0,196386,0,0,244,0,0,0,0,0,0,0,7343218,0,0,0,0,0
1785894496430|1009|stream_lane3_unavailable|fixed|202,1378943233,16781056,5984250,5932126,51076,0,51076,0,1084,0,542,0,0,0,5654,5653,3462792,0,4096,0,0,0,542,0,1584770197,0,1584770205,0,0,0,0,0,0,0,0,0,4096,256,131072,4,15|4,0,67108864,262144,256,0,0,0,0,76,0,64,0,19,16,0,1,76,0|236,2297326447,7,0,0,4194304,0,4194304,0,12910,0,0,16,0,0,0,0,0,0,0,6878836,0,0,0,0,0
1785894496430|1009|stream_lane3_unavailable|rotating|202,1378943233,33558272,6065549,6013562,6013719,6013562,6013719,6013562,5750,5731,5731,5731,0,0,550,0,176904472,176905296,4096,4096,0,0,5731,5731,1571365843,1571366380,1571365851,1571366388,0,0,0,0,0,0,0,0,4096,256,131072,4,15|4,0,67108864,262144,256,0,0,0,0,76,0,64,0,19,16,0,1,76,0|236,1615842041,7,4273344,0,0,0,0,0,4536659,0,16,0,324194741,0,324194741,0,2080,317768664,0,9001090,0,0,0,0,0
1785894501437|1009|stream_lane3_unavailable|fixed|204,1378943233,16781056,12097865,11992317,103378,0,103378,0,2194,0,1097,0,0,0,11428,11428,7008696,0,4096,0,0,0,1097,0,1905246030,0,1905246038,0,0,0,0,0,0,0,0,0,4096,256,131072,4,15|4,0,67108864,262144,256,0,0,0,0,140,0,128,0,35,32,0,1,140,0|238,2616806749,7,0,0,8388608,0,8388608,0,25938,0,0,32,0,0,0,0,0,0,0,6898985,0,0,0,0,0
1785894501437|1009|stream_lane3_unavailable|rotating|204,1378943233,33556599,12163434,12057384,12059490,12057384,12059490,12057384,11526,11491,11490,11490,0,0,1103,0,354680590,354678707,4096,4096,0,0,11491,11491,1890992575,1890992570,1890992583,1890992578,0,0,0,0,0,0,0,0,4096,256,131072,4,15|4,0,67108864,262144,256,0,0,0,0,140,0,128,0,35,32,0,1,140,0|238,1935289006,7,8538784,0,0,0,0,0,9064900,0,32,0,642575346,0,642575346,0,2080,634918903,0,11073993,0,0,0,0,0
1785894506448|1009|stream_lane3_unavailable|fixed|206,1378943233,16781056,18217654,18058631,155680,0,155680,0,3304,0,1652,0,0,0,17209,17208,10554544,0,4096,0,0,0,1652,0,2226084236,0,2226084252,0,0,0,0,0,0,0,0,0,4096,256,131072,4,15|4,0,67108864,262144,256,0,0,0,0,204,0,192,0,51,48,0,1,204,0|240,2937474368,7,0,0,12582912,0,12582912,0,39014,0,0,48,0,0,0,0,0,0,0,6931089,0,0,0,0,0
1785894506448|1009|stream_lane3_unavailable|rotating|206,1378943233,33558272,18280440,18121766,18124289,18121766,18124289,18121766,17320,17269,17269,17269,0,0,1657,0,533058088,533060480,4096,4096,0,0,17269,17269,2211646455,2211646999,2211646463,2211647007,0,0,0,0,0,0,0,0,4096,256,131072,4,15|4,0,67108864,262144,256,0,0,0,0,204,0,192,0,51,48,0,1,204,0|240,2256039826,7,12820032,0,0,0,0,0,13611279,0,48,0,962255854,0,962255854,0,2080,953366710,0,13152625,0,0,0,0,0
1785894511454|1009|stream_lane3_unavailable|fixed|208,1378943233,16781056,24318440,24108442,207884,0,207884,0,4412,0,2206,0,0,0,22978,22978,14093984,0,4096,0,0,0,2206,0,2546329546,0,2546329554,0,0,0,0,0,0,0,0,0,4096,256,131072,4,15|5,0,67108864,262144,256,0,0,0,0,272,0,260,0,68,65,0,1,272,0|242,3257980192,7,0,0,17039360,0,17039360,0,52088,0,0,65,0,0,0,0,0,0,0,6969460,0,0,0,0,0
1785894511454|1009|stream_lane3_unavailable|rotating|208,1378943233,33556599,24387811,24177095,24179268,24177095,24179268,24177095,23112,23044,23043,23043,0,0,2213,0,711316384,711313232,4096,4096,0,0,23044,23044,2532277381,2532277384,2532277349,2532277368,0,0,0,0,0,0,0,0,4096,256,131072,4,15|4,0,67108864,262144,256,0,0,0,0,272,0,260,0,68,65,0,1,272,0|242,2577335311,7,17102592,0,0,0,0,0,18160166,0,65,0,1282480699,0,1282480699,0,2080,1272228641,0,15357173,0,0,0,0,0
1785894516460|1009|stream_lane3_unavailable|fixed|210,1378943233,16781056,30428883,30166548,260184,0,260184,0,5522,0,2761,0,0,0,28752,28752,17639872,0,4096,0,0,0,2761,0,2866807209,0,2866807217,0,0,0,0,0,0,0,0,0,4096,256,131072,4,15|4,0,67108864,262144,256,0,0,0,0,336,0,324,0,84,81,0,1,336,0|244,3578431617,7,0,0,21233664,0,21233664,0,65140,0,0,81,0,0,0,0,0,0,0,7000683,0,0,0,0,0
1785894516460|1009|stream_lane3_unavailable|rotating|210,1378943233,33558272,30494234,30231431,30233484,30231431,30233484,30231431,28898,28815,28814,28814,0,0,2767,0,889429704,889430912,4096,4096,0,0,28814,28814,2852476428,2852476972,2852476436,2852476980,0,0,0,0,0,0,0,0,4096,256,131072,4,15|4,0,67108864,262144,256,0,0,0,0,336,0,324,0,84,81,0,1,336,0|244,2896850549,7,21368032,0,0,0,0,0,22688440,0,81,0,1600929577,0,1600929577,0,2080,1589443347,0,17433882,0,0,0,0,0
1785894521466|1009|stream_lane3_unavailable|fixed|212,1378943233,16781056,36542832,36225984,312392,0,312392,0,6630,0,3315,0,0,0,34526,34526,21179360,0,4096,0,0,0,3315,0,3187052698,0,3187052706,0,0,0,0,0,0,0,0,0,4096,256,131072,4,15|4,0,67108864,262144,256,0,0,0,0,400,0,388,0,100,97,0,1,400,0|246,3898667973,7,0,0,25427968,0,25427968,0,78192,0,0,97,0,0,0,0,0,0,0,7032399,0,0,0,0,0
1785894521466|1009|stream_lane3_unavailable|rotating|212,1378943233,33556599,36620891,36304497,36307838,36304497,36307838,36304497,34701,34602,34600,34600,0,0,3322,0,1068053351,1068053861,4096,4096,0,0,34601,34601,3173622014,3173622000,3173622022,3173622008,0,0,0,0,0,0,0,0,4096,256,131072,4,15|4,0,67108864,262144,256,0,0,0,0,400,0,388,0,100,97,0,1,400,0|246,3218600608,7,25657184,0,0,0,0,0,27249921,0,97,0,1921607348,0,1921607348,0,2080,1908892506,0,19510122,0,0,0,0,0
1785894526471|1009|stream_lane3_unavailable|fixed|214,1378943233,16781056,42648681,42280602,364598,0,364598,0,7738,0,3869,0,0,0,40295,40295,24718768,0,4096,0,0,0,3869,0,3507290871,0,3507290879,0,0,0,0,0,0,0,0,0,4096,256,131072,4,15|4,0,67108864,262144,256,0,0,0,0,464,0,452,0,116,113,0,1,464,0|248,4218353849,7,0,0,29622272,0,29622272,0,91220,0,0,113,0,0,0,0,0,0,0,7075234,0,0,0,0,0
1785894526471|1009|stream_lane3_unavailable|rotating|214,1378943233,33558033,42738733,42368909,42373288,42368909,42373288,42368909,40498,40381,40381,40380,0,0,3878,0,1246478436,1246449784,4096,4096,0,0,40381,40380,3494481489,3494476141,3494481497,3494476149,0,0,0,0,0,0,0,0,4096,256,131072,4,15|4,0,67108864,262144,256,0,0,0,0,468,0,456,0,117,114,0,1,468,0|248,3539025127,7,29931840,0,0,0,0,0,31789741,0,114,0,2240963203,0,2240963203,0,2080,2226890027,0,21708393,0,0,0,0,0
1785894531474|1009|stream_lane3_unavailable|fixed|216,1378943233,16781056,48753922,48334010,416803,0,416803,0,8846,0,4423,0,0,0,46062,46062,28258264,0,4096,0,0,0,4423,0,3827185529,0,3827185537,0,0,0,0,0,0,0,0,0,4096,256,131072,4,15|4,0,67108864,262144,256,0,0,0,0,532,0,520,0,133,130,0,1,532,0|250,244162819,8,0,0,34078720,0,34078720,0,104318,0,0,130,0,0,0,0,0,0,0,7104153,0,0,0,0,0
1785894531474|1009|stream_lane3_unavailable|rotating|216,1378943233,33556599,48842574,48421255,48425015,48421255,48425015,48421255,46280,46147,46146,46145,0,0,4431,0,1424452874,1424426390,4096,4096,0,0,46147,46146,3814449810,3814449806,3814449818,3814449814,0,0,0,0,0,0,0,0,4096,256,131072,4,15|4,0,67108864,262144,256,0,0,0,0,532,0,520,0,133,130,0,1,532,0|250,3859645234,7,34213088,0,0,0,0,0,36335086,0,130,0,2560512998,0,2560512998,0,2080,2545206702,0,23787444,0,0,0,0,0
1785894536487|1009|stream_lane3_unavailable|fixed|218,1378943233,16781056,54895009,54420928,469293,0,469293,0,9960,0,4980,0,0,0,51863,51863,31816936,0,4096,0,0,0,4980,0,4149193655,0,4149193663,0,0,0,0,0,0,0,0,0,4096,256,131072,4,15|4,0,67108864,262144,256,0,0,0,0,596,0,584,0,149,146,0,1,596,0|252,565064105,8,0,0,38273024,0,38273024,0,117394,0,0,146,0,0,0,0,0,0,0,7142859,0,0,0,0,0
1785894536487|1009|stream_lane3_unavailable|rotating|218,1378943233,33556599,54947212,54472599,54477446,54472599,54477446,54472599,52063,51915,51913,51913,0,0,4985,0,1602455153,1602450808,4096,4096,0,0,51914,51914,4134506682,4134506698,4134506690,4134506666,0,0,0,0,0,0,0,0,4096,256,131072,4,15|4,0,67108864,262144,256,0,0,0,0,596,0,584,0,149,146,0,1,596,0|252,4179440983,7,38478528,0,0,0,0,0,40868090,0,146,0,2879242387,0,2879242387,0,2080,2862706659,0,25859413,0,0,0,0,0
1785894541489|1009|stream_lane3_unavailable|fixed|220,1378943233,16781056,60999803,60471949,521501,0,521501,0,11068,0,5534,0,0,0,57631,57630,35356360,0,4096,0,0,0,5534,0,174464691,0,174464699,0,0,0,0,0,0,0,0,0,4096,256,131072,4,15|4,0,67108864,262144,256,0,0,0,0,660,0,648,0,165,162,0,1,660,0|254,886463631,8,0,0,42467328,0,42467328,0,130492,0,0,162,0,0,0,0,0,0,0,7172704,0,0,0,0,0
1785894541489|1009|stream_lane3_unavailable|rotating|220,1378943233,33556599,61089780,60561898,60567433,60561898,60567433,60561898,57882,57718,57715,57715,0,0,5543,0,1781572430,1781569193,4096,4096,0,0,57716,57716,161648192,161648213,161648200,161648221,0,0,0,0,0,0,0,0,4096,256,131072,4,15|4,0,67108864,262144,256,0,0,0,0,664,0,652,0,166,163,0,1,664,0|254,206694214,8,42776896,0,0,0,0,0,45433696,0,163,0,3200388322,0,3200388322,0,2080,3182498111,0,28058924,0,0,0,0,0
1785894546490|1009|stream_lane3_unavailable|fixed|222,1378943233,16781056,67084431,66506195,573611,0,573611,0,12174,0,6087,0,0,0,63378,63378,38889472,0,4096,0,0,0,6087,0,493760764,0,493760772,0,0,0,0,0,0,0,0,0,4096,256,131072,4,15|4,0,67108864,262144,256,0,0,0,0,728,0,716,0,182,179,0,1,728,0|256,1205275257,8,0,0,46923776,0,46923776,0,143497,0,0,179,0,0,0,0,0,0,0,7209333,0,0,0,0,0
1785894546490|1009|stream_lane3_unavailable|rotating|222,1378943233,33556599,67157384,66578664,66583208,66578664,66583208,66578664,63631,63451,63448,63448,0,0,6093,0,1958516133,1958512672,4096,4096,0,0,63449,63449,479772093,479772109,479772101,479772093,0,0,0,0,0,0,0,0,4096,256,131072,4,15|4,0,67108864,262144,256,0,0,0,0,728,0,716,0,182,179,0,1,728,0|256,523955183,8,47010720,0,0,0,0,0,49930845,0,179,0,3516590835,0,3516590835,0,2080,3497466620,0,30128677,0,0,0,0,0
1785894551499|1009|stream_lane3_unavailable|fixed|224,1378943233,16781056,73200153,72568432,625819,0,625819,0,13282,0,6641,0,0,0,69156,69155,42428992,0,4096,0,0,0,6641,0,814011093,0,814011101,0,0,0,0,0,0,0,0,0,4096,256,131072,4,15|4,0,67108864,262144,256,0,0,0,0,792,0,780,0,198,195,0,1,792,0|258,1526658675,8,0,0,51118080,0,51118080,0,156596,0,0,195,0,0,0,0,0,0,0,7248023,0,0,0,0,0
1785894551499|1009|stream_lane3_unavailable|rotating|224,1378943233,33556599,73291713,72660195,72665139,72660195,72665139,72660195,69441,69245,69242,69242,0,0,6649,0,2137376090,2137373528,4096,4096,0,0,69243,69243,801321698,801321692,801321706,801321700,0,0,0,0,0,0,0,0,4096,256,131072,4,15|4,0,67108864,262144,256,0,0,0,0,792,0,780,0,198,195,0,1,792,0|258,845684710,8,51307776,0,0,0,0,0,54491514,0,195,0,3837246098,0,3837246098,0,2080,3816890144,0,32209741,0,0,0,0,0
1785894556499|1009|stream_lane3_unavailable|fixed|226,1378943233,16781056,79302278,78619629,678026,0,678026,0,14390,0,7195,0,0,0,74922,74922,45968432,0,4096,0,0,0,7195,0,1134254349,0,1134254357,0,0,0,0,0,0,0,0,0,4096,256,131072,4,15|4,0,67108864,262144,256,0,0,0,0,856,0,844,0,214,211,0,1,856,0|260,1845870059,8,0,0,55312384,0,55312384,0,169600,0,0,211,0,0,0,0,0,0,0,7283061,0,0,0,0,0
1785894556499|1009|stream_lane3_unavailable|rotating|226,1378943233,33558272,79376238,78693026,78697648,78693026,78697648,78693026,75206,74994,74992,74992,0,0,7201,0,2314855424,2314853032,4096,4096,0,0,74992,74992,1120402812,1120407588,1120402820,1120407596,0,0,0,0,0,0,0,0,4096,256,131072,4,15|4,0,67108864,262144,256,0,0,0,0,856,0,844,0,214,211,0,1,856,0|260,1165511216,8,55573216,0,0,0,0,0,59024056,0,211,0,4156006244,0,4156006244,0,2080,4134418810,0,34283758,0,0,0,0,0
1785894561504|1009|stream_lane3_unavailable|fixed|228,1378943233,16781056,85411929,84677030,730229,0,730229,0,15498,0,7749,0,0,0,80694,80694,49507888,0,4096,0,0,0,7749,0,1454504774,0,1454504782,0,0,0,0,0,0,0,0,0,4096,256,131072,4,15|5,0,67108864,262144,256,0,0,0,0,924,0,912,0,231,228,0,1,924,0|262,2166175221,8,0,0,59768832,0,59768832,0,182675,0,0,228,0,0,0,0,0,0,0,7319977,0,0,0,0,0
1785894561504|1009|stream_lane3_unavailable|rotating|228,1378943233,33558272,85484894,84749378,84754004,84749378,84754004,84749378,80994,80765,80763,80763,0,0,7756,0,2492994960,2492992752,4096,4096,0,0,80763,80763,1440785073,1440789820,1440785081,1440789836,0,0,0,0,0,0,0,0,4096,256,131072,4,15|4,0,67108864,262144,256,0,0,0,0,924,0,912,0,231,228,0,1,924,0|262,1485815275,8,59847872,0,0,0,0,0,63562226,0,228,0,180274343,1,180274343,1,2080,157314451,1,36496153,0,0,0,0,0
1785894566511|1009|stream_lane3_unavailable|fixed|230,1378943233,16781056,91525740,90738054,782531,0,782531,0,16608,0,8304,0,0,0,86470,86469,53053784,0,4096,0,0,0,8304,0,1774992612,0,1774992620,0,0,0,0,0,0,0,0,0,4096,256,131072,4,15|4,0,67108864,262144,256,0,0,0,0,988,0,976,0,247,244,0,1,988,0|264,2486841863,8,0,0,63963136,0,63963136,0,195750,0,0,244,0,0,0,0,0,0,0,7348578,0,0,0,0,0
1785894566511|1009|stream_lane3_unavailable|rotating|230,1378943233,33556599,91591347,90803141,90808250,90803141,90808250,90803141,86781,86534,86532,86531,0,0,8310,0,2671074896,2671045854,4096,4096,0,0,86533,86532,1760952599,1760952571,1760952559,1760952579,0,0,0,0,0,0,0,0,4096,256,131072,4,15|4,0,67108864,262144,256,0,0,0,0,988,0,976,0,247,244,0,1,988,0|264,1805288446,8,64105408,0,0,0,0,0,68091150,0,244,0,498683130,1,498683130,1,2080,474484152,1,38576079,0,0,0,0,0
1785894575851|1010|stream_clean_after_lane3|fixed|234,1378943233,16781056,6142380,6057823,69643,0,69643,0,1478,0,739,0,0,0,5786,5786,4721392,0,4096,0,0,0,739,0,2373004081,0,2373004089,0,0,0,0,0,0,0,0,0,4096,256,131072,4,15|4,0,67108864,262144,256,0,0,0,0,96,0,84,0,24,21,0,1,96,0|272,3084488695,8,0,0,5505024,0,5505024,0,17551,0,0,21,0,0,0,0,0,0,0,6896979,0,0,0,0,0
1785894575851|1010|stream_clean_after_lane3|rotating|234,1378943233,33554926,6230608,6144342,6159931,6144342,6159931,6144342,5894,5870,5870,5870,0,0,750,0,181194360,180836123,4096,4096,0,0,5870,5870,2359728163,2359728504,2359728171,2359728512,0,0,0,0,0,0,0,0,4096,256,131072,4,15|4,0,67108864,262144,256,0,0,0,0,100,0,88,0,25,22,0,1,100,0|272,2404781758,8,5838304,0,0,0,0,0,6195143,0,22,0,324414144,0,324414144,0,2080,317522276,0,9775464,0,0,0,0,0
1785894580865|1010|stream_clean_after_lane3|fixed|236,1378943233,16781056,12431547,12259806,140976,0,140976,0,2992,0,1496,0,0,0,11710,11710,9557856,0,4096,0,0,0,1496,0,2693671630,0,2693671638,0,0,0,0,0,0,0,0,0,4096,256,131072,4,15|4,0,67108864,262144,256,0,0,0,0,188,0,176,0,47,44,0,1,188,0|274,3405607170,8,0,0,11534336,0,11534336,0,35385,0,0,44,0,0,0,0,0,0,0,6949894,0,0,0,0,0
1785894580865|1010|stream_clean_after_lane3|rotating|236,1378943233,33554687,12499244,12326668,12357513,12326668,12357513,12326668,11821,11775,11774,11774,0,0,1504,0,363455264,362739624,4096,4096,0,0,11775,11775,2679685872,2679685861,2679685832,2679685869,0,0,0,0,0,0,0,0,4096,256,131072,4,15|4,0,67108864,262144,256,0,0,0,0,188,0,176,0,47,44,0,1,188,0|274,2724615879,8,11652896,0,0,0,0,0,12375256,0,44,0,642794617,0,642794617,0,2080,634197317,0,12628566,0,0,0,0,0
1785894585877|1010|stream_clean_after_lane3|fixed|238,1378943233,16781056,18710271,18450872,212314,0,212314,0,4506,0,2253,0,0,0,17628,17628,14394312,0,4096,0,0,0,2253,0,3014795871,0,3014795879,0,0,0,0,0,0,0,0,0,4096,256,131072,4,15|4,0,67108864,262144,256,0,0,0,0,276,0,264,0,69,66,0,1,276,0|276,3726318817,8,0,0,17301504,0,17301504,0,53220,0,0,66,0,0,0,0,0,0,0,6998952,0,0,0,0,0
1785894585877|1010|stream_clean_after_lane3|rotating|238,1378943233,33554687,18783029,18522919,18569961,18522919,18569961,18522919,17766,17698,17697,17697,0,0,2261,0,546273849,545199276,4096,4096,0,0,17698,17698,3000613856,3000613837,3000613864,3000613845,0,0,0,0,0,0,0,0,4096,256,131072,4,15|4,0,67108864,262144,256,0,0,0,0,276,0,264,0,69,66,0,1,276,0|276,3044998886,8,17483296,0,0,0,0,0,18561056,0,66,0,961720024,0,961720024,0,2080,951413180,0,15489174,0,0,0,0,0
1785894590891|1010|stream_clean_after_lane3|fixed|240,1378943233,16781056,24996834,24650626,283556,0,283556,0,6018,0,3009,0,0,0,23550,23550,19224344,0,4096,0,0,0,3009,0,3335357431,0,3335357439,0,0,0,0,0,0,0,0,0,4096,256,131072,4,15|4,0,67108864,262144,256,0,0,0,0,364,0,352,0,91,88,0,1,364,0|278,4047157639,8,0,0,23068672,0,23068672,0,71031,0,0,88,0,0,0,0,0,0,0,7043142,0,0,0,0,0
1785894590891|1010|stream_clean_after_lane3|rotating|240,1378943233,33554687,25071174,24724216,24786769,24724216,24786769,24724216,23711,23621,23620,23620,0,0,3018,0,729110175,727676122,4096,4096,0,0,23621,23621,3321558343,3321558348,3321558351,3321558356,0,0,0,0,0,0,0,0,4096,256,131072,4,15|4,0,67108864,262144,256,0,0,0,0,364,0,352,0,91,88,0,1,364,0|278,3365779118,8,23313696,0,0,0,0,0,24758346,0,88,0,1281042656,0,1281042656,0,2080,1269032783,0,18343267,0,0,0,0,0
1785894595894|1010|stream_clean_after_lane3|fixed|242,1378943233,16781056,31272536,30841046,354799,0,354799,0,7530,0,3765,0,0,0,29462,29462,24054328,0,4096,0,0,0,3765,0,3655917643,0,3655917651,0,0,0,0,0,0,0,0,0,4096,256,131072,4,15|4,0,67108864,262144,256,0,0,0,0,452,0,440,0,113,110,0,1,452,0|280,71929735,9,0,0,28835840,0,28835840,0,88793,0,0,110,0,0,0,0,0,0,0,7089477,0,0,0,0,0
1785894595894|1010|stream_clean_after_lane3|rotating|242,1378943233,33558272,31339848,30906805,30984204,30906805,30984204,30906805,29638,29526,29526,29526,0,0,3774,0,911406680,909595992,4096,4096,0,0,29526,29526,3641549119,3641527668,3641549127,3641527684,0,0,0,0,0,0,0,0,4096,256,131072,4,15|4,0,67108864,262144,256,0,0,0,0,456,0,444,0,114,111,0,1,456,0|280,3686150196,8,29137504,0,0,0,0,0,30945137,0,111,0,1599957782,0,1599957782,0,2080,1586110012,0,21326234,0,0,0,0,0
1785894600908|1010|stream_clean_after_lane3|fixed|244,1378943233,16781056,37553357,37034934,426132,0,426132,0,9044,0,4522,0,0,0,35379,35379,28890792,0,4096,0,0,0,4522,0,3976583128,0,3976583136,0,0,0,0,0,0,0,0,0,4096,256,131072,4,15|4,0,67108864,262144,256,0,0,0,0,544,0,532,0,136,133,0,1,544,0|282,393242741,9,0,0,34865152,0,34865152,0,106674,0,0,133,0,0,0,0,0,0,0,7129616,0,0,0,0,0
1785894600908|1010|stream_clean_after_lane3|rotating|244,1378943233,33554687,37628269,37109248,37201382,37109248,37201382,37109248,35585,35451,35449,35449,0,0,4530,0,1094255233,1092085496,4096,4096,0,0,35450,35450,3962653531,3962653560,3962653547,3962653552,0,0,0,0,0,0,0,0,4096,256,131072,4,15|4,0,67108864,262144,256,0,0,0,0,544,0,532,0,136,133,0,1,544,0|282,4006865313,8,34975808,0,0,0,0,0,37142058,0,133,0,1919213323,0,1919213323,0,2080,1903665221,0,24179327,0,0,0,0,0
1785894605916|1010|stream_clean_after_lane3|fixed|246,1378943233,16781056,43833210,43227666,497375,0,497375,0,10556,0,5278,0,0,0,41295,41295,33720848,0,4096,0,0,0,5278,0,2307013,0,2307021,0,0,0,0,0,0,0,0,0,4096,256,131072,4,15|4,0,67108864,262144,256,0,0,0,0,632,0,620,0,158,155,0,1,632,0|284,713795937,9,0,0,40632320,0,40632320,0,124485,0,0,155,0,0,0,0,0,0,0,7179153,0,0,0,0,0
1785894605916|1010|stream_clean_after_lane3|rotating|246,1378943233,33554926,43908530,43302185,43410401,43302185,43410401,43302185,41523,41367,41366,41366,0,0,5286,0,1276884288,1274353909,4096,4096,0,0,41366,41366,4283228202,4283228543,4283228210,4283228551,0,0,0,0,0,0,0,0,4096,256,131072,4,15|4,0,67108864,262144,256,0,0,0,0,632,0,620,0,158,155,0,1,632,0|284,33394734,9,40822016,0,0,0,0,0,43353308,0,155,0,2239248488,0,2239248488,0,2080,2221999082,0,27035089,0,0,0,0,0
1785894610917|1010|stream_clean_after_lane3|fixed|248,1378943233,16781056,50107502,49415205,568524,0,568524,0,12066,0,6033,0,0,0,47205,47205,38544480,0,4096,0,0,0,6033,0,322446006,0,322446014,0,0,0,0,0,0,0,0,0,4096,256,131072,4,15|4,0,67108864,262144,256,0,0,0,0,720,0,708,0,180,177,0,1,720,0|286,1033916536,9,0,0,46399488,0,46399488,0,142272,0,0,177,0,0,0,0,0,0,0,7226648,0,0,0,0,0
1785894610917|1010|stream_clean_after_lane3|rotating|248,1378943233,33558272,50178570,49485552,49609290,49485552,49609290,49485552,47451,47273,47272,47272,0,0,6041,0,1459190760,1456302120,4096,4096,0,0,47272,47272,308292568,308292893,308292576,308292901,0,0,0,0,0,0,0,0,4096,256,131072,4,15|4,0,67108864,262144,256,0,0,0,0,720,0,708,0,180,177,0,1,720,0|286,352321289,9,46620800,0,0,0,0,0,49514820,0,177,0,2556725347,0,2556725347,0,2080,2537758907,0,29896399,0,0,0,0,0
1785894615925|1010|stream_clean_after_lane3|fixed|250,1378943233,16781056,56387505,55607796,639768,0,639768,0,13578,0,6789,0,0,0,53120,53120,43374512,0,4096,0,0,0,6789,0,643004879,0,643004887,0,0,0,0,0,0,0,0,0,4096,256,131072,4,15|4,0,67108864,262144,256,0,0,0,0,808,0,796,0,202,199,0,1,808,0|288,1355001127,9,0,0,52166656,0,52166656,0,160106,0,0,199,0,0,0,0,0,0,0,7274051,0,0,0,0,0
1785894615925|1010|stream_clean_after_lane3|rotating|250,1378943233,33558272,56463833,55683337,55823221,55683337,55823221,55683337,53393,53193,53192,53192,0,0,6798,0,1641929112,1638681872,4096,4096,0,0,53192,53192,629066371,629066720,629066379,629066728,0,0,0,0,0,0,0,0,4096,256,131072,4,15|4,0,67108864,262144,256,0,0,0,0,812,0,800,0,203,200,0,1,812,0|288,673770263,9,52460416,0,0,0,0,0,55722800,0,200,0,2876714417,0,2876714417,0,2080,2855913746,0,32879094,0,0,0,0,0
1785894620934|1010|stream_clean_after_lane3|fixed|252,1378943233,16781056,62663636,61797666,710912,0,710912,0,15088,0,7544,0,0,0,59033,59033,48198152,0,4096,0,0,0,7544,0,963138724,0,963138732,0,0,0,0,0,0,0,0,0,4096,256,131072,4,15|5,0,67108864,262144,256,0,0,0,0,900,0,888,0,225,222,0,1,900,0|290,1674993285,9,0,0,58195968,0,58195968,0,177892,0,0,222,0,0,0,0,0,0,0,7313508,0,0,0,0,0
1785894620934|1010|stream_clean_after_lane3|rotating|252,1378943233,33554687,62735618,61868198,62023764,61868198,62023764,61868198,59325,59102,59101,59101,0,0,7554,0,1824325841,1820702412,4096,4096,0,0,59101,59101,949377675,949378008,949377683,949378016,0,0,0,0,0,0,0,0,4096,256,131072,4,15|4,0,67108864,262144,256,0,0,0,0,900,0,888,0,225,222,0,1,900,0|290,993575842,9,58282912,0,0,0,0,0,61900542,0,222,0,3195064372,0,3195064372,0,2080,3172559752,0,35732410,0,0,0,0,0
1785894625940|1010|stream_clean_after_lane3|fixed|254,1378943233,16781056,68943125,67989809,782249,0,782249,0,16602,0,8301,0,0,0,64948,64948,53034600,0,4096,0,0,0,8301,0,1283933049,0,1283933057,0,0,0,0,0,0,0,0,0,4096,256,131072,4,15|4,0,67108864,262144,256,0,0,0,0,988,0,976,0,247,244,0,1,988,0|292,1996334064,9,0,0,63963136,0,63963136,0,195750,0,0,244,0,0,0,0,0,0,0,7351314,0,0,0,0,0
1785894625940|1010|stream_clean_after_lane3|rotating|254,1378943233,33554687,69027069,68072805,68243877,68072805,68243877,68072805,65274,65029,65027,65027,0,0,8311,0,2007255176,2003272944,4096,4096,0,0,65028,65028,1270501796,1270501769,1270501788,1270501777,0,0,0,0,0,0,0,0,4096,256,131072,4,15|4,0,67108864,262144,256,0,0,0,0,988,0,976,0,247,244,0,1,988,0|292,1314887613,9,64121216,0,0,0,0,0,68108598,0,244,0,3514916567,0,3514916567,0,2080,3490708959,0,38588159,0,0,0,0,0
