captured_ms|sequence|label|role|admission_snapshot_words_csv|ps_runtime_words_csv|pl_perf_snapshot_words_csv
1786188053312|1001|stream64_f2r_06|fixed|2,1378943233,16781056,6162417,6078052,6092478,6078052,6092478,6078052,5827,5805,5805,5805,0,0,741,0,179189576,178844856,4096,4096,0,0,5805,5805,385319509,385319850,385319517,385319858,0,0,0,0,0,0,0,0,4096,256,131072,4,15|4,0,67108864,262144,256,0,0,0,0,100,0,88,0,25,22,0,1,100,0|4,1131906427,0,5790880,0,0,0,0,0,6147144,0,22,0,321898843,0,321898843,0,2080,314996464,0,9775742,0,0,0,0,0
1786188053312|1001|stream64_f2r_06|rotating|2,1378943233,33558272,6277354,6191069,71260,0,71260,0,1510,0,755,0,0,0,5913,5913,4823656,4823656,4096,4096,0,0,755,755,354739857,354739857,354739865,354739865,0,0,0,0,0,0,0,0,4096,256,131072,4,15|4,0,67108864,262144,256,0,0,0,0,100,0,88,0,25,22,0,1,100,0|4,436644194,0,0,0,5767168,0,5767168,0,17957,0,0,22,0,0,0,0,0,0,0,6898941,0,0,0,0,0
1786188058316|1001|stream64_f2r_06|fixed|4,1378943233,16777471,12414409,12243377,12273403,12243377,12273403,12243377,11741,11697,11697,11697,0,0,1494,0,361060277,360356952,4096,4096,0,0,11697,11697,704594408,704594757,704594416,704594765,0,0,0,0,0,0,0,0,4096,256,131072,4,15|4,0,67108864,262144,256,0,0,0,0,188,0,176,0,47,44,0,1,188,0|6,1450465207,0,11581760,0,0,0,0,0,12298520,0,44,0,639009903,0,639009903,0,2080,630390865,0,12634980,0,0,0,0,0
1786188058316|1001|stream64_f2r_06|rotating|4,1378943233,33558272,12546792,12373626,142522,0,142522,0,3020,0,1510,0,0,0,11821,11821,9647304,9647304,4096,4096,0,0,1510,1510,674876907,674876907,674876915,674876915,0,0,0,0,0,0,0,0,4096,256,131072,4,15|4,0,67108864,262144,256,0,0,0,0,188,0,176,0,47,44,0,1,188,0|6,757071517,0,0,0,11534336,0,11534336,0,35795,0,0,44,0,0,0,0,0,0,0,6941406,0,0,0,0,0
1786188063321|1001|stream64_f2r_06|fixed|6,1378943233,16779144,18687322,18429579,18474960,18429579,18474960,18429579,17674,17607,17607,17607,0,0,2250,0,543492976,542414720,4096,4096,0,0,17607,17607,1024964845,1024965186,1024964853,1024965194,0,0,0,0,0,0,0,0,4096,256,131072,4,15|4,0,67108864,262144,256,0,0,0,0,276,0,264,0,69,66,0,1,276,0|8,1770350082,0,17404256,0,0,0,0,0,18477247,0,66,0,957439154,0,957439154,0,2080,947110722,0,15493741,0,0,0,0,0
1786188063321|1001|stream64_f2r_06|rotating|6,1378943233,33558272,18782661,18523973,213403,0,213403,0,4522,0,2261,0,0,0,17696,17696,14445416,14445416,4096,4096,0,0,2261,2261,993294433,993294433,993294441,993294441,0,0,0,0,0,0,0,0,4096,256,131072,4,15|4,0,67108864,262144,256,0,0,0,0,276,0,264,0,69,66,0,1,276,0|8,1075502980,0,0,0,17301504,0,17301504,0,53515,0,0,66,0,0,0,0,0,0,0,6982658,0,0,0,0,0
1786188068331|1001|stream64_f2r_06|fixed|8,1378943233,16777471,24968405,24623131,24684687,24623131,24684687,24623131,23613,23524,23523,23523,0,0,3006,0,726120784,724681455,4096,4096,0,0,23524,23524,1345561068,1345561041,1345561044,1345561057,0,0,0,0,0,0,0,0,4096,256,131072,4,15|4,0,67108864,262144,256,0,0,0,0,364,0,352,0,91,88,0,1,364,0|10,2091913628,0,23250464,0,0,0,0,0,24690224,0,88,0,1277541148,0,1277541148,0,2080,1265511553,0,18349362,0,0,0,0,0
1786188068331|1001|stream64_f2r_06|rotating|8,1378943233,33558272,25077790,24731206,284942,0,284942,0,6038,0,3019,0,0,0,23626,23626,19288168,19288168,4096,4096,0,0,3019,3019,1314717159,1314717159,1314717167,1314717167,0,0,0,0,0,0,0,0,4096,256,131072,4,15|4,0,67108864,262144,256,0,0,0,0,368,0,356,0,92,89,0,1,368,0|10,1397153777,0,0,0,23330816,0,23330816,0,71423,0,0,89,0,0,0,0,0,0,0,7038288,0,0,0,0,0
1786188073339|1001|stream64_f2r_06|fixed|10,1378943233,16781056,31249107,30817468,30894035,30817468,30894035,30817468,29550,29439,29439,29439,0,0,3762,0,908723960,906926256,4096,4096,0,0,29439,29439,1666100671,1666101036,1666100687,1666101044,0,0,0,0,0,0,0,0,4096,256,131072,4,15|4,0,67108864,262144,256,0,0,0,0,452,0,440,0,113,110,0,1,452,0|12,2411609809,0,29065056,0,0,0,0,0,30867349,0,110,0,1595783681,0,1595783681,0,2080,1582036604,0,21214514,0,0,0,0,0
1786188073339|1001|stream64_f2r_06|rotating|10,1378943233,33558272,31341500,30908012,356199,0,356199,0,7548,0,3774,0,0,0,29526,29526,24111864,24111864,4096,4096,0,0,3774,3774,1634536325,1634536325,1634536333,1634536333,0,0,0,0,0,0,0,0,4096,256,131072,4,15|4,0,67108864,262144,256,0,0,0,0,456,0,444,0,114,111,0,1,456,0|12,1717249067,0,0,0,29097984,0,29097984,0,89239,0,0,111,0,0,0,0,0,0,0,7081095,0,0,0,0,0
1786188078344|1001|stream64_f2r_06|fixed|12,1378943233,16781056,37526337,37006356,37099991,37006356,37099991,37006356,35485,35352,35352,35352,0,0,4517,0,1091247688,1089089448,4096,4096,0,0,35352,35352,1986505799,1986506140,1986505807,1986506148,0,0,0,0,0,0,0,0,4096,256,131072,4,15|4,0,67108864,262144,256,0,0,0,0,544,0,532,0,136,133,0,1,544,0|14,2731399077,0,34880960,0,0,0,0,0,37041976,0,133,0,1914118973,0,1914118973,0,2050,1898525332,0,24204451,0,0,0,0,0
1786188078344|1001|stream64_f2r_06|rotating|12,1378943233,33558272,37605106,37083514,427365,0,427365,0,9056,0,4528,0,0,0,35426,35426,28929128,28929128,4096,4096,0,0,4528,4528,1954371004,1954371004,1954371012,1954371012,0,0,0,0,0,0,0,0,4096,256,131072,4,15|4,0,67108864,262144,256,0,0,0,0,544,0,532,0,136,133,0,1,544,0|14,2035949704,0,0,0,34865152,0,34865152,0,106979,0,0,133,0,0,0,0,0,0,0,7121165,0,0,0,0,0
1786188083359|1001|stream64_f2r_06|fixed|14,1378943233,16781056,43812175,43203294,43314306,43203294,43314306,43203294,41428,41273,41272,41272,0,0,5275,0,1273985784,1271452256,4096,4096,0,0,41272,41272,2307414013,2307414330,2307414021,2307414338,0,0,0,0,0,0,0,0,4096,256,131072,4,15|4,0,67108864,262144,256,0,0,0,0,632,0,620,0,158,155,0,1,632,0|16,3052384531,0,40719264,0,0,0,0,0,43243844,0,155,0,2233644851,0,2233644851,0,2080,2216344582,0,27063840,0,0,0,0,0
1786188083359|1001|stream64_f2r_06|rotating|14,1378943233,33558272,43887127,43277362,498721,0,498721,0,10568,0,5284,0,0,0,41342,41342,33759168,33759168,4096,4096,0,0,5284,5284,2274937976,2274937976,2274937984,2274937984,0,0,0,0,0,0,0,0,4096,256,131072,4,15|4,0,67108864,262144,256,0,0,0,0,632,0,620,0,158,155,0,1,632,0|16,2356630172,0,0,0,40632320,0,40632320,0,124821,0,0,155,0,0,0,0,0,0,0,7163633,0,0,0,0,0
1786188088371|1001|stream64_f2r_06|fixed|16,1378943233,16777471,50094575,49399172,49525351,49399172,49525351,49399172,47368,47191,47189,47189,0,0,6031,0,1456633461,1453738632,4096,4096,0,0,47190,47190,2628063509,2628063522,2628063517,2628063530,0,0,0,0,0,0,0,0,4096,256,131072,4,15|4,0,67108864,262144,256,0,0,0,0,720,0,708,0,180,177,0,1,720,0|18,3374987880,0,46581280,0,0,0,0,0,49477405,0,177,0,2554782696,0,2554782696,0,2080,2535771757,0,29932362,0,0,0,0,0
1786188088371|1001|stream64_f2r_06|rotating|16,1378943233,33558272,50198565,49501954,570356,0,570356,0,12086,0,6043,0,0,0,47287,47287,38608336,38608336,4096,4096,0,0,6043,6043,2596803396,2596803396,2596803404,2596803404,0,0,0,0,0,0,0,0,4096,256,131072,4,15|4,0,67108864,262144,256,0,0,0,0,724,0,712,0,181,178,0,1,724,0|18,2680462109,0,0,0,46661632,0,46661632,0,142847,0,0,178,0,0,0,0,0,0,0,7214466,0,0,0,0,0
1786188093383|1001|stream64_f2r_06|fixed|18,1378943233,16777471,56381052,55598034,55740379,55598034,55740379,55598034,53312,53113,53111,53111,0,0,6788,0,1639436528,1636181071,4096,4096,0,0,53112,53112,2948959351,2948959324,2948959343,2948959332,0,0,0,0,0,0,0,0,4096,256,131072,4,15|4,0,67108864,262144,256,0,0,0,0,808,0,796,0,202,199,0,1,808,0|20,3695623645,0,52411680,0,0,0,0,0,55671583,0,199,0,2873960861,0,2873960861,0,2054,2853237760,0,32795588,0,0,0,0,0
1786188093383|1001|stream64_f2r_06|rotating|18,1378943233,33558272,56478419,55693674,641800,0,641800,0,13600,0,6800,0,0,0,53202,53202,43444800,43444800,4096,4096,0,0,6800,6800,2917480179,2917480179,2917480187,2917480187,0,0,0,0,0,0,0,0,4096,256,131072,4,15|4,0,67108864,262144,256,0,0,0,0,812,0,800,0,203,200,0,1,812,0|20,3000801044,0,0,0,52428800,0,52428800,0,160663,0,0,200,0,0,0,0,0,0,0,7259272,0,0,0,0,0
1786188098394|1001|stream64_f2r_06|fixed|20,1378943233,16781056,62663015,61793166,61950995,61793166,61950995,61793166,59250,59029,59028,59028,0,0,7544,0,1822078000,1818464520,4096,4096,0,0,59028,59028,3269556955,3269557264,3269556963,3269557280,0,0,0,0,0,0,0,0,4096,256,131072,4,15|4,0,67108864,262144,256,0,0,0,0,900,0,888,0,225,222,0,1,900,0|22,4015696932,0,58235488,0,0,0,0,0,61852677,0,222,0,3192578196,0,3192578196,0,2080,3170010281,0,35785472,0,0,0,0,0
1786188098394|1001|stream64_f2r_06|rotating|20,1378943233,33558272,62765565,61893900,713250,0,713250,0,15114,0,7557,0,0,0,59124,59124,48281256,48281256,4096,4096,0,0,7557,7557,3238604127,3238604127,3238604135,3238604135,0,0,0,0,0,0,0,0,4096,256,131072,4,15|4,0,67108864,262144,256,0,0,0,0,900,0,888,0,225,222,0,1,900,0|22,3321552531,0,0,0,58195968,0,58195968,0,178525,0,0,222,0,0,0,0,0,0,0,7300426,0,0,0,0,0
1786188103396|1001|stream64_f2r_06|fixed|22,1378943233,16777471,68932142,67973940,68148862,67973940,68148862,67973940,65178,64934,64932,64932,0,0,8299,0,2004336629,2000347704,4096,4096,0,0,64933,64933,3589657385,3589657422,3589657401,3589657430,0,0,0,0,0,0,0,0,4096,256,131072,4,15|4,0,67108864,262144,256,0,0,0,0,988,0,976,0,247,244,0,1,988,0|24,40048660,1,64042176,0,0,0,0,0,68021817,0,244,0,3510445548,0,3510445548,0,2080,3486150589,0,38658489,0,0,0,0,0
1786188103396|1001|stream64_f2r_06|rotating|22,1378943233,33558272,69001816,68042891,784038,0,784038,0,16614,0,8307,0,0,0,64998,64998,53072968,53072968,4096,4096,0,0,8307,8307,3556606127,3556606127,3556606135,3556606135,0,0,0,0,0,0,0,0,4096,256,131072,4,15|4,0,67108864,262144,256,0,0,0,0,988,0,976,0,247,244,0,1,988,0|24,3639123012,0,0,0,63963136,0,63963136,0,196198,0,0,244,0,0,0,0,0,0,0,7342708,0,0,0,0,0
1786188111771|1002|stream64_f2r_07|fixed|26,1378943233,16781056,6135354,6051081,6065696,6051081,6065696,6051081,5801,5779,5779,5779,0,0,738,0,178385568,178043544,4096,4096,0,0,5779,5779,4125684326,4125684675,4125684342,4125684683,0,0,0,0,0,0,0,0,4096,256,131072,4,15|4,0,67108864,262144,256,0,0,0,0,96,0,84,0,24,21,0,1,96,0|32,577218203,1,5765856,0,0,0,0,0,6121207,0,21,0,320430696,0,320430696,0,2080,313648116,0,9655129,0,0,0,0,0
1786188111771|1002|stream64_f2r_07|rotating|26,1378943233,33558272,6237227,6151190,70787,0,70787,1,1500,0,750,0,0,0,5875,5875,4791688,4791688,4096,4096,0,10,750,750,4094353262,4094353262,4094353270,4094353270,0,3918556837,0,3918556837,0,0,0,0,4096,256,131072,4,15|4,0,67108864,262144,256,0,0,0,0,100,0,88,0,25,22,0,1,100,0|32,4177258272,0,0,0,5767168,0,5767168,0,17910,0,0,22,0,0,0,0,0,0,0,6895444,0,0,0,0,0
1786188116772|1002|stream64_f2r_07|fixed|28,1378943233,16777471,12404898,12232913,12263986,12232913,12263986,12232913,11732,11688,11687,11687,0,0,1493,0,360763672,360061783,4096,4096,0,0,11688,11688,150889328,150889301,150889296,150889309,0,0,0,0,0,0,0,0,4096,256,131072,4,15|4,0,67108864,262144,256,0,0,0,0,188,0,176,0,47,44,0,1,188,0|34,899769399,1,11629184,0,0,0,0,0,12347259,0,44,0,641516060,0,641516060,0,2080,632894821,0,12647343,0,0,0,0,0
1786188116772|1002|stream64_f2r_07|rotating|28,1378943233,33558272,12601604,12426711,143183,0,143183,1,3034,0,1517,0,0,0,11872,11872,9692024,9692024,4096,4096,0,10,1517,1517,124684519,124684519,124684527,124684527,0,3918556837,0,3918556837,0,0,0,0,4096,256,131072,4,15|4,0,67108864,262144,256,0,0,0,0,192,0,180,0,48,45,0,1,192,0|34,209908383,1,0,0,11796480,0,11796480,0,36124,0,0,45,0,0,0,0,0,0,0,6938241,0,0,0,0,0
1786188121778|1002|stream64_f2r_07|fixed|30,1378943233,16777471,18681946,18422083,18469678,18422083,18469678,18422083,17669,17602,17601,17601,0,0,2249,0,543313291,542234862,4096,4096,0,0,17602,17602,471475401,471475390,471475409,471475398,0,0,0,0,0,0,0,0,4096,256,131072,4,15|4,0,67108864,262144,256,0,0,0,0,276,0,264,0,69,66,0,1,276,0|36,1216770729,1,17396352,0,0,0,0,0,18469329,0,66,0,957075598,0,957075598,0,2054,946724248,0,15514942,0,0,0,0,0
1786188121778|1002|stream64_f2r_07|rotating|30,1378943233,33558272,18759241,18498621,213120,0,213120,1,4516,0,2258,0,0,0,17674,17674,14426232,14426232,4096,4096,0,10,2258,2258,438813194,438813194,438813202,438813202,0,3918556837,0,3918556837,0,0,0,0,4096,256,131072,4,15|4,0,67108864,262144,256,0,0,0,0,276,0,264,0,69,66,0,1,276,0|36,520502381,1,0,0,17301504,0,17301504,0,53421,0,0,66,0,0,0,0,0,0,0,6973665,0,0,0,0,0
1786188126798|1002|stream64_f2r_07|fixed|32,1378943233,16777471,24972631,24625710,24688913,24625710,24688913,24625710,23617,23528,23527,23527,0,0,3006,0,726236774,724798400,4096,4096,0,0,23528,23528,792582095,792582108,792582103,792582100,0,0,0,0,0,0,0,0,4096,256,131072,4,15|4,0,67108864,262144,256,0,0,0,0,364,0,352,0,91,88,0,1,364,0|38,1541078524,1,23289984,0,0,0,0,0,24735610,0,88,0,1279909985,0,1279909985,0,2080,1267859902,0,18378315,0,0,0,0,0
1786188126798|1002|stream64_f2r_07|rotating|32,1378943233,33558272,25139522,24789865,285695,0,285695,1,6054,0,3027,0,0,0,23684,23684,19339312,19339312,4096,4096,0,10,3027,3027,764775076,764775076,764775092,764775092,0,3918556837,0,3918556837,0,0,0,0,4096,256,131072,4,15|4,0,67108864,262144,256,0,0,0,0,368,0,356,0,92,89,0,1,368,0|38,847236779,1,0,0,23330816,0,23330816,0,71613,0,0,89,0,0,0,0,0,0,0,7021078,0,0,0,0,0
1786188131809|1002|stream64_f2r_07|fixed|34,1378943233,16777471,31255859,30822226,30900693,30822226,30900693,30822226,29557,29446,29445,29445,0,0,3763,0,908916044,907117575,4096,4096,0,0,29446,29446,1113262339,1113262352,1113262347,1113262360,0,0,0,0,0,0,0,0,4096,256,131072,4,15|4,0,67108864,262144,256,0,0,0,0,456,0,444,0,114,111,0,1,456,0|40,1860947030,1,29105888,0,0,0,0,0,30912664,0,111,0,1598324515,0,1598324515,0,2080,1584423301,0,21372819,0,0,0,0,0
1786188131809|1002|stream64_f2r_07|rotating|34,1378943233,33558272,31384108,30948287,356673,0,356673,1,7558,0,3779,0,0,0,29566,29566,24143808,24143808,4096,4096,0,10,3779,3779,1083627075,1083627075,1083627083,1083627083,0,3918556837,0,3918556837,0,0,0,0,4096,256,131072,4,15|4,0,67108864,262144,256,0,0,0,0,456,0,444,0,114,111,0,1,456,0|40,1165934724,1,0,0,29097984,0,29097984,0,89334,0,0,111,0,0,0,0,0,0,0,7070375,0,0,0,0,0
1786188136810|1002|stream64_f2r_07|fixed|36,1378943233,16777471,37525357,37003926,37099032,37003926,37099032,37003926,35485,35352,35351,35351,0,0,4517,0,1091225805,1089069496,4096,4096,0,0,35352,35352,1433304729,1433304758,1433304737,1433304718,0,0,0,0,0,0,0,0,4096,256,131072,4,15|4,0,67108864,262144,256,0,0,0,0,544,0,532,0,136,133,0,1,544,0|42,2179337606,1,34896768,0,0,0,0,0,37063215,0,133,0,1915267371,0,1915267371,0,2080,1899643064,0,24238491,0,0,0,0,0
1786188136810|1002|stream64_f2r_07|rotating|36,1378943233,33558272,37616984,37093803,427459,0,427459,1,9058,0,4529,0,0,0,35437,35437,28935520,28935520,4096,4096,0,10,4529,4529,1401621734,1401621734,1401621742,1401621742,0,3918556837,0,3918556837,0,0,0,0,4096,256,131072,4,15|4,0,67108864,262144,256,0,0,0,0,544,0,532,0,136,133,0,1,544,0|42,1483174826,1,0,0,34865152,0,34865152,0,106983,0,0,133,0,0,0,0,0,0,0,7120782,0,0,0,0,0
1786188141813|1002|stream64_f2r_07|fixed|38,1378943233,16781056,43801105,43191417,43303331,43191417,43303331,43191417,41418,41262,41262,41262,0,0,5274,0,1273676688,1271143912,4096,4096,0,0,41262,41262,1753703630,1753703971,1753703638,1753703979,0,0,0,0,0,0,0,0,4096,256,131072,4,15|4,0,67108864,262144,256,0,0,0,0,632,0,620,0,158,155,0,1,632,0|44,2499833288,1,40727168,0,0,0,0,0,43255316,0,155,0,2234305453,0,2234305453,0,2080,2216966232,0,27104469,0,0,0,0,0
1786188141813|1002|stream64_f2r_07|rotating|38,1378943233,33558272,43896763,43286103,498815,0,498815,1,10570,0,5285,0,0,0,41352,41352,33765552,33765552,4096,4096,0,10,5285,5285,1722195302,1722195302,1722195310,1722195310,0,3918556837,0,3918556837,0,0,0,0,4096,256,131072,4,15|4,0,67108864,262144,256,0,0,0,0,632,0,620,0,158,155,0,1,632,0|44,1804236887,1,0,0,40632320,0,40632320,0,124869,0,0,155,0,0,0,0,0,0,0,7166639,0,0,0,0,0
1786188146822|1002|stream64_f2r_07|fixed|40,1378943233,16781056,50079635,49383243,49510600,49383243,49510600,49383243,47353,47175,47175,47175,0,0,6029,0,1456199656,1453306736,4096,4096,0,0,47175,47175,2074110953,2074111278,2074110961,2074111286,0,0,0,0,0,0,0,0,4096,256,131072,4,15|4,0,67108864,262144,256,0,0,0,0,720,0,708,0,180,177,0,1,720,0|46,2820418569,1,46557568,0,0,0,0,0,49449955,0,177,0,2553433134,0,2553433134,0,2080,2534384042,0,29965404,0,0,0,0,0
1786188146822|1002|stream64_f2r_07|rotating|40,1378943233,33558272,50175410,49477943,570075,0,570075,1,12080,0,6040,0,0,0,47265,47265,38589200,38589200,4096,4096,0,10,6040,6040,2042334087,2042334087,2042334095,2042334095,0,3918556837,0,3918556837,0,0,0,0,4096,256,131072,4,15|4,0,67108864,262144,256,0,0,0,0,720,0,708,0,180,177,0,1,720,0|46,2124672773,1,0,0,46399488,0,46399488,0,142682,0,0,177,0,0,0,0,0,0,0,7210780,0,0,0,0,0
1786188151831|1002|stream64_f2r_07|fixed|42,1378943233,16781056,56362426,55578997,55721943,55578997,55721943,55578997,53294,53094,53094,53094,0,0,6786,0,1638907544,1635654432,4096,4096,0,0,53094,53094,2394847506,2394847847,2394847514,2394847855,0,0,0,0,0,0,0,0,4096,256,131072,4,15|4,0,67108864,262144,256,0,0,0,0,808,0,796,0,202,199,0,1,808,0|48,3140923746,1,52387968,0,0,0,0,0,55641377,0,199,0,2872480711,0,2872480711,0,2080,2851714819,0,32833268,0,0,0,0,0
1786188151831|1002|stream64_f2r_07|rotating|42,1378943233,33558272,56457788,55673469,641516,0,641516,1,13594,0,6797,0,0,0,53184,53184,43425616,43425616,4096,4096,0,10,6797,6797,2363339349,2363339349,2363339357,2363339357,0,3918556837,0,3918556837,0,0,0,0,4096,256,131072,4,15|4,0,67108864,262144,256,0,0,0,0,812,0,800,0,203,200,0,1,812,0|48,2445367100,1,0,0,52428800,0,52428800,0,160544,0,0,200,0,0,0,0,0,0,0,7262663,0,0,0,0,0
1786188156834|1002|stream64_f2r_07|fixed|44,1378943233,16777471,62633217,61764104,61921571,61764104,61921571,61764104,59223,59002,59000,59000,0,0,7540,0,1821232952,1817622403,4096,4096,0,0,59001,59001,2714930390,2714930379,2714930382,2714930387,0,0,0,0,0,0,0,0,4096,256,131072,4,15|4,0,67108864,262144,256,0,0,0,0,896,0,888,0,225,222,0,1,900,0|50,3461350533,1,58211776,0,0,0,0,0,61829398,0,222,0,3191451546,0,3191451546,0,2080,3168832199,0,35831793,0,0,0,0,0
1786188156834|1002|stream64_f2r_07|rotating|44,1378943233,33558272,62725337,61854274,712777,0,712777,1,15104,0,7552,0,0,0,59087,59087,48249272,48249272,4096,4096,0,10,7552,7552,2683288595,2683288595,2683288603,2683288603,0,3918556837,0,3918556837,0,0,0,0,4096,256,131072,4,15|4,0,67108864,262144,256,0,0,0,0,900,0,888,0,225,222,0,1,900,0|50,2766278639,1,0,0,58195968,0,58195968,0,178407,0,0,222,0,0,0,0,0,0,0,7306961,0,0,0,0,0
1786188161855|1002|stream64_f2r_07|fixed|46,1378943233,16777471,68927555,67969784,68144275,67969784,68144275,67969784,65174,64931,64928,64928,0,0,8299,0,2004221860,2000235304,4096,4096,0,0,64929,64929,3036282811,3036282848,3036282819,3036282824,0,0,0,0,0,0,0,0,4096,256,131072,4,15|4,0,67108864,262144,256,0,0,0,0,988,0,976,0,247,244,0,1,988,0|52,3783492057,1,64073792,0,0,0,0,0,68053820,0,244,0,3512127566,0,3512127566,0,2080,3487795428,0,38702436,0,0,0,0,0
1786188161855|1002|stream64_f2r_07|rotating|46,1378943233,33558272,69038261,68079359,784510,0,784510,1,16624,0,8312,0,0,0,65033,65033,53104888,53104888,4096,4096,0,10,8312,8312,3005585924,3005585924,3005585932,3005585932,0,3918556837,0,3918556837,0,0,0,0,4096,256,131072,4,15|4,0,67108864,262144,256,0,0,0,0,988,0,976,0,247,244,0,1,988,0|52,3088350743,1,0,0,63963136,0,63963136,0,196316,0,0,244,0,0,0,0,0,0,0,7350490,0,0,0,0,0
1786188170419|1003|stream64_f2r_08|fixed|50,1378943233,16777471,6144540,6059658,6074788,6059658,6074788,6059658,5811,5788,5787,5787,0,0,739,0,178648875,178306222,4096,4096,0,0,5788,5788,3584442580,3584442593,3584442588,3584442601,0,0,0,0,0,0,0,0,4096,256,131072,4,15|4,0,67108864,262144,256,0,0,0,0,96,0,88,0,25,22,0,1,100,0|60,36576005,2,5782976,0,0,0,0,0,6139003,0,22,0,321513482,0,321513482,0,2080,314578942,0,9806113,0,0,0,0,0
1786188170419|1003|stream64_f2r_08|rotating|50,1378943233,33558272,6249008,6162234,70977,0,70977,0,1504,0,752,0,0,0,5886,5886,4804472,4804472,4096,4096,0,0,752,752,3553506729,3553506729,3553506737,3553506737,0,0,0,0,0,0,0,0,4096,256,131072,4,15|4,0,67108864,262144,256,0,0,0,0,100,0,88,0,25,22,0,1,100,0|60,3636247387,1,0,0,5767168,0,5767168,0,17933,0,0,22,0,0,0,0,0,0,0,6899525,0,0,0,0,0
1786188175425|1003|stream64_f2r_08|fixed|52,1378943233,16777471,12417005,12244273,12275999,12244273,12275999,12244273,11744,11699,11698,11698,0,0,1494,0,361113179,360411382,4096,4096,0,0,11699,11699,3904774485,3904774490,3904774493,3904774498,0,0,0,0,0,0,0,0,4096,256,131072,4,15|4,0,67108864,262144,256,0,0,0,0,188,0,176,0,47,44,0,1,188,0|62,356732850,2,11605472,0,0,0,0,0,12320686,0,44,0,640214703,0,640214703,0,2080,631541690,0,12693953,0,0,0,0,0
1786188175425|1003|stream64_f2r_08|rotating|52,1378943233,33558272,12523665,12349089,142238,0,142238,0,3014,0,1507,0,0,0,11799,11799,9628168,9628168,4096,4096,0,0,1507,1507,3873672420,3873672420,3873672428,3873672428,0,0,0,0,0,0,0,0,4096,256,131072,4,15|4,0,67108864,262144,256,0,0,0,0,188,0,176,0,47,44,0,1,188,0|62,3956793517,1,0,0,11534336,0,11534336,0,35772,0,0,44,0,0,0,0,0,0,0,6944851,0,0,0,0,0
1786188180431|1003|stream64_f2r_08|fixed|54,1378943233,16777471,18692735,18433016,18480373,18433016,18480373,18433016,17680,17612,17611,17611,0,0,2250,0,543633301,542557328,4096,4096,0,0,17612,17612,4225332767,4225332748,4225332783,4225332764,0,0,0,0,0,0,0,0,4096,256,131072,4,15|4,0,67108864,262144,256,0,0,0,0,276,0,264,0,69,66,0,1,276,0|64,676648703,2,17420064,0,0,0,0,0,18499672,0,66,0,958676908,0,958676908,0,2080,948263947,0,15581571,0,0,0,0,0
1786188180431|1003|stream64_f2r_08|rotating|54,1378943233,33558272,18805826,18544885,213686,0,213686,0,4528,0,2264,0,0,0,17718,17718,14464576,14464576,4096,4096,0,0,2264,2264,4194697415,4194697415,4194697423,4194697423,0,0,0,0,0,0,0,0,4096,256,131072,4,15|4,0,67108864,262144,256,0,0,0,0,276,0,264,0,69,66,0,1,276,0|64,4278278455,1,0,0,17301504,0,17301504,0,53656,0,0,66,0,0,0,0,0,0,0,6986062,0,0,0,0,0
1786188185434|1003|stream64_f2r_08|fixed|56,1378943233,16781056,24962457,24616512,24678834,24616512,24678834,24616512,23608,23518,23518,23518,0,0,3005,0,725953208,724519296,4096,4096,0,0,23518,23518,250436782,250437131,250436798,250437139,0,0,0,0,0,0,0,0,4096,256,131072,4,15|4,0,67108864,262144,256,0,0,0,0,364,0,352,0,91,88,0,1,364,0|66,997369517,2,23258368,0,0,0,0,0,24695027,0,88,0,1277938146,0,1277938146,0,2080,1265789761,0,18469756,0,0,0,0,0
1786188185434|1003|stream64_f2r_08|rotating|56,1378943233,33558272,25071852,24724545,284849,0,284849,0,6036,0,3018,0,0,0,23621,23621,19281784,19281784,4096,4096,0,0,3018,3018,219466393,219466393,219466401,219466401,0,0,0,0,0,0,0,0,4096,256,131072,4,15|5,0,67108864,262144,256,0,0,0,0,368,0,356,0,92,89,0,1,368,0|66,302664570,2,0,0,23330816,0,23330816,0,71447,0,0,89,0,0,0,0,0,0,0,7030791,0,0,0,0,0
1786188190438|1003|stream64_f2r_08|fixed|58,1378943233,16777471,31273635,30840774,30918282,30840774,30918282,30840774,29575,29463,29462,29462,0,0,3765,0,909449925,907657552,4096,4096,0,0,29463,29463,572572709,572572698,572572717,572572706,0,0,0,0,0,0,0,0,4096,256,131072,4,15|4,0,67108864,262144,256,0,0,0,0,456,0,444,0,114,111,0,1,456,0|68,1319425727,2,29107408,0,0,0,0,0,30914670,0,111,0,1598532096,0,1598532096,0,2080,1584520044,0,21483685,0,0,0,0,0
1786188190438|1003|stream64_f2r_08|rotating|58,1378943233,33558272,31389681,30954799,356673,0,356673,0,7558,0,3779,0,0,0,29572,29572,24143808,24143808,4096,4096,0,0,3779,3779,542009657,542009657,542009665,542009665,0,0,0,0,0,0,0,0,4096,256,131072,4,15|4,0,67108864,262144,256,0,0,0,0,456,0,444,0,114,111,0,1,456,0|68,623821546,2,0,0,29097984,0,29097984,0,89310,0,0,111,0,0,0,0,0,0,0,7074653,0,0,0,0,0
1786188195442|1003|stream64_f2r_08|fixed|60,1378943233,16777471,37529614,37008598,37103195,37008598,37103195,37008598,35490,35356,35355,35355,0,0,4518,0,1091353656,1089203283,4096,4096,0,0,35356,35356,891913238,891913227,891913214,891913235,0,0,0,0,0,0,0,0,4096,256,131072,4,15|4,0,67108864,262144,256,0,0,0,0,544,0,532,0,136,133,0,1,544,0|70,1639515264,2,34928384,0,0,0,0,0,37098252,0,133,0,1917166389,0,1917166389,0,2080,1901432465,0,24354823,0,0,0,0,0
1786188195442|1003|stream64_f2r_08|rotating|60,1378943233,33558272,37663090,37139911,427934,0,427934,0,9068,0,4534,0,0,0,35481,35481,28967480,28967480,4096,4096,0,0,4534,4534,862158622,862158622,862158630,862158630,0,0,0,0,0,0,0,0,4096,256,131072,4,15|4,0,67108864,262144,256,0,0,0,0,544,0,532,0,136,133,0,1,544,0|70,946258031,2,0,0,34865152,0,34865152,0,107243,0,0,133,0,0,0,0,0,0,0,7123233,0,0,0,0,0
1786188200462|1003|stream64_f2r_08|fixed|62,1378943233,16781056,43808161,43199007,43310387,43199007,43310387,43199007,41426,41269,41269,41269,0,0,5274,0,1273891592,1271365240,4096,4096,0,0,41269,41269,1212471705,1212472038,1212471713,1212472046,0,0,0,0,0,0,0,0,4096,256,131072,4,15|4,0,67108864,262144,256,0,0,0,0,632,0,620,0,158,155,0,1,632,0|72,1959030089,2,40742976,0,0,0,0,0,43271072,0,155,0,2235227566,0,2235227566,0,2080,2217770442,0,27225693,0,0,0,0,0
1786188200462|1003|stream64_f2r_08|rotating|62,1378943233,33558272,43923921,43313444,499099,0,499099,0,10576,0,5288,0,0,0,41378,41378,33784744,33784744,4096,4096,0,0,5288,5288,1181877597,1181877597,1181877605,1181877605,0,0,0,0,0,0,0,0,4096,256,131072,4,15|4,0,67108864,262144,256,0,0,0,0,632,0,620,0,158,155,0,1,632,0|72,1267535886,2,0,0,40894464,0,40894464,0,125151,0,0,156,0,0,0,0,0,0,0,7166271,0,0,0,0,0
1786188205467|1003|stream64_f2r_08|fixed|64,1378943233,16781056,50083137,49386049,49514007,49386049,49514007,49386049,47357,47178,47178,47178,0,0,6030,0,1456290224,1453403624,4096,4096,0,0,47178,47178,1532659037,1532659362,1532659045,1532659370,0,0,0,0,0,0,0,0,4096,256,131072,4,15|4,0,67108864,262144,256,0,0,0,0,720,0,708,0,180,177,0,1,720,0|74,2279704840,2,46573376,0,0,0,0,0,49467492,0,177,0,2554444717,0,2554444717,0,2080,2535282820,0,30081530,0,0,0,0,0
1786188205467|1003|stream64_f2r_08|rotating|64,1378943233,33558272,50205307,49506662,570450,0,570450,0,12088,0,6044,0,0,0,47293,47293,38614720,38614720,4096,4096,0,0,6044,6044,1502441056,1502441056,1502441064,1502441064,0,0,0,0,0,0,0,0,4096,256,131072,4,15|5,0,67108864,262144,256,0,0,0,0,724,0,712,0,181,178,0,1,724,0|74,1586114219,2,0,0,46661632,0,46661632,0,142871,0,0,178,0,0,0,0,0,0,0,7214478,0,0,0,0,0
1786188210471|1003|stream64_f2r_08|fixed|66,1378943233,16781056,56357350,55573016,55716961,55573016,55716961,55573016,53290,53089,53089,53089,0,0,6785,0,1638751008,1635505024,4096,4096,0,0,53089,53089,1852958399,1852958756,1852958407,1852958764,0,0,0,0,0,0,0,0,4096,256,131072,4,15|4,0,67108864,262144,256,0,0,0,0,808,0,796,0,202,199,0,1,808,0|76,2599764776,2,52395872,0,0,0,0,0,55650742,0,199,0,2873049029,0,2873049029,0,2080,2852176063,0,32941966,0,0,0,0,0
1786188210471|1003|stream64_f2r_08|rotating|66,1378943233,33558272,56477225,55690967,641800,0,641800,0,13600,0,6800,0,0,0,53202,53202,43444800,43444800,4096,4096,0,0,6800,6800,1822685301,1822685301,1822685309,1822685309,0,0,0,0,0,0,0,0,4096,256,131072,4,15|4,0,67108864,262144,256,0,0,0,0,812,0,800,0,203,200,0,1,812,0|76,1906555273,2,0,0,52428800,0,52428800,0,160710,0,0,200,0,0,0,0,0,0,0,7257003,0,0,0,0,0
1786188215493|1003|stream64_f2r_08|fixed|68,1378943233,16779144,62653897,61783799,61941971,61783799,61941971,61783799,59243,59020,59020,59020,0,0,7543,0,1821829864,1818223464,4096,4096,0,0,59020,59020,2174340364,2174340689,2174340372,2174340697,0,0,0,0,0,0,0,0,4096,256,131072,4,15|4,0,67108864,262144,256,0,0,0,0,900,0,888,0,225,222,0,1,900,0|78,2920281864,2,58219680,0,0,0,0,0,61840270,0,222,0,3192110165,0,3192110165,0,2080,3169384956,0,35939279,0,0,0,0,0
1786188215493|1003|stream64_f2r_08|rotating|68,1378943233,33558272,62750886,61878932,713060,0,713060,0,15110,0,7555,0,0,0,59111,59111,48268456,48268456,4096,4096,0,0,7555,7555,2142957149,2142957149,2142957157,2142957157,0,0,0,0,0,0,0,0,4096,256,131072,4,15|4,0,67108864,262144,256,0,0,0,0,900,0,888,0,225,222,0,1,900,0|78,2226035337,2,0,0,58195968,0,58195968,0,178478,0,0,222,0,0,0,0,0,0,0,7306752,0,0,0,0,0
1786188220515|1003|stream64_f2r_08|fixed|70,1378943233,16777471,68949071,67990201,68165601,67990201,68165601,67990201,65195,64949,64948,64948,0,0,8301,0,2004840032,2000856784,4096,4096,0,0,64949,64949,2495725410,2495725423,2495725418,2495725399,0,0,0,0,0,0,0,0,4096,256,131072,4,15|4,0,67108864,262144,256,0,0,0,0,988,0,976,0,247,244,0,1,988,0|80,3242816281,2,64089600,0,0,0,0,0,68072743,0,244,0,3513177102,0,3513177102,0,2080,3488752705,0,38798016,0,0,0,0,0
1786188220515|1003|stream64_f2r_08|rotating|70,1378943233,33558272,69059682,68099648,784700,0,784700,0,16628,0,8314,0,0,0,65053,65053,53117680,53117680,4096,4096,0,0,8314,8314,2464812808,2464812808,2464812816,2464812816,0,0,0,0,0,0,0,0,4096,256,131072,4,15|4,0,67108864,262144,256,0,0,0,0,988,0,976,0,247,244,0,1,988,0|80,2547731959,2,0,0,63963136,0,63963136,0,196386,0,0,244,0,0,0,0,0,0,0,7350834,0,0,0,0,0
1786188229231|1004|stream64_f2r_09|fixed|74,1378943233,16777471,6139990,6057119,6070332,6057119,6070332,6057119,5807,5785,5784,5784,0,0,738,0,178545329,178201380,4096,4096,0,0,5785,5785,3053603263,3053603260,3053603271,3053603268,0,0,0,0,0,0,0,0,4096,256,131072,4,15|4,0,67108864,262144,256,0,0,0,0,96,0,88,0,25,22,0,1,100,0|88,3801538817,2,5790880,0,0,0,0,0,6152117,0,22,0,322171672,0,322171672,0,2080,315238179,0,9806833,0,0,0,0,0
1786188229231|1004|stream64_f2r_09|rotating|74,1378943233,33558272,6274857,6189662,71260,0,71260,0,1510,0,755,0,0,0,5911,5911,4823656,4823656,4096,4096,0,0,755,755,3024132979,3024132979,3024132987,3024132987,0,0,0,0,0,0,0,0,4096,256,131072,4,15|4,0,67108864,262144,256,0,0,0,0,100,0,88,0,25,22,0,1,100,0|88,3106537312,2,0,0,5767168,0,5767168,0,17981,0,0,22,0,0,0,0,0,0,0,6897750,0,0,0,0,0
1786188234242|1004|stream64_f2r_09|fixed|76,1378943233,16781056,12420302,12251958,12279201,12251958,12279201,12251958,11747,11703,11703,11703,0,0,1495,0,361248352,360545632,4096,4096,0,0,11703,11703,3374335509,3374335874,3374335525,3374335882,0,0,0,0,0,0,0,0,4096,256,131072,4,15|4,0,67108864,262144,256,0,0,0,0,188,0,176,0,47,44,0,1,188,0|90,4121848288,2,11621280,0,0,0,0,0,12336893,0,44,0,641023543,0,641023543,0,2080,632353757,0,12694190,0,0,0,0,0
1786188234242|1004|stream64_f2r_09|rotating|76,1378943233,33558272,12575144,12404414,142900,0,142900,0,3028,0,1514,0,0,0,11849,11849,9672880,9672880,4096,4096,0,0,1514,1514,3346017257,3346017257,3346017265,3346017265,0,0,0,0,0,0,0,0,4096,256,131072,4,15|4,0,67108864,262144,256,0,0,0,0,188,0,176,0,47,44,0,1,188,0|90,3429542057,2,0,0,11534336,0,11534336,0,35959,0,0,44,0,0,0,0,0,0,0,6943671,0,0,0,0,0
1786188239249|1004|stream64_f2r_09|fixed|78,1378943233,16777471,18695200,18438634,18482744,18438634,18482744,18438634,17682,17616,17614,17614,0,0,2251,0,543724243,542646840,4096,4096,0,0,17615,17615,3694829407,3694829420,3694829415,3694829404,0,0,0,0,0,0,0,0,4096,256,131072,4,15|4,0,67108864,262144,256,0,0,0,0,276,0,264,0,69,66,0,1,276,0|92,149021551,3,17475392,0,0,0,0,0,18559168,0,66,0,961700574,0,961700574,0,2080,951298826,0,15582307,0,0,0,0,0
1786188239249|1004|stream64_f2r_09|rotating|78,1378943233,33558272,18869264,18610579,214344,0,214344,0,4542,0,2271,0,0,0,17778,17778,14509240,14509240,4096,4096,0,0,2271,2271,3667042739,3667042739,3667042747,3667042747,0,0,0,0,0,0,0,0,4096,256,131072,4,15|5,0,67108864,262144,256,0,0,0,0,280,0,268,0,70,67,0,1,280,0|92,3750572845,2,0,0,17563648,0,17563648,0,53828,0,0,67,0,0,0,0,0,0,0,6996577,0,0,0,0,0
1786188244254|1004|stream64_f2r_09|fixed|80,1378943233,16781056,24969888,24627047,24686170,24627047,24686170,24627047,23614,23526,23525,23525,0,0,3006,0,726169184,724730688,4096,4096,0,0,23525,23525,4015115507,4015115864,4015115515,4015115872,0,0,0,0,0,0,0,0,4096,256,131072,4,15|4,0,67108864,262144,256,0,0,0,0,364,0,352,0,91,88,0,1,364,0|94,467482829,3,23266272,0,0,0,0,0,24710798,0,88,0,1278714132,0,1278714132,0,2080,1266567423,0,18469847,0,0,0,0,0
1786188244254|1004|stream64_f2r_09|rotating|80,1378943233,33558272,25078725,24734684,284942,0,284942,0,6038,0,3019,0,0,0,23627,23627,19288168,19288168,4096,4096,0,0,3019,3019,3984199753,3984199753,3984199761,3984199761,0,0,0,0,0,0,0,0,4096,256,131072,4,15|5,0,67108864,262144,256,0,0,0,0,368,0,356,0,92,89,0,1,368,0|94,4067264470,2,0,0,23330816,0,23330816,0,71447,0,0,89,0,0,0,0,0,0,0,7045275,0,0,0,0,0
1786188249259|1004|stream64_f2r_09|fixed|82,1378943233,16781056,31244407,30815868,30889430,30815868,30889430,30815868,29546,29436,29435,29435,0,0,3761,0,908599416,906799536,4096,4096,0,0,29435,29435,40421216,40421557,40421224,40421565,0,0,0,0,0,0,0,0,4096,256,131072,4,15|4,0,67108864,262144,256,0,0,0,0,452,0,440,0,113,110,0,1,452,0|96,787238199,3,29080864,0,0,0,0,0,30888652,0,110,0,1597015854,0,1597015854,0,2080,1583129022,0,21357640,0,0,0,0,0
1786188249259|1004|stream64_f2r_09|rotating|82,1378943233,33558272,31385764,30954742,356673,0,356673,0,7558,0,3779,0,0,0,29568,29568,24143808,24143808,4096,4096,0,0,3779,3779,11351084,11351084,11351092,11351092,0,0,0,0,0,0,0,0,4096,256,131072,4,15|4,0,67108864,262144,256,0,0,0,0,456,0,444,0,114,111,0,1,456,0|96,94800143,3,0,0,29097984,0,29097984,0,89404,0,0,111,0,0,0,0,0,0,0,7096490,0,0,0,0,0
1786188254270|1004|stream64_f2r_09|fixed|84,1378943233,16777471,37527150,37011566,37100731,37011566,37100731,37011566,35487,35355,35353,35353,0,0,4518,0,1091276989,1089118144,4096,4096,0,0,35354,35354,361143428,361143417,361143436,361143425,0,0,0,0,0,0,0,0,4096,256,131072,4,15|4,0,67108864,262144,256,0,0,0,0,544,0,532,0,136,133,0,1,544,0|98,1109002959,3,34936288,0,0,0,0,0,37101120,0,133,0,1917316758,0,1917316758,0,2080,1901565240,0,24374184,0,0,0,0,0
1786188254270|1004|stream64_f2r_09|rotating|84,1378943233,33558272,37668400,37150418,428028,0,428028,0,9070,0,4535,0,0,0,35486,35486,28973856,28973856,4096,4096,0,0,4535,4535,331943933,331943933,331943949,331943949,0,0,0,0,0,0,0,0,4096,256,131072,4,15|4,0,67108864,262144,256,0,0,0,0,544,0,532,0,136,133,0,1,544,0|98,414466678,3,0,0,34865152,0,34865152,0,107196,0,0,133,0,0,0,0,0,0,0,7144118,0,0,0,0,0
1786188259280|1004|stream64_f2r_09|fixed|86,1378943233,16777471,43810126,43206479,43312257,43206479,43312257,43206479,41428,41273,41271,41271,0,0,5275,0,1273954616,1271420594,4096,4096,0,0,41272,41272,681961779,681961768,681961755,681961776,0,0,0,0,0,0,0,0,4096,256,131072,4,15|4,0,67108864,262144,256,0,0,0,0,632,0,620,0,158,155,0,1,632,0|100,1427706545,3,40727168,0,0,0,0,0,43258169,0,155,0,2234572624,0,2234572624,0,2080,2217085386,0,27252483,0,0,0,0,0
1786188259280|1004|stream64_f2r_09|rotating|86,1378943233,33558272,43899135,43294661,498815,0,498815,0,10570,0,5285,0,0,0,41355,41355,33765552,33765552,4096,4096,0,0,5285,5285,649951241,649951241,649951249,649951249,0,0,0,0,0,0,0,0,4096,256,131072,4,15|4,0,67108864,262144,256,0,0,0,0,632,0,620,0,158,155,0,1,632,0|100,734518954,3,0,0,40632320,0,40632320,0,124986,0,0,155,0,0,0,0,0,0,0,7194439,0,0,0,0,0
1786188264285|1004|stream64_f2r_09|fixed|88,1378943233,16781056,50083222,49393046,49514092,49393046,49514092,49393046,47358,47181,47180,47180,0,0,6030,0,1456351768,1453459912,4096,4096,0,0,47180,47180,1002138702,1002139051,1002138710,1002139059,0,0,0,0,0,0,0,0,4096,256,131072,4,15|4,0,67108864,262144,256,0,0,0,0,720,0,708,0,180,177,0,1,720,0|102,1748507909,3,46565472,0,0,0,0,0,49456386,0,177,0,2553914412,0,2553914412,0,2080,2534713935,0,30118483,0,0,0,0,0
1786188264285|1004|stream64_f2r_09|rotating|88,1378943233,33558272,50175625,49484344,570169,0,570169,0,12082,0,6041,0,0,0,47267,47267,38595584,38595584,4096,4096,0,0,6041,6041,970524855,970524855,970524863,970524863,0,0,0,0,0,0,0,0,4096,256,131072,4,15|4,0,67108864,262144,256,0,0,0,0,720,0,708,0,180,177,0,1,720,0|102,1053540598,3,0,0,46399488,0,46399488,0,142753,0,0,177,0,0,0,0,0,0,0,7234067,0,0,0,0,0
1786188269297|1004|stream64_f2r_09|fixed|90,1378943233,16781056,56362626,55585205,55722143,55585205,55722143,55585205,53301,53102,53101,53101,0,0,6786,0,1639119760,1635870608,4096,4096,0,0,53101,53101,1322990372,1322990713,1322990380,1322990721,0,0,0,0,0,0,0,0,4096,256,131072,4,15|4,0,67108864,262144,256,0,0,0,0,808,0,796,0,202,199,0,1,808,0|104,2070372054,3,52419584,0,0,0,0,0,55668201,0,199,0,2874315029,0,2874315029,0,2048,2853395194,0,32993996,0,0,0,0,0
1786188269297|1004|stream64_f2r_09|rotating|90,1378943233,33558272,56472374,55692878,641800,0,641800,0,13600,0,6800,0,0,0,53204,53204,43444800,43444800,4096,4096,0,0,6800,6800,1292073468,1292073468,1292073476,1292073476,0,0,0,0,0,0,0,0,4096,256,131072,4,15|4,0,67108864,262144,256,0,0,0,0,812,0,800,0,203,200,0,1,812,0|104,1374828109,3,0,0,52428800,0,52428800,0,160639,0,0,200,0,0,0,0,0,0,0,7286801,0,0,0,0,0
1786188274303|1004|stream64_f2r_09|fixed|92,1378943233,16777471,62682716,61817241,61970318,61817241,61970318,61817241,59283,59061,59059,59059,0,0,7548,0,1823046769,1819422120,4096,4096,0,0,59060,59060,1645987709,1645987722,1645987717,1645987706,0,0,0,0,0,0,0,0,4096,256,131072,4,15|4,0,67108864,262144,256,0,0,0,0,900,0,888,0,225,222,0,1,900,0|106,2392677920,3,58275008,0,0,0,0,0,61886737,0,222,0,3195157039,0,3195157039,0,2080,3172389767,0,35993291,0,0,0,0,0
1786188274303|1004|stream64_f2r_09|rotating|92,1378943233,33558272,62806147,61939328,713818,0,713818,0,15126,0,7563,0,0,0,59176,59176,48319560,48319560,4096,4096,0,0,7563,7563,1615785418,1615785418,1615785426,1615785426,0,0,0,0,0,0,0,0,4096,256,131072,4,15|4,0,67108864,262144,256,0,0,0,0,900,0,888,0,225,222,0,1,900,0|106,1699441398,3,0,0,58195968,0,58195968,0,178690,0,0,222,0,0,0,0,0,0,0,7337045,0,0,0,0,0
1786188279304|1004|stream64_f2r_09|fixed|94,1378943233,16781056,68932175,67979829,68148705,67979829,68148705,67979829,65195,64951,64950,64950,0,0,8301,0,2004873872,2000890936,4096,4096,0,0,64950,64950,1965176716,1965177049,1965176724,1965177057,0,0,0,0,0,0,0,0,4096,256,131072,4,15|4,0,67108864,262144,256,0,0,0,0,988,0,976,0,247,244,0,1,988,0|108,2712318884,3,64089600,0,0,0,0,0,68057767,0,244,0,3513344355,0,3513344355,0,2051,3488861228,0,38856816,0,0,0,0,0
1786188279304|1004|stream64_f2r_09|rotating|94,1378943233,33558272,69045797,68092095,784794,0,784794,0,16630,0,8315,0,0,0,65057,65057,53124072,53124072,4096,4096,0,0,8315,8315,1934637500,1934637500,1934637508,1934637508,0,0,0,0,0,0,0,0,4096,256,131072,4,15|4,0,67108864,262144,256,0,0,0,0,988,0,976,0,247,244,0,1,988,0|108,2017145390,3,0,0,63963136,0,63963136,0,196386,0,0,244,0,0,0,0,0,0,0,7382182,0,0,0,0,0
1786188288182|1005|stream64_f2r_10|fixed|98,1378943233,16777471,6130250,6047868,6060685,6047868,6060685,6047868,5797,5775,5774,5774,0,0,737,0,178253936,177911296,4096,4096,0,0,5775,5775,2531758726,2531758723,2531758694,2531758691,0,0,0,0,0,0,0,0,4096,256,131072,4,15|4,0,67108864,262144,256,0,0,0,0,96,0,84,0,24,21,0,1,96,0|116,3278474795,3,5765856,0,0,0,0,0,6121279,0,21,0,320425096,0,320425096,0,2080,313642963,0,9654732,0,0,0,0,0
1786188288182|1005|stream64_f2r_10|rotating|98,1378943233,33558272,6247320,6162786,70977,0,70977,0,1504,0,752,0,0,0,5885,5885,4804472,4804472,4096,4096,0,0,752,752,2501509922,2501509922,2501509930,2501509930,0,0,0,0,0,0,0,0,4096,256,131072,4,15|4,0,67108864,262144,256,0,0,0,0,100,0,88,0,25,22,0,1,100,0|116,2584171886,3,0,0,5767168,0,5767168,0,17933,0,0,22,0,0,0,0,0,0,0,6891320,0,0,0,0,0
1786188293188|1005|stream64_f2r_10|fixed|100,1378943233,16777471,12405817,12237824,12264905,12237824,12264905,12237824,11734,11690,11689,11689,0,0,1493,0,360820270,360118144,4096,4096,0,0,11690,11690,2852241957,2852241986,2852241965,2852241954,0,0,0,0,0,0,0,0,4096,256,131072,4,15|4,0,67108864,262144,256,0,0,0,0,188,0,176,0,47,44,0,1,188,0|118,3598881650,3,11589664,0,0,0,0,0,12305732,0,44,0,639375999,0,639375999,0,2080,630753542,0,12640126,0,0,0,0,0
1786188293188|1005|stream64_f2r_10|rotating|100,1378943233,33557555,12506316,12336571,142077,0,142077,0,3011,0,1505,0,0,0,11784,11784,9616080,9616080,4096,4096,0,0,1506,1506,2821212538,2821212538,2821212514,2821212514,0,0,0,0,0,0,0,0,4096,256,131072,4,15|4,0,67108864,262144,256,0,0,0,0,188,0,176,0,47,44,0,1,188,0|118,2904934711,3,0,0,11534336,0,11534336,0,35772,0,0,44,0,0,0,0,0,0,0,6937618,0,0,0,0,0
1786188298194|1005|stream64_f2r_10|fixed|102,1378943233,16777471,18695192,18438716,18482736,18438716,18482736,18438716,17682,17615,17614,17614,0,0,2251,0,543720579,542644326,4096,4096,0,0,17615,17615,3173438527,3173438524,3173438535,3173438532,0,0,0,0,0,0,0,0,4096,256,131072,4,15|4,0,67108864,262144,256,0,0,0,0,276,0,264,0,69,66,0,1,276,0|120,3921105729,3,17451680,0,0,0,0,0,18529894,0,66,0,960134574,0,960134574,0,2080,949801600,0,15508495,0,0,0,0,0
1786188298194|1005|stream64_f2r_10|rotating|102,1378943233,33558272,18832485,18574222,213970,0,213970,0,4534,0,2267,0,0,0,17743,17743,14483720,14483720,4096,4096,0,0,2267,2267,3143939480,3143939480,3143939488,3143939488,0,0,0,0,0,0,0,0,4096,256,131072,4,15|4,0,67108864,262144,256,0,0,0,0,280,0,268,0,70,67,0,1,280,0|120,3227779702,3,0,0,17563648,0,17563648,0,53750,0,0,67,0,0,0,0,0,0,0,6988146,0,0,0,0,0
1786188303210|1005|stream64_f2r_10|fixed|104,1378943233,16777471,24968136,24624446,24684418,24624446,24684418,24624446,23612,23523,23522,23522,0,0,3006,0,726097885,724663288,4096,4096,0,0,23523,23523,3493598106,3493598071,3493598114,3493598079,0,0,0,0,0,0,0,0,4096,256,131072,4,15|4,0,67108864,262144,256,0,0,0,0,364,0,352,0,91,88,0,1,364,0|122,4241422214,3,23274176,0,0,0,0,0,24718021,0,88,0,1278995435,0,1278995435,0,2080,1266941235,0,18379088,0,0,0,0,0
1786188303210|1005|stream64_f2r_10|rotating|104,1378943233,33558272,25105464,24760222,285223,0,285223,0,6044,0,3022,0,0,0,23652,23652,19307360,19307360,4096,4096,0,0,3022,3022,3464087932,3464087932,3464087940,3464087940,0,0,0,0,0,0,0,0,4096,256,131072,4,15|4,0,67108864,262144,256,0,0,0,0,368,0,356,0,92,89,0,1,368,0|122,3547671863,3,0,0,23330816,0,23330816,0,71565,0,0,89,0,0,0,0,0,0,0,7032165,0,0,0,0,0
1786188308228|1005|stream64_f2r_10|fixed|106,1378943233,16781056,31260299,30830045,30905133,30830045,30905133,30830045,29560,29449,29449,29449,0,0,3763,0,909031992,907240328,4096,4096,0,0,29449,29449,3814711972,3814712321,3814711980,3814712329,0,0,0,0,0,0,0,0,4096,256,131072,4,15|4,0,67108864,262144,256,0,0,0,0,456,0,444,0,114,111,0,1,456,0|124,268353631,4,29129600,0,0,0,0,0,30935116,0,111,0,1599430292,0,1599430292,0,2080,1585535640,0,21371398,0,0,0,0,0
1786188308228|1005|stream64_f2r_10|rotating|106,1378943233,33558272,31421833,30988823,357051,0,357051,0,7566,0,3783,0,0,0,29601,29601,24169392,24169392,4096,4096,0,0,3783,3783,3786609569,3786609569,3786609577,3786609577,0,0,0,0,0,0,0,0,4096,256,131072,4,15|4,0,67108864,262144,256,0,0,0,0,456,0,444,0,114,111,0,1,456,0|124,3869310317,3,0,0,29097984,0,29097984,0,89452,0,0,111,0,0,0,0,0,0,0,7079251,0,0,0,0,0
1786188313228|1005|stream64_f2r_10|fixed|108,1378943233,16777471,37535279,37018345,37108860,37018345,37108860,37018345,35494,35360,35360,35360,0,0,4518,0,1091491388,1089340647,4096,4096,0,0,35360,35360,4135016025,4135016342,4135016033,4135016350,0,0,0,0,0,0,0,0,4096,256,131072,4,15|4,0,67108864,262144,256,0,0,0,0,544,0,532,0,136,133,0,1,544,0|126,588516130,4,34952096,0,0,0,0,0,37119807,0,133,0,1918137167,0,1918137167,0,2080,1902526954,0,24236326,0,0,0,0,0
1786188313228|1005|stream64_f2r_10|rotating|108,1378943233,33558272,37721164,37201403,428595,0,428595,0,9082,0,4541,0,0,0,35535,35535,29012208,29012208,4096,4096,0,0,4541,4541,4108041645,4108041645,4108041653,4108041653,0,0,0,0,0,0,0,0,4096,256,131072,4,15|4,0,67108864,262144,256,0,0,0,0,544,0,532,0,136,133,0,1,544,0|126,4192443397,3,0,0,34865152,0,34865152,0,107430,0,0,133,0,0,0,0,0,0,0,7129552,0,0,0,0,0
1786188318244|1005|stream64_f2r_10|fixed|110,1378943233,16781056,43817770,43213184,43319807,43213184,43319807,43213184,41435,41278,41278,41278,0,0,5276,0,1274169064,1271643328,4096,4096,0,0,41278,41278,160853808,160854149,160853816,160854157,0,0,0,0,0,0,0,0,4096,256,131072,4,15|4,0,67108864,262144,256,0,0,0,0,632,0,620,0,158,155,0,1,632,0|128,909886322,4,40798304,0,0,0,0,0,43328988,0,155,0,2238045807,0,2238045807,0,2080,2220726101,0,27100277,0,0,0,0,0
1786188318244|1005|stream64_f2r_10|rotating|110,1378943233,33558272,44022675,43415703,500226,0,500226,0,10600,0,5300,0,0,0,41470,41470,33861368,33861368,4096,4096,0,0,5300,5300,134935224,134935224,134935232,134935232,0,0,0,0,0,0,0,0,4096,256,131072,4,15|4,0,67108864,262144,256,0,0,0,0,636,0,624,0,159,156,0,1,636,0|128,221640214,4,0,0,40894464,0,40894464,0,125482,0,0,156,0,0,0,0,0,0,0,7178073,0,0,0,0,0
1786188323248|1005|stream64_f2r_10|fixed|112,1378943233,16781056,50091237,49400311,49522013,49400311,49522013,49400311,47366,47187,47187,47187,0,0,6031,0,1456568400,1453683616,4096,4096,0,0,47187,47187,481046542,481046899,481046558,481046907,0,0,0,0,0,0,0,0,4096,256,131072,4,15|4,0,67108864,262144,256,0,0,0,0,720,0,708,0,180,177,0,1,720,0|130,1227876008,4,46581280,0,0,0,0,0,49472657,0,177,0,2554589749,0,2554589749,0,2080,2535549678,0,29961524,0,0,0,0,0
1786188323248|1005|stream64_f2r_10|rotating|112,1378943233,33558272,50218378,49525912,570636,0,570636,0,12092,0,6046,0,0,0,47306,47306,38627504,38627504,4096,4096,0,0,6046,6046,451206418,451206418,451206426,451206426,0,0,0,0,0,0,0,0,4096,256,131072,4,15|4,0,67108864,262144,256,0,0,0,0,724,0,712,0,181,178,0,1,724,0|130,534930612,4,0,0,46661632,0,46661632,0,142919,0,0,178,0,0,0,0,0,0,0,7221551,0,0,0,0,0
1786188328272|1005|stream64_f2r_10|fixed|114,1378943233,16777471,56392526,55613923,55751759,55613923,55751759,55613923,53324,53123,53122,53122,0,0,6789,0,1639790403,1636545632,4096,4096,0,0,53123,53123,802687847,802687868,802687855,802687844,0,0,0,0,0,0,0,0,4096,256,131072,4,15|4,0,67108864,262144,256,0,0,0,0,812,0,800,0,203,200,0,1,812,0|132,1552204673,4,52476224,0,0,0,0,0,55736007,0,200,0,2877444678,0,2877444678,0,2080,2856567228,0,32959246,0,0,0,0,0
1786188328272|1005|stream64_f2r_10|rotating|114,1378943233,33557555,56576423,55795073,642937,0,642937,0,13624,0,6812,0,0,0,53296,53296,43521191,43521191,4096,4096,0,0,6812,6812,775882280,775882280,775882288,775882288,0,0,0,0,0,0,0,0,4096,256,131072,4,15|4,0,67108864,262144,256,0,0,0,0,812,0,800,0,203,200,0,1,812,0|132,860603580,4,0,0,52428800,0,52428800,0,161040,0,0,200,0,0,0,0,0,0,0,7271644,0,0,0,0,0
1786188333277|1005|stream64_f2r_10|fixed|116,1378943233,16777471,62667273,61802009,61955253,61802009,61955253,61802009,59256,59033,59032,59032,0,0,7544,0,1822228117,1818621848,4096,4096,0,0,59033,59033,1122940659,1122940672,1122940667,1122940656,0,0,0,0,0,0,0,0,4096,256,131072,4,15|4,0,67108864,262144,256,0,0,0,0,900,0,888,0,225,222,0,1,900,0|134,1870443800,4,58267104,0,0,0,0,0,61884232,0,222,0,3194236085,0,3194236085,0,2080,3171639931,0,35820529,0,0,0,0,0
1786188333277|1005|stream64_f2r_10|rotating|116,1378943233,33558272,62808056,61940402,713724,0,713724,0,15124,0,7562,0,0,0,59165,59165,48313176,48313176,4096,4096,0,0,7562,7562,1093872575,1093872575,1093872583,1093872583,0,0,0,0,0,0,0,0,4096,256,131072,4,15|4,0,67108864,262144,256,0,0,0,0,900,0,888,0,225,222,0,1,900,0|134,1178017481,4,0,0,58195968,0,58195968,0,178690,0,0,222,0,0,0,0,0,0,0,7311344,0,0,0,0,0
1786188338294|1005|stream64_f2r_10|fixed|118,1378943233,16780339,68959252,68006035,68175688,68006035,68175688,68006035,65206,64959,64959,64959,0,0,8302,0,2005157829,2001175568,4096,4096,0,0,64960,64960,1444199829,1444199834,1444199837,1444199810,0,0,0,0,0,0,0,0,4096,256,131072,4,15|4,0,67108864,262144,256,0,0,0,0,988,0,976,0,247,244,0,1,988,0|136,2196146850,4,64184448,0,0,0,0,0,68178339,0,244,0,3518459799,0,3518459799,0,2080,3494164782,0,38689123,0,0,0,0,0
1786188338294|1005|stream64_f2r_10|rotating|118,1378943233,33558272,69176681,68220769,786015,0,786015,0,16656,0,8328,0,0,0,65163,65163,53207088,53207088,4096,4096,0,0,8328,8328,1418746474,1418746474,1418746482,1418746482,0,0,0,0,0,0,0,0,4096,256,131072,4,15|4,0,67108864,262144,256,0,0,0,0,992,0,980,0,248,245,0,1,992,0|136,1502001526,4,0,0,64225280,0,64225280,0,196740,0,0,245,0,0,0,0,0,0,0,7355602,0,0,0,0,0
1786188346937|1006|stream64_r2f_06|fixed|122,1378943233,16781056,6129303,6044524,69456,0,69456,0,1474,0,737,0,0,0,5778,5778,4708640,4708640,4096,4096,0,0,737,737,2000258803,2000258803,2000258811,2000258811,0,0,0,0,0,0,0,0,4096,256,131072,4,15|5,0,67108864,262144,256,0,0,0,0,100,0,88,0,25,22,0,1,100,0|144,2750518427,4,0,0,5767168,0,5767168,0,17763,0,0,22,0,0,0,0,0,0,0,6895041,0,0,0,0,0
1786188346937|1006|stream64_r2f_06|rotating|122,1378943233,33554687,6314523,6226929,6242902,6226929,6242902,6226929,5976,5953,5952,5952,0,0,760,0,183744040,183384915,4096,4096,0,0,5953,5953,1973949753,1973949742,1973949737,1973949750,0,0,0,0,0,0,0,0,4096,256,131072,4,15|4,0,67108864,262144,256,0,0,0,0,100,0,88,0,25,22,0,1,100,0|144,2058515607,4,5972672,0,0,0,0,0,6334910,0,22,0,331784649,0,331784649,0,2080,324919056,0,9779295,0,0,0,0,0
1786188351944|1006|stream64_r2f_06|fixed|124,1378943233,16781056,12383866,12213340,140506,0,140506,0,2982,0,1491,0,0,0,11677,11677,9525888,9525888,4096,4096,0,0,1491,1491,2319960830,2319960830,2319960838,2319960838,0,0,0,0,0,0,0,0,4096,256,131072,4,15|4,0,67108864,262144,256,0,0,0,0,188,0,176,0,47,44,0,1,188,0|146,3067553046,4,0,0,11534336,0,11534336,0,35385,0,0,44,0,0,0,0,0,0,0,6937987,0,0,0,0,0
1786188351944|1006|stream64_r2f_06|rotating|124,1378943233,33554687,12504600,12331988,12362680,12331988,12362680,12331988,11837,11792,11791,11791,0,0,1506,0,363987195,363268334,4096,4096,0,0,11792,11792,2290381354,2290381383,2290381362,2290381391,0,0,0,0,0,0,0,0,4096,256,131072,4,15|4,0,67108864,262144,256,0,0,0,0,188,0,176,0,47,44,0,1,188,0|146,2373797266,4,11708224,0,0,0,0,0,12416521,0,44,0,645632420,0,645632420,0,2080,637043438,0,12633384,0,0,0,0,0
1786188356956|1006|stream64_r2f_06|fixed|126,1378943233,16781056,18636911,18379018,211653,0,211653,0,4492,0,2246,0,0,0,17574,17574,14349544,14349544,4096,4096,0,0,2246,2246,2639897391,2639897391,2639897399,2639897399,0,0,0,0,0,0,0,0,4096,256,131072,4,15|4,0,67108864,262144,256,0,0,0,0,276,0,264,0,69,66,0,1,276,0|148,3387850880,4,0,0,17301504,0,17301504,0,53172,0,0,66,0,0,0,0,0,0,0,6986198,0,0,0,0,0
1786188356956|1006|stream64_r2f_06|rotating|126,1378943233,33558272,18775263,18515711,18562100,18515711,18562100,18515711,17772,17705,17705,17705,0,0,2262,0,546517488,545441048,4096,4096,0,0,17705,17705,2610789948,2610790281,2610789956,2610790289,0,0,0,0,0,0,0,0,4096,256,131072,4,15|4,0,67108864,262144,256,0,0,0,0,276,0,264,0,69,66,0,1,276,0|148,2694215935,4,17530720,0,0,0,0,0,18599672,0,66,0,964595465,0,964595465,0,2080,954299255,0,15489979,0,0,0,0,0
1786188361959|1006|stream64_r2f_06|fixed|128,1378943233,16781056,24888071,24544074,282612,0,282612,0,5998,0,2999,0,0,0,23469,23469,19160440,19160440,4096,4096,0,0,2999,2999,2959168747,2959168747,2959168755,2959168755,0,0,0,0,0,0,0,0,4096,256,131072,4,15|4,0,67108864,262144,256,0,0,0,0,364,0,352,0,91,88,0,1,364,0|150,3706019103,4,0,0,23068672,0,23068672,0,70865,0,0,88,0,0,0,0,0,0,0,7026237,0,0,0,0,0
1786188361959|1006|stream64_r2f_06|rotating|128,1378943233,33554687,25024395,24679043,24740271,24679043,24740271,24679043,23688,23598,23597,23597,0,0,3015,0,728409733,726975272,4096,4096,0,0,23598,23598,2930103480,2930103493,2930103496,2930103445,0,0,0,0,0,0,0,0,4096,256,131072,4,15|4,0,67108864,262144,256,0,0,0,0,368,0,356,0,92,89,0,1,368,0|150,3013973855,4,23346624,0,0,0,0,0,24768190,0,89,0,1282899409,0,1282899409,0,2080,1270763953,0,18472598,0,0,0,0,0
1786188366959|1006|stream64_r2f_06|fixed|130,1378943233,16781056,31146585,30715252,353666,0,353666,0,7506,0,3753,0,0,0,29369,29369,23977704,23977704,4096,4096,0,0,3753,3753,3278870704,3278870704,3278870712,3278870712,0,0,0,0,0,0,0,0,4096,256,131072,4,15|4,0,67108864,262144,256,0,0,0,0,452,0,440,0,113,110,0,1,452,0|152,4025518168,4,0,0,28835840,0,28835840,0,88605,0,0,110,0,0,0,0,0,0,0,7067239,0,0,0,0,0
1786188366959|1006|stream64_r2f_06|rotating|130,1378943233,33554687,31299319,30866325,30943958,30866325,30943958,30866325,29626,29514,29513,29513,0,0,3771,0,911009530,909215997,4096,4096,0,0,29514,29514,3250644741,3250644746,3250644749,3250644754,0,0,0,0,0,0,0,0,4096,256,131072,4,15|4,0,67108864,262144,256,0,0,0,0,456,0,444,0,114,111,0,1,456,0|152,3334180850,4,29169120,0,0,0,0,0,30949357,0,111,0,1601650780,0,1601650780,0,2080,1587809800,0,21327489,0,0,0,0,0
1786188371962|1006|stream64_r2f_06|fixed|132,1378943233,16781056,37405725,36888663,424722,0,424722,0,9014,0,4507,0,0,0,35271,35271,28794984,28794984,4096,4096,0,0,4507,4507,3598572699,3598572699,3598572707,3598572707,0,0,0,0,0,0,0,0,4096,256,131072,4,15|4,0,67108864,262144,256,0,0,0,0,540,0,528,0,135,132,0,1,540,0|154,50304422,5,0,0,34603008,0,34603008,0,106368,0,0,132,0,0,0,0,0,0,0,7110575,0,0,0,0,0
1786188371962|1006|stream64_r2f_06|rotating|132,1378943233,33554687,37514608,36996278,37088664,36996278,37088664,36996278,35508,35374,35373,35373,0,0,4520,0,1091918908,1089765160,4096,4096,0,0,35374,35374,3568227514,3568227519,3568227522,3568227503,0,0,0,0,0,0,0,0,4096,256,131072,4,15|4,0,67108864,262144,256,0,0,0,0,544,0,532,0,136,133,0,1,544,0|154,3652580347,4,34960000,0,0,0,0,0,37094218,0,133,0,1918602557,0,1918602557,0,2080,1903050958,0,24180687,0,0,0,0,0
1786188376964|1006|stream64_r2f_06|fixed|134,1378943233,16781056,43669720,43067371,495869,0,495869,0,10524,0,5262,0,0,0,41178,41178,33618568,33618568,4096,4096,0,0,5262,5262,3918705429,3918705429,3918705437,3918705437,0,0,0,0,0,0,0,0,4096,256,131072,4,15|4,0,67108864,262144,256,0,0,0,0,632,0,620,0,158,155,0,1,632,0|156,370848699,5,0,0,40632320,0,40632320,0,124202,0,0,155,0,0,0,0,0,0,0,7156031,0,0,0,0,0
1786188376964|1006|stream64_r2f_06|rotating|134,1378943233,33554687,43798526,43194018,43301151,43194018,43301151,43194018,41457,41300,41299,41299,0,0,5278,0,1274830736,1272299253,4096,4096,0,0,41300,41300,3889436704,3889436693,3889436696,3889436701,0,0,0,0,0,0,0,0,4096,256,131072,4,15|4,0,67108864,262144,256,0,0,0,0,632,0,620,0,158,155,0,1,632,0|156,3973260066,4,40790400,0,0,0,0,0,43284387,0,155,0,2237824676,0,2237824676,0,2080,2220568207,0,27036621,0,0,0,0,0
1786188381976|1006|stream64_r2f_06|fixed|136,1378943233,16781056,49954958,49266524,567297,0,567297,0,12040,0,6020,0,0,0,47104,47104,38461408,38461408,4096,4096,0,0,6020,6020,4239934380,4239934380,4239934388,4239934388,0,0,0,0,0,0,0,0,4096,256,131072,4,15|4,0,67108864,262144,256,0,0,0,0,720,0,708,0,180,177,0,1,720,0|158,693040078,5,0,0,46399488,0,46399488,0,142107,0,0,177,0,0,0,0,0,0,0,7201781,0,0,0,0,0
1786188381976|1006|stream64_r2f_06|rotating|136,1378943233,33558272,50116269,49425888,49547179,49425888,49547179,49425888,47435,47256,47256,47256,0,0,6039,0,1458699408,1455807872,4096,4096,0,0,47256,47256,4212170310,4212170651,4212170318,4212170659,0,0,0,0,0,0,0,0,4096,256,131072,4,15|4,0,67108864,262144,256,0,0,0,0,720,0,708,0,180,177,0,1,720,0|158,1603473,5,46669536,0,0,0,0,0,49523174,0,178,0,2559665595,0,2559665595,0,2080,2540577885,0,30024811,0,0,0,0,0
1786188386984|1006|stream64_r2f_06|fixed|138,1378943233,16781056,56236435,55460652,638635,0,638635,0,13554,0,6777,0,0,0,53027,53027,43297888,43297888,4096,4096,0,0,6777,6777,265959842,265959842,265959850,265959850,0,0,0,0,0,0,0,0,4096,256,131072,4,15|4,0,67108864,262144,256,0,0,0,0,808,0,796,0,202,199,0,1,808,0|160,1012899626,5,0,0,52166656,0,52166656,0,159871,0,0,199,0,0,0,0,0,0,0,7249752,0,0,0,0,0
1786188386984|1006|stream64_r2f_06|rotating|138,1378943233,33554687,56357943,55580678,55717988,55580678,55717988,55580678,53343,53142,53141,53141,0,0,6791,0,1640372313,1637121476,4096,4096,0,0,53142,53142,236137934,236137947,236137942,236137955,0,0,0,0,0,0,0,0,4096,256,131072,4,15|4,0,67108864,262144,256,0,0,0,0,812,0,800,0,203,200,0,1,812,0|160,320063722,5,52460416,0,0,0,0,0,55669374,0,200,0,2876678124,0,2876678124,0,2080,2855877480,0,32880324,0,0,0,0,0
1786188391992|1006|stream64_r2f_06|fixed|140,1378943233,16781056,62495390,61632425,709688,0,709688,0,15062,0,7531,0,0,0,58927,58927,48115136,48115136,4096,4096,0,0,7531,7531,585662900,585662900,585662908,585662908,0,0,0,0,0,0,0,0,4096,256,131072,4,15|4,0,67108864,262144,256,0,0,0,0,896,0,884,0,224,221,0,1,896,0|162,1333906470,5,0,0,57933824,0,57933824,0,177704,0,0,221,0,0,0,0,0,0,0,7301792,0,0,0,0,0
1786188391992|1006|stream64_r2f_06|rotating|140,1378943233,33554687,62648268,61783055,61936791,61783055,61936791,61783055,59297,59072,59071,59071,0,0,7550,0,1823431711,1819804562,4096,4096,0,0,59072,59072,557592601,557592614,557592609,557592622,0,0,0,0,0,0,0,0,4096,256,131072,4,15|4,0,67108864,262144,256,0,0,0,0,900,0,888,0,225,222,0,1,900,0|162,642097917,5,58322432,0,0,0,0,0,61885958,0,222,0,3197246815,0,3197246815,0,2080,3174748040,0,35736307,0,0,0,0,0
1786188397020|1006|stream64_r2f_06|fixed|142,1378943233,16781056,68795169,67845244,781212,0,781212,0,16580,0,8290,0,0,0,64866,64866,52964288,52964288,4096,4096,0,0,8290,8290,907516490,907516490,907516498,907516498,0,0,0,0,0,0,0,0,4096,256,131072,4,15|4,0,67108864,262144,256,0,0,0,0,988,0,976,0,247,244,0,1,988,0|164,1657381972,5,0,0,63963136,0,63963136,0,195680,0,0,244,0,0,0,0,0,0,0,7349106,0,0,0,0,0
1786188397020|1006|stream64_r2f_06|rotating|142,1378943233,33558272,68963942,68011383,68180750,68011383,68180750,68011383,65272,65025,65025,65025,0,0,8311,0,2007194480,2003208328,4096,4096,0,0,65025,65025,880145786,880146111,880145794,880146119,0,0,0,0,0,0,0,0,4096,256,131072,4,15|4,0,67108864,262144,256,0,0,0,0,988,0,976,0,247,244,0,1,988,0|164,964193705,5,64176544,0,0,0,0,0,68105312,0,244,0,3517879075,0,3517879075,0,2080,3493680579,0,38592183,0,0,0,0,0
1786188405879|1007|stream64_r2f_07|fixed|146,1378943233,16781056,6134552,6049042,69456,0,69456,0,1474,0,737,0,0,0,5777,5777,4708640,4708640,4096,4096,0,0,737,737,1474420949,1474420949,1474420957,1474420957,0,0,0,0,0,0,0,0,4096,256,131072,4,15|4,0,67108864,262144,256,0,0,0,0,96,0,84,0,24,21,0,1,96,0|172,2221131251,5,0,0,5505024,0,5505024,0,17551,0,0,21,0,0,0,0,0,0,0,6886918,0,0,0,0,0
1786188405879|1007|stream64_r2f_07|rotating|146,1378943233,33554687,6249148,6161397,6178282,6161397,6178282,6161397,5908,5885,5884,5884,0,0,752,0,181651320,181291947,4096,4096,0,0,5885,5885,1444467981,1444467970,1444467989,1444467978,0,0,0,0,0,0,0,0,4096,256,131072,4,15|4,0,67108864,262144,256,0,0,0,0,100,0,88,0,25,22,0,1,100,0|172,1529256440,5,5909440,0,0,0,0,0,6274364,0,22,0,328376920,0,328376920,0,2080,321498919,0,9778132,0,0,0,0,0
1786188410886|1007|stream64_r2f_07|fixed|148,1378943233,16781056,12425264,12251516,140976,0,140976,0,2992,0,1496,0,0,0,11705,11705,9557856,9557856,4096,4096,0,0,1496,1496,1795947158,1795947158,1795947166,1795947166,0,0,0,0,0,0,0,0,4096,256,131072,4,15|4,0,67108864,262144,256,0,0,0,0,188,0,176,0,47,44,0,1,188,0|174,2542429409,5,0,0,11534336,0,11534336,0,35432,0,0,44,0,0,0,0,0,0,0,6933995,0,0,0,0,0
1786188410886|1007|stream64_r2f_07|rotating|148,1378943233,33554687,12542430,12367501,12400228,12367501,12400228,12367501,11861,11816,11815,11815,0,0,1509,0,364722101,364003128,4096,4096,0,0,11816,11816,1765825370,1765825407,1765825386,1765825391,0,0,0,0,0,0,0,0,4096,256,131072,4,15|4,0,67108864,262144,256,0,0,0,0,188,0,176,0,47,44,0,1,188,0|174,1848322029,5,11716128,0,0,0,0,0,12435578,0,44,0,645990837,0,645990837,0,2080,637405488,0,12631453,0,0,0,0,0
1786188415893|1007|stream64_r2f_07|fixed|150,1378943233,16781056,18686042,18425690,211937,0,211937,0,4498,0,2249,0,0,0,17603,17603,14368728,14368728,4096,4096,0,0,2249,2249,2115344487,2115344487,2115344495,2115344495,0,0,0,0,0,0,0,0,4096,256,131072,4,15|4,0,67108864,262144,256,0,0,0,0,276,0,264,0,69,66,0,1,276,0|176,2861928260,5,0,0,17301504,0,17301504,0,53172,0,0,66,0,0,0,0,0,0,0,6979561,0,0,0,0,0
1786188415893|1007|stream64_r2f_07|rotating|150,1378943233,33554687,18785265,18523684,18572197,18523684,18572197,18523684,17765,17698,17697,17697,0,0,2261,0,546277472,545199283,4096,4096,0,0,17698,17698,2084544692,2084544705,2084544700,2084544713,0,0,0,0,0,0,0,0,4096,256,131072,4,15|4,0,67108864,262144,256,0,0,0,0,276,0,264,0,69,66,0,1,276,0|176,2168390047,5,17530720,0,0,0,0,0,18618189,0,66,0,964605207,0,964605207,0,2048,954314764,0,15484217,0,0,0,0,0
1786188420898|1007|stream64_r2f_07|fixed|152,1378943233,16781056,24959600,24613791,283178,0,283178,0,6010,0,3005,0,0,0,23514,23514,19198776,19198776,4096,4096,0,0,3005,3005,2435904815,2435904815,2435904823,2435904823,0,0,0,0,0,0,0,0,4096,256,131072,4,15|4,0,67108864,262144,256,0,0,0,0,364,0,352,0,91,88,0,1,364,0|178,3183003889,5,0,0,23068672,0,23068672,0,71007,0,0,88,0,0,0,0,0,0,0,7021826,0,0,0,0,0
1786188420898|1007|stream64_r2f_07|rotating|152,1378943233,33558272,25081520,24734495,24797022,24734495,24797022,24734495,23718,23629,23629,23629,0,0,3019,0,729381728,727942816,4096,4096,0,0,23629,23629,2405938731,2405939064,2405938739,2405939072,0,0,0,0,0,0,0,0,4096,256,131072,4,15|4,0,67108864,262144,256,0,0,0,0,368,0,356,0,92,89,0,1,368,0|178,2490922511,5,23394048,0,0,0,0,0,24846849,0,89,0,1285671839,0,1285671839,0,2080,1273552426,0,18466742,0,0,0,0,0
1786188425908|1007|stream64_r2f_07|fixed|154,1378943233,16781056,31261778,30828284,354612,0,354612,0,7526,0,3763,0,0,0,29449,29449,24041576,24041576,4096,4096,0,0,3763,3763,2757325735,2757325735,2757325743,2757325743,0,0,0,0,0,0,0,0,4096,256,131072,4,15|5,0,67108864,262144,256,0,0,0,0,456,0,444,0,114,111,0,1,456,0|180,3505862241,5,0,0,29097984,0,29097984,0,88958,0,0,111,0,0,0,0,0,0,0,7064585,0,0,0,0,0
1786188425908|1007|stream64_r2f_07|rotating|154,1378943233,33554687,31410700,30975055,31054396,30975055,31054396,30975055,29702,29590,29589,29589,0,0,3781,0,913366376,911551654,4096,4096,0,0,29590,29590,2729021525,2729021498,2729021493,2729021506,0,0,0,0,0,0,0,0,4096,256,131072,4,15|4,0,67108864,262144,256,0,0,0,0,456,0,444,0,114,111,0,1,456,0|180,2812539214,5,29248160,0,0,0,0,0,31061630,0,111,0,1605825014,0,1605825014,0,2080,1592008089,0,21320409,0,0,0,0,0
1786188430908|1007|stream64_r2f_07|fixed|156,1378943233,16781056,37514203,36995113,425568,0,425568,0,9032,0,4516,0,0,0,35339,35339,28852424,28852424,4096,4096,0,0,4516,4516,3076599048,3076599048,3076599056,3076599056,0,0,0,0,0,0,0,0,4096,256,131072,4,15|4,0,67108864,262144,256,0,0,0,0,544,0,532,0,136,133,0,1,544,0|182,3824637038,5,0,0,34865152,0,34865152,0,106674,0,0,133,0,0,0,0,0,0,0,7105978,0,0,0,0,0
1786188430908|1007|stream64_r2f_07|rotating|156,1378943233,33554687,37654723,37133410,37227552,37133410,37227552,37133410,35606,35473,35471,35471,0,0,4533,0,1094929287,1092756346,4096,4096,0,0,35472,35472,3047755575,3047755604,3047755583,3047755612,0,0,0,0,0,0,0,0,4096,256,131072,4,15|4,0,67108864,262144,256,0,0,0,0,544,0,532,0,136,133,0,1,544,0|182,3130893752,5,35039040,0,0,0,0,0,37211255,0,133,0,1922731832,0,1922731832,0,2080,1907201491,0,24176404,0,0,0,0,0
1786188435921|1007|stream64_r2f_07|fixed|158,1378943233,16781056,43794970,43189288,496903,0,496903,0,10546,0,5273,0,0,0,41256,41256,33688864,33688864,4096,4096,0,0,5273,5273,3397392377,3397392377,3397392385,3397392385,0,0,0,0,0,0,0,0,4096,256,131072,4,15|4,0,67108864,262144,256,0,0,0,0,632,0,620,0,158,155,0,1,632,0|184,4145165637,5,0,0,40632320,0,40632320,0,124485,0,0,155,0,0,0,0,0,0,0,7147931,0,0,0,0,0
1786188435921|1007|stream64_r2f_07|rotating|158,1378943233,33556599,43942596,43335164,43444088,43335164,43444088,43335164,41552,41396,41395,41395,0,0,5290,0,1277782184,1275251288,4096,4096,0,0,41396,41396,3368734465,3368734446,3368734449,3368734454,0,0,0,0,0,0,0,0,4096,256,131072,4,15|4,0,67108864,262144,256,0,0,0,0,632,0,620,0,158,155,0,1,632,0|184,3451877185,5,40877344,0,0,0,0,0,43413154,0,155,0,2242255689,0,2242255689,0,2080,2225025164,0,27029349,0,0,0,0,0
1786188440945|1007|stream64_r2f_07|fixed|160,1378943233,16781056,50097305,49403724,568334,0,568334,0,12062,0,6031,0,0,0,47192,47192,38531712,38531712,4096,4096,0,0,6031,6031,3718811079,3718811079,3718811087,3718811087,0,0,0,0,0,0,0,0,4096,256,131072,4,15|4,0,67108864,262144,256,0,0,0,0,720,0,708,0,180,177,0,1,720,0|186,173220079,6,0,0,46399488,0,46399488,0,142437,0,0,177,0,0,0,0,0,0,0,7186772,0,0,0,0,0
1786188440945|1007|stream64_r2f_07|rotating|160,1378943233,33554687,50276080,49579851,49705673,49579851,49705673,49579851,47540,47362,47360,47360,0,0,6053,0,1461932336,1459026624,4096,4096,0,0,47361,47361,3692080035,3692080040,3692079995,3692080000,0,0,0,0,0,0,0,0,4096,256,131072,4,15|4,0,67108864,262144,256,0,0,0,0,724,0,712,0,181,178,0,1,724,0|186,3775516008,5,46756480,0,0,0,0,0,49663573,0,178,0,2564424728,0,2564424728,0,2080,2545369974,0,30010527,0,0,0,0,0
1786188445962|1007|stream64_r2f_07|fixed|162,1378943233,16781056,56380881,55600644,639673,0,639673,0,13576,0,6788,0,0,0,53117,53117,43368128,43368128,4096,4096,0,0,6788,6788,4039803227,4039803227,4039803235,4039803235,0,0,0,0,0,0,0,0,4096,256,131072,4,15|4,0,67108864,262144,256,0,0,0,0,812,0,800,0,203,200,0,1,812,0|188,493539676,6,0,0,52428800,0,52428800,0,160223,0,0,200,0,0,0,0,0,0,0,7230787,0,0,0,0,0
1786188445962|1007|stream64_r2f_07|rotating|162,1378943233,33554687,56525665,55742961,55884299,55742961,55884299,55742961,53455,53256,53253,53253,0,0,6806,0,1643829208,1640565459,4096,4096,0,0,53254,53254,4011397992,4011398013,4011398008,4011398021,0,0,0,0,0,0,0,0,4096,256,131072,4,15|4,0,67108864,262144,256,0,0,0,0,812,0,800,0,203,200,0,1,812,0|188,4095523855,5,52578976,0,0,0,0,0,55839914,0,200,0,2882976951,0,2882976951,0,2080,2862215902,0,32866189,0,0,0,0,0
1786188450983|1007|stream64_r2f_07|fixed|164,1378943233,16781056,62716717,61847224,711666,0,711666,0,15104,0,7552,0,0,0,59090,59090,48249272,48249272,4096,4096,0,0,7552,7552,68641242,68641242,68641250,68641250,0,0,0,0,0,0,0,0,4096,256,131072,4,15|4,0,67108864,262144,256,0,0,0,0,900,0,888,0,225,222,0,1,900,0|190,815965766,6,0,0,58195968,0,58195968,0,178152,0,0,222,0,0,0,0,0,0,0,7279043,0,0,0,0,0
1786188450983|1007|stream64_r2f_07|rotating|164,1378943233,33554687,62850021,61978946,62136845,61978946,62136845,61978946,59439,59218,59215,59215,0,0,7568,0,1827867250,1824242317,4096,4096,0,0,59216,59216,39468168,39468173,39468176,39468181,0,0,0,0,0,0,0,0,4096,256,131072,4,15|4,0,67108864,262144,256,0,0,0,0,900,0,888,0,225,222,0,1,900,0|190,123404156,6,58448896,0,0,0,0,0,62072318,0,222,0,3204357068,0,3204357068,0,2080,3181899006,0,35722751,0,0,0,0,0
1786188456017|1007|stream64_r2f_07|fixed|166,1378943233,16781056,69023203,68066933,783285,0,783285,0,16624,0,8312,0,0,0,65034,65034,53104888,53104888,4096,4096,0,0,8312,8312,390922881,390922881,390922889,390922889,0,0,0,0,0,0,0,0,4096,256,131072,4,15|4,0,67108864,262144,256,0,0,0,0,988,0,976,0,247,244,0,1,988,0|192,1139606937,6,0,0,63963136,0,63963136,0,196127,0,0,244,0,0,0,0,0,0,0,7324938,0,0,0,0,0
1786188456017|1007|stream64_r2f_07|rotating|166,1378943233,33554687,69186359,68227617,68401190,68227617,68401190,68227617,65435,65191,65188,65188,0,0,8332,0,2012240956,2008240943,4096,4096,0,0,65189,65189,363216038,363216035,363216046,363216043,0,0,0,0,0,0,0,0,4096,256,131072,4,15|4,0,67108864,262144,256,0,0,0,0,992,0,980,0,248,245,0,1,992,0|192,445845099,6,64312224,0,0,0,0,0,68295077,0,245,0,3525332179,0,3525332179,0,2080,3501043226,0,38707197,0,0,0,0,0
1786188464682|1008|stream64_r2f_08|fixed|170,1378943233,16781056,6137892,6051958,69549,0,69549,0,1476,0,738,0,0,0,5780,5780,4715016,4715016,4096,4096,0,0,738,738,943265158,943265158,943265174,943265174,0,0,0,0,0,0,0,0,4096,256,131072,4,15|4,0,67108864,262144,256,0,0,0,0,100,0,88,0,25,22,0,1,100,0|200,1690957533,6,0,0,5767168,0,5767168,0,17645,0,0,22,0,0,0,0,0,0,0,6889795,0,0,0,0,0
1786188464682|1008|stream64_r2f_08|rotating|170,1378943233,33554687,6263033,6174921,6192072,6174921,6192072,6174921,5921,5898,5897,5897,0,0,753,0,182053740,181695615,4096,4096,0,0,5898,5898,913583921,913583942,913583929,913583950,0,0,0,0,0,0,0,0,4096,256,131072,4,15|4,0,67108864,262144,256,0,0,0,0,100,0,88,0,25,22,0,1,100,0|200,996512964,6,5885728,0,0,0,0,0,6251798,0,22,0,327222018,0,327222018,0,2080,320341285,0,9775762,0,0,0,0,0
1786188469692|1008|stream64_r2f_08|fixed|172,1378943233,16781056,12418702,12246509,140788,0,140788,0,2988,0,1494,0,0,0,11699,11699,9545064,9545064,4096,4096,0,0,1494,1494,1263827701,1263827701,1263827709,1263827709,0,0,0,0,0,0,0,0,4096,256,131072,4,15|4,0,67108864,262144,256,0,0,0,0,188,0,176,0,47,44,0,1,188,0|202,2010589567,6,0,0,11534336,0,11534336,0,35409,0,0,44,0,0,0,0,0,0,0,6932663,0,0,0,0,0
1786188469692|1008|stream64_r2f_08|rotating|172,1378943233,33558272,12530013,12355800,12387904,12355800,12387904,12355800,11849,11804,11804,11804,0,0,1508,0,364365552,363649024,4096,4096,0,0,11804,11804,1233610779,1233611096,1233610787,1233611104,0,0,0,0,0,0,0,0,4096,256,131072,4,15|4,0,67108864,262144,256,0,0,0,0,188,0,176,0,47,44,0,1,188,0|202,1316814670,6,11716128,0,0,0,0,0,12436970,0,44,0,646066124,0,646066124,0,2080,637481416,0,12630801,0,0,0,0,0
1786188474692|1008|stream64_r2f_08|fixed|174,1378943233,16781056,18680740,18420929,211937,0,211937,0,4498,0,2249,0,0,0,17599,17599,14368728,14368728,4096,4096,0,0,2249,2249,1583759400,1583759400,1583759408,1583759408,0,0,0,0,0,0,0,0,4096,256,131072,4,15|4,0,67108864,262144,256,0,0,0,0,276,0,264,0,69,66,0,1,276,0|204,2330594702,6,0,0,17301504,0,17301504,0,53196,0,0,66,0,0,0,0,0,0,0,6974563,0,0,0,0,0
1786188474692|1008|stream64_r2f_08|rotating|174,1378943233,33554687,18802493,18541473,18589235,18541473,18589235,18541473,17781,17714,17713,17713,0,0,2263,0,546786240,545711203,4096,4096,0,0,17714,17714,1553841613,1553841626,1553841621,1553841634,0,0,0,0,0,0,0,0,4096,256,131072,4,15|4,0,67108864,262144,256,0,0,0,0,276,0,264,0,69,66,0,1,276,0|204,1636328477,6,17522816,0,0,0,0,0,18608953,0,66,0,964128259,0,964128259,0,2080,953837834,0,15482491,0,0,0,0,0
1786188479699|1008|stream64_r2f_08|fixed|176,1378943233,16781056,24959538,24614145,283178,0,283178,0,6010,0,3005,0,0,0,23514,23514,19198776,19198776,4096,4096,0,0,3005,3005,1904321502,1904321502,1904321510,1904321510,0,0,0,0,0,0,0,0,4096,256,131072,4,15|4,0,67108864,262144,256,0,0,0,0,364,0,352,0,91,88,0,1,364,0|206,2651209309,6,0,0,23068672,0,23068672,0,71007,0,0,88,0,0,0,0,0,0,0,7026121,0,0,0,0,0
1786188479699|1008|stream64_r2f_08|rotating|176,1378943233,33554687,25093607,24746699,24808921,24746699,24808921,24746699,23730,23641,23640,23640,0,0,3021,0,729727072,728293822,4096,4096,0,0,23641,23641,1874976580,1874976537,1874976556,1874976545,0,0,0,0,0,0,0,0,4096,256,131072,4,15|4,0,67108864,262144,256,0,0,0,0,368,0,356,0,92,89,0,1,368,0|206,1958749700,6,23386144,0,0,0,0,0,24835366,0,89,0,1285083650,0,1285083650,0,2080,1272962686,0,18466585,0,0,0,0,0
1786188484704|1008|stream64_r2f_08|fixed|178,1378943233,16781056,31238229,30805637,354328,0,354328,0,7520,0,3760,0,0,0,29427,29427,24022432,24022432,4096,4096,0,0,3760,3760,2224454926,2224454926,2224454942,2224454942,0,0,0,0,0,0,0,0,4096,256,131072,4,15|4,0,67108864,262144,256,0,0,0,0,452,0,440,0,113,110,0,1,452,0|208,2972264639,6,0,0,28835840,0,28835840,0,88840,0,0,110,0,0,0,0,0,0,0,7066366,0,0,0,0,0
1786188484704|1008|stream64_r2f_08|rotating|178,1378943233,33554687,31362739,30928319,31006906,30928319,31006906,30928319,29658,29545,29544,29544,0,0,3776,0,911971704,910162536,4096,4096,0,0,29545,29545,2195020456,2195020461,2195020440,2195020445,0,0,0,0,0,0,0,0,4096,256,131072,4,15|4,0,67108864,262144,256,0,0,0,0,456,0,444,0,114,111,0,1,456,0|208,2278546068,6,29200736,0,0,0,0,0,31014510,0,111,0,1603426370,0,1603426370,0,2080,1589596482,0,21323179,0,0,0,0,0
1786188489704|1008|stream64_r2f_08|fixed|180,1378943233,16781056,37509828,36990970,425474,0,425474,0,9030,0,4515,0,0,0,35335,35335,28846024,28846024,4096,4096,0,0,4515,4515,2544586094,2544586094,2544586102,2544586102,0,0,0,0,0,0,0,0,4096,256,131072,4,15|4,0,67108864,262144,256,0,0,0,0,544,0,532,0,136,133,0,1,544,0|210,3293364258,6,0,0,34865152,0,34865152,0,106698,0,0,133,0,0,0,0,0,0,0,7122387,0,0,0,0,0
1786188489704|1008|stream64_r2f_08|rotating|180,1378943233,33554687,37648458,37127185,37221382,37127185,37221382,37127185,35601,35466,35465,35465,0,0,4532,0,1094745111,1092575512,4096,4096,0,0,35466,35466,2515854576,2515854597,2515854584,2515854589,0,0,0,0,0,0,0,0,4096,256,131072,4,15|4,0,67108864,262144,256,0,0,0,0,544,0,532,0,136,133,0,1,544,0|210,2598064340,6,35015328,0,0,0,0,0,37186835,0,133,0,1921490994,0,1921490994,0,2080,1905955439,0,24176516,0,0,0,0,0
1786188494704|1008|stream64_r2f_08|fixed|182,1378943233,16781056,43776741,43170977,496715,0,496715,0,10542,0,5271,0,0,0,41238,41238,33676096,33676096,4096,4096,0,0,5271,5271,2864953252,2864953252,2864953260,2864953260,0,0,0,0,0,0,0,0,4096,256,131072,4,15|4,0,67108864,262144,256,0,0,0,0,632,0,620,0,158,155,0,1,632,0|212,3612405192,6,0,0,40632320,0,40632320,0,124414,0,0,155,0,0,0,0,0,0,0,7173364,0,0,0,0,0
1786188494704|1008|stream64_r2f_08|rotating|182,1378943233,33554687,43914482,43307112,43416258,43307112,43416258,43307112,41526,41370,41368,41368,0,0,5287,0,1276954741,1274425520,4096,4096,0,0,41369,41369,2835714206,2835714187,2835714214,2835714195,0,0,0,0,0,0,0,0,4096,256,131072,4,15|4,0,67108864,262144,256,0,0,0,0,632,0,620,0,158,155,0,1,632,0|212,2918868938,6,40845728,0,0,0,0,0,43385521,0,155,0,2240837992,0,2240837992,0,2080,2223596914,0,27033103,0,0,0,0,0
1786188499711|1008|stream64_r2f_08|fixed|184,1378943233,16781056,50053401,49359966,567863,0,567863,0,12052,0,6026,0,0,0,47150,47150,38499776,38499776,4096,4096,0,0,6026,6026,3185086462,3185086462,3185086470,3185086470,0,0,0,0,0,0,0,0,4096,256,131072,4,15|4,0,67108864,262144,256,0,0,0,0,720,0,708,0,180,177,0,1,720,0|214,3932878946,6,0,0,46399488,0,46399488,0,142225,0,0,177,0,0,0,0,0,0,0,7217402,0,0,0,0,0
1786188499711|1008|stream64_r2f_08|rotating|184,1378943233,33558272,50186701,49491761,49617328,49491761,49617328,49491761,47455,47277,47276,47276,0,0,6042,0,1459315264,1456427144,4096,4096,0,0,47276,47276,3155819661,3155819994,3155819669,3155820002,0,0,0,0,0,0,0,0,4096,256,131072,4,15|4,0,67108864,262144,256,0,0,0,0,720,0,708,0,181,178,0,1,724,0|214,3239074918,6,46669536,0,0,0,0,0,49569469,0,178,0,2559588020,0,2559588020,0,2080,2540507123,0,30017992,0,0,0,0,0
1786188504721|1008|stream64_r2f_08|fixed|186,1378943233,16781056,56336751,55556137,639105,0,639105,0,13564,0,6782,0,0,0,53068,53068,43329808,43329808,4096,4096,0,0,6782,6782,3505651479,3505651479,3505651487,3505651487,0,0,0,0,0,0,0,0,4096,256,131072,4,15|4,0,67108864,262144,256,0,0,0,0,808,0,796,0,202,199,0,1,808,0|216,4252451279,6,0,0,52166656,0,52166656,0,159988,0,0,199,0,0,0,0,0,0,0,7257017,0,0,0,0,0
1786188504721|1008|stream64_r2f_08|rotating|186,1378943233,33558272,56459842,55677831,55819325,55677831,55819325,55677831,53386,53186,53185,53185,0,0,6797,0,1641715032,1638465896,4096,4096,0,0,53185,53185,3476008689,3476009046,3476008697,3476009054,0,0,0,0,0,0,0,0,4096,256,131072,4,15|4,0,67108864,262144,256,0,0,0,0,812,0,800,0,203,200,0,1,812,0|216,3559999162,6,52507840,0,0,0,0,0,55769180,0,200,0,2879052688,0,2879052688,0,2080,2858267095,0,32875449,0,0,0,0,0
1786188509731|1008|stream64_r2f_08|fixed|188,1378943233,16781056,62618192,61749431,710349,0,710349,0,15076,0,7538,0,0,0,58985,58985,48159816,48159816,4096,4096,0,0,7538,7538,3826213739,3826213739,3826213755,3826213755,0,0,0,0,0,0,0,0,4096,256,131072,4,15|5,0,67108864,262144,256,0,0,0,0,900,0,888,0,225,222,0,1,900,0|218,279462425,7,0,0,58195968,0,58195968,0,177869,0,0,222,0,0,0,0,0,0,0,7301941,0,0,0,0,0
1786188509731|1008|stream64_r2f_08|rotating|188,1378943233,33554687,62754883,61883832,62042935,61883832,62042935,61883832,59338,59115,59113,59113,0,0,7555,0,1824720479,1821097186,4096,4096,0,0,59114,59114,3797385814,3797385811,3797385822,3797385827,0,0,0,0,0,0,0,0,4096,256,131072,4,15|4,0,67108864,262144,256,0,0,0,0,900,0,888,0,225,222,0,1,900,0|218,3880926685,6,58346144,0,0,0,0,0,61970132,0,222,0,3198520635,0,3198520635,0,2080,3176032910,0,35730342,0,0,0,0,0
1786188514733|1008|stream64_r2f_08|fixed|190,1378943233,16781056,68890409,67935106,781493,0,781493,0,16586,0,8293,0,0,0,64893,64893,52983472,52983472,4096,4096,0,0,8293,8293,4146344718,4146344718,4146344726,4146344726,0,0,0,0,0,0,0,0,4096,256,131072,4,15|4,0,67108864,262144,256,0,0,0,0,988,0,976,0,247,244,0,1,988,0|220,599434358,7,0,0,63963136,0,63963136,0,195656,0,0,244,0,0,0,0,0,0,0,7338824,0,0,0,0,0
1786188514733|1008|stream64_r2f_08|rotating|190,1378943233,33554687,69025431,68067642,68242334,68067642,68242334,68067642,65266,65022,65020,65020,0,0,8310,0,2007034190,2003051025,4096,4096,0,0,65020,65020,4117418416,4117418741,4117418424,4117418749,0,0,0,0,0,0,0,0,4096,256,131072,4,15|4,0,67108864,262144,256,0,0,0,0,988,0,976,0,247,244,0,1,988,0|220,4201470783,6,64176544,0,0,0,0,0,68163912,0,244,0,3517607133,0,3517607133,0,2080,3493416425,0,38584389,0,0,0,0,0
1786188523599|1009|stream64_r2f_09|fixed|194,1378943233,16781056,6151754,6066801,69643,0,69643,0,1478,0,739,0,0,0,5793,5793,4721392,4721392,4096,4096,0,0,739,739,418723431,418723431,418723439,418723439,0,0,0,0,0,0,0,0,4096,256,131072,4,15|4,0,67108864,262144,256,0,0,0,0,100,0,88,0,25,22,0,1,100,0|228,1165915222,7,0,0,5767168,0,5767168,0,17645,0,0,22,0,0,0,0,0,0,0,6892896,0,0,0,0,0
1786188523599|1009|stream64_r2f_09|rotating|194,1378943233,33554687,6275460,6188280,6204312,6188280,6204312,6188280,5934,5911,5910,5910,0,0,755,0,182436384,182075956,4096,4096,0,0,5911,5911,389284677,389284666,389284653,389284674,0,0,0,0,0,0,0,0,4096,256,131072,4,15|4,0,67108864,262144,256,0,0,0,0,100,0,88,0,25,22,0,1,100,0|228,472528461,7,5909440,0,0,0,0,0,6270806,0,22,0,328205254,0,328205254,0,2080,321326458,0,9778904,0,0,0,0,0
1786188528601|1009|stream64_r2f_09|fixed|196,1378943233,16781056,12422341,12250964,140882,0,140882,0,2990,0,1495,0,0,0,11703,11703,9551456,9551456,4096,4096,0,0,1495,1495,739283828,739283828,739283836,739283836,0,0,0,0,0,0,0,0,4096,256,131072,4,15|4,0,67108864,262144,256,0,0,0,0,188,0,176,0,47,44,0,1,188,0|230,1486190104,7,0,0,11534336,0,11534336,0,35432,0,0,44,0,0,0,0,0,0,0,6940720,0,0,0,0,0
1786188528601|1009|stream64_r2f_09|rotating|196,1378943233,33554687,12549658,12376367,12407361,12376367,12407361,12376367,11869,11824,11823,11823,0,0,1510,0,364957224,364238124,4096,4096,0,0,11824,11824,709681743,709681716,709681735,709681724,0,0,0,0,0,0,0,0,4096,256,131072,4,15|4,0,67108864,262144,256,0,0,0,0,188,0,176,0,47,44,0,1,188,0|230,792448447,7,11724032,0,0,0,0,0,12448504,0,44,0,646671592,0,646671592,0,2080,638087572,0,12631798,0,0,0,0,0
1786188533613|1009|stream64_r2f_09|fixed|198,1378943233,16781056,18703361,18444687,212219,0,212219,0,4504,0,2252,0,0,0,17621,17621,14387912,14387912,4096,4096,0,0,2252,2252,1060076695,1060076695,1060076703,1060076703,0,0,0,0,0,0,0,0,4096,256,131072,4,15|4,0,67108864,262144,256,0,0,0,0,276,0,264,0,69,66,0,1,276,0|232,1807480228,7,0,0,17301504,0,17301504,0,53290,0,0,66,0,0,0,0,0,0,0,6987787,0,0,0,0,0
1786188533613|1009|stream64_r2f_09|rotating|198,1378943233,33554687,18813856,18553815,18600410,18553815,18600410,18553815,17792,17726,17724,17724,0,0,2265,0,547131911,546053226,4096,4096,0,0,17725,17725,1029465472,1029465477,1029465480,1029465493,0,0,0,0,0,0,0,0,4096,256,131072,4,15|4,0,67108864,262144,256,0,0,0,0,276,0,264,0,69,66,0,1,276,0|232,1112647415,7,17546528,0,0,0,0,0,18633733,0,66,0,965414936,0,965414936,0,2080,955127264,0,15484817,0,0,0,0,0
1786188538614|1009|stream64_r2f_09|fixed|200,1378943233,16781056,24973180,24628779,283273,0,283273,0,6012,0,3006,0,0,0,23527,23527,19205160,19205160,4096,4096,0,0,3006,3006,1379777660,1379777660,1379777668,1379777668,0,0,0,0,0,0,0,0,4096,256,131072,4,15|4,0,67108864,262144,256,0,0,0,0,364,0,352,0,91,88,0,1,364,0|234,2127518011,7,0,0,23068672,0,23068672,0,71077,0,0,88,0,0,0,0,0,0,0,7034184,0,0,0,0,0
1786188538614|1009|stream64_r2f_09|rotating|200,1378943233,33554687,25110906,24765032,24826033,24765032,24826033,24765032,23747,23660,23657,23657,0,0,3023,0,730257262,728821120,4096,4096,0,0,23658,23658,1350920359,1350920372,1350920367,1350920332,0,0,0,0,0,0,0,0,4096,256,131072,4,15|4,0,67108864,262144,256,0,0,0,0,368,0,356,0,92,89,0,1,368,0|234,1434003397,7,23394048,0,0,0,0,0,24839027,0,89,0,1285309038,0,1285309038,0,2080,1273188838,0,18467506,0,0,0,0,0
1786188543623|1009|stream64_r2f_09|fixed|202,1378943233,16781056,31254543,30822478,354517,0,354517,0,7524,0,3762,0,0,0,29442,29442,24035192,24035192,4096,4096,0,0,3762,3762,1700338234,1700338234,1700338242,1700338242,0,0,0,0,0,0,0,0,4096,256,131072,4,15|4,0,67108864,262144,256,0,0,0,0,452,0,440,0,113,110,0,1,452,0|236,2447261135,7,0,0,28835840,0,28835840,0,88840,0,0,110,0,0,0,0,0,0,0,7076594,0,0,0,0,0
1786188543623|1009|stream64_r2f_09|rotating|202,1378943233,33554687,31347654,30914083,30992010,30914083,30992010,30914083,29643,29533,29530,29530,0,0,3774,0,911550122,909739256,4096,4096,0,0,29531,29531,1669301778,1669301783,1669301786,1669301767,0,0,0,0,0,0,0,0,4096,256,131072,4,15|4,0,67108864,262144,256,0,0,0,0,456,0,444,0,114,111,0,1,456,0|236,1751352824,7,29161216,0,0,0,0,0,30970463,0,111,0,1601216673,0,1601216673,0,2080,1587380863,0,21320604,0,0,0,0,0
1786188548627|1009|stream64_r2f_09|fixed|204,1378943233,16781056,37530492,37011914,425756,0,425756,0,9036,0,4518,0,0,0,35354,35354,28865216,28865216,4096,4096,0,0,4518,4518,2020899132,2020899132,2020899140,2020899140,0,0,0,0,0,0,0,0,4096,256,131072,4,15|4,0,67108864,262144,256,0,0,0,0,544,0,532,0,136,133,0,1,544,0|238,2768915905,7,0,0,34865152,0,34865152,0,106721,0,0,133,0,0,0,0,0,0,0,7120352,0,0,0,0,0
1786188548627|1009|stream64_r2f_09|rotating|204,1378943233,33554687,37664531,37143715,37237266,37143715,37237266,37143715,35616,35483,35480,35480,0,0,4534,0,1095224058,1093054864,4096,4096,0,0,35481,35481,1991702850,1991702855,1991702858,1991702839,0,0,0,0,0,0,0,0,4096,256,131072,4,15|4,0,67108864,262144,256,0,0,0,0,544,0,532,0,136,133,0,1,544,0|238,2075156792,7,35054848,0,0,0,0,0,37226948,0,133,0,1923547233,0,1923547233,0,2080,1908022669,0,24173998,0,0,0,0,0
1786188553632|1009|stream64_r2f_09|fixed|206,1378943233,16781056,43805589,43199884,496998,0,496998,0,10548,0,5274,0,0,0,41265,41265,33695264,33695264,4096,4096,0,0,5274,5274,2341262649,2341262649,2341262657,2341262657,0,0,0,0,0,0,0,0,4096,256,131072,4,15|4,0,67108864,262144,256,0,0,0,0,632,0,620,0,158,155,0,1,632,0|240,3089140526,7,0,0,40632320,0,40632320,0,124509,0,0,155,0,0,0,0,0,0,0,7166064,0,0,0,0,0
1786188553632|1009|stream64_r2f_09|rotating|206,1378943233,33558272,43949103,43341569,43450501,43341569,43450501,43341569,41558,41404,41401,41401,0,0,5291,0,1277968552,1275439312,4096,4096,0,0,41401,41401,2312480003,2312480336,2312480011,2312480344,0,0,0,0,0,0,0,0,4096,256,131072,4,15|4,0,67108864,262144,256,0,0,0,0,632,0,620,0,158,155,0,1,632,0|240,2396640440,7,40894464,0,0,0,0,0,43436995,0,156,0,2243570977,0,2243570977,0,2080,2226297936,0,27070970,0,0,0,0,0
1786188558640|1009|stream64_r2f_09|fixed|208,1378943233,16781056,50083312,49390053,568241,0,568241,0,12060,0,6030,0,0,0,47178,47178,38525336,38525336,4096,4096,0,0,6030,6030,2661823413,2661823413,2661823421,2661823421,0,0,0,0,0,0,0,0,4096,256,131072,4,15|4,0,67108864,262144,256,0,0,0,0,720,0,708,0,180,177,0,1,720,0|242,3409589218,7,0,0,46399488,0,46399488,0,142320,0,0,177,0,0,0,0,0,0,0,7205001,0,0,0,0,0
1786188558640|1009|stream64_r2f_09|rotating|208,1378943233,33554687,50228844,49533834,49659002,49533834,49659002,49533834,47496,47319,47315,47315,0,0,6047,0,1460547298,1457658165,4096,4096,0,0,47316,47316,2632984882,2632984903,2632984898,2632984911,0,0,0,0,0,0,0,0,4096,256,131072,4,15|4,0,67108864,262144,256,0,0,0,0,724,0,712,0,181,178,0,1,724,0|242,2717181460,7,46724864,0,0,0,0,0,49629037,0,178,0,2562654397,0,2562654397,0,2080,2543593070,0,30010289,0,0,0,0,0
1786188563645|1009|stream64_r2f_09|fixed|210,1378943233,16781056,56363662,55582384,639390,0,639390,0,13570,0,6785,0,0,0,53094,53094,43348992,43348992,4096,4096,0,0,6785,6785,2981955957,2981955957,2981955965,2981955965,0,0,0,0,0,0,0,0,4096,256,131072,4,15|4,0,67108864,262144,256,0,0,0,0,808,0,796,0,202,199,0,1,808,0|244,3729200471,7,0,0,52166656,0,52166656,0,160082,0,0,199,0,0,0,0,0,0,0,7260031,0,0,0,0,0
1786188563645|1009|stream64_r2f_09|rotating|210,1378943233,33554687,56479092,55695721,55838292,55695721,55838292,55695721,53406,53206,53202,53202,0,0,6800,0,1642260788,1638997087,4096,4096,0,0,53203,53203,2952106843,2952106840,2952106851,2952106848,0,0,0,0,0,0,0,0,4096,256,131072,4,15|4,0,67108864,262144,256,0,0,0,0,812,0,800,0,203,200,0,1,812,0|244,3034639115,7,52499936,0,0,0,0,0,55761458,0,200,0,2878668284,0,2878668284,0,2080,2857891323,0,32865108,0,0,0,0,0
1786188568650|1009|stream64_r2f_09|fixed|212,1378943233,16781056,62637643,61768837,710630,0,710630,0,15082,0,7541,0,0,0,59003,59003,48178960,48178960,4096,4096,0,0,7541,7541,3302517487,3302517487,3302517495,3302517495,0,0,0,0,0,0,0,0,4096,256,131072,4,15|4,0,67108864,262144,256,0,0,0,0,900,0,888,0,225,222,0,1,900,0|246,4050605465,7,0,0,58195968,0,58195968,0,177940,0,0,222,0,0,0,0,0,0,0,7306257,0,0,0,0,0
1786188568650|1009|stream64_r2f_09|rotating|212,1378943233,33554687,62784679,61913635,62072352,61913635,62072352,61913635,59367,59145,59141,59141,0,0,7559,0,1825582441,1821957324,4096,4096,0,0,59142,59142,3273898748,3273898753,3273898756,3273898761,0,0,0,0,0,0,0,0,4096,256,131072,4,15|4,0,67108864,262144,256,0,0,0,0,900,0,888,0,225,222,0,1,900,0|246,3359638785,7,58409376,0,0,0,0,0,62042223,0,222,0,3202190594,0,3202190594,0,2080,3179726728,0,35720047,0,0,0,0,0
1786188573662|1009|stream64_r2f_09|fixed|214,1378943233,16781056,68949368,67992841,782249,0,782249,0,16602,0,8301,0,0,0,64949,64949,53034600,53034600,4096,4096,0,0,8301,8301,3624601426,3624601426,3624601434,3624601434,0,0,0,0,0,0,0,0,4096,256,131072,4,15|4,0,67108864,262144,256,0,0,0,0,988,0,976,0,247,244,0,1,988,0|248,77862205,8,0,0,63963136,0,63963136,0,195845,0,0,244,0,0,0,0,0,0,0,7351248,0,0,0,0,0
1786188573662|1009|stream64_r2f_09|rotating|214,1378943233,33554687,69105703,68147374,68321662,68147374,68321662,68147374,65344,65100,65096,65096,0,0,8320,0,2009396240,2005412156,4096,4096,0,0,65097,65097,3596549327,3596549308,3596549287,3596549316,0,0,0,0,0,0,0,0,4096,256,131072,4,15|4,0,67108864,262144,256,0,0,0,0,992,0,980,0,248,245,0,1,992,0|248,3680470529,7,64241088,0,0,0,0,0,68236923,0,245,0,3521564410,0,3521564410,0,2080,3497263688,0,38703670,0,0,0,0,0
1786188582508|1010|stream64_r2f_10|fixed|218,1378943233,16781056,6134530,6049643,69549,0,69549,0,1476,0,738,0,0,0,5783,5783,4715016,4715016,4096,4096,0,0,738,738,4189284059,4189284059,4189284075,4189284075,0,0,0,0,0,0,0,0,4096,256,131072,4,15|4,0,67108864,262144,256,0,0,0,0,100,0,88,0,25,22,0,1,100,0|256,641844482,8,0,0,5767168,0,5767168,0,17645,0,0,22,0,0,0,0,0,0,0,6886053,0,0,0,0,0
1786188582508|1010|stream64_r2f_10|rotating|218,1378943233,33554687,6285058,6197737,6213720,6197737,6213720,6197737,5950,5927,5925,5925,0,0,757,0,182895545,182533336,4096,4096,0,0,5926,5926,4161075884,4161075897,4161075892,4161075881,0,0,0,0,0,0,0,0,4096,256,131072,4,15|4,0,67108864,262144,256,0,0,0,0,100,0,88,0,25,22,0,1,100,0|256,4243508285,7,5909440,0,0,0,0,0,6264595,0,22,0,328192067,0,328192067,0,2080,321315410,0,9776807,0,0,0,0,0
1786188587514|1010|stream64_r2f_10|fixed|220,1378943233,16781056,12406309,12234127,140788,0,140788,0,2988,0,1494,0,0,0,11698,11698,9545064,9545064,4096,4096,0,0,1494,1494,214881865,214881865,214881873,214881873,0,0,0,0,0,0,0,0,4096,256,131072,4,15|4,0,67108864,262144,256,0,0,0,0,188,0,176,0,47,44,0,1,188,0|258,963051956,8,0,0,11534336,0,11534336,0,35480,0,0,44,0,0,0,0,0,0,0,6928752,0,0,0,0,0
1786188587514|1010|stream64_r2f_10|rotating|220,1378943233,33554687,12569728,12395199,12427053,12395199,12427053,12395199,11900,11854,11852,11852,0,0,1514,0,365874051,365152942,4096,4096,0,0,11853,11853,187296177,187296150,187296185,187296158,0,0,0,0,0,0,0,0,4096,256,131072,4,15|4,0,67108864,262144,256,0,0,0,0,188,0,176,0,47,44,0,1,188,0|258,272522162,8,11796480,0,0,0,0,0,12515684,0,45,0,650701480,0,650701480,0,2080,642130201,0,12634421,0,0,0,0,0
1786188592519|1010|stream64_r2f_10|fixed|222,1378943233,16781056,18669974,18410643,212030,0,212030,0,4500,0,2250,0,0,0,17605,17605,14375120,14375120,4096,4096,0,0,2250,2250,535243790,535243790,535243798,535243798,0,0,0,0,0,0,0,0,4096,256,131072,4,15|4,0,67108864,262144,256,0,0,0,0,276,0,264,0,69,66,0,1,276,0|260,1283795138,8,0,0,17301504,0,17301504,0,53314,0,0,66,0,0,0,0,0,0,0,6978215,0,0,0,0,0
1786188592519|1010|stream64_r2f_10|rotating|222,1378943233,33554687,18849909,18588552,18635899,18588552,18635899,18588552,17845,17778,17775,17775,0,0,2271,0,548695394,547614669,4096,4096,0,0,17776,17776,508217782,508217787,508217790,508217795,0,0,0,0,0,0,0,0,4096,256,131072,4,15|4,0,67108864,262144,256,0,0,0,0,280,0,268,0,70,67,0,1,280,0|260,592460209,8,17618976,0,0,0,0,0,18686955,0,67,0,969183903,0,969183903,0,2080,958775243,0,15616823,0,0,0,0,0
1786188597528|1010|stream64_r2f_10|fixed|224,1378943233,16781056,24943293,24597972,283273,0,283273,0,6012,0,3006,0,0,0,23521,23521,19205160,19205160,4096,4096,0,0,3006,3006,855804425,855804425,855804433,855804433,0,0,0,0,0,0,0,0,4096,256,131072,4,15|4,0,67108864,262144,256,0,0,0,0,364,0,352,0,91,88,0,1,364,0|262,1603216068,8,0,0,23068672,0,23068672,0,71054,0,0,88,0,0,0,0,0,0,0,7016869,0,0,0,0,0
1786188597528|1010|stream64_r2f_10|rotating|224,1378943233,33554687,25058706,24712404,24774208,24712404,24774208,24712404,23722,23633,23630,23630,0,0,3019,0,729422131,727982598,4096,4096,0,0,23631,23631,825494241,825494254,825494249,825494262,0,0,0,0,0,0,0,0,4096,256,131072,4,15|4,0,67108864,262144,256,0,0,0,0,364,0,352,0,91,88,0,1,368,0|262,907065372,8,23338720,0,0,0,0,0,24757761,0,89,0,1282359130,0,1282359130,0,2080,1270225332,0,18469267,0,0,0,0,0
1786188602550|1010|stream64_r2f_10|fixed|226,1378943233,16781056,31236188,30803679,354705,0,354705,0,7528,0,3764,0,0,0,29453,29453,24047952,24047952,4096,4096,0,0,3764,3764,1177224671,1177224671,1177224687,1177224687,0,0,0,0,0,0,0,0,4096,256,131072,4,15|5,0,67108864,262144,256,0,0,0,0,456,0,444,0,114,111,0,1,456,0|264,1927403547,8,0,0,29097984,0,29097984,0,89076,0,0,111,0,0,0,0,0,0,0,7056978,0,0,0,0,0
1786188602550|1010|stream64_r2f_10|rotating|226,1378943233,33554687,31404210,30969376,31047622,30969376,31047622,30969376,29726,29614,29611,29611,0,0,3784,0,914054096,912239088,4096,4096,0,0,29612,29612,1149684947,1149684936,1149684915,1149684944,0,0,0,0,0,0,0,0,4096,256,131072,4,15|4,0,67108864,262144,256,0,0,0,0,456,0,444,0,114,111,0,1,456,0|264,1233031416,8,29263968,0,0,0,0,0,31051546,0,111,0,1606843862,0,1606843862,0,2080,1593028308,0,21322451,0,0,0,0,0
1786188607563|1010|stream64_r2f_10|fixed|228,1378943233,16781056,37515415,36996655,425944,0,425944,0,9040,0,4520,0,0,0,35374,35374,28878000,28878000,4096,4096,0,0,4520,4520,1497782916,1497782916,1497782924,1497782924,0,0,0,0,0,0,0,0,4096,256,131072,4,15|4,0,67108864,262144,256,0,0,0,0,544,0,532,0,136,133,0,1,544,0|266,2244948778,8,0,0,34865152,0,34865152,0,106721,0,0,133,0,0,0,0,0,0,0,7100405,0,0,0,0,0
1786188607563|1010|stream64_r2f_10|rotating|228,1378943233,33554687,37638659,37117744,37211206,37117744,37211206,37117744,35627,35493,35490,35490,0,0,4536,0,1095510780,1093336415,4096,4096,0,0,35491,35491,1468235053,1468235034,1468235061,1468235042,0,0,0,0,0,0,0,0,4096,256,131072,4,15|4,0,67108864,262144,256,0,0,0,0,544,0,532,0,136,133,0,1,544,0|266,1551882644,8,35062752,0,0,0,0,0,37205311,0,133,0,1924245394,0,1924245394,0,2080,1908722563,0,24174004,0,0,0,0,0
1786188612565|1010|stream64_r2f_10|fixed|230,1378943233,16781056,43780584,43173795,497186,0,497186,0,10552,0,5276,0,0,0,41281,41281,33708056,33708056,4096,4096,0,0,5276,5276,1818147574,1818147574,1818147582,1818147582,0,0,0,0,0,0,0,0,4096,256,131072,4,15|4,0,67108864,262144,256,0,0,0,0,632,0,620,0,158,155,0,1,632,0|268,2565579522,8,0,0,40632320,0,40632320,0,124532,0,0,155,0,0,0,0,0,0,0,7148337,0,0,0,0,0
1786188612565|1010|stream64_r2f_10|rotating|230,1378943233,33554687,43910302,43301961,43411700,43301961,43411700,43301961,41562,41406,41403,41403,0,0,5291,0,1278037167,1275501818,4096,4096,0,0,41404,41404,1788639712,1788639693,1788639720,1788639701,0,0,0,0,0,0,0,0,4096,256,131072,4,15|4,0,67108864,262144,256,0,0,0,0,632,0,620,0,158,155,0,1,632,0|268,1872267942,8,40893152,0,0,0,0,0,43389599,0,155,0,2243173092,0,2243173092,0,2080,2225947231,0,27028098,0,0,0,0,0
1786188617575|1010|stream64_r2f_10|fixed|232,1378943233,16781056,50073177,49377546,568617,0,568617,0,12068,0,6034,0,0,0,47213,47213,38550880,38550880,4096,4096,0,0,6034,6034,2139565141,2139565141,2139565149,2139565149,0,0,0,0,0,0,0,0,4096,256,131072,4,15|4,0,67108864,262144,256,0,0,0,0,720,0,708,0,180,177,0,1,720,0|270,2885772828,8,0,0,46399488,0,46399488,0,142320,0,0,177,0,0,0,0,0,0,0,7190934,0,0,0,0,0
1786188617575|1010|stream64_r2f_10|rotating|232,1378943233,33554687,50181931,49485092,49612089,49485092,49612089,49485092,47496,47318,47315,47315,0,0,6047,0,1460538250,1457643461,4096,4096,0,0,47316,47316,2108995405,2108995394,2108995421,2108995402,0,0,0,0,0,0,0,0,4096,256,131072,4,15|4,0,67108864,262144,256,0,0,0,0,724,0,712,0,181,178,0,1,724,0|270,2192645153,8,46716960,0,0,0,0,0,49571487,0,178,0,2562094351,0,2562094351,0,2080,2543033586,0,30008072,0,0,0,0,0
1786188622587|1010|stream64_r2f_10|fixed|234,1378943233,16781056,56357892,55574746,639955,0,639955,0,13582,0,6791,0,0,0,53138,53138,43387264,43387264,4096,4096,0,0,6791,6791,2460557326,2460557326,2460557334,2460557334,0,0,0,0,0,0,0,0,4096,256,131072,4,15|5,0,67108864,262144,256,0,0,0,0,812,0,800,0,203,200,0,1,812,0|272,3209323167,8,0,0,52428800,0,52428800,0,160318,0,0,200,0,0,0,0,0,0,0,7229857,0,0,0,0,0
1786188622587|1010|stream64_r2f_10|rotating|234,1378943233,33554687,56525872,55740151,55883939,55740151,55883939,55740151,53500,53299,53296,53296,0,0,6812,0,1645157834,1641888101,4096,4096,0,0,53297,53297,2433171880,2433171885,2433171888,2433171893,0,0,0,0,0,0,0,0,4096,256,131072,4,15|4,0,67108864,262144,256,0,0,0,0,812,0,800,0,203,200,0,1,812,0|272,2516315090,8,52602688,0,0,0,0,0,55819138,0,200,0,2884292856,0,2884292856,0,2080,2863540087,0,32863019,0,0,0,0,0
1786188627593|1010|stream64_r2f_10|fixed|236,1378943233,16781056,62612406,61741688,710912,0,710912,0,15088,0,7544,0,0,0,59033,59033,48198152,48198152,4096,4096,0,0,7544,7544,2779828756,2779828756,2779828764,2779828764,0,0,0,0,0,0,0,0,4096,256,131072,4,15|4,0,67108864,262144,256,0,0,0,0,900,0,888,0,225,222,0,1,900,0|274,3527209958,8,0,0,58195968,0,58195968,0,177963,0,0,222,0,0,0,0,0,0,0,7271648,0,0,0,0,0
1786188627593|1010|stream64_r2f_10|rotating|236,1378943233,33558272,62735455,61862784,62023034,61862784,62023034,61862784,59375,59152,59150,59150,0,0,7560,0,1825845688,1822216576,4096,4096,0,0,59150,59150,2750365888,2750366221,2750365896,2750366229,0,0,0,0,0,0,0,0,4096,256,131072,4,15|4,0,67108864,262144,256,0,0,0,0,900,0,888,0,225,222,0,1,900,0|274,2834396164,8,58385664,0,0,0,0,0,61958824,0,222,0,3200928186,0,3200928186,0,2080,3178463078,0,35716240,0,0,0,0,0
1786188632601|1010|stream64_r2f_10|fixed|238,1378943233,16781056,68882839,67923823,782154,0,782154,0,16600,0,8300,0,0,0,64944,64944,53028200,53028200,4096,4096,0,0,8300,8300,3100192578,3100192578,3100192586,3100192586,0,0,0,0,0,0,0,0,4096,256,131072,4,15|4,0,67108864,262144,256,0,0,0,0,988,0,976,0,247,244,0,1,988,0|276,3848252508,8,0,0,63963136,0,63963136,0,195821,0,0,244,0,0,0,0,0,0,0,7308127,0,0,0,0,0
1786188632601|1010|stream64_r2f_10|rotating|238,1378943233,33554687,69027540,68066736,68243687,68066736,68243687,68066736,65328,65084,65080,65080,0,0,8318,0,2008899816,2004910750,4096,4096,0,0,65081,65081,3071706441,3071706438,3071706409,3071706446,0,0,0,0,0,0,0,0,4096,256,131072,4,15|4,0,67108864,262144,256,0,0,0,0,988,0,976,0,247,244,0,1,988,0|276,3154574341,8,64216064,0,0,0,0,0,68140432,0,244,0,3519648763,0,3519648763,0,2080,3495480626,0,38570333,0,0,0,0,0
