captured_ms|sequence|label|role|admission_snapshot_words_csv|ps_runtime_words_csv|pl_perf_snapshot_words_csv
1785957446279|1001|dma_reset_fixed_3_clean64|fixed|2,1378943233,16777710,6140865,6056973,6071113,6056973,6071113,6056973,5813,5791,5791,5791,0,0,739,0,178756624,178411931,4096,4096,0,0,5791,5791,360240851,360241200,360240867,360241208,0,0,0,0,0,0,0,0,4096,256,131072,4,15|4,0,67108864,262144,256,0,0,0,0,96,0,84,0,24,21,0,1,96,0|4,1074658678,0,5757952,0,0,0,0,0,6106877,0,21,0,320090358,0,320090358,0,2080,313292411,0,9668797,0,0,0,0,0
1785957446279|1001|dma_reset_fixed_3_clean64|rotating|2,1378943233,33558272,6213049,6127737,70598,0,70598,0,1496,0,748,0,0,0,5859,5859,4778928,0,4096,0,0,0,748,0,345741564,0,345741572,0,0,0,0,0,0,0,0,0,4096,256,131072,4,15|4,0,67108864,262144,256,0,0,0,0,100,0,88,0,25,22,0,1,100,0|4,391524901,0,0,0,5767168,0,5767168,0,17768,0,0,22,0,0,0,0,0,0,0,6909855,0,0,0,0,0
1785957451285|1001|dma_reset_fixed_3_clean64|fixed|4,1378943233,16781056,12409828,12238946,12268632,12238946,12268632,12238946,11748,11704,11704,11704,0,0,1496,0,361279984,360559136,4096,4096,0,0,11704,11704,680669592,680648181,680669600,680648189,0,0,0,0,0,0,0,0,4096,256,131072,4,15|4,0,67108864,262144,256,0,0,0,0,188,0,176,0,47,44,0,1,188,0|6,1395783070,0,11597568,0,0,0,0,0,12299176,0,44,0,639754846,0,639754846,0,2080,631091940,0,12682220,0,0,0,0,0
1785957451285|1001|dma_reset_fixed_3_clean64|rotating|4,1378943233,33558272,12498257,12326345,142143,0,142143,0,3012,0,1506,0,0,0,11787,11787,9621776,0,4096,0,0,0,1506,0,667318814,0,667318822,0,0,0,0,0,0,0,0,0,4096,256,131072,4,15|4,0,67108864,262144,256,0,0,0,0,188,0,176,0,47,44,0,1,188,0|6,714438195,0,0,0,11534336,0,11534336,0,35725,0,0,44,0,0,0,0,0,0,0,6960726,0,0,0,0,0
1785957456295|1001|dma_reset_fixed_3_clean64|fixed|6,1378943233,16777471,18685077,18426954,18472526,18426954,18472526,18426954,17688,17621,17620,17620,0,0,2252,0,543915898,542835736,4096,4096,0,0,17621,17621,1001431340,1001431345,1001431348,1001431321,0,0,0,0,0,0,0,0,4096,256,131072,4,15|4,0,67108864,262144,256,0,0,0,0,276,0,264,0,69,66,0,1,276,0|8,1715800588,0,17420064,0,0,0,0,0,18475247,0,66,0,958316740,0,958316740,0,2080,947921186,0,15564235,0,0,0,0,0
1785957456295|1001|dma_reset_fixed_3_clean64|rotating|6,1378943233,33558272,18753317,18494338,213308,0,213308,0,4520,0,2260,0,0,0,17685,17685,14439016,0,4096,0,0,0,2260,0,987048904,0,987048912,0,0,0,0,0,0,0,0,0,4096,256,131072,4,15|4,0,67108864,262144,256,0,0,0,0,276,0,264,0,69,66,0,1,276,0|8,1032383951,0,0,0,17301504,0,17301504,0,53421,0,0,66,0,0,0,0,0,0,0,6990842,0,0,0,0,0
1785957461310|1001|dma_reset_fixed_3_clean64|fixed|8,1378943233,16777471,24966018,24622170,24682112,24622170,24682112,24622170,23633,23544,23543,23543,0,0,3008,0,726732320,725292982,4096,4096,0,0,23544,23544,1322377955,1322377936,1322377915,1322377944,0,0,0,0,0,0,0,0,4096,256,131072,4,15|4,0,67108864,262144,256,0,0,0,0,364,0,352,0,91,88,0,1,364,0|10,2036925229,0,23258368,0,0,0,0,0,24672856,0,88,0,1277981805,0,1277981805,0,2080,1265856465,0,18446782,0,0,0,0,0
1785957461310|1001|dma_reset_fixed_3_clean64|rotating|8,1378943233,33558272,25035828,24691152,284755,0,284755,0,6034,0,3017,0,0,0,23609,23609,19275400,0,4096,0,0,0,3017,0,1308068790,0,1308068798,0,0,0,0,0,0,0,0,0,4096,256,131072,4,15|4,0,67108864,262144,256,0,0,0,0,364,0,352,0,91,88,0,1,364,0|10,1353405312,0,0,0,23068672,0,23068672,0,71282,0,0,88,0,0,0,0,0,0,0,7021275,0,0,0,0,0
1785957466317|1001|dma_reset_fixed_3_clean64|fixed|10,1378943233,16777471,31258833,30827130,30903386,30827130,30903386,30827130,29587,29476,29475,29475,0,0,3766,0,909852864,908055275,4096,4096,0,0,29476,29476,1643843527,1643843556,1643843535,1643843564,0,0,0,0,0,0,0,0,4096,256,131072,4,15|4,0,67108864,262144,256,0,0,0,0,452,0,440,0,113,110,0,1,452,0|12,2358217483,0,29096672,0,0,0,0,0,30874093,0,110,0,1597814483,0,1597814483,0,2080,1583959403,0,21329283,0,0,0,0,0
1785957466317|1001|dma_reset_fixed_3_clean64|rotating|10,1378943233,33558272,31336498,30903355,356388,0,356388,0,7552,0,3776,0,0,0,29549,29549,24124624,0,4096,0,0,0,3776,0,1629752107,0,1629752115,0,0,0,0,0,0,0,0,0,4096,256,131072,4,15|4,0,67108864,262144,256,0,0,0,0,456,0,444,0,114,111,0,1,456,0|12,1676134475,0,0,0,29097984,0,29097984,0,89239,0,0,111,0,0,0,0,0,0,0,7070659,0,0,0,0,0
1785957471372|1001|dma_reset_fixed_3_clean64|fixed|12,1378943233,16777471,37588782,37069564,37161228,37069564,37161228,37069564,35578,35444,35443,35443,0,0,4530,0,1094066201,1091891336,4096,4096,0,0,35444,35444,1967346088,1967346125,1967346096,1967346093,0,0,0,0,0,0,0,0,4096,256,131072,4,15|4,0,67108864,262144,256,0,0,0,0,544,0,532,0,136,133,0,1,544,0|14,2681782942,0,34983712,0,0,0,0,0,37116892,0,133,0,1919908182,0,1919908182,0,2080,1904195501,0,24345530,0,0,0,0,0
1785957471372|1001|dma_reset_fixed_3_clean64|rotating|12,1378943233,33558272,37656455,37136307,428311,0,428311,0,9076,0,4538,0,0,0,35507,35507,28993024,0,4096,0,0,0,4538,0,1952923521,0,1952923529,0,0,0,0,0,0,0,0,0,4096,256,131072,4,15|4,0,67108864,262144,256,0,0,0,0,544,0,532,0,136,133,0,1,544,0|14,1998205168,0,0,0,34865152,0,34865152,0,107172,0,0,133,0,0,0,0,0,0,0,7115295,0,0,0,0,0
1785957476381|1001|dma_reset_fixed_3_clean64|fixed|14,1378943233,16777471,43844516,43239556,43345890,43239556,43345890,43239556,41498,41342,41341,41341,0,0,5283,0,1276126685,1273591928,4096,4096,0,0,41342,41342,2286973419,2286973424,2286973427,2286973416,0,0,0,0,0,0,0,0,4096,256,131072,4,15|4,0,67108864,262144,256,0,0,0,0,632,0,620,0,158,155,0,1,632,0|16,3001627681,0,40798304,0,0,0,0,0,43290267,0,155,0,2238299273,0,2238299273,0,2080,2220848463,0,27231329,0,0,0,0,0
1785957476381|1001|dma_reset_fixed_3_clean64|rotating|14,1378943233,33558272,43936268,43330341,499664,0,499664,0,10588,0,5294,0,0,0,41427,41427,33823032,0,4096,0,0,0,5294,0,2273516881,0,2273516889,0,0,0,0,0,0,0,0,0,4096,256,131072,4,15|4,0,67108864,262144,256,0,0,0,0,632,0,620,0,158,155,0,1,632,0|16,2319018322,0,0,0,40632320,0,40632320,0,125009,0,0,155,0,0,0,0,0,0,0,7159937,0,0,0,0,0
1785957481389|1001|dma_reset_fixed_3_clean64|fixed|16,1378943233,16777471,50112422,49420805,49542442,49420805,49542442,49420805,47434,47256,47255,47255,0,0,6039,0,1458686947,1455792584,4096,4096,0,0,47256,47256,2607468216,2607468245,2607468224,2607468197,0,0,0,0,0,0,0,0,4096,256,131072,4,15|4,0,67108864,262144,256,0,0,0,0,720,0,708,0,180,177,0,1,720,0|18,3322280851,0,46628704,0,0,0,0,0,49473898,0,177,0,2557494843,0,2557494843,0,2080,2538309028,0,30117398,0,0,0,0,0
1785957481389|1001|dma_reset_fixed_3_clean64|rotating|16,1378943233,33558272,50211487,49517820,571202,0,571202,0,12104,0,6052,0,0,0,47349,47349,38665872,0,4096,0,0,0,6052,0,2594646277,0,2594646285,0,0,0,0,0,0,0,0,0,4096,256,131072,4,15|4,0,67108864,262144,256,0,0,0,0,724,0,712,0,181,178,0,1,724,0|18,2641539083,0,0,0,46661632,0,46661632,0,142966,0,0,178,0,0,0,0,0,0,0,7201496,0,0,0,0,0
1785957486396|1001|dma_reset_fixed_3_clean64|fixed|18,1378943233,16777471,56377427,55599166,55736099,55599166,55736099,55599166,53368,53168,53167,53167,0,0,6795,0,1641175295,1637923178,4096,4096,0,0,53168,53168,2927843321,2927843334,2927843329,2927843342,0,0,0,0,0,0,0,0,4096,256,131072,4,15|4,0,67108864,262144,256,0,0,0,0,812,0,800,0,203,200,0,1,812,0|20,3642421596,0,52452512,0,0,0,0,0,55644223,0,200,0,2876179636,0,2876179636,0,2080,2855121924,0,33134365,0,0,0,0,0
1785957486396|1001|dma_reset_fixed_3_clean64|rotating|18,1378943233,33558272,56468839,55688752,642368,0,642368,0,13612,0,6806,0,0,0,53253,53253,43483136,0,4096,0,0,0,6806,0,2914507988,0,2914507996,0,0,0,0,0,0,0,0,0,4096,256,131072,4,15|4,0,67108864,262144,256,0,0,0,0,812,0,800,0,203,200,0,1,812,0|20,2960221281,0,0,0,52428800,0,52428800,0,160710,0,0,200,0,0,0,0,0,0,0,7238996,0,0,0,0,0
1785957491397|1001|dma_reset_fixed_3_clean64|fixed|20,1378943233,16777471,62633778,61768340,61921191,61768340,61921191,61768340,59295,59072,59071,59071,0,0,7550,0,1823422454,1819794985,4096,4096,0,0,59072,59072,3247921219,3247921200,3247921227,3247921208,0,0,0,0,0,0,0,0,4096,256,131072,4,15|4,0,67108864,262144,256,0,0,0,0,900,0,888,0,225,222,0,1,900,0|22,3962135839,0,58267104,0,0,0,0,0,61809048,0,222,0,3194440231,0,3194440231,0,2080,3171644040,0,36020514,0,0,0,0,0
1785957491397|1001|dma_reset_fixed_3_clean64|rotating|20,1378943233,33558272,62706743,61840458,713440,0,713440,0,15118,0,7559,0,0,0,59140,59140,48294040,0,4096,0,0,0,7559,0,3233812425,0,3233812433,0,0,0,0,0,0,0,0,0,4096,256,131072,4,15|4,0,67108864,262144,256,0,0,0,0,900,0,888,0,225,222,0,1,900,0|22,3279101863,0,0,0,58195968,0,58195968,0,178454,0,0,222,0,0,0,0,0,0,0,7284568,0,0,0,0,0
1785957496409|1001|dma_reset_fixed_3_clean64|fixed|22,1378943233,16777471,68914718,67961973,68130680,67961973,68130680,67961973,65240,64995,64994,64994,0,0,8307,0,2006244456,2002259232,4096,4096,0,0,64995,64995,3568880463,3568880436,3568880439,3568880444,0,0,0,0,0,0,0,0,4096,256,131072,4,15|4,0,67108864,262144,256,0,0,0,0,988,0,976,0,247,244,0,1,988,0|24,4283120607,0,64097504,0,0,0,0,0,68003197,0,244,0,3513967399,0,3513967399,0,2080,3489435780,0,38907006,0,0,0,0,0
1785957496409|1001|dma_reset_fixed_3_clean64|rotating|22,1378943233,33558272,68978780,68025298,784700,0,784700,0,16628,0,8314,0,0,0,65054,65054,53117680,0,4096,0,0,0,8314,0,3553976736,0,3553976744,0,0,0,0,0,0,0,0,0,4096,256,131072,4,15|4,0,67108864,262144,256,0,0,0,0,988,0,976,0,247,244,0,1,988,0|24,3599681108,0,0,0,63963136,0,63963136,0,196293,0,0,244,0,0,0,0,0,0,0,7318239,0,0,0,0,0
