sample|module|direction|lane_mask|tail_cycles|sender_raw|sender_raw_while_tx|sender_blanked_raw|sender_blanked_frame|sender_blanked_crc_valid|sender_local_source_reject|sender_accepted_remote|receiver_raw|receiver_accepted_remote|sender_last_txd_rise|sender_last_txd_fall|sender_first_rxd_after_tx|sender_last_rxd_after_tx|sender_overlap_violation|sender_admission_violation|sender_non_target_accepted|sender_cross_lane_accepted|receiver_overlap_violation|receiver_admission_violation|receiver_non_target_accepted|receiver_cross_lane_accepted
0|R1|1|2|0|1|1|1|0|0|0|0|1|0|2630684431|2630684436|0|0|0|0|0|0|0|0|0|0
1|R1|1|2|0|1|1|1|0|0|0|0|1|0|2636871128|2636871133|0|0|0|0|0|0|0|0|0|0
2|R1|1|2|0|1|1|1|0|0|0|0|1|0|2644555123|2644555128|0|0|0|0|0|0|0|0|0|0
3|R1|1|2|0|1|1|1|0|0|0|0|1|0|2653145184|2653145189|0|0|0|0|0|0|0|0|0|0
4|R1|1|2|0|1|1|1|0|0|0|0|1|0|2661160000|2661160005|0|0|0|0|0|0|0|0|0|0
5|R1|1|2|0|1|1|1|0|0|0|0|1|0|2669908219|2669908224|0|0|0|0|0|0|0|0|0|0
6|R1|1|2|0|1|1|1|0|0|0|0|1|0|2677910304|2677910309|0|0|0|0|0|0|0|0|0|0
7|R1|1|2|0|1|1|1|0|0|0|0|1|0|2684823064|2684823069|0|0|0|0|0|0|0|0|0|0
8|R1|1|2|0|1|1|1|0|0|0|0|1|0|2694036479|2694036484|0|0|0|0|0|0|0|0|0|0
9|R1|1|2|0|1|1|1|0|0|0|0|1|0|2702745284|2702745289|0|0|0|0|0|0|0|0|0|0
10|R1|1|2|0|1|1|1|0|0|0|0|1|0|2710605875|2710605880|0|0|0|0|0|0|0|0|0|0
11|R1|1|2|0|1|1|1|0|0|0|0|1|0|2717618387|2717618392|0|0|0|0|0|0|0|0|0|0
12|R1|1|2|0|1|1|1|0|0|0|0|1|0|2725800242|2725800247|0|0|0|0|0|0|0|0|0|0
13|R1|1|2|0|1|1|1|0|0|0|0|1|0|2733416676|2733416681|0|0|0|0|0|0|0|0|0|0
14|R1|1|2|0|1|1|1|0|0|0|0|1|0|2741299780|2741299785|0|0|0|0|0|0|0|0|0|0
15|R1|1|2|0|1|1|1|0|0|0|0|1|0|2748700914|2748700919|0|0|0|0|0|0|0|0|0|0
16|R1|1|2|0|1|1|1|0|0|0|0|1|0|2758075000|2758075005|0|0|0|0|0|0|0|0|0|0
17|R1|1|2|0|1|1|1|0|0|0|0|1|0|2766658477|2766658482|0|0|0|0|0|0|0|0|0|0
18|R1|1|2|0|1|1|1|0|0|0|0|1|0|2774988166|2774988171|0|0|0|0|0|0|0|0|0|0
19|R1|1|2|0|1|1|1|0|0|0|0|1|0|2782893728|2782893733|0|0|0|0|0|0|0|0|0|0
20|R1|1|2|0|1|1|1|0|0|0|0|1|0|2791156060|2791156065|0|0|0|0|0|0|0|0|0|0
21|R1|1|2|0|1|1|1|0|0|0|0|1|0|2798804640|2798804645|0|0|0|0|0|0|0|0|0|0
22|R1|1|2|0|1|1|1|0|0|0|0|1|0|2805826648|2805826653|0|0|0|0|0|0|0|0|0|0
23|R1|1|2|0|1|1|1|0|0|0|0|1|0|2814037574|2814037579|0|0|0|0|0|0|0|0|0|0
24|R1|1|2|0|1|1|1|0|0|0|0|1|0|2822550377|2822550382|0|0|0|0|0|0|0|0|0|0
25|R1|1|2|0|1|1|1|0|0|0|0|1|0|2830404527|2830404532|0|0|0|0|0|0|0|0|0|0
26|R1|1|2|0|1|1|1|0|0|0|0|1|0|2838056420|2838056425|0|0|0|0|0|0|0|0|0|0
27|R1|1|2|0|1|1|1|0|0|0|0|1|0|2845560376|2845560381|0|0|0|0|0|0|0|0|0|0
28|R1|1|2|0|1|1|1|0|0|0|0|1|0|2854491128|2854491133|0|0|0|0|0|0|0|0|0|0
29|R1|1|2|0|1|1|1|0|0|0|0|1|0|2863232036|2863232041|0|0|0|0|0|0|0|0|0|0
30|R1|1|2|0|1|1|1|0|0|0|0|1|0|2871311145|2871311150|0|0|0|0|0|0|0|0|0|0
31|R1|1|2|0|1|1|1|0|0|0|0|1|0|2879017769|2879017774|0|0|0|0|0|0|0|0|0|0
32|R1|1|2|0|1|1|1|0|0|0|0|1|0|2888944265|2888944270|0|0|0|0|0|0|0|0|0|0
33|R1|1|2|0|1|1|1|0|0|0|0|1|0|2894677915|2894677920|0|0|0|0|0|0|0|0|0|0
34|R1|1|2|0|1|1|1|0|0|0|0|1|0|2903206959|2903206964|0|0|0|0|0|0|0|0|0|0
35|R1|1|2|0|1|1|1|0|0|0|0|1|0|2911389167|2911389172|0|0|0|0|0|0|0|0|0|0
36|R1|1|2|0|1|1|1|0|0|0|0|1|0|2919346144|2919346149|0|0|0|0|0|0|0|0|0|0
37|R1|1|2|0|1|1|1|0|0|0|0|1|0|2927402706|2927402711|0|0|0|0|0|0|0|0|0|0
38|R1|1|2|0|1|1|1|0|0|0|0|1|0|2933666456|2933666461|0|0|0|0|0|0|0|0|0|0
39|R1|1|2|0|1|1|1|0|0|0|0|1|0|2941710139|2941710144|0|0|0|0|0|0|0|0|0|0
40|R1|1|2|0|1|1|1|0|0|0|0|1|0|2949448609|2949448614|0|0|0|0|0|0|0|0|0|0
41|R1|1|2|0|1|1|1|0|0|0|0|1|0|2957103681|2957103686|0|0|0|0|0|0|0|0|0|0
42|R1|1|2|0|1|1|1|0|0|0|0|1|0|2964083922|2964083927|0|0|0|0|0|0|0|0|0|0
43|R1|1|2|0|1|1|1|0|0|0|0|1|0|2971170454|2971170459|0|0|0|0|0|0|0|0|0|0
44|R1|1|2|0|1|1|1|0|0|0|0|1|0|2980076175|2980076180|0|0|0|0|0|0|0|0|0|0
45|R1|1|2|0|1|1|1|0|0|0|0|1|0|2988033144|2988033149|0|0|0|0|0|0|0|0|0|0
46|R1|1|2|0|1|1|1|0|0|0|0|1|0|2995064952|2995064957|0|0|0|0|0|0|0|0|0|0
47|R1|1|2|0|1|1|1|0|0|0|0|1|0|3003606813|3003606818|0|0|0|0|0|0|0|0|0|0
48|R1|1|2|0|1|1|1|0|0|0|0|1|0|3010044280|3010044285|0|0|0|0|0|0|0|0|0|0
49|R1|1|2|0|1|1|1|0|0|0|0|1|0|3019559515|3019559520|0|0|0|0|0|0|0|0|0|0
50|R1|1|2|0|1|1|1|0|0|0|0|1|0|3028001627|3028001632|0|0|0|0|0|0|0|0|0|0
51|R1|1|2|0|1|1|1|0|0|0|0|1|0|3037388361|3037388366|0|0|0|0|0|0|0|0|0|0
52|R1|1|2|0|1|1|1|0|0|0|0|1|0|3046154995|3046155000|0|0|0|0|0|0|0|0|0|0
53|R1|1|2|0|1|1|1|0|0|0|0|1|0|3054089473|3054089478|0|0|0|0|0|0|0|0|0|0
54|R1|1|2|0|1|1|1|0|0|0|0|1|0|3062200667|3062200672|0|0|0|0|0|0|0|0|0|0
55|R1|1|2|0|1|1|1|0|0|0|0|1|0|3072628384|3072628389|0|0|0|0|0|0|0|0|0|0
56|R1|1|2|0|1|1|1|0|0|0|0|1|0|3082606665|3082606670|0|0|0|0|0|0|0|0|0|0
57|R1|1|2|0|1|1|1|0|0|0|0|1|0|3089811826|3089811831|0|0|0|0|0|0|0|0|0|0
58|R1|1|2|0|1|1|1|0|0|0|0|1|0|3097759160|3097759165|0|0|0|0|0|0|0|0|0|0
59|R1|1|2|0|1|1|1|0|0|0|0|1|0|3105931379|3105931384|0|0|0|0|0|0|0|0|0|0
60|R1|1|2|0|1|1|1|0|0|0|0|1|0|3113975265|3113975270|0|0|0|0|0|0|0|0|0|0
61|R1|1|2|0|1|1|1|0|0|0|0|1|0|3120801238|3120801243|0|0|0|0|0|0|0|0|0|0
62|R1|1|2|0|1|1|1|0|0|0|0|1|0|3128642811|3128642816|0|0|0|0|0|0|0|0|0|0
63|R1|1|2|0|1|1|1|0|0|0|0|1|0|3138248013|3138248018|0|0|0|0|0|0|0|0|0|0
64|R1|1|2|0|1|1|1|0|0|0|0|1|0|3148274099|3148274104|0|0|0|0|0|0|0|0|0|0
65|R1|1|2|0|1|1|1|0|0|0|0|1|0|3155588477|3155588482|0|0|0|0|0|0|0|0|0|0
66|R1|1|2|0|1|1|1|0|0|0|0|1|0|3163850660|3163850665|0|0|0|0|0|0|0|0|0|0
67|R1|1|2|0|1|1|1|0|0|0|0|1|0|3171807900|3171807905|0|0|0|0|0|0|0|0|0|0
68|R1|1|2|0|1|1|1|0|0|0|0|1|0|3182476664|3182476669|0|0|0|0|0|0|0|0|0|0
69|R1|1|2|0|1|1|1|0|0|0|0|1|0|3191580658|3191580663|0|0|0|0|0|0|0|0|0|0
70|R1|1|2|0|1|1|1|0|0|0|0|1|0|3201320799|3201320804|0|0|0|0|0|0|0|0|0|0
71|R1|1|2|0|1|1|1|0|0|0|0|1|0|3209210976|3209210981|0|0|0|0|0|0|0|0|0|0
72|R1|1|2|0|1|1|1|0|0|0|0|1|0|3216955890|3216955895|0|0|0|0|0|0|0|0|0|0
73|R1|1|2|0|1|1|1|0|0|0|0|1|0|3224916073|3224916078|0|0|0|0|0|0|0|0|0|0
74|R1|1|2|0|1|1|1|0|0|0|0|1|0|3232230454|3232230459|0|0|0|0|0|0|0|0|0|0
75|R1|1|2|0|1|1|1|0|0|0|0|1|0|3241562552|3241562557|0|0|0|0|0|0|0|0|0|0
76|R1|1|2|0|1|1|1|0|0|0|0|1|0|3249265709|3249265714|0|0|0|0|0|0|0|0|0|0
77|R1|1|2|0|1|1|1|0|0|0|0|1|0|3257804438|3257804443|0|0|0|0|0|0|0|0|0|0
78|R1|1|2|0|1|1|1|0|0|0|0|1|0|3265173432|3265173437|0|0|0|0|0|0|0|0|0|0
79|R1|1|2|0|1|1|1|0|0|0|0|1|0|3275491899|3275491904|0|0|0|0|0|0|0|0|0|0
80|R1|1|2|0|1|1|1|0|0|0|0|1|0|3284326035|3284326040|0|0|0|0|0|0|0|0|0|0
81|R1|1|2|0|1|1|1|0|0|0|0|1|0|3291283794|3291283799|0|0|0|0|0|0|0|0|0|0
82|R1|1|2|0|1|1|1|0|0|0|0|1|0|3298598483|3298598488|0|0|0|0|0|0|0|0|0|0
83|R1|1|2|0|1|1|1|0|0|0|0|1|0|3307063759|3307063764|0|0|0|0|0|0|0|0|0|0
84|R1|1|2|0|1|1|1|0|0|0|0|1|0|3314195012|3314195017|0|0|0|0|0|0|0|0|0|0
85|R1|1|2|0|1|1|1|0|0|0|0|1|0|3321455032|3321455037|0|0|0|0|0|0|0|0|0|0
86|R1|1|2|0|1|1|1|0|0|0|0|1|0|3330350159|3330350164|0|0|0|0|0|0|0|0|0|0
87|R1|1|2|0|1|1|1|0|0|0|0|1|0|3340360191|3340360196|0|0|0|0|0|0|0|0|0|0
88|R1|1|2|0|1|1|1|0|0|0|0|1|0|3349364559|3349364564|0|0|0|0|0|0|0|0|0|0
89|R1|1|2|0|1|1|1|0|0|0|0|1|0|3358879812|3358879817|0|0|0|0|0|0|0|0|0|0
90|R1|1|2|0|1|1|1|0|0|0|0|1|0|3366213462|3366213467|0|0|0|0|0|0|0|0|0|0
91|R1|1|2|0|1|1|1|0|0|0|0|1|0|3376323163|3376323168|0|0|0|0|0|0|0|0|0|0
92|R1|1|2|0|1|1|1|0|0|0|0|1|0|3382773284|3382773289|0|0|0|0|0|0|0|0|0|0
93|R1|1|2|0|1|1|1|0|0|0|0|1|0|3389213750|3389213755|0|0|0|0|0|0|0|0|0|0
94|R1|1|2|0|1|1|1|0|0|0|0|1|0|3397177138|3397177143|0|0|0|0|0|0|0|0|0|0
95|R1|1|2|0|1|1|1|0|0|0|0|1|0|3405758264|3405758269|0|0|0|0|0|0|0|0|0|0
96|R1|1|2|0|1|1|1|0|0|0|0|1|0|3412102642|3412102647|0|0|0|0|0|0|0|0|0|0
97|R1|1|2|0|1|1|1|0|0|0|0|1|0|3420252385|3420252390|0|0|0|0|0|0|0|0|0|0
98|R1|1|2|0|1|1|1|0|0|0|0|1|0|3426628586|3426628591|0|0|0|0|0|0|0|0|0|0
99|R1|1|2|0|1|1|1|0|0|0|0|1|0|3433888338|3433888343|0|0|0|0|0|0|0|0|0|0
100|R1|1|2|0|1|1|1|0|0|0|0|1|0|3441983570|3441983575|0|0|0|0|0|0|0|0|0|0
101|R1|1|2|0|1|1|1|0|0|0|0|1|0|3449028370|3449028375|0|0|0|0|0|0|0|0|0|0
102|R1|1|2|0|1|1|1|0|0|0|0|1|0|3459154095|3459154100|0|0|0|0|0|0|0|0|0|0
103|R1|1|2|0|1|1|1|0|0|0|0|1|0|3466166514|3466166519|0|0|0|0|0|0|0|0|0|0
104|R1|1|2|0|1|1|1|0|0|0|0|1|0|3476073778|3476073783|0|0|0|0|0|0|0|0|0|0
105|R1|1|2|0|1|1|1|0|0|0|0|1|0|3484066086|3484066091|0|0|0|0|0|0|0|0|0|0
106|R1|1|2|0|1|1|1|0|0|0|0|1|0|3491345426|3491345431|0|0|0|0|0|0|0|0|0|0
107|R1|1|2|0|1|1|1|0|0|0|0|1|0|3501329784|3501329789|0|0|0|0|0|0|0|0|0|0
108|R1|1|2|0|1|1|1|0|0|0|0|1|0|3509717874|3509717879|0|0|0|0|0|0|0|0|0|0
109|R1|1|2|0|1|1|1|0|0|0|0|1|0|3516939090|3516939095|0|0|0|0|0|0|0|0|0|0
110|R1|1|2|0|1|1|1|0|0|0|0|1|0|3524295666|3524295671|0|0|0|0|0|0|0|0|0|0
111|R1|1|2|0|1|1|1|0|0|0|0|1|0|3531606872|3531606877|0|0|0|0|0|0|0|0|0|0
112|R1|1|2|0|1|1|1|0|0|0|0|1|0|3541501238|3541501243|0|0|0|0|0|0|0|0|0|0
113|R1|1|2|0|1|1|1|0|0|0|0|1|0|3548410790|3548410795|0|0|0|0|0|0|0|0|0|0
114|R1|1|2|0|1|1|1|0|0|0|0|1|0|3556081802|3556081807|0|0|0|0|0|0|0|0|0|0
115|R1|1|2|0|1|1|1|0|0|0|0|1|0|3565433930|3565433935|0|0|0|0|0|0|0|0|0|0
116|R1|1|2|0|1|1|1|0|0|0|0|1|0|3572022208|3572022213|0|0|0|0|0|0|0|0|0|0
117|R1|1|2|0|1|1|1|0|0|0|0|1|0|3581049787|3581049792|0|0|0|0|0|0|0|0|0|0
118|R1|1|2|0|1|1|1|0|0|0|0|1|0|3589029508|3589029513|0|0|0|0|0|0|0|0|0|0
119|R1|1|2|0|1|1|1|0|0|0|0|1|0|3597366326|3597366331|0|0|0|0|0|0|0|0|0|0
120|R1|1|2|0|1|1|1|0|0|0|0|1|0|3603883900|3603883905|0|0|0|0|0|0|0|0|0|0
121|R1|1|2|0|1|1|1|0|0|0|0|1|0|3613180655|3613180660|0|0|0|0|0|0|0|0|0|0
122|R1|1|2|0|1|1|1|0|0|0|0|1|0|3620421158|3620421163|0|0|0|0|0|0|0|0|0|0
123|R1|1|2|0|1|1|1|0|0|0|0|1|0|3626376609|3626376614|0|0|0|0|0|0|0|0|0|0
124|R1|1|2|0|1|1|1|0|0|0|0|1|0|3633614195|3633614200|0|0|0|0|0|0|0|0|0|0
125|R1|1|2|0|1|1|1|0|0|0|0|1|0|3641927832|3641927837|0|0|0|0|0|0|0|0|0|0
126|R1|1|2|0|1|1|1|0|0|0|0|1|0|3649805216|3649805221|0|0|0|0|0|0|0|0|0|0
127|R1|1|2|0|1|1|1|0|0|0|0|1|0|3656904358|3656904363|0|0|0|0|0|0|0|0|0|0
128|R1|1|2|0|1|1|1|0|0|0|0|1|0|3665648457|3665648462|0|0|0|0|0|0|0|0|0|0
129|R1|1|2|0|1|1|1|0|0|0|0|1|0|3673714694|3673714699|0|0|0|0|0|0|0|0|0|0
130|R1|1|2|0|1|1|1|0|0|0|0|1|0|3680884774|3680884779|0|0|0|0|0|0|0|0|0|0
131|R1|1|2|0|1|1|1|0|0|0|0|1|0|3688832352|3688832357|0|0|0|0|0|0|0|0|0|0
132|R1|1|2|0|1|1|1|0|0|0|0|1|0|3698382930|3698382935|0|0|0|0|0|0|0|0|0|0
133|R1|1|2|0|1|1|1|0|0|0|0|1|0|3706310986|3706310991|0|0|0|0|0|0|0|0|0|0
134|R1|1|2|0|1|1|1|0|0|0|0|1|0|3713924384|3713924389|0|0|0|0|0|0|0|0|0|0
135|R1|1|2|0|1|1|1|0|0|0|0|1|0|3722848444|3722848449|0|0|0|0|0|0|0|0|0|0
136|R1|1|2|0|1|1|1|0|0|0|0|1|0|3732100234|3732100239|0|0|0|0|0|0|0|0|0|0
137|R1|1|2|0|1|1|1|0|0|0|0|1|0|3739665496|3739665501|0|0|0|0|0|0|0|0|0|0
138|R1|1|2|0|1|1|1|0|0|0|0|1|0|3748483702|3748483707|0|0|0|0|0|0|0|0|0|0
139|R1|1|2|0|1|1|1|0|0|0|0|1|0|3757417394|3757417399|0|0|0|0|0|0|0|0|0|0
140|R1|1|2|0|1|1|1|0|0|0|0|1|0|3764378354|3764378359|0|0|0|0|0|0|0|0|0|0
141|R1|1|2|0|1|1|1|0|0|0|0|1|0|3771387631|3771387636|0|0|0|0|0|0|0|0|0|0
142|R1|1|2|0|1|1|1|0|0|0|0|1|0|3779791456|3779791461|0|0|0|0|0|0|0|0|0|0
143|R1|1|2|0|1|1|1|0|0|0|0|1|0|3790454643|3790454648|0|0|0|0|0|0|0|0|0|0
144|R1|1|2|0|1|1|1|0|0|0|0|1|0|3798936120|3798936125|0|0|0|0|0|0|0|0|0|0
145|R1|1|2|0|1|1|1|0|0|0|0|1|0|3805967775|3805967780|0|0|0|0|0|0|0|0|0|0
146|R1|1|2|0|1|1|1|0|0|0|0|1|0|3813600205|3813600210|0|0|0|0|0|0|0|0|0|0
147|R1|1|2|0|1|1|1|0|0|0|0|1|0|3822566034|3822566039|0|0|0|0|0|0|0|0|0|0
148|R1|1|2|0|1|1|1|0|0|0|0|1|0|3829915900|3829915905|0|0|0|0|0|0|0|0|0|0
149|R1|1|2|0|1|1|1|0|0|0|0|1|0|3836587707|3836587712|0|0|0|0|0|0|0|0|0|0
150|R1|1|2|0|1|1|1|0|0|0|0|1|0|3845332134|3845332139|0|0|0|0|0|0|0|0|0|0
151|R1|1|2|0|1|1|1|0|0|0|0|1|0|3855094808|3855094813|0|0|0|0|0|0|0|0|0|0
152|R1|1|2|0|1|1|1|0|0|0|0|1|0|3862916827|3862916832|0|0|0|0|0|0|0|0|0|0
153|R1|1|2|0|1|1|1|0|0|0|0|1|0|3870144728|3870144733|0|0|0|0|0|0|0|0|0|0
154|R1|1|2|0|1|1|1|0|0|0|0|1|0|3878625641|3878625646|0|0|0|0|0|0|0|0|0|0
155|R1|1|2|0|1|1|1|0|0|0|0|1|0|3887581833|3887581838|0|0|0|0|0|0|0|0|0|0
156|R1|1|2|0|1|1|1|0|0|0|0|1|0|3894854712|3894854717|0|0|0|0|0|0|0|0|0|0
157|R1|1|2|0|1|1|1|0|0|0|0|1|0|3903614913|3903614918|0|0|0|0|0|0|0|0|0|0
158|R1|1|2|0|1|1|1|0|0|0|0|1|0|3910833188|3910833193|0|0|0|0|0|0|0|0|0|0
159|R1|1|2|0|1|1|1|0|0|0|0|1|0|3920113894|3920113899|0|0|0|0|0|0|0|0|0|0
160|R1|1|2|0|1|1|1|0|0|0|0|1|0|3928466049|3928466054|0|0|0|0|0|0|0|0|0|0
161|R1|1|2|0|1|1|1|0|0|0|0|1|0|3936728248|3936728253|0|0|0|0|0|0|0|0|0|0
162|R1|1|2|0|1|1|1|0|0|0|0|1|0|3945447512|3945447517|0|0|0|0|0|0|0|0|0|0
163|R1|1|2|0|1|1|1|0|0|0|0|1|0|3951586130|3951586135|0|0|0|0|0|0|0|0|0|0
164|R1|1|2|0|1|1|1|0|0|0|0|1|0|3959250948|3959250953|0|0|0|0|0|0|0|0|0|0
165|R1|1|2|0|1|1|1|0|0|0|0|1|0|3966465729|3966465734|0|0|0|0|0|0|0|0|0|0
166|R1|1|2|0|1|1|1|0|0|0|0|1|0|3975004239|3975004244|0|0|0|0|0|0|0|0|0|0
167|R1|1|2|0|1|1|1|0|0|0|0|1|0|3983639158|3983639163|0|0|0|0|0|0|0|0|0|0
168|R1|1|2|0|1|1|1|0|0|0|0|1|0|3991419410|3991419415|0|0|0|0|0|0|0|0|0|0
169|R1|1|2|0|1|1|1|0|0|0|0|1|0|4000025467|4000025472|0|0|0|0|0|0|0|0|0|0
170|R1|1|2|0|1|1|1|0|0|0|0|1|0|4009148735|4009148740|0|0|0|0|0|0|0|0|0|0
171|R1|1|2|0|1|1|1|0|0|0|0|1|0|4017044664|4017044669|0|0|0|0|0|0|0|0|0|0
172|R1|1|2|0|1|1|1|0|0|0|0|1|0|4023334125|4023334130|0|0|0|0|0|0|0|0|0|0
173|R1|1|2|0|1|1|1|0|0|0|0|1|0|4030150962|4030150967|0|0|0|0|0|0|0|0|0|0
174|R1|1|2|0|1|1|1|0|0|0|0|1|0|4037330413|4037330418|0|0|0|0|0|0|0|0|0|0
175|R1|1|2|0|1|1|1|0|0|0|0|1|0|4045277897|4045277902|0|0|0|0|0|0|0|0|0|0
176|R1|1|2|0|1|1|1|0|0|0|0|1|0|4054443067|4054443072|0|0|0|0|0|0|0|0|0|0
177|R1|1|2|0|1|1|1|0|0|0|0|1|0|4064424201|4064424206|0|0|0|0|0|0|0|0|0|0
178|R1|1|2|0|1|1|1|0|0|0|0|1|0|4072818761|4072818766|0|0|0|0|0|0|0|0|0|0
179|R1|1|2|0|1|1|1|0|0|0|0|1|0|4080901311|4080901316|0|0|0|0|0|0|0|0|0|0
180|R1|1|2|0|1|1|1|0|0|0|0|1|0|4088855060|4088855065|0|0|0|0|0|0|0|0|0|0
181|R1|1|2|0|1|1|1|0|0|0|0|1|0|4098614497|4098614502|0|0|0|0|0|0|0|0|0|0
182|R1|1|2|0|1|1|1|0|0|0|0|1|0|4105903177|4105903182|0|0|0|0|0|0|0|0|0|0
183|R1|1|2|0|1|1|1|0|0|0|0|1|0|4113590264|4113590269|0|0|0|0|0|0|0|0|0|0
184|R1|1|2|0|1|1|1|0|0|0|0|1|0|4122115928|4122115933|0|0|0|0|0|0|0|0|0|0
185|R1|1|2|0|1|1|1|0|0|0|0|1|0|4130297810|4130297815|0|0|0|0|0|0|0|0|0|0
186|R1|1|2|0|1|1|1|0|0|0|0|1|0|4139231526|4139231531|0|0|0|0|0|0|0|0|0|0
187|R1|1|2|0|1|1|1|0|0|0|0|1|0|4147689714|4147689719|0|0|0|0|0|0|0|0|0|0
188|R1|1|2|0|1|1|1|0|0|0|0|1|0|4155165001|4155165006|0|0|0|0|0|0|0|0|0|0
189|R1|1|2|0|1|1|1|0|0|0|0|1|0|4166277062|4166277067|0|0|0|0|0|0|0|0|0|0
190|R1|1|2|0|1|1|1|0|0|0|0|1|0|4174378744|4174378749|0|0|0|0|0|0|0|0|0|0
191|R1|1|2|0|1|1|1|0|0|0|0|1|0|4184726140|4184726145|0|0|0|0|0|0|0|0|0|0
192|R1|1|2|0|1|1|1|0|0|0|0|1|0|4193952225|4193952230|0|0|0|0|0|0|0|0|0|0
193|R1|1|2|0|1|1|1|0|0|0|0|1|0|4202554972|4202554977|0|0|0|0|0|0|0|0|0|0
194|R1|1|2|0|1|1|1|0|0|0|0|1|0|4211636568|4211636573|0|0|0|0|0|0|0|0|0|0
195|R1|1|2|0|1|1|1|0|0|0|0|1|0|4219558323|4219558328|0|0|0|0|0|0|0|0|0|0
196|R1|1|2|0|1|1|1|0|0|0|0|1|0|4226702428|4226702433|0|0|0|0|0|0|0|0|0|0
197|R1|1|2|0|1|1|1|0|0|0|0|1|0|4234543731|4234543736|0|0|0|0|0|0|0|0|0|0
198|R1|1|2|0|1|1|1|0|0|0|0|1|0|4242690560|4242690565|0|0|0|0|0|0|0|0|0|0
199|R1|1|2|0|1|1|1|0|0|0|0|1|0|4250528911|4250528916|0|0|0|0|0|0|0|0|0|0
200|R1|1|2|0|1|1|1|0|0|0|0|1|0|4258273961|4258273966|0|0|0|0|0|0|0|0|0|0
201|R1|1|2|0|1|1|1|0|0|0|0|1|0|4265835750|4265835755|0|0|0|0|0|0|0|0|0|0
202|R1|1|2|0|1|1|1|0|0|0|0|1|0|4273776646|4273776651|0|0|0|0|0|0|0|0|0|0
203|R1|1|2|0|1|1|1|0|0|0|0|1|0|4281708047|4281708052|0|0|0|0|0|0|0|0|0|0
204|R1|1|2|0|1|1|1|0|0|0|0|1|0|4288787992|4288787997|0|0|0|0|0|0|0|0|0|0
205|R1|1|2|0|1|1|1|0|0|0|0|1|0|2057188|2057193|0|0|0|0|0|0|0|0|0|0
206|R1|1|2|0|1|1|1|0|0|0|0|1|0|10794895|10794900|0|0|0|0|0|0|0|0|0|0
207|R1|1|2|0|1|1|1|0|0|0|0|1|0|18807324|18807329|0|0|0|0|0|0|0|0|0|0
208|R1|1|2|0|1|1|1|0|0|0|0|1|0|26304984|26304989|0|0|0|0|0|0|0|0|0|0
209|R1|1|2|0|1|1|1|0|0|0|0|1|0|33651480|33651485|0|0|0|0|0|0|0|0|0|0
210|R1|1|2|0|1|1|1|0|0|0|0|1|0|41782075|41782080|0|0|0|0|0|0|0|0|0|0
211|R1|1|2|0|1|1|1|0|0|0|0|1|0|50182441|50182446|0|0|0|0|0|0|0|0|0|0
212|R1|1|2|0|1|1|1|0|0|0|0|1|0|57612444|57612449|0|0|0|0|0|0|0|0|0|0
213|R1|1|2|0|1|1|1|0|0|0|0|1|0|66340522|66340527|0|0|0|0|0|0|0|0|0|0
214|R1|1|2|0|1|1|1|0|0|0|0|1|0|74265627|74265632|0|0|0|0|0|0|0|0|0|0
215|R1|1|2|0|1|1|1|0|0|0|0|1|0|83735885|83735890|0|0|0|0|0|0|0|0|0|0
216|R1|1|2|0|1|1|1|0|0|0|0|1|0|91310514|91310519|0|0|0|0|0|0|0|0|0|0
217|R1|1|2|0|1|1|1|0|0|0|0|1|0|101742086|101742091|0|0|0|0|0|0|0|0|0|0
218|R1|1|2|0|1|1|1|0|0|0|0|1|0|109040463|109040468|0|0|0|0|0|0|0|0|0|0
219|R1|1|2|0|1|1|1|0|0|0|0|1|0|117598221|117598226|0|0|0|0|0|0|0|0|0|0
220|R1|1|2|0|1|1|1|0|0|0|0|1|0|125137491|125137496|0|0|0|0|0|0|0|0|0|0
221|R1|1|2|0|1|1|1|0|0|0|0|1|0|132782806|132782811|0|0|0|0|0|0|0|0|0|0
222|R1|1|2|0|1|1|1|0|0|0|0|1|0|140691629|140691634|0|0|0|0|0|0|0|0|0|0
223|R1|1|2|0|1|1|1|0|0|0|0|1|0|148584617|148584622|0|0|0|0|0|0|0|0|0|0
224|R1|1|2|0|1|1|1|0|0|0|0|1|0|156397276|156397281|0|0|0|0|0|0|0|0|0|0
225|R1|1|2|0|1|1|1|0|0|0|0|1|0|166754340|166754345|0|0|0|0|0|0|0|0|0|0
226|R1|1|2|0|1|1|1|0|0|0|0|1|0|174814203|174814208|0|0|0|0|0|0|0|0|0|0
227|R1|1|2|0|1|1|1|0|0|0|0|1|0|182250927|182250932|0|0|0|0|0|0|0|0|0|0
228|R1|1|2|0|1|1|1|0|0|0|0|1|0|190982208|190982213|0|0|0|0|0|0|0|0|0|0
229|R1|1|2|0|1|1|1|0|0|0|0|1|0|200760916|200760921|0|0|0|0|0|0|0|0|0|0
230|R1|1|2|0|1|1|1|0|0|0|0|1|0|208130354|208130359|0|0|0|0|0|0|0|0|0|0
231|R1|1|2|0|1|1|1|0|0|0|0|1|0|215447960|215447965|0|0|0|0|0|0|0|0|0|0
232|R1|1|2|0|1|1|1|0|0|0|0|1|0|223395295|223395300|0|0|0|0|0|0|0|0|0|0
233|R1|1|2|0|1|1|1|0|0|0|0|1|0|231721747|231721752|0|0|0|0|0|0|0|0|0|0
234|R1|1|2|0|1|1|1|0|0|0|0|1|0|239042584|239042589|0|0|0|0|0|0|0|0|0|0
235|R1|1|2|0|1|1|1|0|0|0|0|1|0|245669380|245669385|0|0|0|0|0|0|0|0|0|0
236|R1|1|2|0|1|1|1|0|0|0|0|1|0|253366102|253366107|0|0|0|0|0|0|0|0|0|0
237|R1|1|2|0|1|1|1|0|0|0|0|1|0|260394486|260394491|0|0|0|0|0|0|0|0|0|0
238|R1|1|2|0|1|1|1|0|0|0|0|1|0|266883149|266883154|0|0|0|0|0|0|0|0|0|0
239|R1|1|2|0|1|1|1|0|0|0|0|1|0|272793473|272793478|0|0|0|0|0|0|0|0|0|0
240|R1|1|2|0|1|1|1|0|0|0|0|1|0|279770624|279770629|0|0|0|0|0|0|0|0|0|0
241|R1|1|2|0|1|1|1|0|0|0|0|1|0|286105057|286105062|0|0|0|0|0|0|0|0|0|0
242|R1|1|2|0|1|1|1|0|0|0|0|1|0|295700617|295700622|0|0|0|0|0|0|0|0|0|0
243|R1|1|2|0|1|1|1|0|0|0|0|1|0|301790884|301790889|0|0|0|0|0|0|0|0|0|0
244|R1|1|2|0|1|1|1|0|0|0|0|1|0|309770381|309770386|0|0|0|0|0|0|0|0|0|0
245|R1|1|2|0|1|1|1|0|0|0|0|1|0|317630962|317630967|0|0|0|0|0|0|0|0|0|0
246|R1|1|2|0|1|1|1|0|0|0|0|1|0|325616987|325616992|0|0|0|0|0|0|0|0|0|0
247|R1|1|2|0|1|1|1|0|0|0|0|1|0|334756595|334756600|0|0|0|0|0|0|0|0|0|0
248|R1|1|2|0|1|1|1|0|0|0|0|1|0|343250460|343250465|0|0|0|0|0|0|0|0|0|0
249|R1|1|2|0|1|1|1|0|0|0|0|1|0|350269229|350269234|0|0|0|0|0|0|0|0|0|0
250|R1|1|2|0|1|1|1|0|0|0|0|1|0|358717778|358717783|0|0|0|0|0|0|0|0|0|0
251|R1|1|2|0|1|1|1|0|0|0|0|1|0|366755085|366755090|0|0|0|0|0|0|0|0|0|0
252|R1|1|2|0|1|1|1|0|0|0|0|1|0|375463864|375463869|0|0|0|0|0|0|0|0|0|0
253|R1|1|2|0|1|1|1|0|0|0|0|1|0|383733135|383733140|0|0|0|0|0|0|0|0|0|0
254|R1|1|2|0|1|1|1|0|0|0|0|1|0|391564800|391564805|0|0|0|0|0|0|0|0|0|0
255|R1|1|2|0|1|1|1|0|0|0|0|1|0|399171712|399171717|0|0|0|0|0|0|0|0|0|0
256|R1|1|2|0|1|1|1|0|0|0|0|1|0|407472472|407472477|0|0|0|0|0|0|0|0|0|0
257|R1|1|2|0|1|1|1|0|0|0|0|1|0|416280868|416280873|0|0|0|0|0|0|0|0|0|0
258|R1|1|2|0|1|1|1|0|0|0|0|1|0|423232166|423232171|0|0|0|0|0|0|0|0|0|0
259|R1|1|2|0|1|1|1|0|0|0|0|1|0|430261217|430261222|0|0|0|0|0|0|0|0|0|0
260|R1|1|2|0|1|1|1|0|0|0|0|1|0|437427798|437427803|0|0|0|0|0|0|0|0|0|0
261|R1|1|2|0|1|1|1|0|0|0|0|1|0|444742436|444742441|0|0|0|0|0|0|0|0|0|0
262|R1|1|2|0|1|1|1|0|0|0|0|1|0|453483910|453483915|0|0|0|0|0|0|0|0|0|0
263|R1|1|2|0|1|1|1|0|0|0|0|1|0|461935814|461935819|0|0|0|0|0|0|0|0|0|0
264|R1|1|2|0|1|1|1|0|0|0|0|1|0|469992431|469992436|0|0|0|0|0|0|0|0|0|0
265|R1|1|2|0|1|1|1|0|0|0|0|1|0|478820091|478820096|0|0|0|0|0|0|0|0|0|0
266|R1|1|2|0|1|1|1|0|0|0|0|1|0|486995698|486995703|0|0|0|0|0|0|0|0|0|0
267|R1|1|2|0|1|1|1|0|0|0|0|1|0|495177865|495177870|0|0|0|0|0|0|0|0|0|0
268|R1|1|2|0|1|1|1|0|0|0|0|1|0|503851343|503851348|0|0|0|0|0|0|0|0|0|0
269|R1|1|2|0|1|1|1|0|0|0|0|1|0|512653307|512653312|0|0|0|0|0|0|0|0|0|0
270|R1|1|2|0|1|1|1|0|0|0|0|1|0|520279341|520279346|0|0|0|0|0|0|0|0|0|0
271|R1|1|2|0|1|1|1|0|0|0|0|1|0|528416233|528416238|0|0|0|0|0|0|0|0|0|0
272|R1|1|2|0|1|1|1|0|0|0|0|1|0|536829522|536829527|0|0|0|0|0|0|0|0|0|0
273|R1|1|2|0|1|1|1|0|0|0|0|1|0|545682908|545682913|0|0|0|0|0|0|0|0|0|0
274|R1|1|2|0|1|1|1|0|0|0|0|1|0|554301723|554301728|0|0|0|0|0|0|0|0|0|0
275|R1|1|2|0|1|1|1|0|0|0|0|1|0|562207282|562207287|0|0|0|0|0|0|0|0|0|0
276|R1|1|2|0|1|1|1|0|0|0|0|1|0|569977894|569977899|0|0|0|0|0|0|0|0|0|0
277|R1|1|2|0|1|1|1|0|0|0|0|1|0|580254598|580254603|0|0|0|0|0|0|0|0|0|0
278|R1|1|2|0|1|1|1|0|0|0|0|1|0|588169970|588169975|0|0|0|0|0|0|0|0|0|0
279|R1|1|2|0|1|1|1|0|0|0|0|1|0|598102898|598102903|0|0|0|0|0|0|0|0|0|0
280|R1|1|2|0|1|1|1|0|0|0|0|1|0|605228088|605228093|0|0|0|0|0|0|0|0|0|0
281|R1|1|2|0|1|1|1|0|0|0|0|1|0|613702360|613702365|0|0|0|0|0|0|0|0|0|0
282|R1|1|2|0|1|1|1|0|0|0|0|1|0|619789409|619789414|0|0|0|0|0|0|0|0|0|0
283|R1|1|2|0|1|1|1|0|0|0|0|1|0|626898323|626898328|0|0|0|0|0|0|0|0|0|0
284|R1|1|2|0|1|1|1|0|0|0|0|1|0|634855928|634855933|0|0|0|0|0|0|0|0|0|0
285|R1|1|2|0|1|1|1|0|0|0|0|1|0|641861871|641861876|0|0|0|0|0|0|0|0|0|0
286|R1|1|2|0|1|1|1|0|0|0|0|1|0|651168280|651168285|0|0|0|0|0|0|0|0|0|0
287|R1|1|2|0|1|1|1|0|0|0|0|1|0|658453784|658453789|0|0|0|0|0|0|0|0|0|0
288|R1|1|2|0|1|1|1|0|0|0|0|1|0|667059782|667059787|0|0|0|0|0|0|0|0|0|0
289|R1|1|2|0|1|1|1|0|0|0|0|1|0|675302703|675302708|0|0|0|0|0|0|0|0|0|0
290|R1|1|2|0|1|1|1|0|0|0|0|1|0|683574703|683574708|0|0|0|0|0|0|0|0|0|0
291|R1|1|2|0|1|1|1|0|0|0|0|1|0|690532475|690532480|0|0|0|0|0|0|0|0|0|0
292|R1|1|2|0|1|1|1|0|0|0|0|1|0|697654278|697654283|0|0|0|0|0|0|0|0|0|0
293|R1|1|2|0|1|1|1|0|0|0|0|1|0|705996932|705996937|0|0|0|0|0|0|0|0|0|0
294|R1|1|2|0|1|1|1|0|0|0|0|1|0|713333810|713333815|0|0|0|0|0|0|0|0|0|0
295|R1|1|2|0|1|1|1|0|0|0|0|1|0|720834520|720834525|0|0|0|0|0|0|0|0|0|0
296|R1|1|2|0|1|1|1|0|0|0|0|1|0|728120111|728120116|0|0|0|0|0|0|0|0|0|0
297|R1|1|2|0|1|1|1|0|0|0|0|1|0|736266642|736266647|0|0|0|0|0|0|0|0|0|0
298|R1|1|2|0|1|1|1|0|0|0|0|1|0|745656824|745656829|0|0|0|0|0|0|0|0|0|0
299|R1|1|2|0|1|1|1|0|0|0|0|1|0|752614564|752614569|0|0|0|0|0|0|0|0|0|0
300|R1|1|2|0|1|1|1|0|0|0|0|1|0|760369101|760369106|0|0|0|0|0|0|0|0|0|0
301|R1|1|2|0|1|1|1|0|0|0|0|1|0|767750963|767750968|0|0|0|0|0|0|0|0|0|0
302|R1|1|2|0|1|1|1|0|0|0|0|1|0|776591489|776591494|0|0|0|0|0|0|0|0|0|0
303|R1|1|2|0|1|1|1|0|0|0|0|1|0|785384088|785384093|0|0|0|0|0|0|0|0|0|0
304|R1|1|2|0|1|1|1|0|0|0|0|1|0|793813353|793813358|0|0|0|0|0|0|0|0|0|0
305|R1|1|2|0|1|1|1|0|0|0|0|1|0|801182555|801182560|0|0|0|0|0|0|0|0|0|0
306|R1|1|2|0|1|1|1|0|0|0|0|1|0|810588841|810588846|0|0|0|0|0|0|0|0|0|0
307|R1|1|2|0|1|1|1|0|0|0|0|1|0|819577116|819577121|0|0|0|0|0|0|0|0|0|0
308|R1|1|2|0|1|1|1|0|0|0|0|1|0|826824050|826824055|0|0|0|0|0|0|0|0|0|0
309|R1|1|2|0|1|1|1|0|0|0|0|1|0|834707136|834707141|0|0|0|0|0|0|0|0|0|0
310|R1|1|2|0|1|1|1|0|0|0|0|1|0|841542797|841542802|0|0|0|0|0|0|0|0|0|0
311|R1|1|2|0|1|1|1|0|0|0|0|1|0|849284493|849284498|0|0|0|0|0|0|0|0|0|0
312|R1|1|2|0|1|1|1|0|0|0|0|1|0|855262310|855262315|0|0|0|0|0|0|0|0|0|0
313|R1|1|2|0|1|1|1|0|0|0|0|1|0|861195122|861195127|0|0|0|0|0|0|0|0|0|0
314|R1|1|2|0|1|1|1|0|0|0|0|1|0|868201066|868201071|0|0|0|0|0|0|0|0|0|0
315|R1|1|2|0|1|1|1|0|0|0|0|1|0|876858876|876858881|0|0|0|0|0|0|0|0|0|0
316|R1|1|2|0|1|1|1|0|0|0|0|1|0|884064015|884064020|0|0|0|0|0|0|0|0|0|0
317|R1|1|2|0|1|1|1|0|0|0|0|1|0|890485386|890485391|0|0|0|0|0|0|0|0|0|0
318|R1|1|2|0|1|1|1|0|0|0|0|1|0|899367709|899367714|0|0|0|0|0|0|0|0|0|0
319|R1|1|2|0|1|1|1|0|0|0|0|1|0|906450756|906450761|0|0|0|0|0|0|0|0|0|0
320|R1|1|2|0|1|1|1|0|0|0|0|1|0|914253510|914253515|0|0|0|0|0|0|0|0|0|0
321|R1|1|2|0|1|1|1|0|0|0|0|1|0|922133376|922133381|0|0|0|0|0|0|0|0|0|0
322|R1|1|2|0|1|1|1|0|0|0|0|1|0|931844751|931844756|0|0|0|0|0|0|0|0|0|0
323|R1|1|2|0|1|1|1|0|0|0|0|1|0|939146296|939146301|0|0|0|0|0|0|0|0|0|0
324|R1|1|2|0|1|1|1|0|0|0|0|1|0|946910477|946910482|0|0|0|0|0|0|0|0|0|0
325|R1|1|2|0|1|1|1|0|0|0|0|1|0|955857034|955857039|0|0|0|0|0|0|0|0|0|0
326|R1|1|2|0|1|1|1|0|0|0|0|1|0|966089572|966089577|0|0|0|0|0|0|0|0|0|0
327|R1|1|2|0|1|1|1|0|0|0|0|1|0|974721947|974721952|0|0|0|0|0|0|0|0|0|0
328|R1|1|2|0|1|1|1|0|0|0|0|1|0|982813846|982813851|0|0|0|0|0|0|0|0|0|0
329|R1|1|2|0|1|1|1|0|0|0|0|1|0|991496943|991496948|0|0|0|0|0|0|0|0|0|0
330|R1|1|2|0|1|1|1|0|0|0|0|1|0|999826605|999826610|0|0|0|0|0|0|0|0|0|0
331|R1|1|2|0|1|1|1|0|0|0|0|1|0|1006777924|1006777929|0|0|0|0|0|0|0|0|0|0
332|R1|1|2|0|1|1|1|0|0|0|0|1|0|1015261816|1015261821|0|0|0|0|0|0|0|0|0|0
333|R1|1|2|0|1|1|1|0|0|0|0|1|0|1023829519|1023829524|0|0|0|0|0|0|0|0|0|0
334|R1|1|2|0|1|1|1|0|0|0|0|1|0|1033569677|1033569682|0|0|0|0|0|0|0|0|0|0
335|R1|1|2|0|1|1|1|0|0|0|0|1|0|1040906872|1040906877|0|0|0|0|0|0|0|0|0|0
336|R1|1|2|0|1|1|1|0|0|0|0|1|0|1050367492|1050367497|0|0|0|0|0|0|0|0|0|0
337|R1|1|2|0|1|1|1|0|0|0|0|1|0|1061524531|1061524536|0|0|0|0|0|0|0|0|0|0
338|R1|1|2|0|1|1|1|0|0|0|0|1|0|1069202145|1069202150|0|0|0|0|0|0|0|0|0|0
339|R1|1|2|0|1|1|1|0|0|0|0|1|0|1076651466|1076651471|0|0|0|0|0|0|0|0|0|0
340|R1|1|2|0|1|1|1|0|0|0|0|1|0|1084262150|1084262155|0|0|0|0|0|0|0|0|0|0
341|R1|1|2|0|1|1|1|0|0|0|0|1|0|1092309106|1092309111|0|0|0|0|0|0|0|0|0|0
342|R1|1|2|0|1|1|1|0|0|0|0|1|0|1098794560|1098794565|0|0|0|0|0|0|0|0|0|0
343|R1|1|2|0|1|1|1|0|0|0|0|1|0|1106745976|1106745981|0|0|0|0|0|0|0|0|0|0
344|R1|1|2|0|1|1|1|0|0|0|0|1|0|1114535881|1114535886|0|0|0|0|0|0|0|0|0|0
345|R1|1|2|0|1|1|1|0|0|0|0|1|0|1123419003|1123419008|0|0|0|0|0|0|0|0|0|0
346|R1|1|2|0|1|1|1|0|0|0|0|1|0|1131073958|1131073963|0|0|0|0|0|0|0|0|0|0
347|R1|1|2|0|1|1|1|0|0|0|0|1|0|1138337234|1138337239|0|0|0|0|0|0|0|0|0|0
348|R1|1|2|0|1|1|1|0|0|0|0|1|0|1146172147|1146172152|0|0|0|0|0|0|0|0|0|0
349|R1|1|2|0|1|1|1|0|0|0|0|1|0|1155241490|1155241495|0|0|0|0|0|0|0|0|0|0
350|R1|1|2|0|1|1|1|0|0|0|0|1|0|1161145567|1161145572|0|0|0|0|0|0|0|0|0|0
351|R1|1|2|0|1|1|1|0|0|0|0|1|0|1169128260|1169128265|0|0|0|0|0|0|0|0|0|0
352|R1|1|2|0|1|1|1|0|0|0|0|1|0|1177413001|1177413006|0|0|0|0|0|0|0|0|0|0
353|R1|1|2|0|1|1|1|0|0|0|0|1|0|1185469577|1185469582|0|0|0|0|0|0|0|0|0|0
354|R1|1|2|0|1|1|1|0|0|0|0|1|0|1194124065|1194124070|0|0|0|0|0|0|0|0|0|0
355|R1|1|2|0|1|1|1|0|0|0|0|1|0|1202087736|1202087741|0|0|0|0|0|0|0|0|0|0
356|R1|1|2|0|1|1|1|0|0|0|0|1|0|1211082620|1211082625|0|0|0|0|0|0|0|0|0|0
357|R1|1|2|0|1|1|1|0|0|0|0|1|0|1218933595|1218933600|0|0|0|0|0|0|0|0|0|0
358|R1|1|2|0|1|1|1|0|0|0|0|1|0|1226521071|1226521076|0|0|0|0|0|0|0|0|0|0
359|R1|1|2|0|1|1|1|0|0|0|0|1|0|1234670808|1234670813|0|0|0|0|0|0|0|0|0|0
360|R1|1|2|0|1|1|1|0|0|0|0|1|0|1242576365|1242576370|0|0|0|0|0|0|0|0|0|0
361|R1|1|2|0|1|1|1|0|0|0|0|1|0|1251558221|1251558226|0|0|0|0|0|0|0|0|0|0
362|R1|1|2|0|1|1|1|0|0|0|0|1|0|1258959640|1258959645|0|0|0|0|0|0|0|0|0|0
363|R1|1|2|0|1|1|1|0|0|0|0|1|0|1266698255|1266698260|0|0|0|0|0|0|0|0|0|0
364|R1|1|2|0|1|1|1|0|0|0|0|1|0|1274674497|1274674502|0|0|0|0|0|0|0|0|0|0
365|R1|1|2|0|1|1|1|0|0|0|0|1|0|1284212214|1284212219|0|0|0|0|0|0|0|0|0|0
366|R1|1|2|0|1|1|1|0|0|0|0|1|0|1292323711|1292323716|0|0|0|0|0|0|0|0|0|0
367|R1|1|2|0|1|1|1|0|0|0|0|1|0|1300814022|1300814027|0|0|0|0|0|0|0|0|0|0
368|R1|1|2|0|1|1|1|0|0|0|0|1|0|1308629618|1308629623|0|0|0|0|0|0|0|0|0|0
369|R1|1|2|0|1|1|1|0|0|0|0|1|0|1316782575|1316782580|0|0|0|0|0|0|0|0|0|0
370|R1|1|2|0|1|1|1|0|0|0|0|1|0|1323708225|1323708230|0|0|0|0|0|0|0|0|0|0
371|R1|1|2|0|1|1|1|0|0|0|0|1|0|1331549476|1331549481|0|0|0|0|0|0|0|0|0|0
372|R1|1|2|0|1|1|1|0|0|0|0|1|0|1340656681|1340656686|0|0|0|0|0|0|0|0|0|0
373|R1|1|2|0|1|1|1|0|0|0|0|1|0|1350853961|1350853966|0|0|0|0|0|0|0|0|0|0
374|R1|1|2|0|1|1|1|0|0|0|0|1|0|1359541025|1359541030|0|0|0|0|0|0|0|0|0|0
375|R1|1|2|0|1|1|1|0|0|0|0|1|0|1367889999|1367890004|0|0|0|0|0|0|0|0|0|0
376|R1|1|2|0|1|1|1|0|0|0|0|1|0|1374227680|1374227685|0|0|0|0|0|0|0|0|0|0
377|R1|1|2|0|1|1|1|0|0|0|0|1|0|1383039302|1383039307|0|0|0|0|0|0|0|0|0|0
378|R1|1|2|0|1|1|1|0|0|0|0|1|0|1390678314|1390678319|0|0|0|0|0|0|0|0|0|0
379|R1|1|2|0|1|1|1|0|0|0|0|1|0|1397671430|1397671435|0|0|0|0|0|0|0|0|0|0
380|R1|1|2|0|1|1|1|0|0|0|0|1|0|1405210991|1405210996|0|0|0|0|0|0|0|0|0|0
381|R1|1|2|0|1|1|1|0|0|0|0|1|0|1414970470|1414970475|0|0|0|0|0|0|0|0|0|0
382|R1|1|2|0|1|1|1|0|0|0|0|1|0|1422689691|1422689696|0|0|0|0|0|0|0|0|0|0
383|R1|1|2|0|1|1|1|0|0|0|0|1|0|1429361510|1429361515|0|0|0|0|0|0|0|0|0|0
384|R1|1|2|0|1|1|1|0|0|0|0|1|0|1436598788|1436598793|0|0|0|0|0|0|0|0|0|0
385|R1|1|2|0|1|1|1|0|0|0|0|1|0|1446300370|1446300375|0|0|0|0|0|0|0|0|0|0
386|R1|1|2|0|1|1|1|0|0|0|0|1|0|1454286255|1454286260|0|0|0|0|0|0|0|0|0|0
387|R1|1|2|0|1|1|1|0|0|0|0|1|0|1463210381|1463210386|0|0|0|0|0|0|0|0|0|0
388|R1|1|2|0|1|1|1|0|0|0|0|1|0|1471161727|1471161732|0|0|0|0|0|0|0|0|0|0
389|R1|1|2|0|1|1|1|0|0|0|0|1|0|1479944585|1479944590|0|0|0|0|0|0|0|0|0|0
390|R1|1|2|0|1|1|1|0|0|0|0|1|0|1487786025|1487786030|0|0|0|0|0|0|0|0|0|0
391|R1|1|2|0|1|1|1|0|0|0|0|1|0|1495424920|1495424925|0|0|0|0|0|0|0|0|0|0
392|R1|1|2|0|1|1|1|0|0|0|0|1|0|1502903163|1502903168|0|0|0|0|0|0|0|0|0|0
393|R1|1|2|0|1|1|1|0|0|0|0|1|0|1510975785|1510975790|0|0|0|0|0|0|0|0|0|0
394|R1|1|2|0|1|1|1|0|0|0|0|1|0|1518978020|1518978025|0|0|0|0|0|0|0|0|0|0
395|R1|1|2|0|1|1|1|0|0|0|0|1|0|1527294994|1527294999|0|0|0|0|0|0|0|0|0|0
396|R1|1|2|0|1|1|1|0|0|0|0|1|0|1536396001|1536396006|0|0|0|0|0|0|0|0|0|0
397|R1|1|2|0|1|1|1|0|0|0|0|1|0|1546161856|1546161861|0|0|0|0|0|0|0|0|0|0
398|R1|1|2|0|1|1|1|0|0|0|0|1|0|1553470153|1553470158|0|0|0|0|0|0|0|0|0|0
399|R1|1|2|0|1|1|1|0|0|0|0|1|0|1561960466|1561960471|0|0|0|0|0|0|0|0|0|0
400|R1|1|2|0|1|1|1|0|0|0|0|1|0|1569625020|1569625025|0|0|0|0|0|0|0|0|0|0
401|R1|1|2|0|1|1|1|0|0|0|0|1|0|1578629394|1578629399|0|0|0|0|0|0|0|0|0|0
402|R1|1|2|0|1|1|1|0|0|0|0|1|0|1586361718|1586361723|0|0|0|0|0|0|0|0|0|0
403|R1|1|2|0|1|1|1|0|0|0|0|1|0|1594749225|1594749230|0|0|0|0|0|0|0|0|0|0
404|R1|1|2|0|1|1|1|0|0|0|0|1|0|1601732678|1601732683|0|0|0|0|0|0|0|0|0|0
405|R1|1|2|0|1|1|1|0|0|0|0|1|0|1611228646|1611228651|0|0|0|0|0|0|0|0|0|0
406|R1|1|2|0|1|1|1|0|0|0|0|1|0|1618250671|1618250676|0|0|0|0|0|0|0|0|0|0
407|R1|1|2|0|1|1|1|0|0|0|0|1|0|1625889852|1625889857|0|0|0|0|0|0|0|0|0|0
408|R1|1|2|0|1|1|1|0|0|0|0|1|0|1633846808|1633846813|0|0|0|0|0|0|0|0|0|0
409|R1|1|2|0|1|1|1|0|0|0|0|1|0|1642224672|1642224677|0|0|0|0|0|0|0|0|0|0
410|R1|1|2|0|1|1|1|0|0|0|0|1|0|1650339076|1650339081|0|0|0|0|0|0|0|0|0|0
411|R1|1|2|0|1|1|1|0|0|0|0|1|0|1658556284|1658556289|0|0|0|0|0|0|0|0|0|0
412|R1|1|2|0|1|1|1|0|0|0|0|1|0|1667121304|1667121309|0|0|0|0|0|0|0|0|0|0
413|R1|1|2|0|1|1|1|0|0|0|0|1|0|1674271849|1674271854|0|0|0|0|0|0|0|0|0|0
414|R1|1|2|0|1|1|1|0|0|0|0|1|0|1683102738|1683102743|0|0|0|0|0|0|0|0|0|0
415|R1|1|2|0|1|1|1|0|0|0|0|1|0|1690353193|1690353198|0|0|0|0|0|0|0|0|0|0
416|R1|1|2|0|1|1|1|0|0|0|0|1|0|1699103785|1699103790|0|0|0|0|0|0|0|0|0|0
417|R1|1|2|0|1|1|1|0|0|0|0|1|0|1707263233|1707263238|0|0|0|0|0|0|0|0|0|0
418|R1|1|2|0|1|1|1|0|0|0|0|1|0|1713816175|1713816180|0|0|0|0|0|0|0|0|0|0
419|R1|1|2|0|1|1|1|0|0|0|0|1|0|1720581174|1720581179|0|0|0|0|0|0|0|0|0|0
420|R1|1|2|0|1|1|1|0|0|0|0|1|0|1729280320|1729280325|0|0|0|0|0|0|0|0|0|0
421|R1|1|2|0|1|1|1|0|0|0|0|1|0|1737889828|1737889833|0|0|0|0|0|0|0|0|0|0
422|R1|1|2|0|1|1|1|0|0|0|0|1|0|1745551515|1745551520|0|0|0|0|0|0|0|0|0|0
423|R1|1|2|0|1|1|1|0|0|0|0|1|0|1753849051|1753849056|0|0|0|0|0|0|0|0|0|0
424|R1|1|2|0|1|1|1|0|0|0|0|1|0|1763113670|1763113675|0|0|0|0|0|0|0|0|0|0
425|R1|1|2|0|1|1|1|0|0|0|0|1|0|1771761423|1771761428|0|0|0|0|0|0|0|0|0|0
426|R1|1|2|0|1|1|1|0|0|0|0|1|0|1778773929|1778773934|0|0|0|0|0|0|0|0|0|0
427|R1|1|2|0|1|1|1|0|0|0|0|1|0|1786306785|1786306790|0|0|0|0|0|0|0|0|0|0
428|R1|1|2|0|1|1|1|0|0|0|0|1|0|1795793092|1795793097|0|0|0|0|0|0|0|0|0|0
429|R1|1|2|0|1|1|1|0|0|0|0|1|0|1803923542|1803923547|0|0|0|0|0|0|0|0|0|0
430|R1|1|2|0|1|1|1|0|0|0|0|1|0|1811157920|1811157925|0|0|0|0|0|0|0|0|0|0
431|R1|1|2|0|1|1|1|0|0|0|0|1|0|1819985875|1819985880|0|0|0|0|0|0|0|0|0|0
432|R1|1|2|0|1|1|1|0|0|0|0|1|0|1827843410|1827843415|0|0|0|0|0|0|0|0|0|0
433|R1|1|2|0|1|1|1|0|0|0|0|1|0|1834672658|1834672663|0|0|0|0|0|0|0|0|0|0
434|R1|1|2|0|1|1|1|0|0|0|0|1|0|1843686703|1843686708|0|0|0|0|0|0|0|0|0|0
435|R1|1|2|0|1|1|1|0|0|0|0|1|0|1851759343|1851759348|0|0|0|0|0|0|0|0|0|0
436|R1|1|2|0|1|1|1|0|0|0|0|1|0|1860342822|1860342827|0|0|0|0|0|0|0|0|0|0
437|R1|1|2|0|1|1|1|0|0|0|0|1|0|1868004495|1868004500|0|0|0|0|0|0|0|0|0|0
438|R1|1|2|0|1|1|1|0|0|0|0|1|0|1876205641|1876205646|0|0|0|0|0|0|0|0|0|0
439|R1|1|2|0|1|1|1|0|0|0|0|1|0|1884484152|1884484157|0|0|0|0|0|0|0|0|0|0
440|R1|1|2|0|1|1|1|0|0|0|0|1|0|1894015433|1894015438|0|0|0|0|0|0|0|0|0|0
441|R1|1|2|0|1|1|1|0|0|0|0|1|0|1902618189|1902618194|0|0|0|0|0|0|0|0|0|0
442|R1|1|2|0|1|1|1|0|0|0|0|1|0|1909042570|1909042575|0|0|0|0|0|0|0|0|0|0
443|R1|1|2|0|1|1|1|0|0|0|0|1|0|1916315195|1916315200|0|0|0|0|0|0|0|0|0|0
444|R1|1|2|0|1|1|1|0|0|0|0|1|0|1925486648|1925486653|0|0|0|0|0|0|0|0|0|0
445|R1|1|2|0|1|1|1|0|0|0|0|1|0|1933212557|1933212562|0|0|0|0|0|0|0|0|0|0
446|R1|1|2|0|1|1|1|0|0|0|0|1|0|1942387480|1942387485|0|0|0|0|0|0|0|0|0|0
447|R1|1|2|0|1|1|1|0|0|0|0|1|0|1950244891|1950244896|0|0|0|0|0|0|0|0|0|0
448|R1|1|2|0|1|1|1|0|0|0|0|1|0|1958172952|1958172957|0|0|0|0|0|0|0|0|0|0
449|R1|1|2|0|1|1|1|0|0|0|0|1|0|1965673727|1965673732|0|0|0|0|0|0|0|0|0|0
450|R1|1|2|0|1|1|1|0|0|0|0|1|0|1973030008|1973030013|0|0|0|0|0|0|0|0|0|0
451|R1|1|2|0|1|1|1|0|0|0|0|1|0|1980668893|1980668898|0|0|0|0|0|0|0|0|0|0
452|R1|1|2|0|1|1|1|0|0|0|0|1|0|1989597020|1989597025|0|0|0|0|0|0|0|0|0|0
453|R1|1|2|0|1|1|1|0|0|0|0|1|0|1998132347|1998132352|0|0|0|0|0|0|0|0|0|0
454|R1|1|2|0|1|1|1|0|0|0|0|1|0|2005909519|2005909524|0|0|0|0|0|0|0|0|0|0
455|R1|1|2|0|1|1|1|0|0|0|0|1|0|2014393555|2014393560|0|0|0|0|0|0|0|0|0|0
456|R1|1|2|0|1|1|1|0|0|0|0|1|0|2022045391|2022045396|0|0|0|0|0|0|0|0|0|0
457|R1|1|2|0|1|1|1|0|0|0|0|1|0|2029761709|2029761714|0|0|0|0|0|0|0|0|0|0
458|R1|1|2|0|1|1|1|0|0|0|0|1|0|2037651460|2037651465|0|0|0|0|0|0|0|0|0|0
459|R1|1|2|0|1|1|1|0|0|0|0|1|0|2045608681|2045608686|0|0|0|0|0|0|0|0|0|0
460|R1|1|2|0|1|1|1|0|0|0|0|1|0|2055034116|2055034121|0|0|0|0|0|0|0|0|0|0
461|R1|1|2|0|1|1|1|0|0|0|0|1|0|2062004763|2062004768|0|0|0|0|0|0|0|0|0|0
462|R1|1|2|0|1|1|1|0|0|0|0|1|0|2069923163|2069923168|0|0|0|0|0|0|0|0|0|0
463|R1|1|2|0|1|1|1|0|0|0|0|1|0|2077851343|2077851348|0|0|0|0|0|0|0|0|0|0
464|R1|1|2|0|1|1|1|0|0|0|0|1|0|2085924036|2085924041|0|0|0|0|0|0|0|0|0|0
465|R1|1|2|0|1|1|1|0|0|0|0|1|0|2093884449|2093884454|0|0|0|0|0|0|0|0|0|0
466|R1|1|2|0|1|1|1|0|0|0|0|1|0|2101712905|2101712910|0|0|0|0|0|0|0|0|0|0
467|R1|1|2|0|1|1|1|0|0|0|0|1|0|2110450605|2110450610|0|0|0|0|0|0|0|0|0|0
468|R1|1|2|0|1|1|1|0|0|0|0|1|0|2118253359|2118253364|0|0|0|0|0|0|0|0|0|0
469|R1|1|2|0|1|1|1|0|0|0|0|1|0|2126332764|2126332769|0|0|0|0|0|0|0|0|0|0
470|R1|1|2|0|1|1|1|0|0|0|0|1|0|2134193339|2134193344|0|0|0|0|0|0|0|0|0|0
471|R1|1|2|0|1|1|1|0|0|0|0|1|0|2142487707|2142487712|0|0|0|0|0|0|0|0|0|0
472|R1|1|2|0|1|1|1|0|0|0|0|1|0|2151713912|2151713917|0|0|0|0|0|0|0|0|0|0
473|R1|1|2|0|1|1|1|0|0|0|0|1|0|2159439556|2159439561|0|0|0|0|0|0|0|0|0|0
474|R1|1|2|0|1|1|1|0|0|0|0|1|0|2166500751|2166500756|0|0|0|0|0|0|0|0|0|0
475|R1|1|2|0|1|1|1|0|0|0|0|1|0|2174223190|2174223195|0|0|0|0|0|0|0|0|0|0
476|R1|1|2|0|1|1|1|0|0|0|0|1|0|2184766767|2184766772|0|0|0|0|0|0|0|0|0|0
477|R1|1|2|0|1|1|1|0|0|0|0|1|0|2194278820|2194278825|0|0|0|0|0|0|0|0|0|0
478|R1|1|2|0|1|1|1|0|0|0|0|1|0|2203177167|2203177172|0|0|0|0|0|0|0|0|0|0
479|R1|1|2|0|1|1|1|0|0|0|0|1|0|2210839163|2210839168|0|0|0|0|0|0|0|0|0|0
480|R1|1|2|0|1|1|1|0|0|0|0|1|0|2218188888|2218188893|0|0|0|0|0|0|0|0|0|0
481|R1|1|2|0|1|1|1|0|0|0|0|1|0|2227659160|2227659165|0|0|0|0|0|0|0|0|0|0
482|R1|1|2|0|1|1|1|0|0|0|0|1|0|2236618566|2236618571|0|0|0|0|0|0|0|0|0|0
483|R1|1|2|0|1|1|1|0|0|0|0|1|0|2245500870|2245500875|0|0|0|0|0|0|0|0|0|0
484|R1|1|2|0|1|1|1|0|0|0|0|1|0|2252680324|2252680329|0|0|0|0|0|0|0|0|0|0
485|R1|1|2|0|1|1|1|0|0|0|0|1|0|2260338500|2260338505|0|0|0|0|0|0|0|0|0|0
486|R1|1|2|0|1|1|1|0|0|0|0|1|0|2268912352|2268912357|0|0|0|0|0|0|0|0|0|0
487|R1|1|2|0|1|1|1|0|0|0|0|1|0|2276917481|2276917486|0|0|0|0|0|0|0|0|0|0
488|R1|1|2|0|1|1|1|0|0|0|0|1|0|2285176493|2285176498|0|0|0|0|0|0|0|0|0|0
489|R1|1|2|0|1|1|1|0|0|0|0|1|0|2292799553|2292799558|0|0|0|0|0|0|0|0|0|0
490|R1|1|2|0|1|1|1|0|0|0|0|1|0|2299397464|2299397469|0|0|0|0|0|0|0|0|0|0
491|R1|1|2|0|1|1|1|0|0|0|0|1|0|2308229165|2308229170|0|0|0|0|0|0|0|0|0|0
492|R1|1|2|0|1|1|1|0|0|0|0|1|0|2314499635|2314499640|0|0|0|0|0|0|0|0|0|0
493|R1|1|2|0|1|1|1|0|0|0|0|1|0|2323272705|2323272710|0|0|0|0|0|0|0|0|0|0
494|R1|1|2|0|1|1|1|0|0|0|0|1|0|2331293944|2331293949|0|0|0|0|0|0|0|0|0|0
495|R1|1|2|0|1|1|1|0|0|0|0|1|0|2339617860|2339617865|0|0|0|0|0|0|0|0|0|0
496|R1|1|2|0|1|1|1|0|0|0|0|1|0|2347443197|2347443202|0|0|0|0|0|0|0|0|0|0
497|R1|1|2|0|1|1|1|0|0|0|0|1|0|2356338335|2356338340|0|0|0|0|0|0|0|0|0|0
498|R1|1|2|0|1|1|1|0|0|0|0|1|0|2364243931|2364243936|0|0|0|0|0|0|0|0|0|0
499|R1|1|2|0|1|1|1|0|0|0|0|1|0|2372301331|2372301336|0|0|0|0|0|0|0|0|0|0
500|R1|1|2|0|1|1|1|0|0|0|0|1|0|2378295167|2378295172|0|0|0|0|0|0|0|0|0|0
501|R1|1|2|0|1|1|1|0|0|0|0|1|0|2385699791|2385699796|0|0|0|0|0|0|0|0|0|0
502|R1|1|2|0|1|1|1|0|0|0|0|1|0|2392468047|2392468052|0|0|0|0|0|0|0|0|0|0
503|R1|1|2|0|1|1|1|0|0|0|0|1|0|2400412572|2400412577|0|0|0|0|0|0|0|0|0|0
504|R1|1|2|0|1|1|1|0|0|0|0|1|0|2409626441|2409626446|0|0|0|0|0|0|0|0|0|0
505|R1|1|2|0|1|1|1|0|0|0|0|1|0|2417696265|2417696270|0|0|0|0|0|0|0|0|0|0
506|R1|1|2|0|1|1|1|0|0|0|0|1|0|2424474118|2424474123|0|0|0|0|0|0|0|0|0|0
507|R1|1|2|0|1|1|1|0|0|0|0|1|0|2432035910|2432035915|0|0|0|0|0|0|0|0|0|0
508|R1|1|2|0|1|1|1|0|0|0|0|1|0|2441641124|2441641129|0|0|0|0|0|0|0|0|0|0
509|R1|1|2|0|1|1|1|0|0|0|0|1|0|2449110047|2449110052|0|0|0|0|0|0|0|0|0|0
510|R1|1|2|0|1|1|1|0|0|0|0|1|0|2457256591|2457256596|0|0|0|0|0|0|0|0|0|0
511|R1|1|2|0|1|1|1|0|0|0|0|1|0|2465470598|2465470603|0|0|0|0|0|0|0|0|0|0
512|R1|1|2|0|1|1|1|0|0|0|0|1|0|2474709526|2474709531|0|0|0|0|0|0|0|0|0|0
513|R1|1|2|0|1|1|1|0|0|0|0|1|0|2481660975|2481660980|0|0|0|0|0|0|0|0|0|0
514|R1|1|2|0|1|1|1|0|0|0|0|1|0|2488393823|2488393828|0|0|0|0|0|0|0|0|0|0
515|R1|1|2|0|1|1|1|0|0|0|0|1|0|2496804664|2496804669|0|0|0|0|0|0|0|0|0|0
516|R1|1|2|0|1|1|1|0|0|0|0|1|0|2503033375|2503033380|0|0|0|0|0|0|0|0|0|0
517|R1|1|2|0|1|1|1|0|0|0|0|1|0|2512767995|2512768000|0|0|0|0|0|0|0|0|0|0
518|R1|1|2|0|1|1|1|0|0|0|0|1|0|2520294441|2520294446|0|0|0|0|0|0|0|0|0|0
519|R1|1|2|0|1|1|1|0|0|0|0|1|0|2526240118|2526240123|0|0|0|0|0|0|0|0|0|0
520|R1|1|2|0|1|1|1|0|0|0|0|1|0|2534309499|2534309504|0|0|0|0|0|0|0|0|0|0
521|R1|1|2|0|1|1|1|0|0|0|0|1|0|2542211841|2542211846|0|0|0|0|0|0|0|0|0|0
522|R1|1|2|0|1|1|1|0|0|0|0|1|0|2550387538|2550387543|0|0|0|0|0|0|0|0|0|0
523|R1|1|2|0|1|1|1|0|0|0|0|1|0|2558421929|2558421934|0|0|0|0|0|0|0|0|0|0
524|R1|1|2|0|1|1|1|0|0|0|0|1|0|2566282524|2566282529|0|0|0|0|0|0|0|0|0|0
525|R1|1|2|0|1|1|1|0|0|0|0|1|0|2572607332|2572607337|0|0|0|0|0|0|0|0|0|0
526|R1|1|2|0|1|1|1|0|0|0|0|1|0|2580073427|2580073432|0|0|0|0|0|0|0|0|0|0
527|R1|1|2|0|1|1|1|0|0|0|0|1|0|2586501322|2586501327|0|0|0|0|0|0|0|0|0|0
528|R1|1|2|0|1|1|1|0|0|0|0|1|0|2595251899|2595251904|0|0|0|0|0|0|0|0|0|0
529|R1|1|2|0|1|1|1|0|0|0|0|1|0|2602212870|2602212875|0|0|0|0|0|0|0|0|0|0
530|R1|1|2|0|1|1|1|0|0|0|0|1|0|2610508205|2610508210|0|0|0|0|0|0|0|0|0|0
531|R1|1|2|0|1|1|1|0|0|0|0|1|0|2618613030|2618613035|0|0|0|0|0|0|0|0|0|0
532|R1|1|2|0|1|1|1|0|0|0|0|1|0|2627887437|2627887442|0|0|0|0|0|0|0|0|0|0
533|R1|1|2|0|1|1|1|0|0|0|0|1|0|2634405028|2634405033|0|0|0|0|0|0|0|0|0|0
534|R1|1|2|0|1|1|1|0|0|0|0|1|0|2641607273|2641607278|0|0|0|0|0|0|0|0|0|0
535|R1|1|2|0|1|1|1|0|0|0|0|1|0|2650753014|2650753019|0|0|0|0|0|0|0|0|0|0
536|R1|1|2|0|1|1|1|0|0|0|0|1|0|2660352822|2660352827|0|0|0|0|0|0|0|0|0|0
537|R1|1|2|0|1|1|1|0|0|0|0|1|0|2666603882|2666603887|0|0|0|0|0|0|0|0|0|0
538|R1|1|2|0|1|1|1|0|0|0|0|1|0|2673561619|2673561624|0|0|0|0|0|0|0|0|0|0
539|R1|1|2|0|1|1|1|0|0|0|0|1|0|2680821654|2680821659|0|0|0|0|0|0|0|0|0|0
540|R1|1|2|0|1|1|1|0|0|0|0|1|0|2689675026|2689675031|0|0|0|0|0|0|0|0|0|0
541|R1|1|2|0|1|1|1|0|0|0|0|1|0|2697747922|2697747927|0|0|0|0|0|0|0|0|0|0
542|R1|1|2|0|1|1|1|0|0|0|0|1|0|2705544379|2705544384|0|0|0|0|0|0|0|0|0|0
543|R1|1|2|0|1|1|1|0|0|0|0|1|0|2712682148|2712682153|0|0|0|0|0|0|0|0|0|0
544|R1|1|2|0|1|1|1|0|0|0|0|1|0|2721699946|2721699951|0|0|0|0|0|0|0|0|0|0
545|R1|1|2|0|1|1|1|0|0|0|0|1|0|2730659378|2730659383|0|0|0|0|0|0|0|0|0|0
546|R1|1|2|0|1|1|1|0|0|0|0|1|0|2738385311|2738385316|0|0|0|0|0|0|0|0|0|0
547|R1|1|2|0|1|1|1|0|0|0|0|1|0|2746319937|2746319942|0|0|0|0|0|0|0|0|0|0
548|R1|1|2|0|1|1|1|0|0|0|0|1|0|2754411855|2754411860|0|0|0|0|0|0|0|0|0|0
549|R1|1|2|0|1|1|1|0|0|0|0|1|0|2762921490|2762921495|0|0|0|0|0|0|0|0|0|0
550|R1|1|2|0|1|1|1|0|0|0|0|1|0|2770788502|2770788507|0|0|0|0|0|0|0|0|0|0
551|R1|1|2|0|1|1|1|0|0|0|0|1|0|2777556751|2777556756|0|0|0|0|0|0|0|0|0|0
552|R1|1|2|0|1|1|1|0|0|0|0|1|0|2786859940|2786859945|0|0|0|0|0|0|0|0|0|0
553|R1|1|2|0|1|1|1|0|0|0|0|1|0|2794261199|2794261204|0|0|0|0|0|0|0|0|0|0
554|R1|1|2|0|1|1|1|0|0|0|0|1|0|2803789284|2803789289|0|0|0|0|0|0|0|0|0|0
555|R1|1|2|0|1|1|1|0|0|0|0|1|0|2814102258|2814102263|0|0|0|0|0|0|0|0|0|0
556|R1|1|2|0|1|1|1|0|0|0|0|1|0|2822117092|2822117097|0|0|0|0|0|0|0|0|0|0
557|R1|1|2|0|1|1|1|0|0|0|0|1|0|2829930139|2829930144|0|0|0|0|0|0|0|0|0|0
558|R1|1|2|0|1|1|1|0|0|0|0|1|0|2838397993|2838397998|0|0|0|0|0|0|0|0|0|0
559|R1|1|2|0|1|1|1|0|0|0|0|1|0|2845927945|2845927950|0|0|0|0|0|0|0|0|0|0
560|R1|1|2|0|1|1|1|0|0|0|0|1|0|2855478532|2855478537|0|0|0|0|0|0|0|0|0|0
561|R1|1|2|0|1|1|1|0|0|0|0|1|0|2862584228|2862584233|0|0|0|0|0|0|0|0|0|0
562|R1|1|2|0|1|1|1|0|0|0|0|1|0|2870123512|2870123517|0|0|0|0|0|0|0|0|0|0
563|R1|1|2|0|1|1|1|0|0|0|0|1|0|2877084472|2877084477|0|0|0|0|0|0|0|0|0|0
564|R1|1|2|0|1|1|1|0|0|0|0|1|0|2886127661|2886127666|0|0|0|0|0|0|0|0|0|0
565|R1|1|2|0|1|1|1|0|0|0|0|1|0|2895617188|2895617193|0|0|0|0|0|0|0|0|0|0
566|R1|1|2|0|1|1|1|0|0|0|0|1|0|2903635503|2903635508|0|0|0|0|0|0|0|0|0|0
567|R1|1|2|0|1|1|1|0|0|0|0|1|0|2911078726|2911078731|0|0|0|0|0|0|0|0|0|0
568|R1|1|2|0|1|1|1|0|0|0|0|1|0|2919668682|2919668687|0|0|0|0|0|0|0|0|0|0
569|R1|1|2|0|1|1|1|0|0|0|0|1|0|2927391126|2927391131|0|0|0|0|0|0|0|0|0|0
570|R1|1|2|0|1|1|1|0|0|0|0|1|0|2936180234|2936180239|0|0|0|0|0|0|0|0|0|0
571|R1|1|2|0|1|1|1|0|0|0|0|1|0|2944956490|2944956495|0|0|0|0|0|0|0|0|0|0
572|R1|1|2|0|1|1|1|0|0|0|0|1|0|2954436425|2954436430|0|0|0|0|0|0|0|0|0|0
573|R1|1|2|0|1|1|1|0|0|0|0|1|0|2963421569|2963421574|0|0|0|0|0|0|0|0|0|0
574|R1|1|2|0|1|1|1|0|0|0|0|1|0|2972146428|2972146433|0|0|0|0|0|0|0|0|0|0
575|R1|1|2|0|1|1|1|0|0|0|0|1|0|2982741225|2982741230|0|0|0|0|0|0|0|0|0|0
576|R1|1|2|0|1|1|1|0|0|0|0|1|0|2991819519|2991819524|0|0|0|0|0|0|0|0|0|0
577|R1|1|2|0|1|1|1|0|0|0|0|1|0|3001357258|3001357263|0|0|0|0|0|0|0|0|0|0
578|R1|1|2|0|1|1|1|0|0|0|0|1|0|3008764859|3008764864|0|0|0|0|0|0|0|0|0|0
579|R1|1|2|0|1|1|1|0|0|0|0|1|0|3017078470|3017078475|0|0|0|0|0|0|0|0|0|0
580|R1|1|2|0|1|1|1|0|0|0|0|1|0|3024592315|3024592320|0|0|0|0|0|0|0|0|0|0
581|R1|1|2|0|1|1|1|0|0|0|0|1|0|3033265760|3033265765|0|0|0|0|0|0|0|0|0|0
582|R1|1|2|0|1|1|1|0|0|0|0|1|0|3040728251|3040728256|0|0|0|0|0|0|0|0|0|0
583|R1|1|2|0|1|1|1|0|0|0|0|1|0|3050892568|3050892573|0|0|0|0|0|0|0|0|0|0
584|R1|1|2|0|1|1|1|0|0|0|0|1|0|3059556393|3059556398|0|0|0|0|0|0|0|0|0|0
585|R1|1|2|0|1|1|1|0|0|0|0|1|0|3067690072|3067690077|0|0|0|0|0|0|0|0|0|0
586|R1|1|2|0|1|1|1|0|0|0|0|1|0|3074178715|3074178720|0|0|0|0|0|0|0|0|0|0
587|R1|1|2|0|1|1|1|0|0|0|0|1|0|3082781583|3082781588|0|0|0|0|0|0|0|0|0|0
588|R1|1|2|0|1|1|1|0|0|0|0|1|0|3089090313|3089090318|0|0|0|0|0|0|0|0|0|0
589|R1|1|2|0|1|1|1|0|0|0|0|1|0|3095106701|3095106706|0|0|0|0|0|0|0|0|0|0
590|R1|1|2|0|1|1|1|0|0|0|0|1|0|3101241933|3101241938|0|0|0|0|0|0|0|0|0|0
591|R1|1|2|0|1|1|1|0|0|0|0|1|0|3108990758|3108990763|0|0|0|0|0|0|0|0|0|0
592|R1|1|2|0|1|1|1|0|0|0|0|1|0|3117760740|3117760745|0|0|0|0|0|0|0|0|0|0
593|R1|1|2|0|1|1|1|0|0|0|0|1|0|3125537787|3125537792|0|0|0|0|0|0|0|0|0|0
594|R1|1|2|0|1|1|1|0|0|0|0|1|0|3132553523|3132553528|0|0|0|0|0|0|0|0|0|0
595|R1|1|2|0|1|1|1|0|0|0|0|1|0|3138965062|3138965067|0|0|0|0|0|0|0|0|0|0
596|R1|1|2|0|1|1|1|0|0|0|0|1|0|3148550985|3148550990|0|0|0|0|0|0|0|0|0|0
597|R1|1|2|0|1|1|1|0|0|0|0|1|0|3155074985|3155074990|0|0|0|0|0|0|0|0|0|0
598|R1|1|2|0|1|1|1|0|0|0|0|1|0|3163803044|3163803049|0|0|0|0|0|0|0|0|0|0
599|R1|1|2|0|1|1|1|0|0|0|0|1|0|3171850235|3171850240|0|0|0|0|0|0|0|0|0|0
600|R1|1|2|0|1|1|1|0|0|0|0|1|0|3182258902|3182258907|0|0|0|0|0|0|0|0|0|0
601|R1|1|2|0|1|1|1|0|0|0|0|1|0|3192211090|3192211095|0|0|0|0|0|0|0|0|0|0
602|R1|1|2|0|1|1|1|0|0|0|0|1|0|3198400956|3198400961|0|0|0|0|0|0|0|0|0|0
603|R1|1|2|0|1|1|1|0|0|0|0|1|0|3206139483|3206139488|0|0|0|0|0|0|0|0|0|0
604|R1|1|2|0|1|1|1|0|0|0|0|1|0|3214006916|3214006921|0|0|0|0|0|0|0|0|0|0
605|R1|1|2|0|1|1|1|0|0|0|0|1|0|3220287012|3220287017|0|0|0|0|0|0|0|0|0|0
606|R1|1|2|0|1|1|1|0|0|0|0|1|0|3227035928|3227035933|0|0|0|0|0|0|0|0|0|0
607|R1|1|2|0|1|1|1|0|0|0|0|1|0|3232988063|3232988068|0|0|0|0|0|0|0|0|0|0
608|R1|1|2|0|1|1|1|0|0|0|0|1|0|3240932187|3240932192|0|0|0|0|0|0|0|0|0|0
609|R1|1|2|0|1|1|1|0|0|0|0|1|0|3248767059|3248767064|0|0|0|0|0|0|0|0|0|0
610|R1|1|2|0|1|1|1|0|0|0|0|1|0|3256836824|3256836829|0|0|0|0|0|0|0|0|0|0
611|R1|1|2|0|1|1|1|0|0|0|0|1|0|3264521208|3264521213|0|0|0|0|0|0|0|0|0|0
612|R1|1|2|0|1|1|1|0|0|0|0|1|0|3272591117|3272591122|0|0|0|0|0|0|0|0|0|0
613|R1|1|2|0|1|1|1|0|0|0|0|1|0|3278790744|3278790749|0|0|0|0|0|0|0|0|0|0
614|R1|1|2|0|1|1|1|0|0|0|0|1|0|3285877001|3285877006|0|0|0|0|0|0|0|0|0|0
615|R1|1|2|0|1|1|1|0|0|0|0|1|0|3293079195|3293079200|0|0|0|0|0|0|0|0|0|0
616|R1|1|2|0|1|1|1|0|0|0|0|1|0|3301958326|3301958331|0|0|0|0|0|0|0|0|0|0
617|R1|1|2|0|1|1|1|0|0|0|0|1|0|3309979780|3309979785|0|0|0|0|0|0|0|0|0|0
618|R1|1|2|0|1|1|1|0|0|0|0|1|0|3318524856|3318524861|0|0|0|0|0|0|0|0|0|0
619|R1|1|2|0|1|1|1|0|0|0|0|1|0|3325572598|3325572603|0|0|0|0|0|0|0|0|0|0
620|R1|1|2|0|1|1|1|0|0|0|0|1|0|3333632417|3333632422|0|0|0|0|0|0|0|0|0|0
621|R1|1|2|0|1|1|1|0|0|0|0|1|0|3341692201|3341692206|0|0|0|0|0|0|0|0|0|0
622|R1|1|2|0|1|1|1|0|0|0|0|1|0|3350301362|3350301367|0|0|0|0|0|0|0|0|0|0
623|R1|1|2|0|1|1|1|0|0|0|0|1|0|3357725220|3357725225|0|0|0|0|0|0|0|0|0|0
624|R1|1|2|0|1|1|1|0|0|0|0|1|0|3366989866|3366989871|0|0|0|0|0|0|0|0|0|0
625|R1|1|2|0|1|1|1|0|0|0|0|1|0|3375207451|3375207456|0|0|0|0|0|0|0|0|0|0
626|R1|1|2|0|1|1|1|0|0|0|0|1|0|3382348316|3382348321|0|0|0|0|0|0|0|0|0|0
627|R1|1|2|0|1|1|1|0|0|0|0|1|0|3391057094|3391057099|0|0|0|0|0|0|0|0|0|0
628|R1|1|2|0|1|1|1|0|0|0|0|1|0|3400742637|3400742642|0|0|0|0|0|0|0|0|0|0
629|R1|1|2|0|1|1|1|0|0|0|0|1|0|3409184746|3409184751|0|0|0|0|0|0|0|0|0|0
630|R1|1|2|0|1|1|1|0|0|0|0|1|0|3416927117|3416927122|0|0|0|0|0|0|0|0|0|0
631|R1|1|2|0|1|1|1|0|0|0|0|1|0|3425205391|3425205396|0|0|0|0|0|0|0|0|0|0
632|R1|1|2|0|1|1|1|0|0|0|0|1|0|3435871008|3435871013|0|0|0|0|0|0|0|0|0|0
633|R1|1|2|0|1|1|1|0|0|0|0|1|0|3445530808|3445530813|0|0|0|0|0|0|0|0|0|0
634|R1|1|2|0|1|1|1|0|0|0|0|1|0|3453359515|3453359520|0|0|0|0|0|0|0|0|0|0
635|R1|1|2|0|1|1|1|0|0|0|0|1|0|3460988806|3460988811|0|0|0|0|0|0|0|0|0|0
636|R1|1|2|0|1|1|1|0|0|0|0|1|0|3469581926|3469581931|0|0|0|0|0|0|0|0|0|0
637|R1|1|2|0|1|1|1|0|0|0|0|1|0|3477166203|3477166208|0|0|0|0|0|0|0|0|0|0
638|R1|1|2|0|1|1|1|0|0|0|0|1|0|3485197097|3485197102|0|0|0|0|0|0|0|0|0|0
639|R1|1|2|0|1|1|1|0|0|0|0|1|0|3494490843|3494490848|0|0|0|0|0|0|0|0|0|0
640|R1|1|2|0|1|1|1|0|0|0|0|1|0|3501734829|3501734834|0|0|0|0|0|0|0|0|0|0
641|R1|1|2|0|1|1|1|0|0|0|0|1|0|3510139222|3510139227|0|0|0|0|0|0|0|0|0|0
642|R1|1|2|0|1|1|1|0|0|0|0|1|0|3518995830|3518995835|0|0|0|0|0|0|0|0|0|0
643|R1|1|2|0|1|1|1|0|0|0|0|1|0|3527219462|3527219467|0|0|0|0|0|0|0|0|0|0
644|R1|1|2|0|1|1|1|0|0|0|0|1|0|3535128271|3535128276|0|0|0|0|0|0|0|0|0|0
645|R1|1|2|0|1|1|1|0|0|0|0|1|0|3543763160|3543763165|0|0|0|0|0|0|0|0|0|0
646|R1|1|2|0|1|1|1|0|0|0|0|1|0|3550839804|3550839809|0|0|0|0|0|0|0|0|0|0
647|R1|1|2|0|1|1|1|0|0|0|0|1|0|3559577510|3559577515|0|0|0|0|0|0|0|0|0|0
648|R1|1|2|0|1|1|1|0|0|0|0|1|0|3568482273|3568482278|0|0|0|0|0|0|0|0|0|0
649|R1|1|2|0|1|1|1|0|0|0|0|1|0|3575755163|3575755168|0|0|0|0|0|0|0|0|0|0
650|R1|1|2|0|1|1|1|0|0|0|0|1|0|3584702314|3584702319|0|0|0|0|0|0|0|0|0|0
651|R1|1|2|0|1|1|1|0|0|0|0|1|0|3593427334|3593427339|0|0|0|0|0|0|0|0|0|0
652|R1|1|2|0|1|1|1|0|0|0|0|1|0|3601034089|3601034094|0|0|0|0|0|0|0|0|0|0
653|R1|1|2|0|1|1|1|0|0|0|0|1|0|3608097999|3608098004|0|0|0|0|0|0|0|0|0|0
654|R1|1|2|0|1|1|1|0|0|0|0|1|0|3616151640|3616151645|0|0|0|0|0|0|0|0|0|0
655|R1|1|2|0|1|1|1|0|0|0|0|1|0|3625984948|3625984953|0|0|0|0|0|0|0|0|0|0
656|R1|1|2|0|1|1|1|0|0|0|0|1|0|3634028658|3634028663|0|0|0|0|0|0|0|0|0|0
657|R1|1|2|0|1|1|1|0|0|0|0|1|0|3641555242|3641555247|0|0|0|0|0|0|0|0|0|0
658|R1|1|2|0|1|1|1|0|0|0|0|1|0|3648770049|3648770054|0|0|0|0|0|0|0|0|0|0
659|R1|1|2|0|1|1|1|0|0|0|0|1|0|3657562367|3657562372|0|0|0|0|0|0|0|0|0|0
660|R1|1|2|0|1|1|1|0|0|0|0|1|0|3665442214|3665442219|0|0|0|0|0|0|0|0|0|0
661|R1|1|2|0|1|1|1|0|0|0|0|1|0|3673074674|3673074679|0|0|0|0|0|0|0|0|0|0
662|R1|1|2|0|1|1|1|0|0|0|0|1|0|3680048484|3680048489|0|0|0|0|0|0|0|0|0|0
663|R1|1|2|0|1|1|1|0|0|0|0|1|0|3689322749|3689322754|0|0|0|0|0|0|0|0|0|0
664|R1|1|2|0|1|1|1|0|0|0|0|1|0|3695454767|3695454772|0|0|0|0|0|0|0|0|0|0
665|R1|1|2|0|1|1|1|0|0|0|0|1|0|3701586808|3701586813|0|0|0|0|0|0|0|0|0|0
666|R1|1|2|0|1|1|1|0|0|0|0|1|0|3708570250|3708570255|0|0|0|0|0|0|0|0|0|0
667|R1|1|2|0|1|1|1|0|0|0|0|1|0|3717796617|3717796622|0|0|0|0|0|0|0|0|0|0
668|R1|1|2|0|1|1|1|0|0|0|0|1|0|3725072443|3725072448|0|0|0|0|0|0|0|0|0|0
669|R1|1|2|0|1|1|1|0|0|0|0|1|0|3732101144|3732101149|0|0|0|0|0|0|0|0|0|0
670|R1|1|2|0|1|1|1|0|0|0|0|1|0|3740048728|3740048733|0|0|0|0|0|0|0|0|0|0
671|R1|1|2|0|1|1|1|0|0|0|0|1|0|3749053385|3749053390|0|0|0|0|0|0|0|0|0|0
672|R1|1|2|0|1|1|1|0|0|0|0|1|0|3756901112|3756901117|0|0|0|0|0|0|0|0|0|0
673|R1|1|2|0|1|1|1|0|0|0|0|1|0|3765365702|3765365707|0|0|0|0|0|0|0|0|0|0
674|R1|1|2|0|1|1|1|0|0|0|0|1|0|3774325199|3774325204|0|0|0|0|0|0|0|0|0|0
675|R1|1|2|0|1|1|1|0|0|0|0|1|0|3784881650|3784881655|0|0|0|0|0|0|0|0|0|0
676|R1|1|2|0|1|1|1|0|0|0|0|1|0|3791906870|3791906875|0|0|0|0|0|0|0|0|0|0
677|R1|1|2|0|1|1|1|0|0|0|0|1|0|3799144399|3799144404|0|0|0|0|0|0|0|0|0|0
678|R1|1|2|0|1|1|1|0|0|0|0|1|0|3806568280|3806568285|0|0|0|0|0|0|0|0|0|0
679|R1|1|2|0|1|1|1|0|0|0|0|1|0|3814971832|3814971837|0|0|0|0|0|0|0|0|0|0
680|R1|1|2|0|1|1|1|0|0|0|0|1|0|3823291846|3823291851|0|0|0|0|0|0|0|0|0|0
681|R1|1|2|0|1|1|1|0|0|0|0|1|0|3831743611|3831743616|0|0|0|0|0|0|0|0|0|0
682|R1|1|2|0|1|1|1|0|0|0|0|1|0|3839794072|3839794077|0|0|0|0|0|0|0|0|0|0
683|R1|1|2|0|1|1|1|0|0|0|0|1|0|3851449362|3851449367|0|0|0|0|0|0|0|0|0|0
684|R1|1|2|0|1|1|1|0|0|0|0|1|0|3858214381|3858214386|0|0|0|0|0|0|0|0|0|0
685|R1|1|2|0|1|1|1|0|0|0|0|1|0|3866785019|3866785024|0|0|0|0|0|0|0|0|0|0
686|R1|1|2|0|1|1|1|0|0|0|0|1|0|3875651241|3875651246|0|0|0|0|0|0|0|0|0|0
687|R1|1|2|0|1|1|1|0|0|0|0|1|0|3883759475|3883759480|0|0|0|0|0|0|0|0|0|0
688|R1|1|2|0|1|1|1|0|0|0|0|1|0|3892025215|3892025220|0|0|0|0|0|0|0|0|0|0
689|R1|1|2|0|1|1|1|0|0|0|0|1|0|3898706642|3898706647|0|0|0|0|0|0|0|0|0|0
690|R1|1|2|0|1|1|1|0|0|0|0|1|0|3908128714|3908128719|0|0|0|0|0|0|0|0|0|0
691|R1|1|2|0|1|1|1|0|0|0|0|1|0|3915295510|3915295515|0|0|0|0|0|0|0|0|0|0
692|R1|1|2|0|1|1|1|0|0|0|0|1|0|3924029993|3924029998|0|0|0|0|0|0|0|0|0|0
693|R1|1|2|0|1|1|1|0|0|0|0|1|0|3932353499|3932353504|0|0|0|0|0|0|0|0|0|0
694|R1|1|2|0|1|1|1|0|0|0|0|1|0|3942357234|3942357239|0|0|0|0|0|0|0|0|0|0
695|R1|1|2|0|1|1|1|0|0|0|0|1|0|3950590726|3950590731|0|0|0|0|0|0|0|0|0|0
696|R1|1|2|0|1|1|1|0|0|0|0|1|0|3959039530|3959039535|0|0|0|0|0|0|0|0|0|0
697|R1|1|2|0|1|1|1|0|0|0|0|1|0|3966521257|3966521262|0|0|0|0|0|0|0|0|0|0
698|R1|1|2|0|1|1|1|0|0|0|0|1|0|3974822072|3974822077|0|0|0|0|0|0|0|0|0|0
699|R1|1|2|0|1|1|1|0|0|0|0|1|0|3983656155|3983656160|0|0|0|0|0|0|0|0|0|0
700|R1|1|2|0|1|1|1|0|0|0|0|1|0|3991696783|3991696788|0|0|0|0|0|0|0|0|0|0
701|R1|1|2|0|1|1|1|0|0|0|0|1|0|4000611996|4000612001|0|0|0|0|0|0|0|0|0|0
702|R1|1|2|0|1|1|1|0|0|0|0|1|0|4008607515|4008607520|0|0|0|0|0|0|0|0|0|0
703|R1|1|2|0|1|1|1|0|0|0|0|1|0|4015587750|4015587755|0|0|0|0|0|0|0|0|0|0
704|R1|1|2|0|1|1|1|0|0|0|0|1|0|4023503160|4023503165|0|0|0|0|0|0|0|0|0|0
705|R1|1|2|0|1|1|1|0|0|0|0|1|0|4033005537|4033005542|0|0|0|0|0|0|0|0|0|0
706|R1|1|2|0|1|1|1|0|0|0|0|1|0|4041962532|4041962537|0|0|0|0|0|0|0|0|0|0
707|R1|1|2|0|1|1|1|0|0|0|0|1|0|4049103384|4049103389|0|0|0|0|0|0|0|0|0|0
708|R1|1|2|0|1|1|1|0|0|0|0|1|0|4054801650|4054801655|0|0|0|0|0|0|0|0|0|0
709|R1|1|2|0|1|1|1|0|0|0|0|1|0|4062231707|4062231712|0|0|0|0|0|0|0|0|0|0
710|R1|1|2|0|1|1|1|0|0|0|0|1|0|4071563931|4071563936|0|0|0|0|0|0|0|0|0|0
711|R1|1|2|0|1|1|1|0|0|0|0|1|0|4077798753|4077798758|0|0|0|0|0|0|0|0|0|0
712|R1|1|2|0|1|1|1|0|0|0|0|1|0|4086221601|4086221606|0|0|0|0|0|0|0|0|0|0
713|R1|1|2|0|1|1|1|0|0|0|0|1|0|4095714360|4095714365|0|0|0|0|0|0|0|0|0|0
714|R1|1|2|0|1|1|1|0|0|0|0|1|0|4103828754|4103828759|0|0|0|0|0|0|0|0|0|0
715|R1|1|2|0|1|1|1|0|0|0|0|1|0|4112043058|4112043063|0|0|0|0|0|0|0|0|0|0
716|R1|1|2|0|1|1|1|0|0|0|0|1|0|4119942438|4119942443|0|0|0|0|0|0|0|0|0|0
717|R1|1|2|0|1|1|1|0|0|0|0|1|0|4127041702|4127041707|0|0|0|0|0|0|0|0|0|0
718|R1|1|2|0|1|1|1|0|0|0|0|1|0|4136558273|4136558278|0|0|0|0|0|0|0|0|0|0
719|R1|1|2|0|1|1|1|0|0|0|0|1|0|4142770872|4142770877|0|0|0|0|0|0|0|0|0|0
720|R1|1|2|0|1|1|1|0|0|0|0|1|0|4149686843|4149686848|0|0|0|0|0|0|0|0|0|0
721|R1|1|2|0|1|1|1|0|0|0|0|1|0|4156917976|4156917981|0|0|0|0|0|0|0|0|0|0
722|R1|1|2|0|1|1|1|0|0|0|0|1|0|4165238003|4165238008|0|0|0|0|0|0|0|0|0|0
723|R1|1|2|0|1|1|1|0|0|0|0|1|0|4173676923|4173676928|0|0|0|0|0|0|0|0|0|0
724|R1|1|2|0|1|1|1|0|0|0|0|1|0|4180927384|4180927389|0|0|0|0|0|0|0|0|0|0
725|R1|1|2|0|1|1|1|0|0|0|0|1|0|4188829976|4188829981|0|0|0|0|0|0|0|0|0|0
726|R1|1|2|0|1|1|1|0|0|0|0|1|0|4197056819|4197056824|0|0|0|0|0|0|0|0|0|0
727|R1|1|2|0|1|1|1|0|0|0|0|1|0|4204567469|4204567474|0|0|0|0|0|0|0|0|0|0
728|R1|1|2|0|1|1|1|0|0|0|0|1|0|4212521362|4212521367|0|0|0|0|0|0|0|0|0|0
729|R1|1|2|0|1|1|1|0|0|0|0|1|0|4220574739|4220574744|0|0|0|0|0|0|0|0|0|0
730|R1|1|2|0|1|1|1|0|0|0|0|1|0|4230253866|4230253871|0|0|0|0|0|0|0|0|0|0
731|R1|1|2|0|1|1|1|0|0|0|0|1|0|4238782715|4238782720|0|0|0|0|0|0|0|0|0|0
732|R1|1|2|0|1|1|1|0|0|0|0|1|0|4247237714|4247237719|0|0|0|0|0|0|0|0|0|0
733|R1|1|2|0|1|1|1|0|0|0|0|1|0|4254217958|4254217963|0|0|0|0|0|0|0|0|0|0
734|R1|1|2|0|1|1|1|0|0|0|0|1|0|4263427987|4263427992|0|0|0|0|0|0|0|0|0|0
735|R1|1|2|0|1|1|1|0|0|0|0|1|0|4271179343|4271179348|0|0|0|0|0|0|0|0|0|0
736|R1|1|2|0|1|1|1|0|0|0|0|1|0|4279361226|4279361231|0|0|0|0|0|0|0|0|0|0
737|R1|1|2|0|1|1|1|0|0|0|0|1|0|4287559474|4287559479|0|0|0|0|0|0|0|0|0|0
738|R1|1|2|0|1|1|1|0|0|0|0|1|0|2351832|2351837|0|0|0|0|0|0|0|0|0|0
739|R1|1|2|0|1|1|1|0|0|0|0|1|0|9615081|9615086|0|0|0|0|0|0|0|0|0|0
740|R1|1|2|0|1|1|1|0|0|0|0|1|0|18066998|18067003|0|0|0|0|0|0|0|0|0|0
741|R1|1|2|0|1|1|1|0|0|0|0|1|0|24992614|24992619|0|0|0|0|0|0|0|0|0|0
742|R1|1|2|0|1|1|1|0|0|0|0|1|0|33810758|33810763|0|0|0|0|0|0|0|0|0|0
743|R1|1|2|0|1|1|1|0|0|0|0|1|0|42340283|42340288|0|0|0|0|0|0|0|0|0|0
744|R1|1|2|0|1|1|1|0|0|0|0|1|0|50287908|50287913|0|0|0|0|0|0|0|0|0|0
745|R1|1|2|0|1|1|1|0|0|0|0|1|0|58235485|58235490|0|0|0|0|0|0|0|0|0|0
746|R1|1|2|0|1|1|1|0|0|0|0|1|0|67978820|67978825|0|0|0|0|0|0|0|0|0|0
747|R1|1|2|0|1|1|1|0|0|0|0|1|0|74178317|74178322|0|0|0|0|0|0|0|0|0|0
748|R1|1|2|0|1|1|1|0|0|0|0|1|0|82883908|82883913|0|0|0|0|0|0|0|0|0|0
749|R1|1|2|0|1|1|1|0|0|0|0|1|0|89546351|89546356|0|0|0|0|0|0|0|0|0|0
750|R1|1|2|0|1|1|1|0|0|0|0|1|0|98750058|98750063|0|0|0|0|0|0|0|0|0|0
751|R1|1|2|0|1|1|1|0|0|0|0|1|0|106164056|106164061|0|0|0|0|0|0|0|0|0|0
752|R1|1|2|0|1|1|1|0|0|0|0|1|0|114043919|114043924|0|0|0|0|0|0|0|0|0|0
753|R1|1|2|0|1|1|1|0|0|0|0|1|0|121220417|121220422|0|0|0|0|0|0|0|0|0|0
754|R1|1|2|0|1|1|1|0|0|0|0|1|0|131901938|131901943|0|0|0|0|0|0|0|0|0|0
755|R1|1|2|0|1|1|1|0|0|0|0|1|0|139463736|139463741|0|0|0|0|0|0|0|0|0|0
756|R1|1|2|0|1|1|1|0|0|0|0|1|0|147166876|147166881|0|0|0|0|0|0|0|0|0|0
757|R1|1|2|0|1|1|1|0|0|0|0|1|0|155027712|155027717|0|0|0|0|0|0|0|0|0|0
758|R1|1|2|0|1|1|1|0|0|0|0|1|0|163029714|163029719|0|0|0|0|0|0|0|0|0|0
759|R1|1|2|0|1|1|1|0|0|0|0|1|0|171516822|171516827|0|0|0|0|0|0|0|0|0|0
760|R1|1|2|0|1|1|1|0|0|0|0|1|0|179075382|179075387|0|0|0|0|0|0|0|0|0|0
761|R1|1|2|0|1|1|1|0|0|0|0|1|0|187964347|187964352|0|0|0|0|0|0|0|0|0|0
762|R1|1|2|0|1|1|1|0|0|0|0|1|0|197781592|197781597|0|0|0|0|0|0|0|0|0|0
763|R1|1|2|0|1|1|1|0|0|0|0|1|0|205905636|205905641|0|0|0|0|0|0|0|0|0|0
764|R1|1|2|0|1|1|1|0|0|0|0|1|0|213245683|213245688|0|0|0|0|0|0|0|0|0|0
765|R1|1|2|0|1|1|1|0|0|0|0|1|0|219390569|219390574|0|0|0|0|0|0|0|0|0|0
766|R1|1|2|0|1|1|1|0|0|0|0|1|0|229172472|229172477|0|0|0|0|0|0|0|0|0|0
767|R1|1|2|0|1|1|1|0|0|0|0|1|0|237412173|237412178|0|0|0|0|0|0|0|0|0|0
768|R1|1|2|0|1|1|1|0|0|0|0|1|0|246265549|246265554|0|0|0|0|0|0|0|0|0|0
769|R1|1|2|0|1|1|1|0|0|0|0|1|0|254932571|254932576|0|0|0|0|0|0|0|0|0|0
770|R1|1|2|0|1|1|1|0|0|0|0|1|0|264849427|264849432|0|0|0|0|0|0|0|0|0|0
771|R1|1|2|0|1|1|1|0|0|0|0|1|0|273076966|273076971|0|0|0|0|0|0|0|0|0|0
772|R1|1|2|0|1|1|1|0|0|0|0|1|0|280346363|280346368|0|0|0|0|0|0|0|0|0|0
773|R1|1|2|0|1|1|1|0|0|0|0|1|0|288049810|288049815|0|0|0|0|0|0|0|0|0|0
774|R1|1|2|0|1|1|1|0|0|0|0|1|0|297748198|297748203|0|0|0|0|0|0|0|0|0|0
775|R1|1|2|0|1|1|1|0|0|0|0|1|0|305673266|305673271|0|0|0|0|0|0|0|0|0|0
776|R1|1|2|0|1|1|1|0|0|0|0|1|0|313957944|313957949|0|0|0|0|0|0|0|0|0|0
777|R1|1|2|0|1|1|1|0|0|0|0|1|0|323320412|323320417|0|0|0|0|0|0|0|0|0|0
778|R1|1|2|0|1|1|1|0|0|0|0|1|0|329414148|329414153|0|0|0|0|0|0|0|0|0|0
779|R1|1|2|0|1|1|1|0|0|0|0|1|0|337445176|337445181|0|0|0|0|0|0|0|0|0|0
780|R1|1|2|0|1|1|1|0|0|0|0|1|0|344287247|344287252|0|0|0|0|0|0|0|0|0|0
781|R1|1|2|0|1|1|1|0|0|0|0|1|0|351945551|351945556|0|0|0|0|0|0|0|0|0|0
782|R1|1|2|0|1|1|1|0|0|0|0|1|0|362611014|362611019|0|0|0|0|0|0|0|0|0|0
783|R1|1|2|0|1|1|1|0|0|0|0|1|0|370021916|370021921|0|0|0|0|0|0|0|0|0|0
784|R1|1|2|0|1|1|1|0|0|0|0|1|0|376851108|376851113|0|0|0|0|0|0|0|0|0|0
785|R1|1|2|0|1|1|1|0|0|0|0|1|0|385280384|385280389|0|0|0|0|0|0|0|0|0|0
786|R1|1|2|0|1|1|1|0|0|0|0|1|0|394178720|394178725|0|0|0|0|0|0|0|0|0|0
787|R1|1|2|0|1|1|1|0|0|0|0|1|0|402807327|402807332|0|0|0|0|0|0|0|0|0|0
788|R1|1|2|0|1|1|1|0|0|0|0|1|0|410108850|410108855|0|0|0|0|0|0|0|0|0|0
789|R1|1|2|0|1|1|1|0|0|0|0|1|0|417372155|417372160|0|0|0|0|0|0|0|0|0|0
790|R1|1|2|0|1|1|1|0|0|0|0|1|0|426190176|426190181|0|0|0|0|0|0|0|0|0|0
791|R1|1|2|0|1|1|1|0|0|0|0|1|0|433189702|433189707|0|0|0|0|0|0|0|0|0|0
792|R1|1|2|0|1|1|1|0|0|0|0|1|0|441191652|441191657|0|0|0|0|0|0|0|0|0|0
793|R1|1|2|0|1|1|1|0|0|0|0|1|0|448991484|448991489|0|0|0|0|0|0|0|0|0|0
794|R1|1|2|0|1|1|1|0|0|0|0|1|0|458754130|458754135|0|0|0|0|0|0|0|0|0|0
795|R1|1|2|0|1|1|1|0|0|0|0|1|0|466065599|466065604|0|0|0|0|0|0|0|0|0|0
796|R1|1|2|0|1|1|1|0|0|0|0|1|0|472653852|472653857|0|0|0|0|0|0|0|0|0|0
797|R1|1|2|0|1|1|1|0|0|0|0|1|0|480633298|480633303|0|0|0|0|0|0|0|0|0|0
798|R1|1|2|0|1|1|1|0|0|0|0|1|0|490713970|490713975|0|0|0|0|0|0|0|0|0|0
799|R1|1|2|0|1|1|1|0|0|0|0|1|0|496878130|496878135|0|0|0|0|0|0|0|0|0|0
800|R1|1|2|0|1|1|1|0|0|0|0|1|0|503919430|503919435|0|0|0|0|0|0|0|0|0|0
801|R1|1|2|0|1|1|1|0|0|0|0|1|0|511597138|511597143|0|0|0|0|0|0|0|0|0|0
802|R1|1|2|0|1|1|1|0|0|0|0|1|0|524553414|524553419|0|0|0|0|0|0|0|0|0|0
803|R1|1|2|0|1|1|1|0|0|0|0|1|0|533991538|533991543|0|0|0|0|0|0|0|0|0|0
804|R1|1|2|0|1|1|1|0|0|0|0|1|0|542597508|542597513|0|0|0|0|0|0|0|0|0|0
805|R1|1|2|0|1|1|1|0|0|0|0|1|0|551082157|551082162|0|0|0|0|0|0|0|0|0|0
806|R1|1|2|0|1|1|1|0|0|0|0|1|0|558155567|558155572|0|0|0|0|0|0|0|0|0|0
807|R1|1|2|0|1|1|1|0|0|0|0|1|0|567008952|567008957|0|0|0|0|0|0|0|0|0|0
808|R1|1|2|0|1|1|1|0|0|0|0|1|0|575492838|575492843|0|0|0|0|0|0|0|0|0|0
809|R1|1|2|0|1|1|1|0|0|0|0|1|0|583652237|583652242|0|0|0|0|0|0|0|0|0|0
810|R1|1|2|0|1|1|1|0|0|0|0|1|0|591583768|591583773|0|0|0|0|0|0|0|0|0|0
811|R1|1|2|0|1|1|1|0|0|0|0|1|0|600177158|600177163|0|0|0|0|0|0|0|0|0|0
812|R1|1|2|0|1|1|1|0|0|0|0|1|0|606926070|606926075|0|0|0|0|0|0|0|0|0|0
813|R1|1|2|0|1|1|1|0|0|0|0|1|0|614719928|614719933|0|0|0|0|0|0|0|0|0|0
814|R1|1|2|0|1|1|1|0|0|0|0|1|0|622063236|622063241|0|0|0|0|0|0|0|0|0|0
815|R1|1|2|0|1|1|1|0|0|0|0|1|0|628253116|628253121|0|0|0|0|0|0|0|0|0|0
816|R1|1|2|0|1|1|1|0|0|0|0|1|0|637736175|637736180|0|0|0|0|0|0|0|0|0|0
817|R1|1|2|0|1|1|1|0|0|0|0|1|0|645702802|645702807|0|0|0|0|0|0|0|0|0|0
818|R1|1|2|0|1|1|1|0|0|0|0|1|0|654286299|654286304|0|0|0|0|0|0|0|0|0|0
819|R1|1|2|0|1|1|1|0|0|0|0|1|0|661247306|661247311|0|0|0|0|0|0|0|0|0|0
820|R1|1|2|0|1|1|1|0|0|0|0|1|0|669843666|669843671|0|0|0|0|0|0|0|0|0|0
821|R1|1|2|0|1|1|1|0|0|0|0|1|0|677894066|677894071|0|0|0|0|0|0|0|0|0|0
822|R1|1|2|0|1|1|1|0|0|0|0|1|0|687062601|687062606|0|0|0|0|0|0|0|0|0|0
823|R1|1|2|0|1|1|1|0|0|0|0|1|0|695064795|695064800|0|0|0|0|0|0|0|0|0|0
824|R1|1|2|0|1|1|1|0|0|0|0|1|0|703147081|703147086|0|0|0|0|0|0|0|0|0|0
825|R1|1|2|0|1|1|1|0|0|0|0|1|0|711810886|711810891|0|0|0|0|0|0|0|0|0|0
826|R1|1|2|0|1|1|1|0|0|0|0|1|0|721232969|721232974|0|0|0|0|0|0|0|0|0|0
827|R1|1|2|0|1|1|1|0|0|0|0|1|0|729112824|729112829|0|0|0|0|0|0|0|0|0|0
828|R1|1|2|0|1|1|1|0|0|0|0|1|0|736170304|736170309|0|0|0|0|0|0|0|0|0|0
829|R1|1|2|0|1|1|1|0|0|0|0|1|0|745428504|745428509|0|0|0|0|0|0|0|0|0|0
830|R1|1|2|0|1|1|1|0|0|0|0|1|0|752785074|752785079|0|0|0|0|0|0|0|0|0|0
831|R1|1|2|0|1|1|1|0|0|0|0|1|0|758036751|758036756|0|0|0|0|0|0|0|0|0|0
832|R1|1|2|0|1|1|1|0|0|0|0|1|0|765904047|765904052|0|0|0|0|0|0|0|0|0|0
833|R1|1|2|0|1|1|1|0|0|0|0|1|0|772717211|772717216|0|0|0|0|0|0|0|0|0|0
834|R1|1|2|0|1|1|1|0|0|0|0|1|0|782675905|782675910|0|0|0|0|0|0|0|0|0|0
835|R1|1|2|0|1|1|1|0|0|0|0|1|0|790629761|790629766|0|0|0|0|0|0|0|0|0|0
836|R1|1|2|0|1|1|1|0|0|0|0|1|0|798422868|798422873|0|0|0|0|0|0|0|0|0|0
837|R1|1|2|0|1|1|1|0|0|0|0|1|0|806303520|806303525|0|0|0|0|0|0|0|0|0|0
838|R1|1|2|0|1|1|1|0|0|0|0|1|0|812679711|812679716|0|0|0|0|0|0|0|0|0|0
839|R1|1|2|0|1|1|1|0|0|0|0|1|0|819920198|819920203|0|0|0|0|0|0|0|0|0|0
840|R1|1|2|0|1|1|1|0|0|0|0|1|0|828012242|828012247|0|0|0|0|0|0|0|0|0|0
841|R1|1|2|0|1|1|1|0|0|0|0|1|0|835525820|835525825|0|0|0|0|0|0|0|0|0|0
842|R1|1|2|0|1|1|1|0|0|0|0|1|0|843473139|843473144|0|0|0|0|0|0|0|0|0|0
843|R1|1|2|0|1|1|1|0|0|0|0|1|0|851664646|851664651|0|0|0|0|0|0|0|0|0|0
844|R1|1|2|0|1|1|1|0|0|0|0|1|0|858664298|858664303|0|0|0|0|0|0|0|0|0|0
845|R1|1|2|0|1|1|1|0|0|0|0|1|0|867434858|867434863|0|0|0|0|0|0|0|0|0|0
846|R1|1|2|0|1|1|1|0|0|0|0|1|0|876313924|876313929|0|0|0|0|0|0|0|0|0|0
847|R1|1|2|0|1|1|1|0|0|0|0|1|0|883438729|883438734|0|0|0|0|0|0|0|0|0|0
848|R1|1|2|0|1|1|1|0|0|0|0|1|0|890923384|890923389|0|0|0|0|0|0|0|0|0|0
849|R1|1|2|0|1|1|1|0|0|0|0|1|0|899767158|899767163|0|0|0|0|0|0|0|0|0|0
850|R1|1|2|0|1|1|1|0|0|0|0|1|0|908752271|908752276|0|0|0|0|0|0|0|0|0|0
851|R1|1|2|0|1|1|1|0|0|0|0|1|0|917213661|917213666|0|0|0|0|0|0|0|0|0|0
852|R1|1|2|0|1|1|1|0|0|0|0|1|0|924685476|924685481|0|0|0|0|0|0|0|0|0|0
853|R1|1|2|0|1|1|1|0|0|0|0|1|0|932044847|932044852|0|0|0|0|0|0|0|0|0|0
854|R1|1|2|0|1|1|1|0|0|0|0|1|0|939092544|939092549|0|0|0|0|0|0|0|0|0|0
855|R1|1|2|0|1|1|1|0|0|0|0|1|0|947316420|947316425|0|0|0|0|0|0|0|0|0|0
856|R1|1|2|0|1|1|1|0|0|0|0|1|0|956346710|956346715|0|0|0|0|0|0|0|0|0|0
857|R1|1|2|0|1|1|1|0|0|0|0|1|0|963837798|963837803|0|0|0|0|0|0|0|0|0|0
858|R1|1|2|0|1|1|1|0|0|0|0|1|0|971297016|971297021|0|0|0|0|0|0|0|0|0|0
859|R1|1|2|0|1|1|1|0|0|0|0|1|0|980911846|980911851|0|0|0|0|0|0|0|0|0|0
860|R1|1|2|0|1|1|1|0|0|0|0|1|0|989161490|989161495|0|0|0|0|0|0|0|0|0|0
861|R1|1|2|0|1|1|1|0|0|0|0|1|0|999065976|999065981|0|0|0|0|0|0|0|0|0|0
862|R1|1|2|0|1|1|1|0|0|0|0|1|0|1008054331|1008054336|0|0|0|0|0|0|0|0|0|0
863|R1|1|2|0|1|1|1|0|0|0|0|1|0|1016885174|1016885179|0|0|0|0|0|0|0|0|0|0
864|R1|1|2|0|1|1|1|0|0|0|0|1|0|1023990889|1023990894|0|0|0|0|0|0|0|0|0|0
865|R1|1|2|0|1|1|1|0|0|0|0|1|0|1032098861|1032098866|0|0|0|0|0|0|0|0|0|0
866|R1|1|2|0|1|1|1|0|0|0|0|1|0|1039943378|1039943383|0|0|0|0|0|0|0|0|0|0
867|R1|1|2|0|1|1|1|0|0|0|0|1|0|1047518281|1047518286|0|0|0|0|0|0|0|0|0|0
868|R1|1|2|0|1|1|1|0|0|0|0|1|0|1054492088|1054492093|0|0|0|0|0|0|0|0|0|0
869|R1|1|2|0|1|1|1|0|0|0|0|1|0|1064274002|1064274007|0|0|0|0|0|0|0|0|0|0
870|R1|1|2|0|1|1|1|0|0|0|0|1|0|1072038240|1072038245|0|0|0|0|0|0|0|0|0|0
871|R1|1|2|0|1|1|1|0|0|0|0|1|0|1079657898|1079657903|0|0|0|0|0|0|0|0|0|0
872|R1|1|2|0|1|1|1|0|0|0|0|1|0|1086962639|1086962644|0|0|0|0|0|0|0|0|0|0
873|R1|1|2|0|1|1|1|0|0|0|0|1|0|1096371841|1096371846|0|0|0|0|0|0|0|0|0|0
874|R1|1|2|0|1|1|1|0|0|0|0|1|0|1103583626|1103583631|0|0|0|0|0|0|0|0|0|0
875|R1|1|2|0|1|1|1|0|0|0|0|1|0|1110374287|1110374292|0|0|0|0|0|0|0|0|0|0
876|R1|1|2|0|1|1|1|0|0|0|0|1|0|1117444536|1117444541|0|0|0|0|0|0|0|0|0|0
877|R1|1|2|0|1|1|1|0|0|0|0|1|0|1125571777|1125571782|0|0|0|0|0|0|0|0|0|0
878|R1|1|2|0|1|1|1|0|0|0|0|1|0|1133512909|1133512914|0|0|0|0|0|0|0|0|0|0
879|R1|1|2|0|1|1|1|0|0|0|0|1|0|1142441034|1142441039|0|0|0|0|0|0|0|0|0|0
880|R1|1|2|0|1|1|1|0|0|0|0|1|0|1149495186|1149495191|0|0|0|0|0|0|0|0|0|0
881|R1|1|2|0|1|1|1|0|0|0|0|1|0|1158200764|1158200769|0|0|0|0|0|0|0|0|0|0
882|R1|1|2|0|1|1|1|0|0|0|0|1|0|1165801097|1165801102|0|0|0|0|0|0|0|0|0|0
883|R1|1|2|0|1|1|1|0|0|0|0|1|0|1173591219|1173591224|0|0|0|0|0|0|0|0|0|0
884|R1|1|2|0|1|1|1|0|0|0|0|1|0|1181988527|1181988532|0|0|0|0|0|0|0|0|0|0
885|R1|1|2|0|1|1|1|0|0|0|0|1|0|1193206788|1193206793|0|0|0|0|0|0|0|0|0|0
886|R1|1|2|0|1|1|1|0|0|0|0|1|0|1200601476|1200601481|0|0|0|0|0|0|0|0|0|0
887|R1|1|2|0|1|1|1|0|0|0|0|1|0|1208028585|1208028590|0|0|0|0|0|0|0|0|0|0
888|R1|1|2|0|1|1|1|0|0|0|0|1|0|1217042598|1217042603|0|0|0|0|0|0|0|0|0|0
889|R1|1|2|0|1|1|1|0|0|0|0|1|0|1225626095|1225626100|0|0|0|0|0|0|0|0|0|0
890|R1|1|2|0|1|1|1|0|0|0|0|1|0|1233043320|1233043325|0|0|0|0|0|0|0|0|0|0
891|R1|1|2|0|1|1|1|0|0|0|0|1|0|1242995510|1242995515|0|0|0|0|0|0|0|0|0|0
892|R1|1|2|0|1|1|1|0|0|0|0|1|0|1250650468|1250650473|0|0|0|0|0|0|0|0|0|0
893|R1|1|2|0|1|1|1|0|0|0|0|1|0|1259966491|1259966496|0|0|0|0|0|0|0|0|0|0
894|R1|1|2|0|1|1|1|0|0|0|0|1|0|1267059439|1267059444|0|0|0|0|0|0|0|0|0|0
895|R1|1|2|0|1|1|1|0|0|0|0|1|0|1274971561|1274971566|0|0|0|0|0|0|0|0|0|0
896|R1|1|2|0|1|1|1|0|0|0|0|1|0|1281967850|1281967855|0|0|0|0|0|0|0|0|0|0
897|R1|1|2|0|1|1|1|0|0|0|0|1|0|1289796420|1289796425|0|0|0|0|0|0|0|0|0|0
898|R1|1|2|0|1|1|1|0|0|0|0|1|0|1299048224|1299048229|0|0|0|0|0|0|0|0|0|0
899|R1|1|2|0|1|1|1|0|0|0|0|1|0|1306741860|1306741865|0|0|0|0|0|0|0|0|0|0
900|R1|1|2|0|1|1|1|0|0|0|0|1|0|1316498063|1316498068|0|0|0|0|0|0|0|0|0|0
901|R1|1|2|0|1|1|1|0|0|0|0|1|0|1324496787|1324496792|0|0|0|0|0|0|0|0|0|0
902|R1|1|2|0|1|1|1|0|0|0|0|1|0|1332190532|1332190537|0|0|0|0|0|0|0|0|0|0
903|R1|1|2|0|1|1|1|0|0|0|0|1|0|1341027864|1341027869|0|0|0|0|0|0|0|0|0|0
904|R1|1|2|0|1|1|1|0|0|0|0|1|0|1348384047|1348384052|0|0|0|0|0|0|0|0|0|0
905|R1|1|2|0|1|1|1|0|0|0|0|1|0|1356655872|1356655877|0|0|0|0|0|0|0|0|0|0
906|R1|1|2|0|1|1|1|0|0|0|0|1|0|1363796902|1363796907|0|0|0|0|0|0|0|0|0|0
907|R1|1|2|0|1|1|1|0|0|0|0|1|0|1372081587|1372081592|0|0|0|0|0|0|0|0|0|0
908|R1|1|2|0|1|1|1|0|0|0|0|1|0|1380849016|1380849021|0|0|0|0|0|0|0|0|0|0
909|R1|1|2|0|1|1|1|0|0|0|0|1|0|1387614084|1387614089|0|0|0|0|0|0|0|0|0|0
910|R1|1|2|0|1|1|1|0|0|0|0|1|0|1394761536|1394761541|0|0|0|0|0|0|0|0|0|0
911|R1|1|2|0|1|1|1|0|0|0|0|1|0|1401301601|1401301606|0|0|0|0|0|0|0|0|0|0
912|R1|1|2|0|1|1|1|0|0|0|0|1|0|1408629156|1408629161|0|0|0|0|0|0|0|0|0|0
913|R1|1|2|0|1|1|1|0|0|0|0|1|0|1416849590|1416849595|0|0|0|0|0|0|0|0|0|0
914|R1|1|2|0|1|1|1|0|0|0|0|1|0|1424800128|1424800133|0|0|0|0|0|0|0|0|0|0
915|R1|1|2|0|1|1|1|0|0|0|0|1|0|1431494420|1431494425|0|0|0|0|0|0|0|0|0|0
916|R1|1|2|0|1|1|1|0|0|0|0|1|0|1439043492|1439043497|0|0|0|0|0|0|0|0|0|0
917|R1|1|2|0|1|1|1|0|0|0|0|1|0|1447958528|1447958533|0|0|0|0|0|0|0|0|0|0
918|R1|1|2|0|1|1|1|0|0|0|0|1|0|1455144397|1455144402|0|0|0|0|0|0|0|0|0|0
919|R1|1|2|0|1|1|1|0|0|0|0|1|0|1462484755|1462484760|0|0|0|0|0|0|0|0|0|0
920|R1|1|2|0|1|1|1|0|0|0|0|1|0|1470461266|1470461271|0|0|0|0|0|0|0|0|0|0
921|R1|1|2|0|1|1|1|0|0|0|0|1|0|1480268873|1480268878|0|0|0|0|0|0|0|0|0|0
922|R1|1|2|0|1|1|1|0|0|0|0|1|0|1486879635|1486879640|0|0|0|0|0|0|0|0|0|0
923|R1|1|2|0|1|1|1|0|0|0|0|1|0|1495999675|1495999680|0|0|0|0|0|0|0|0|0|0
924|R1|1|2|0|1|1|1|0|0|0|0|1|0|1504300454|1504300459|0|0|0|0|0|0|0|0|0|0
925|R1|1|2|0|1|1|1|0|0|0|0|1|0|1513295329|1513295334|0|0|0|0|0|0|0|0|0|0
926|R1|1|2|0|1|1|1|0|0|0|0|1|0|1520278784|1520278789|0|0|0|0|0|0|0|0|0|0
927|R1|1|2|0|1|1|1|0|0|0|0|1|0|1529620516|1529620521|0|0|0|0|0|0|0|0|0|0
928|R1|1|2|0|1|1|1|0|0|0|0|1|0|1537015251|1537015256|0|0|0|0|0|0|0|0|0|0
929|R1|1|2|0|1|1|1|0|0|0|0|1|0|1547343369|1547343374|0|0|0|0|0|0|0|0|0|0
930|R1|1|2|0|1|1|1|0|0|0|0|1|0|1554487602|1554487607|0|0|0|0|0|0|0|0|0|0
931|R1|1|2|0|1|1|1|0|0|0|0|1|0|1564057487|1564057492|0|0|0|0|0|0|0|0|0|0
932|R1|1|2|0|1|1|1|0|0|0|0|1|0|1571452193|1571452198|0|0|0|0|0|0|0|0|0|0
933|R1|1|2|0|1|1|1|0|0|0|0|1|0|1578985048|1578985053|0|0|0|0|0|0|0|0|0|0
934|R1|1|2|0|1|1|1|0|0|0|0|1|0|1587864120|1587864125|0|0|0|0|0|0|0|0|0|0
935|R1|1|2|0|1|1|1|0|0|0|0|1|0|1595618665|1595618670|0|0|0|0|0|0|0|0|0|0
936|R1|1|2|0|1|1|1|0|0|0|0|1|0|1603116170|1603116175|0|0|0|0|0|0|0|0|0|0
937|R1|1|2|0|1|1|1|0|0|0|0|1|0|1611802596|1611802601|0|0|0|0|0|0|0|0|0|0
938|R1|1|2|0|1|1|1|0|0|0|0|1|0|1619811000|1619811005|0|0|0|0|0|0|0|0|0|0
939|R1|1|2|0|1|1|1|0|0|0|0|1|0|1627070756|1627070761|0|0|0|0|0|0|0|0|0|0
940|R1|1|2|0|1|1|1|0|0|0|0|1|0|1634783556|1634783561|0|0|0|0|0|0|0|0|0|0
941|R1|1|2|0|1|1|1|0|0|0|0|1|0|1644623306|1644623311|0|0|0|0|0|0|0|0|0|0
942|R1|1|2|0|1|1|1|0|0|0|0|1|0|1651230994|1651230999|0|0|0|0|0|0|0|0|0|0
943|R1|1|2|0|1|1|1|0|0|0|0|1|0|1658217930|1658217935|0|0|0|0|0|0|0|0|0|0
944|R1|1|2|0|1|1|1|0|0|0|0|1|0|1666364504|1666364509|0|0|0|0|0|0|0|0|0|0
945|R1|1|2|0|1|1|1|0|0|0|0|1|0|1673868472|1673868477|0|0|0|0|0|0|0|0|0|0
946|R1|1|2|0|1|1|1|0|0|0|0|1|0|1681150726|1681150731|0|0|0|0|0|0|0|0|0|0
947|R1|1|2|0|1|1|1|0|0|0|0|1|0|1690759128|1690759133|0|0|0|0|0|0|0|0|0|0
948|R1|1|2|0|1|1|1|0|0|0|0|1|0|1697742570|1697742575|0|0|0|0|0|0|0|0|0|0
949|R1|1|2|0|1|1|1|0|0|0|0|1|0|1707566290|1707566295|0|0|0|0|0|0|0|0|0|0
950|R1|1|2|0|1|1|1|0|0|0|0|1|0|1715751384|1715751389|0|0|0|0|0|0|0|0|0|0
951|R1|1|2|0|1|1|1|0|0|0|0|1|0|1722310719|1722310724|0|0|0|0|0|0|0|0|0|0
952|R1|1|2|0|1|1|1|0|0|0|0|1|0|1729715082|1729715087|0|0|0|0|0|0|0|0|0|0
953|R1|1|2|0|1|1|1|0|0|0|0|1|0|1738581302|1738581307|0|0|0|0|0|0|0|0|0|0
954|R1|1|2|0|1|1|1|0|0|0|0|1|0|1747110168|1747110173|0|0|0|0|0|0|0|0|0|0
955|R1|1|2|0|1|1|1|0|0|0|0|1|0|1754415081|1754415086|0|0|0|0|0|0|0|0|0|0
956|R1|1|2|0|1|1|1|0|0|0|0|1|0|1763632297|1763632302|0|0|0|0|0|0|0|0|0|0
957|R1|1|2|0|1|1|1|0|0|0|0|1|0|1770220553|1770220558|0|0|0|0|0|0|0|0|0|0
958|R1|1|2|0|1|1|1|0|0|0|0|1|0|1780205014|1780205019|0|0|0|0|0|0|0|0|0|0
959|R1|1|2|0|1|1|1|0|0|0|0|1|0|1788110569|1788110574|0|0|0|0|0|0|0|0|0|0
960|R1|1|2|0|1|1|1|0|0|0|0|1|0|1795935800|1795935805|0|0|0|0|0|0|0|0|0|0
961|R1|1|2|0|1|1|1|0|0|0|0|1|0|1802790758|1802790763|0|0|0|0|0|0|0|0|0|0
962|R1|1|2|0|1|1|1|0|0|0|0|1|0|1810931132|1810931137|0|0|0|0|0|0|0|0|0|0
963|R1|1|2|0|1|1|1|0|0|0|0|1|0|1818878793|1818878798|0|0|0|0|0|0|0|0|0|0
964|R1|1|2|0|1|1|1|0|0|0|0|1|0|1827353692|1827353697|0|0|0|0|0|0|0|0|0|0
965|R1|1|2|0|1|1|1|0|0|0|0|1|0|1835892196|1835892201|0|0|0|0|0|0|0|0|0|0
966|R1|1|2|0|1|1|1|0|0|0|0|1|0|1843765656|1843765661|0|0|0|0|0|0|0|0|0|0
967|R1|1|2|0|1|1|1|0|0|0|0|1|0|1851105999|1851106004|0|0|0|0|0|0|0|0|0|0
968|R1|1|2|0|1|1|1|0|0|0|0|1|0|1860184275|1860184280|0|0|0|0|0|0|0|0|0|0
969|R1|1|2|0|1|1|1|0|0|0|0|1|0|1868598236|1868598241|0|0|0|0|0|0|0|0|0|0
970|R1|1|2|0|1|1|1|0|0|0|0|1|0|1876301382|1876301387|0|0|0|0|0|0|0|0|0|0
971|R1|1|2|0|1|1|1|0|0|0|0|1|0|1883583634|1883583639|0|0|0|0|0|0|0|0|0|0
972|R1|1|2|0|1|1|1|0|0|0|0|1|0|1890583174|1890583179|0|0|0|0|0|0|0|0|0|0
973|R1|1|2|0|1|1|1|0|0|0|0|1|0|1898684772|1898684777|0|0|0|0|0|0|0|0|0|0
974|R1|1|2|0|1|1|1|0|0|0|0|1|0|1906092329|1906092334|0|0|0|0|0|0|0|0|0|0
975|R1|1|2|0|1|1|1|0|0|0|0|1|0|1912893005|1912893010|0|0|0|0|0|0|0|0|0|0
976|R1|1|2|0|1|1|1|0|0|0|0|1|0|1920657194|1920657199|0|0|0|0|0|0|0|0|0|0
977|R1|1|2|0|1|1|1|0|0|0|0|1|0|1929780449|1929780454|0|0|0|0|0|0|0|0|0|0
978|R1|1|2|0|1|1|1|0|0|0|0|1|0|1937531804|1937531809|0|0|0|0|0|0|0|0|0|0
979|R1|1|2|0|1|1|1|0|0|0|0|1|0|1945408582|1945408587|0|0|0|0|0|0|0|0|0|0
980|R1|1|2|0|1|1|1|0|0|0|0|1|0|1952372777|1952372782|0|0|0|0|0|0|0|0|0|0
981|R1|1|2|0|1|1|1|0|0|0|0|1|0|1961312892|1961312897|0|0|0|0|0|0|0|0|0|0
982|R1|1|2|0|1|1|1|0|0|0|0|1|0|1967354945|1967354950|0|0|0|0|0|0|0|0|0|0
983|R1|1|2|0|1|1|1|0|0|0|0|1|0|1974219768|1974219773|0|0|0|0|0|0|0|0|0|0
984|R1|1|2|0|1|1|1|0|0|0|0|1|0|1982870701|1982870706|0|0|0|0|0|0|0|0|0|0
985|R1|1|2|0|1|1|1|0|0|0|0|1|0|1991711526|1991711531|0|0|0|0|0|0|0|0|0|0
986|R1|1|2|0|1|1|1|0|0|0|0|1|0|2000260004|2000260009|0|0|0|0|0|0|0|0|0|0
987|R1|1|2|0|1|1|1|0|0|0|0|1|0|2008271881|2008271886|0|0|0|0|0|0|0|0|0|0
988|R1|1|2|0|1|1|1|0|0|0|0|1|0|2016183859|2016183864|0|0|0|0|0|0|0|0|0|0
989|R1|1|2|0|1|1|1|0|0|0|0|1|0|2025043677|2025043682|0|0|0|0|0|0|0|0|0|0
990|R1|1|2|0|1|1|1|0|0|0|0|1|0|2031050419|2031050424|0|0|0|0|0|0|0|0|0|0
991|R1|1|2|0|1|1|1|0|0|0|0|1|0|2038005097|2038005102|0|0|0|0|0|0|0|0|0|0
992|R1|1|2|0|1|1|1|0|0|0|0|1|0|2045020667|2045020672|0|0|0|0|0|0|0|0|0|0
993|R1|1|2|0|1|1|1|0|0|0|0|1|0|2054391320|2054391325|0|0|0|0|0|0|0|0|0|0
994|R1|1|2|0|1|1|1|0|0|0|0|1|0|2060944242|2060944247|0|0|0|0|0|0|0|0|0|0
995|R1|1|2|0|1|1|1|0|0|0|0|1|0|2068188243|2068188248|0|0|0|0|0|0|0|0|0|0
996|R1|1|2|0|1|1|1|0|0|0|0|1|0|2076367081|2076367086|0|0|0|0|0|0|0|0|0|0
997|R1|1|2|0|1|1|1|0|0|0|0|1|0|2086242153|2086242158|0|0|0|0|0|0|0|0|0|0
998|R1|1|2|0|1|1|1|0|0|0|0|1|0|2094029142|2094029147|0|0|0|0|0|0|0|0|0|0
999|R1|1|2|0|1|1|1|0|0|0|0|1|0|2101680883|2101680888|0|0|0|0|0|0|0|0|0|0
