captured_ms|sequence|label|role|data_ro|dirm0|oen0
1785909524694|0|SAFE_BOOT|fixed|1350565379|8193|8193
1785909524694|0|SAFE_BOOT|rotating|1350565379|8193|8193
1785909524731|1001|intake_receive_only_5000ms_active|fixed|1350565379|8193|8193
1785909524731|1001|intake_receive_only_5000ms_active|rotating|1350565379|8193|8193
1785909529912|1001|intake_receive_only_5000ms|fixed|1350565379|8193|8193
1785909529912|1001|intake_receive_only_5000ms|rotating|1350565379|8193|8193
1785909530310|1001|intake_receive_only_5000ms_terminal|fixed|1350565379|8193|8193
1785909530310|1001|intake_receive_only_5000ms_terminal|rotating|1346371075|8193|8193
1785909530526|1002|intake_F0_raw_64_active|fixed|1350565379|8193|8193
1785909530526|1002|intake_F0_raw_64_active|rotating|1346371075|8193|8193
1785909530932|1002|intake_F0_raw_64_terminal|fixed|1350565379|8193|8193
1785909530932|1002|intake_F0_raw_64_terminal|rotating|1346371075|8193|8193
1785909531195|1003|intake_F0_raw_1024_active|fixed|1346371075|8193|8193
1785909531195|1003|intake_F0_raw_1024_active|rotating|1350565379|8193|8193
1785909531567|1003|intake_F0_raw_1024_terminal|fixed|1350565379|8193|8193
1785909531567|1003|intake_F0_raw_1024_terminal|rotating|1346371075|8193|8193
1785909531930|1004|intake_R0_raw_64_active|fixed|1350565379|8193|8193
1785909531930|1004|intake_R0_raw_64_active|rotating|1350565379|8193|8193
1785909532285|1004|intake_R0_raw_64_terminal|fixed|1346371075|8193|8193
1785909532285|1004|intake_R0_raw_64_terminal|rotating|1346371075|8193|8193
1785909532521|1005|intake_R0_raw_1024_active|fixed|1346371075|8193|8193
1785909532521|1005|intake_R0_raw_1024_active|rotating|1346371075|8193|8193
1785909532896|1005|intake_R0_raw_1024_terminal|fixed|1346371075|8193|8193
1785909532896|1005|intake_R0_raw_1024_terminal|rotating|1346371075|8193|8193
1785909533284|1006|intake_F1_raw_64_active|fixed|1350565379|8193|8193
1785909533284|1006|intake_F1_raw_64_active|rotating|1350565379|8193|8193
1785909533663|1006|intake_F1_raw_64_terminal|fixed|1346371075|8193|8193
1785909533663|1006|intake_F1_raw_64_terminal|rotating|1346371075|8193|8193
1785909533889|1007|intake_F1_raw_1024_active|fixed|1350565379|8193|8193
1785909533889|1007|intake_F1_raw_1024_active|rotating|1350565379|8193|8193
1785909534317|1007|intake_F1_raw_1024_terminal|fixed|1346371075|8193|8193
1785909534317|1007|intake_F1_raw_1024_terminal|rotating|1350565379|8193|8193
1785909534553|1008|intake_R1_raw_64_active|fixed|1346371075|8193|8193
1785909534553|1008|intake_R1_raw_64_active|rotating|1346371075|8193|8193
1785909535036|1008|intake_R1_raw_64_terminal|fixed|1350565379|8193|8193
1785909535036|1008|intake_R1_raw_64_terminal|rotating|1346371075|8193|8193
1785909535244|1009|intake_R1_raw_1024_active|fixed|1346371075|8193|8193
1785909535244|1009|intake_R1_raw_1024_active|rotating|1350565379|8193|8193
1785909535753|1009|intake_R1_raw_1024_terminal|fixed|1346371075|8193|8193
1785909535753|1009|intake_R1_raw_1024_terminal|rotating|1350565379|8193|8193
1785909536006|1010|intake_F2_raw_64_active|fixed|1350565379|8193|8193
1785909536006|1010|intake_F2_raw_64_active|rotating|1350565379|8193|8193
1785909536367|1010|intake_F2_raw_64_terminal|fixed|1346371075|8193|8193
1785909536367|1010|intake_F2_raw_64_terminal|rotating|1346371075|8193|8193
1785909536688|1011|intake_F2_raw_1024_active|fixed|1350565379|8193|8193
1785909536688|1011|intake_F2_raw_1024_active|rotating|1350565379|8193|8193
1785909537243|1011|intake_F2_raw_1024_terminal|fixed|1346371075|8193|8193
1785909537243|1011|intake_F2_raw_1024_terminal|rotating|1346371075|8193|8193
1785909537471|1012|intake_R2_raw_64_active|fixed|1350565379|8193|8193
1785909537471|1012|intake_R2_raw_64_active|rotating|1346371075|8193|8193
1785909537914|1012|intake_R2_raw_64_terminal|fixed|1346371075|8193|8193
1785909537914|1012|intake_R2_raw_64_terminal|rotating|1350565379|8193|8193
1785909538176|1013|intake_R2_raw_1024_active|fixed|1350565379|8193|8193
1785909538176|1013|intake_R2_raw_1024_active|rotating|1350565379|8193|8193
1785909538550|1013|intake_R2_raw_1024_terminal|fixed|1350565379|8193|8193
1785909538550|1013|intake_R2_raw_1024_terminal|rotating|1346371075|8193|8193
1785909538773|1014|intake_F3_raw_64_active|fixed|1346371075|8193|8193
1785909538773|1014|intake_F3_raw_64_active|rotating|1346371075|8193|8193
1785909539291|1014|intake_F3_raw_64_terminal|fixed|1350565379|8193|8193
1785909539291|1014|intake_F3_raw_64_terminal|rotating|1350565379|8193|8193
1785909539503|1015|intake_F3_raw_1024_active|fixed|1346371075|8193|8193
1785909539503|1015|intake_F3_raw_1024_active|rotating|1350565379|8193|8193
1785909539863|1015|intake_F3_raw_1024_terminal|fixed|1350565379|8193|8193
1785909539863|1015|intake_F3_raw_1024_terminal|rotating|1346371075|8193|8193
1785909540199|1016|intake_R3_raw_64_active|fixed|1346371075|8193|8193
1785909540199|1016|intake_R3_raw_64_active|rotating|1346371075|8193|8193
1785909540685|1016|intake_R3_raw_64_terminal|fixed|1346371075|8193|8193
1785909540685|1016|intake_R3_raw_64_terminal|rotating|1346371075|8193|8193
1785909540946|1017|intake_R3_raw_1024_active|fixed|1350565379|8193|8193
1785909540946|1017|intake_R3_raw_1024_active|rotating|1346371075|8193|8193
1785909541344|1017|intake_R3_raw_1024_terminal|fixed|1350565379|8193|8193
1785909541344|1017|intake_R3_raw_1024_terminal|rotating|1350565379|8193|8193
1785909541677|1018|intake_F2_counter_100f_active|fixed|1350565379|8193|8193
1785909541677|1018|intake_F2_counter_100f_active|rotating|1350557187|8193|8193
1785909542156|1018|intake_F2_counter_100f_terminal|fixed|1350565379|8193|8193
1785909542156|1018|intake_F2_counter_100f_terminal|rotating|1346371075|8193|8193
1785909542556|1019|intake_F2_prbs_1000f_active|fixed|1346371075|8193|8193
1785909542556|1019|intake_F2_prbs_1000f_active|rotating|1346362883|8193|8193
1785909543855|1019|intake_F2_prbs_1000f_terminal|fixed|1346371075|8193|8193
1785909543855|1019|intake_F2_prbs_1000f_terminal|rotating|1350565379|8193|8193
1785909544143|1020|intake_R2_counter_100f_active|fixed|1350557187|8193|8193
1785909544143|1020|intake_R2_counter_100f_active|rotating|1346371075|8193|8193
1785909544591|1020|intake_R2_counter_100f_terminal|fixed|1346371075|8193|8193
1785909544591|1020|intake_R2_counter_100f_terminal|rotating|1346371075|8193|8193
1785909544957|1021|intake_R2_prbs_1000f_active|fixed|1346362883|8193|8193
1785909544957|1021|intake_R2_prbs_1000f_active|rotating|1346371075|8193|8193
1785909546367|1021|intake_R2_prbs_1000f_terminal|fixed|1350565379|8193|8193
1785909546367|1021|intake_R2_prbs_1000f_terminal|rotating|1350565379|8193|8193
1785909546694|1022|intake_F3_counter_100f_active|fixed|1350565379|8193|8193
1785909546694|1022|intake_F3_counter_100f_active|rotating|1350557187|8193|8193
1785909547263|1022|intake_F3_counter_100f_terminal|fixed|1346371075|8193|8193
1785909547263|1022|intake_F3_counter_100f_terminal|rotating|1346371075|8193|8193
1785909547635|1023|intake_F3_prbs_1000f_active|fixed|1346371075|8193|8193
1785909547635|1023|intake_F3_prbs_1000f_active|rotating|1346362883|8193|8193
1785909548969|1023|intake_F3_prbs_1000f_terminal|fixed|1350565379|8193|8193
1785909548969|1023|intake_F3_prbs_1000f_terminal|rotating|1346371075|8193|8193
1785909549199|1024|intake_R3_counter_100f_active|fixed|1350557187|8193|8193
1785909549199|1024|intake_R3_counter_100f_active|rotating|1350565379|8193|8193
1785909549622|1024|intake_R3_counter_100f_terminal|fixed|1346371075|8193|8193
1785909549622|1024|intake_R3_counter_100f_terminal|rotating|1346371075|8193|8193
1785909550017|1025|intake_R3_prbs_1000f_active|fixed|1346362883|8193|8193
1785909550017|1025|intake_R3_prbs_1000f_active|rotating|1346371075|8193|8193
1785909551301|1025|intake_R3_prbs_1000f_terminal|fixed|1346371075|8193|8193
1785909551301|1025|intake_R3_prbs_1000f_terminal|rotating|1350565379|8193|8193
1785909551942|1026|P10_3F-MODULE_INTAKE_endpoint_shutdown_terminal|fixed|1350565379|8193|8193
1785909551942|1026|P10_3F-MODULE_INTAKE_endpoint_shutdown_terminal|rotating|1350565379|8193|8193
