captured_ms|sequence|label|role|admission_snapshot_words_csv|ps_runtime_words_csv|pl_perf_snapshot_words_csv
1785914639820|1001|stream64_f2r_1|fixed|2,1378943233,16777471,6158354,6074379,6088415,6074379,6088415,6074379,5825,5803,5802,5802,0,0,741,0,179102072,178757489,4096,4096,0,0,5803,5803,366733721,366733710,366733673,366733718,0,0,0,0,0,0,0,0,4096,256,131072,4,15|4,0,67108864,262144,256,0,0,0,0,96,0,84,0,24,21,0,1,96,0|4,1136070301,0,5765856,0,0,0,0,0,6117336,0,21,0,320294395,0,320294395,0,2080,313518483,0,9648467,0,0,0,0,0
1785914639820|1001|stream64_f2r_1|rotating|2,1378943233,33558272,6221913,6136562,70692,0,70692,0,1498,0,749,0,0,0,5862,5862,4785304,0,4096,0,0,0,749,0,349063432,0,349063448,0,0,0,0,0,0,0,0,0,4096,256,131072,4,15|4,0,67108864,262144,256,0,0,0,0,100,0,88,0,25,22,0,1,100,0|4,404602375,0,0,0,5767168,0,5767168,0,17768,0,0,22,0,0,0,0,0,0,0,6889465,0,0,0,0,0
1785914644820|1001|stream64_f2r_1|fixed|4,1378943233,16781056,12421014,12250592,12280008,12250592,12280008,12250592,11745,11701,11701,11701,0,0,1494,0,361186336,360484464,4096,4096,0,0,11701,11701,686357040,686357389,686357048,686357397,0,0,0,0,0,0,0,0,4096,256,131072,4,15|4,0,67108864,262144,256,0,0,0,0,188,0,176,0,47,44,0,1,188,0|6,1455554129,0,11573856,0,0,0,0,0,12287210,0,44,0,638326223,0,638326223,0,2080,629709461,0,12630993,0,0,0,0,0
1785914644820|1001|stream64_f2r_1|rotating|4,1378943233,33558272,12492788,12320774,141953,0,141953,0,3008,0,1504,0,0,0,11768,11768,9608984,0,4096,0,0,0,1504,0,669192307,0,669192315,0,0,0,0,0,0,0,0,0,4096,256,131072,4,15|4,0,67108864,262144,256,0,0,0,0,188,0,176,0,47,44,0,1,188,0|6,724991495,0,0,0,11534336,0,11534336,0,35606,0,0,44,0,0,0,0,0,0,0,6930275,0,0,0,0,0
1785914649820|1001|stream64_f2r_1|fixed|6,1378943233,16777471,18688878,18429706,18476516,18429706,18476516,18429706,17676,17609,17608,17608,0,0,2250,0,543527679,542449688,4096,4096,0,0,17609,17609,1006581803,1006581824,1006581811,1006581816,0,0,0,0,0,0,0,0,4096,256,131072,4,15|4,0,67108864,262144,256,0,0,0,0,276,0,264,0,69,66,0,1,276,0|8,1776215027,0,17404256,0,0,0,0,0,18478624,0,66,0,957529521,0,957529521,0,2080,947210154,0,15484662,0,0,0,0,0
1785914649820|1001|stream64_f2r_1|rotating|6,1378943233,33558272,18755711,18495664,213120,0,213120,0,4516,0,2258,0,0,0,17671,17671,14426232,0,4096,0,0,0,2258,0,988894055,0,988894063,0,0,0,0,0,0,0,0,0,4096,256,131072,4,15|4,0,67108864,262144,256,0,0,0,0,276,0,264,0,69,66,0,1,276,0|8,1044677451,0,0,0,17301504,0,17301504,0,53398,0,0,66,0,0,0,0,0,0,0,6973088,0,0,0,0,0
1785914654833|1001|stream64_f2r_1|fixed|8,1378943233,16777471,24974335,24627645,24690523,24627645,24690523,24627645,23619,23530,23529,23529,0,0,3007,0,726295984,724859488,4096,4096,0,0,23530,23530,1327409214,1327409227,1327409222,1327409211,0,0,0,0,0,0,0,0,4096,256,131072,4,15|4,0,67108864,262144,256,0,0,0,0,364,0,352,0,91,88,0,1,364,0|10,2097269872,0,23242560,0,0,0,0,0,24681415,0,88,0,1277124790,0,1277124790,0,2080,1265105633,0,18337213,0,0,0,0,0
1785914654833|1001|stream64_f2r_1|rotating|8,1378943233,33558272,25064717,24716901,284755,0,284755,0,6034,0,3017,0,0,0,23614,23614,19275400,0,4096,0,0,0,3017,0,1310743529,0,1310743537,0,0,0,0,0,0,0,0,0,4096,256,131072,4,15|4,0,67108864,262144,256,0,0,0,0,364,0,352,0,91,88,0,1,364,0|10,1366526523,0,0,0,23068672,0,23068672,0,71305,0,0,88,0,0,0,0,0,0,0,7015755,0,0,0,0,0
1785914659846|1001|stream64_f2r_1|fixed|10,1378943233,16777471,31260885,30826243,30905719,30826243,30905719,30826243,29562,29451,29450,29450,0,0,3763,0,909071608,907275366,4096,4096,0,0,29451,29451,1648246981,1648246962,1648246973,1648246970,0,0,0,0,0,0,0,0,4096,256,131072,4,15|4,0,67108864,262144,256,0,0,0,0,452,0,440,0,113,110,0,1,452,0|12,2418012003,0,29072960,0,0,0,0,0,30878668,0,110,0,1596409321,0,1596409321,0,2080,1582687953,0,21190488,0,0,0,0,0
1785914659846|1001|stream64_f2r_1|rotating|10,1378943233,33558272,31329293,30894052,355915,0,355915,0,7542,0,3771,0,0,0,29515,29515,24092680,0,4096,0,0,0,3771,0,1630444922,0,1630444930,0,0,0,0,0,0,0,0,0,4096,256,131072,4,15|5,0,67108864,262144,256,0,0,0,0,456,0,444,0,114,111,0,1,456,0|12,1686364125,0,0,0,29097984,0,29097984,0,89097,0,0,111,0,0,0,0,0,0,0,7054773,0,0,0,0,0
1785914664872|1001|stream64_f2r_1|fixed|12,1378943233,16777471,37558437,37036844,37131640,37036844,37131640,37036844,35517,35383,35382,35382,0,0,4522,0,1092189941,1090018120,4096,4096,0,0,35383,35383,1969779644,1969779657,1969779652,1969779625,0,0,0,0,0,0,0,0,4096,256,131072,4,15|4,0,67108864,262144,256,0,0,0,0,544,0,532,0,136,133,0,1,544,0|14,2739350008,0,34920480,0,0,0,0,0,37084899,0,133,0,1916285446,0,1916285446,0,2080,1900756597,0,24148130,0,0,0,0,0
1785914664872|1001|stream64_f2r_1|rotating|12,1378943233,33558272,37631781,37109261,427649,0,427649,0,9062,0,4531,0,0,0,35451,35451,28948320,0,4096,0,0,0,4531,0,1952502146,0,1952502154,0,0,0,0,0,0,0,0,0,4096,256,131072,4,15|4,0,67108864,262144,256,0,0,0,0,544,0,532,0,136,133,0,1,544,0|14,2007957090,0,0,0,34865152,0,34865152,0,107007,0,0,133,0,0,0,0,0,0,0,7100959,0,0,0,0,0
1785914669892|1001|stream64_f2r_1|fixed|14,1378943233,16777471,43853584,43245070,43355242,43245070,43355242,43245070,41469,41313,41313,41313,0,0,5280,0,1275246022,1272715049,4096,4096,0,0,41313,41313,2291080645,2291080994,2291080653,2291081002,0,0,0,0,0,0,0,0,4096,256,131072,4,15|4,0,67108864,262144,256,0,0,0,0,632,0,620,0,158,155,0,1,632,0|16,3060444217,0,40758784,0,0,0,0,0,43288970,0,155,0,2235920079,0,2235920079,0,2080,2218712931,0,26979190,0,0,0,0,0
1785914669892|1001|stream64_f2r_1|rotating|14,1378943233,33558272,43929552,43320304,499193,0,499193,0,10578,0,5289,0,0,0,41384,41384,33791136,0,4096,0,0,0,5289,0,2273900368,0,2273900376,0,0,0,0,0,0,0,0,0,4096,256,131072,4,15|4,0,67108864,262144,256,0,0,0,0,632,0,620,0,158,155,0,1,632,0|16,2331144134,0,0,0,40632320,0,40632320,0,124986,0,0,155,0,0,0,0,0,0,0,7148839,0,0,0,0,0
1785914674898|1001|stream64_f2r_1|fixed|16,1378943233,16777471,50132271,49434756,49562669,49434756,49562669,49434756,47404,47226,47225,47225,0,0,6035,0,1457756937,1454866780,4096,4096,0,0,47226,47226,2611442063,2611442060,2611442079,2611442068,0,0,0,0,0,0,0,0,4096,256,131072,4,15|4,0,67108864,262144,256,0,0,0,0,720,0,708,0,180,177,0,1,720,0|18,3381837790,0,46604992,0,0,0,0,0,49499460,0,177,0,2555852100,0,2555852100,0,2080,2536969671,0,29808929,0,0,0,0,0
1785914674898|1001|stream64_f2r_1|rotating|16,1378943233,33558272,50226781,49528238,570730,0,570730,0,12094,0,6047,0,0,0,47314,47314,38633904,0,4096,0,0,0,6047,0,2595297291,0,2595297299,0,0,0,0,0,0,0,0,0,4096,256,131072,4,15|4,0,67108864,262144,256,0,0,0,0,720,0,708,0,181,178,0,1,724,0|18,2650925360,0,0,0,46661632,0,46661632,0,142800,0,0,178,0,0,0,0,0,0,0,7193769,0,0,0,0,0
1785914679924|1001|stream64_f2r_1|fixed|18,1378943233,16781056,56435771,55651826,55794537,55651826,55794537,55651826,53363,53163,53163,53163,0,0,6794,0,1641036776,1637787176,4096,4096,0,0,53163,53163,2933123174,2933123523,2933123182,2933123531,0,0,0,0,0,0,0,0,4096,256,131072,4,15|4,0,67108864,262144,256,0,0,0,0,812,0,800,0,203,200,0,1,812,0|20,3703538334,0,52452512,0,0,0,0,0,55712699,0,200,0,2876090764,0,2876090764,0,2080,2855399339,0,32768086,0,0,0,0,0
1785914679924|1001|stream64_f2r_1|rotating|18,1378943233,33558272,56529309,55743614,642368,0,642368,0,13612,0,6806,0,0,0,53251,53251,43483136,0,4096,0,0,0,6806,0,2916926248,0,2916926256,0,0,0,0,0,0,0,0,0,4096,256,131072,4,15|4,0,67108864,262144,256,0,0,0,0,812,0,800,0,203,200,0,1,812,0|20,2973368839,0,0,0,52428800,0,52428800,0,160734,0,0,200,0,0,0,0,0,0,0,7236656,0,0,0,0,0
1785914684924|1001|stream64_f2r_1|fixed|20,1378943233,16777471,62707441,61834766,61994854,61834766,61994854,61834766,59294,59071,59070,59070,0,0,7550,0,1823396248,1819770176,4096,4096,0,0,59071,59071,3253354480,3253354437,3253354456,3253354453,0,0,0,0,0,0,0,0,4096,256,131072,4,15|4,0,67108864,262144,256,0,0,0,0,900,0,888,0,225,222,0,1,900,0|22,4022807501,0,58259200,0,0,0,0,0,61880231,0,222,0,3193908259,0,3193908259,0,2080,3171527685,0,35603208,0,0,0,0,0
1785914684924|1001|stream64_f2r_1|rotating|20,1378943233,33558272,62774480,61901080,713345,0,713345,0,15116,0,7558,0,0,0,59134,59134,48287648,0,4096,0,0,0,7558,0,3235749950,0,3235749958,0,0,0,0,0,0,0,0,0,4096,256,131072,4,15|4,0,67108864,262144,256,0,0,0,0,900,0,888,0,225,222,0,1,900,0|22,3291186884,0,0,0,58195968,0,58195968,0,178431,0,0,222,0,0,0,0,0,0,0,7278703,0,0,0,0,0
1785914689931|1001|stream64_f2r_1|fixed|22,1378943233,16777471,68985432,68025891,68201489,68025891,68201489,68025891,65230,64985,64984,64984,0,0,8306,0,2005941112,2001956067,4096,4096,0,0,64985,64985,3573774238,3573774251,3573774246,3573774259,0,0,0,0,0,0,0,0,4096,256,131072,4,15|4,0,67108864,262144,256,0,0,0,0,988,0,976,0,247,244,0,1,988,0|24,50188149,1,64121216,0,0,0,0,0,68109284,0,244,0,3514790699,0,3514790699,0,2080,3490737770,0,38433415,0,0,0,0,0
1785914689931|1001|stream64_f2r_1|rotating|22,1378943233,33558272,69098069,68137161,785172,0,785172,0,16638,0,8319,0,0,0,65090,65090,53149592,0,4096,0,0,0,8319,0,3558436639,0,3558436647,0,0,0,0,0,0,0,0,0,4096,256,131072,4,15|4,0,67108864,262144,256,0,0,0,0,988,0,976,0,247,244,0,1,988,0|24,3614782355,0,0,0,63963136,0,63963136,0,196433,0,0,244,0,0,0,0,0,0,0,7318718,0,0,0,0,0
1785914698271|1002|stream64_f2r_2|fixed|26,1378943233,16777471,6130036,6046224,6060378,6046224,6060378,6046224,5803,5781,5780,5780,0,0,738,0,178435992,178094286,4096,4096,0,0,5781,5781,4107394161,4107394142,4107394137,4107394150,0,0,0,0,0,0,0,0,4096,256,131072,4,15|4,0,67108864,262144,256,0,0,0,0,96,0,84,0,24,21,0,1,96,0|32,582038337,1,5750048,0,0,0,0,0,6094018,0,21,0,319387427,0,319387427,0,2080,312630888,0,9625723,0,0,0,0,0
1785914698271|1002|stream64_f2r_2|rotating|26,1378943233,33558272,6205578,6120350,70598,0,70598,0,1496,0,748,0,0,0,5852,5852,4778928,0,4096,0,0,0,748,0,4090330155,0,4090330163,0,0,0,0,0,0,0,0,0,4096,256,131072,4,15|4,0,67108864,262144,256,0,0,0,0,100,0,88,0,25,22,0,1,100,0|32,4145815099,0,0,0,5767168,0,5767168,0,17744,0,0,22,0,0,0,0,0,0,0,6899591,0,0,0,0,0
1785914703300|1002|stream64_f2r_2|fixed|28,1378943233,16781056,12428528,12257679,12287238,12257679,12287238,12257679,11764,11719,11719,11719,0,0,1497,0,361742344,361024920,4096,4096,0,0,11719,11719,134287953,134288270,134287961,134288278,0,0,0,0,0,0,0,0,4096,256,131072,4,15|4,0,67108864,262144,256,0,0,0,0,188,0,176,0,47,44,0,1,188,0|34,904025035,1,11597568,0,0,0,0,0,12307532,0,44,0,639912245,0,639912245,0,2080,631339094,0,12592496,0,0,0,0,0
1785914703300|1002|stream64_f2r_2|rotating|28,1378943233,33558272,12504192,12332477,142143,0,142143,0,3012,0,1506,0,0,0,11790,11790,9621776,0,4096,0,0,0,1506,0,116893502,0,116893510,0,0,0,0,0,0,0,0,0,4096,256,131072,4,15|4,0,67108864,262144,256,0,0,0,0,188,0,176,0,47,44,0,1,188,0|34,173137015,1,0,0,11534336,0,11534336,0,35677,0,0,44,0,0,0,0,0,0,0,6947532,0,0,0,0,0
1785914708391|1002|stream64_f2r_2|fixed|30,1378943233,16777471,18804929,18544664,18591053,18544664,18591053,18544664,17802,17735,17734,17734,0,0,2266,0,547417742,546340161,4096,4096,0,0,17735,17735,460172001,460172030,460172017,460172038,0,0,0,0,0,0,0,0,4096,256,131072,4,15|4,0,67108864,262144,256,0,0,0,0,276,0,264,0,69,66,0,1,276,0|36,1230522392,1,17538624,0,0,0,0,0,18607404,0,66,0,964924338,0,964924338,0,2080,954691776,0,15426729,0,0,0,0,0
1785914708391|1002|stream64_f2r_2|rotating|30,1378943233,33558272,18898106,18636065,215003,0,215003,0,4556,0,2278,0,0,0,17822,17822,14554008,0,4096,0,0,0,2278,0,443987849,0,443987857,0,0,0,0,0,0,0,0,0,4096,256,131072,4,15|4,0,67108864,262144,256,0,0,0,0,280,0,268,0,70,67,0,1,280,0|36,499477774,1,0,0,17563648,0,17563648,0,53845,0,0,67,0,0,0,0,0,0,0,7004792,0,0,0,0,0
1785914713402|1002|stream64_f2r_2|fixed|32,1378943233,16781056,25082030,24734793,24796807,24734793,24796807,24734793,23742,23653,23653,23653,0,0,3022,0,730121800,728684840,4096,4096,0,0,23653,23653,780851349,780851666,780851357,780851674,0,0,0,0,0,0,0,0,4096,256,131072,4,15|4,0,67108864,262144,256,0,0,0,0,368,0,356,0,92,89,0,1,368,0|38,1550392531,1,23354528,0,0,0,0,0,24778378,0,89,0,1283340501,0,1283340501,0,2080,1271288335,0,18389706,0,0,0,0,0
1785914713402|1002|stream64_f2r_2|rotating|32,1378943233,33558272,25154349,24805528,286075,0,286075,0,6062,0,3031,0,0,0,23721,23721,19364880,0,4096,0,0,0,3031,0,763365857,0,763365865,0,0,0,0,0,0,0,0,0,4096,256,131072,4,15|4,0,67108864,262144,256,0,0,0,0,368,0,356,0,92,89,0,1,368,0|38,820441926,1,0,0,23330816,0,23330816,0,71708,0,0,89,0,0,0,0,0,0,0,7049273,0,0,0,0,0
1785914718407|1002|stream64_f2r_2|fixed|34,1378943233,16777471,31368209,30933103,31011442,30933103,31011442,30933103,29692,29581,29579,29579,0,0,3780,0,913068160,911254038,4096,4096,0,0,29580,29580,1102097187,1102097176,1102097147,1102097184,0,0,0,0,0,0,0,0,4096,256,131072,4,15|4,0,67108864,262144,256,0,0,0,0,456,0,444,0,114,111,0,1,456,0|40,1871811837,1,29200736,0,0,0,0,0,30983124,0,111,0,1603298255,0,1603298255,0,2080,1589571261,0,21218992,0,0,0,0,0
1785914718407|1002|stream64_f2r_2|rotating|34,1378943233,33558272,31464263,31027894,357903,0,357903,0,7584,0,3792,0,0,0,29670,29670,24226888,0,4096,0,0,0,3792,0,1086051617,0,1086051625,0,0,0,0,0,0,0,0,0,4096,256,131072,4,15|4,0,67108864,262144,256,0,0,0,0,456,0,444,0,114,111,0,1,456,0|40,1141664800,1,0,0,29097984,0,29097984,0,89570,0,0,111,0,0,0,0,0,0,0,7095055,0,0,0,0,0
1785914723411|1002|stream64_f2r_2|fixed|36,1378943233,16781056,37619134,37097301,37191295,37097301,37191295,37097301,35607,35474,35473,35473,0,0,4533,0,1094982264,1092808016,4096,4096,0,0,35473,35473,1421410852,1421411169,1421410860,1421411177,0,0,0,0,0,0,0,0,4096,256,131072,4,15|4,0,67108864,262144,256,0,0,0,0,544,0,532,0,136,133,0,1,544,0|42,2191206136,1,35015328,0,0,0,0,0,37149078,0,133,0,1921238906,0,1921238906,0,2080,1905823411,0,24055163,0,0,0,0,0
1785914723411|1002|stream64_f2r_2|rotating|36,1378943233,33558272,37713709,37190774,428973,0,428973,0,9090,0,4545,0,0,0,35562,35562,29037728,0,4096,0,0,0,4545,0,1405306133,0,1405306141,0,0,0,0,0,0,0,0,0,4096,256,131072,4,15|4,0,67108864,262144,256,0,0,0,0,544,0,532,0,136,133,0,1,544,0|42,1460867728,1,0,0,34865152,0,34865152,0,107336,0,0,133,0,0,0,0,0,0,0,7144420,0,0,0,0,0
1785914728425|1002|stream64_f2r_2|fixed|38,1378943233,16777471,43905333,43297538,43405951,43297538,43405951,43297538,41558,41402,41400,41400,0,0,5291,0,1277959216,1275426646,4096,4096,0,0,41401,41401,1742588134,1742588099,1742588094,1742588107,0,0,0,0,0,0,0,0,4096,256,131072,4,15|4,0,67108864,262144,256,0,0,0,0,632,0,620,0,158,155,0,1,632,0|44,2512053374,1,40845728,0,0,0,0,0,43341940,0,155,0,2240628544,0,2240628544,0,2080,2223534285,0,26884991,0,0,0,0,0
1785914728425|1002|stream64_f2r_2|rotating|38,1378943233,33558272,43972299,43363581,500132,0,500132,0,10598,0,5299,0,0,0,41463,41463,33854976,0,4096,0,0,0,5299,0,1724984082,0,1724984090,0,0,0,0,0,0,0,0,0,4096,256,131072,4,15|5,0,67108864,262144,256,0,0,0,0,636,0,624,0,159,156,0,1,636,0|44,1780985458,1,0,0,40894464,0,40894464,0,125174,0,0,156,0,0,0,0,0,0,0,7192563,0,0,0,0,0
1785914733428|1002|stream64_f2r_2|fixed|40,1378943233,16777471,50173612,49476282,49602976,49476282,49602976,49476282,47489,47311,47309,47309,0,0,6046,0,1460335427,1457444424,4096,4096,0,0,47310,47310,2062727118,2062727123,2062727126,2062727099,0,0,0,0,0,0,0,0,4096,256,131072,4,15|4,0,67108864,262144,256,0,0,0,0,724,0,712,0,181,178,0,1,724,0|46,2832375957,1,46669536,0,0,0,0,0,49522269,0,178,0,2559495175,0,2559495175,0,2080,2540580253,0,29850724,0,0,0,0,0
1785914733428|1002|stream64_f2r_2|rotating|40,1378943233,33558272,50239414,49540625,571391,0,571391,0,12108,0,6054,0,0,0,47371,47371,38678632,0,4096,0,0,0,6054,0,2044900545,0,2044900553,0,0,0,0,0,0,0,0,0,4096,256,131072,4,15|4,0,67108864,262144,256,0,0,0,0,724,0,712,0,181,178,0,1,724,0|46,2100794597,1,0,0,46661632,0,46661632,0,142966,0,0,178,0,0,0,0,0,0,0,7238224,0,0,0,0,0
1785914738433|1002|stream64_f2r_2|fixed|42,1378943233,16777471,56442575,55657632,55800586,55657632,55800586,55657632,53422,53221,53219,53219,0,0,6802,0,1642771232,1639503899,4096,4096,0,0,53220,53220,2383083803,2383083768,2383083763,2383083776,0,0,0,0,0,0,0,0,4096,256,131072,4,15|4,0,67108864,262144,256,0,0,0,0,812,0,800,0,203,200,0,1,812,0|48,3152534877,1,52492032,0,0,0,0,0,55702689,0,200,0,2878198471,0,2878198471,0,2080,2857592952,0,32690688,0,0,0,0,0
1785914738433|1002|stream64_f2r_2|rotating|42,1378943233,33558272,56523585,55737908,642842,0,642842,0,13622,0,6811,0,0,0,53295,53295,43515112,0,4096,0,0,0,6811,0,2365877928,0,2365877936,0,0,0,0,0,0,0,0,0,4096,256,131072,4,15|4,0,67108864,262144,256,0,0,0,0,812,0,800,0,203,200,0,1,812,0|48,2422336731,1,0,0,52428800,0,52428800,0,160852,0,0,200,0,0,0,0,0,0,0,7280627,0,0,0,0,0
1785914743443|1002|stream64_f2r_2|fixed|44,1378943233,16778188,62715252,61843810,62001907,61843810,62001907,61843810,59358,59135,59134,59134,0,0,7558,0,1825349200,1821722688,4096,4096,0,0,59134,59134,2703548176,2703548501,2703548184,2703548517,0,0,0,0,0,0,0,0,4096,256,131072,4,15|4,0,67108864,262144,256,0,0,0,0,900,0,888,0,225,222,0,1,900,0|50,3473236404,1,58330336,0,0,0,0,0,61892448,0,222,0,3197440422,0,3197440422,0,2080,3175150025,0,35528327,0,0,0,0,0
1785914743443|1002|stream64_f2r_2|rotating|44,1378943233,33558272,62808619,61936143,714385,0,714385,0,15138,0,7569,0,0,0,59222,59222,48357896,0,4096,0,0,0,7569,0,2687282742,0,2687282750,0,0,0,0,0,0,0,0,0,4096,256,131072,4,15|4,0,67108864,262144,256,0,0,0,0,900,0,888,0,225,222,0,1,900,0|50,2743077788,1,0,0,58195968,0,58195968,0,178713,0,0,222,0,0,0,0,0,0,0,7331025,0,0,0,0,0
1785914748454|1002|stream64_f2r_2|fixed|46,1378943233,16781056,68996292,68037668,68211498,68037668,68211498,68037668,65302,65057,65056,65056,0,0,8315,0,2008150328,2004164656,4096,4096,0,0,65056,65056,3024414487,3024414804,3024414495,3024414812,0,0,0,0,0,0,0,0,4096,256,131072,4,15|4,0,67108864,262144,256,0,0,0,0,988,0,976,0,247,244,0,1,988,0|52,3794098193,1,64160736,0,0,0,0,0,68086170,0,244,0,3516844611,0,3516844611,0,2080,3492868859,0,38364746,0,0,0,0,0
1785914748454|1002|stream64_f2r_2|rotating|46,1378943233,33558272,69064958,68105585,785546,0,785546,0,16646,0,8323,0,0,0,65120,65120,53175112,0,4096,0,0,0,8323,0,3006967279,0,3006967287,0,0,0,0,0,0,0,0,0,4096,256,131072,4,15|4,0,67108864,262144,256,0,0,0,0,988,0,976,0,247,244,0,1,988,0|52,3062494081,1,0,0,63963136,0,63963136,0,196480,0,0,244,0,0,0,0,0,0,0,7373635,0,0,0,0,0
1785914756804|1003|stream64_f2r_3|fixed|50,1378943233,16777471,6138504,6053090,6068846,6053090,6068846,6053090,5805,5783,5782,5782,0,0,738,0,178499088,178156040,4096,4096,0,0,5783,5783,3558701371,3558701368,3558701355,3558701352,0,0,0,0,0,0,0,0,4096,256,131072,4,15|4,0,67108864,262144,256,0,0,0,0,96,0,84,0,24,21,0,1,100,0|60,34805327,2,5775072,0,0,0,0,0,6127411,0,22,0,320961338,0,320961338,0,2080,314065903,0,9765439,0,0,0,0,0
1785914756804|1003|stream64_f2r_3|rotating|50,1378943233,33558272,6251263,6163904,70977,0,70977,0,1504,0,752,0,0,0,5888,5888,4804472,0,4096,0,0,0,752,0,3543373695,0,3543373703,0,0,0,0,0,0,0,0,0,4096,256,131072,4,15|4,0,67108864,262144,256,0,0,0,0,100,0,88,0,25,22,0,1,100,0|60,3599300158,1,0,0,5767168,0,5767168,0,17862,0,0,22,0,0,0,0,0,0,0,6897168,0,0,0,0,0
1785914761811|1003|stream64_f2r_3|fixed|52,1378943233,16781056,12441462,12267866,12300172,12267866,12300172,12267866,11764,11720,11719,11719,0,0,1497,0,361740584,361022408,4096,4096,0,0,11719,11719,3880449515,3880449872,3880449523,3880449880,0,0,0,0,0,0,0,0,4096,256,131072,4,15|4,0,67108864,262144,256,0,0,0,0,188,0,176,0,47,44,0,1,188,0|62,355314453,2,11605472,0,0,0,0,0,12320798,0,44,0,640012864,0,640012864,0,2080,631433945,0,12599987,0,0,0,0,0
1785914761811|1003|stream64_f2r_3|rotating|52,1378943233,33558272,12568588,12393535,142710,0,142710,0,3024,0,1512,0,0,0,11838,11838,9660088,0,4096,0,0,0,1512,0,3865634960,0,3865634968,0,0,0,0,0,0,0,0,0,4096,256,131072,4,15|4,0,67108864,262144,256,0,0,0,0,188,0,176,0,47,44,0,1,188,0|62,3921888711,1,0,0,11534336,0,11534336,0,35819,0,0,44,0,0,0,0,0,0,0,6950483,0,0,0,0,0
1785914766811|1003|stream64_f2r_3|fixed|54,1378943233,16777471,18685040,18425937,18472678,18425937,18472678,18425937,17672,17607,17604,17604,0,0,2250,0,543411804,542333215,4096,4096,0,0,17605,17605,4199363103,4199363100,4199363111,4199363108,0,0,0,0,0,0,0,0,4096,256,131072,4,15|4,0,67108864,262144,256,0,0,0,0,276,0,264,0,69,66,0,1,276,0|64,674592277,2,17412160,0,0,0,0,0,18485775,0,66,0,957839016,0,957839016,0,2080,947568843,0,15437214,0,0,0,0,0
1785914766811|1003|stream64_f2r_3|rotating|54,1378943233,33558272,18776760,18516734,213308,0,213308,0,4520,0,2260,0,0,0,17690,17690,14439016,0,4096,0,0,0,2260,0,4182741687,0,4182741695,0,0,0,0,0,0,0,0,0,4096,256,131072,4,15|4,0,67108864,262144,256,0,0,0,0,276,0,264,0,69,66,0,1,276,0|64,4238616596,1,0,0,17301504,0,17301504,0,53445,0,0,66,0,0,0,0,0,0,0,6996854,0,0,0,0,0
1785914771824|1003|stream64_f2r_3|fixed|56,1378943233,16777471,24966236,24621407,24682518,24621407,24682518,24621407,23612,23525,23522,23522,0,0,3006,0,726086192,724648024,4096,4096,0,0,23523,23523,225035455,225035420,225035431,225035428,0,0,0,0,0,0,0,0,4096,256,131072,4,15|4,0,67108864,262144,256,0,0,0,0,364,0,352,0,91,88,0,1,364,0|66,994880913,2,23234656,0,0,0,0,0,24673567,0,88,0,1276672028,0,1276672028,0,2080,1264721712,0,18266724,0,0,0,0,0
1785914771824|1003|stream64_f2r_3|rotating|56,1378943233,33558272,25042323,24696730,284568,0,284568,0,6030,0,3015,0,0,0,23594,23594,19262648,0,4096,0,0,0,3015,0,207881755,0,207881763,0,0,0,0,0,0,0,0,0,4096,256,131072,4,15|4,0,67108864,262144,256,0,0,0,0,364,0,352,0,91,88,0,1,364,0|66,263515000,2,0,0,23068672,0,23068672,0,71235,0,0,88,0,0,0,0,0,0,0,7046700,0,0,0,0,0
1785914776838|1003|stream64_f2r_3|fixed|58,1378943233,16777471,31254970,30823260,30899804,30823260,30899804,30823260,29557,29448,29446,29446,0,0,3763,0,908936479,907139554,4096,4096,0,0,29446,29446,545978065,545978390,545978073,545978398,0,0,0,0,0,0,0,0,4096,256,131072,4,15|4,0,67108864,262144,256,0,0,0,0,452,0,440,0,113,110,0,1,452,0|68,1315698110,2,29072960,0,0,0,0,0,30872483,0,110,0,1596029649,0,1596029649,0,2054,1582397471,0,21101347,0,0,0,0,0
1785914776838|1003|stream64_f2r_3|rotating|58,1378943233,33558272,31343680,30910273,356199,0,356199,0,7548,0,3774,0,0,0,29529,29529,24111864,0,4096,0,0,0,3774,0,529389510,0,529389518,0,0,0,0,0,0,0,0,0,4096,256,131072,4,15|4,0,67108864,262144,256,0,0,0,0,456,0,444,0,114,111,0,1,456,0|68,585381408,2,0,0,29097984,0,29097984,0,89168,0,0,111,0,0,0,0,0,0,0,7103262,0,0,0,0,0
1785914781838|1003|stream64_f2r_3|fixed|60,1378943233,16781056,37525002,37006211,37098583,37006211,37098583,37006211,35485,35355,35352,35352,0,0,4518,0,1091246208,1089090672,4096,4096,0,0,35352,35352,865982049,865982374,865982057,865982382,0,0,0,0,0,0,0,0,4096,256,131072,4,15|4,0,67108864,262144,256,0,0,0,0,544,0,532,0,136,133,0,1,544,0|70,1635806730,2,34888864,0,0,0,0,0,37054884,0,133,0,1914684293,0,1914684293,0,2080,1899233279,0,24063556,0,0,0,0,0
1785914781838|1003|stream64_f2r_3|rotating|60,1378943233,33558272,37598166,37077788,427271,0,427271,0,9054,0,4527,0,0,0,35420,35420,28922736,0,4096,0,0,0,4527,0,848766747,0,848766755,0,0,0,0,0,0,0,0,0,4096,256,131072,4,15|4,0,67108864,262144,256,0,0,0,0,544,0,532,0,136,133,0,1,544,0|70,905218007,2,0,0,34865152,0,34865152,0,106959,0,0,133,0,0,0,0,0,0,0,7143012,0,0,0,0,0
1785914786843|1003|stream64_f2r_3|fixed|62,1378943233,16777471,43801716,43195644,43303942,43195644,43303942,43195644,41421,41268,41264,41264,0,0,5274,0,1273758661,1271227656,4096,4096,0,0,41265,41265,1186479254,1186479251,1186479262,1186479259,0,0,0,0,0,0,0,0,4096,256,131072,4,15|4,0,67108864,262144,256,0,0,0,0,632,0,620,0,158,155,0,1,632,0|72,1955971377,2,40711360,0,0,0,0,0,43240635,0,155,0,2233393316,0,2233393316,0,2080,2216257091,0,26898134,0,0,0,0,0
1785914786843|1003|stream64_f2r_3|rotating|62,1378943233,33558272,43864301,43257525,498437,0,498437,0,10562,0,5281,0,0,0,41323,41323,33740032,0,4096,0,0,0,5281,0,1168449425,0,1168449433,0,0,0,0,0,0,0,0,0,4096,256,131072,4,15|4,0,67108864,262144,256,0,0,0,0,632,0,620,0,158,155,0,1,632,0|72,1224601386,2,0,0,40632320,0,40632320,0,124727,0,0,155,0,0,0,0,0,0,0,7189330,0,0,0,0,0
1785914791855|1003|stream64_f2r_3|fixed|64,1378943233,16781056,50085084,49392315,49515954,49392315,49515954,49392315,47361,47186,47183,47183,0,0,6030,0,1456444520,1453555232,4096,4096,0,0,47183,47183,1507132442,1507132799,1507132450,1507132807,0,0,0,0,0,0,0,0,4096,256,131072,4,15|4,0,67108864,262144,256,0,0,0,0,720,0,708,0,180,177,0,1,720,0|74,2276800889,2,46549664,0,0,0,0,0,49440073,0,177,0,2552763252,0,2552763252,0,2080,2533949059,0,29728863,0,0,0,0,0
1785914791855|1003|stream64_f2r_3|rotating|64,1378943233,33558272,50159478,49465858,569980,0,569980,0,12078,0,6039,0,0,0,47253,47253,38582816,0,4096,0,0,0,6039,0,1489847302,0,1489847310,0,0,0,0,0,0,0,0,0,4096,256,131072,4,15|4,0,67108864,262144,256,0,0,0,0,720,0,708,0,180,177,0,1,720,0|74,1545583806,2,0,0,46399488,0,46399488,0,142589,0,0,177,0,0,0,0,0,0,0,7230201,0,0,0,0,0
1785914796855|1003|stream64_f2r_3|fixed|66,1378943233,16777471,56375854,55594922,55735276,55594922,55735276,55594922,53311,53113,53109,53109,0,0,6787,0,1639388919,1636141450,4096,4096,0,0,53110,53110,1828257606,1828257603,1828257614,1828257611,0,0,0,0,0,0,0,0,4096,256,131072,4,15|4,0,67108864,262144,256,0,0,0,0,808,0,796,0,202,199,0,1,808,0|76,2597758027,2,52387968,0,0,0,0,0,55639893,0,199,0,2872260814,0,2872260814,0,2080,2851766456,0,32561789,0,0,0,0,0
1785914796855|1003|stream64_f2r_3|rotating|66,1378943233,33558272,56471562,55688765,641800,0,641800,0,13600,0,6800,0,0,0,53200,53200,43444800,0,4096,0,0,0,6800,0,1812212884,0,1812212892,0,0,0,0,0,0,0,0,0,4096,256,131072,4,15|4,0,67108864,262144,256,0,0,0,0,812,0,800,0,203,200,0,1,812,0|76,1871819767,2,0,0,52428800,0,52428800,0,160757,0,0,200,0,0,0,0,0,0,0,7275817,0,0,0,0,0
1785914801869|1003|stream64_f2r_3|fixed|68,1378943233,16781056,62633842,61766163,61922010,61766163,61922010,61766163,59234,59014,59011,59011,0,0,7542,0,1821549184,1817943432,4096,4096,0,0,59011,59011,2147996572,2147996905,2147996580,2147996913,0,0,0,0,0,0,0,0,4096,256,131072,4,15|4,0,67108864,262144,256,0,0,0,0,900,0,888,0,225,222,0,1,900,0|78,2917713744,2,58203872,0,0,0,0,0,61812277,0,222,0,3190762555,0,3190762555,0,2080,3168451862,0,35521497,0,0,0,0,0
1785914801869|1003|stream64_f2r_3|rotating|68,1378943233,33558272,62707640,61838613,712682,0,712682,0,15102,0,7551,0,0,0,59080,59080,48242872,0,4096,0,0,0,7551,0,2130728050,0,2130728058,0,0,0,0,0,0,0,0,0,4096,256,131072,4,15|4,0,67108864,262144,256,0,0,0,0,900,0,888,0,225,222,0,1,900,0|78,2186461582,2,0,0,58195968,0,58195968,0,178265,0,0,222,0,0,0,0,0,0,0,7319403,0,0,0,0,0
1785914806875|1003|stream64_f2r_3|fixed|70,1378943233,16777471,68906569,67953195,68123384,67953195,68123384,67953195,65172,64929,64926,64925,0,0,8298,0,2004129080,2000149411,4096,4096,0,0,64926,64926,2468609852,2468609921,2468609860,2468609929,0,0,0,0,0,0,0,0,4096,256,131072,4,15|4,0,67108864,262144,256,0,0,0,0,988,0,976,0,247,244,0,1,988,0|80,3238265069,2,64034272,0,0,0,0,0,67999904,0,244,0,3509856280,0,3509856280,0,2080,3485861085,0,38357063,0,0,0,0,0
1785914806875|1003|stream64_f2r_3|rotating|70,1378943233,33558272,68974867,68020728,783943,0,783943,0,16612,0,8306,0,0,0,64990,64990,53066576,0,4096,0,0,0,8306,0,2450841486,0,2450841494,0,0,0,0,0,0,0,0,0,4096,256,131072,4,15|4,0,67108864,262144,256,0,0,0,0,988,0,976,0,247,244,0,1,988,0|80,2506652123,2,0,0,63963136,0,63963136,0,196104,0,0,244,0,0,0,0,0,0,0,7368641,0,0,0,0,0
1785914815328|1004|stream64_r2f_1|fixed|74,1378943233,16781056,6147945,6062995,69643,0,69643,0,1478,0,739,0,0,0,5792,5792,4721392,0,4096,0,0,0,739,0,3009087540,0,3009087548,0,0,0,0,0,0,0,0,0,4096,256,131072,4,15|4,0,67108864,262144,256,0,0,0,0,96,0,84,0,24,21,0,1,96,0|88,3779193933,2,0,0,5505024,0,5505024,0,17551,0,0,21,0,0,0,0,0,0,0,6895478,0,0,0,0,0
1785914815328|1004|stream64_r2f_1|rotating|74,1378943233,33554687,6236895,6150303,6166218,6150303,6166218,6150303,5899,5876,5875,5875,0,0,750,0,181370947,181010864,4096,4096,0,0,5876,5876,2993136221,2993136226,2993136229,2993136202,0,0,0,0,0,0,0,0,4096,256,131072,4,15|4,0,67108864,262144,256,0,0,0,0,100,0,88,0,25,22,0,1,100,0|88,3049120480,2,5838304,0,0,0,0,0,6196675,0,22,0,324509297,0,324509297,0,2080,317598598,0,9794185,0,0,0,0,0
1785914820342|1004|stream64_r2f_1|fixed|76,1378943233,16781056,12437851,12264793,141071,0,141071,0,2994,0,1497,0,0,0,11716,11716,9564232,0,4096,0,0,0,1497,0,3330316978,0,3330316986,0,0,0,0,0,0,0,0,0,4096,256,131072,4,15|4,0,67108864,262144,256,0,0,0,0,188,0,176,0,47,44,0,1,188,0|90,4100162906,2,0,0,11534336,0,11534336,0,35409,0,0,44,0,0,0,0,0,0,0,6940098,0,0,0,0,0
1785914820342|1004|stream64_r2f_1|rotating|76,1378943233,33554687,12505394,12331517,12363568,12331517,12363568,12331517,11825,11780,11779,11779,0,0,1505,0,363611779,362890942,4096,4096,0,0,11780,11780,3313052962,3313052959,3313052970,3313052967,0,0,0,0,0,0,0,0,4096,256,131072,4,15|4,0,67108864,262144,256,0,0,0,0,188,0,176,0,47,44,0,1,188,0|90,3368599943,2,11644992,0,0,0,0,0,12369308,0,44,0,642537088,0,642537088,0,2080,633912701,0,12653846,0,0,0,0,0
1785914825343|1004|stream64_r2f_1|fixed|78,1378943233,16781056,18700180,18441216,212124,0,212124,0,4502,0,2251,0,0,0,17619,17619,14381512,0,4096,0,0,0,2251,0,3650025135,0,3650025143,0,0,0,0,0,0,0,0,0,4096,256,131072,4,15|4,0,67108864,262144,256,0,0,0,0,276,0,264,0,69,66,0,1,276,0|92,125156967,3,0,0,17301504,0,17301504,0,53172,0,0,66,0,0,0,0,0,0,0,6984875,0,0,0,0,0
1785914825343|1004|stream64_r2f_1|rotating|78,1378943233,33554687,18774924,18515185,18561951,18515185,18561951,18515185,17758,17690,17689,17689,0,0,2260,0,546046745,544967196,4096,4096,0,0,17690,17690,3633304262,3633304235,3633304270,3633304251,0,0,0,0,0,0,0,0,4096,256,131072,4,15|4,0,67108864,262144,256,0,0,0,0,276,0,264,0,69,66,0,1,276,0|92,3688821515,2,17475392,0,0,0,0,0,18551806,0,66,0,961301060,0,961301060,0,2080,950967512,0,15514071,0,0,0,0,0
1785914830345|1004|stream64_r2f_1|fixed|80,1378943233,16781056,24971725,24626811,283273,0,283273,0,6012,0,3006,0,0,0,23527,23527,19205160,0,4096,0,0,0,3006,0,3970163909,0,3970163917,0,0,0,0,0,0,0,0,0,4096,256,131072,4,15|4,0,67108864,262144,256,0,0,0,0,364,0,352,0,91,88,0,1,364,0|94,445273046,3,0,0,23068672,0,23068672,0,70960,0,0,88,0,0,0,0,0,0,0,7025562,0,0,0,0,0
1785914830345|1004|stream64_r2f_1|rotating|80,1378943233,33554687,25046243,24700560,24762119,24700560,24762119,24700560,23689,23599,23598,23598,0,0,3015,0,728425835,726988918,4096,4096,0,0,23599,23599,3953471099,3953471112,3953471107,3953471120,0,0,0,0,0,0,0,0,4096,256,131072,4,15|4,0,67108864,262144,256,0,0,0,0,364,0,352,0,91,88,0,1,364,0|94,4008841184,2,23289984,0,0,0,0,0,24734247,0,88,0,1279867081,0,1279867081,0,2080,1267820099,0,18375175,0,0,0,0,0
1785914835359|1004|stream64_r2f_1|fixed|82,1378943233,16781056,31257631,30825787,354612,0,354612,0,7526,0,3763,0,0,0,29449,29449,24041576,0,4096,0,0,0,3763,0,4291168934,0,4291168942,0,0,0,0,0,0,0,0,0,4096,256,131072,4,15|4,0,67108864,262144,256,0,0,0,0,452,0,440,0,113,110,0,1,452,0|96,766180984,3,0,0,28835840,0,28835840,0,88793,0,0,110,0,0,0,0,0,0,0,7068889,0,0,0,0,0
1785914835359|1004|stream64_r2f_1|rotating|82,1378943233,33554687,31331830,30899103,30976374,30899103,30976374,30899103,29632,29520,29519,29519,0,0,3772,0,911199163,909403694,4096,4096,0,0,29520,29520,4274319774,4274319771,4274319782,4274319779,0,0,0,0,0,0,0,0,4096,256,131072,4,15|4,0,67108864,262144,256,0,0,0,0,456,0,444,0,114,111,0,1,456,0|96,34919667,3,29129600,0,0,0,0,0,30933505,0,111,0,1599452956,0,1599452956,0,2074,1585555710,0,21373903,0,0,0,0,0
1785914840371|1004|stream64_r2f_1|fixed|84,1378943233,16781056,37543439,37024576,425944,0,425944,0,9040,0,4520,0,0,0,35370,35370,28878000,0,4096,0,0,0,4520,0,317194977,0,317194985,0,0,0,0,0,0,0,0,0,4096,256,131072,4,15|4,0,67108864,262144,256,0,0,0,0,544,0,532,0,136,133,0,1,544,0|98,1086941439,3,0,0,34865152,0,34865152,0,106627,0,0,133,0,0,0,0,0,0,0,7113696,0,0,0,0,0
1785914840371|1004|stream64_r2f_1|rotating|84,1378943233,33554687,37615722,37095376,37188930,37095376,37188930,37095376,35573,35438,35437,35437,0,0,4529,0,1093897036,1091725120,4096,4096,0,0,35438,35438,300176292,300176297,300176300,300176257,0,0,0,0,0,0,0,0,4096,256,131072,4,15|4,0,67108864,262144,256,0,0,0,0,544,0,532,0,136,133,0,1,544,0|98,356174241,3,34975808,0,0,0,0,0,37140920,0,133,0,1919245978,0,1919245978,0,2080,1903648030,0,24229063,0,0,0,0,0
1785914845384|1004|stream64_r2f_1|fixed|86,1378943233,16781056,43829730,43223376,497280,0,497280,0,10554,0,5277,0,0,0,41291,41291,33714448,0,4096,0,0,0,5277,0,637993217,0,637993225,0,0,0,0,0,0,0,0,0,4096,256,131072,4,15|4,0,67108864,262144,256,0,0,0,0,632,0,620,0,158,155,0,1,632,0|100,1407999953,3,0,0,40632320,0,40632320,0,124461,0,0,155,0,0,0,0,0,0,0,7154890,0,0,0,0,0
1785914845384|1004|stream64_r2f_1|rotating|86,1378943233,33554687,43952086,43344162,43453389,43344162,43453389,43344162,41564,41407,41406,41406,0,0,5292,0,1278147837,1275617800,4096,4096,0,0,41407,41407,623588851,623588840,623588859,623588848,0,0,0,0,0,0,0,0,4096,256,131072,4,15|4,0,67108864,262144,256,0,0,0,0,632,0,620,0,158,155,0,1,632,0|100,679564830,3,40853632,0,0,0,0,0,43389428,0,155,0,2241167111,0,2241167111,0,2080,2223872224,0,27087248,0,0,0,0,0
1785914850385|1004|stream64_r2f_1|fixed|88,1378943233,16781056,50101077,49407474,568429,0,568429,0,12064,0,6032,0,0,0,47198,47198,38538096,0,4096,0,0,0,6032,0,958125669,0,958125677,0,0,0,0,0,0,0,0,0,4096,256,131072,4,15|4,0,67108864,262144,256,0,0,0,0,720,0,708,0,180,177,0,1,720,0|102,1729814221,3,0,0,46399488,0,46399488,0,142343,0,0,177,0,0,0,0,0,0,0,7205672,0,0,0,0,0
1785914850385|1004|stream64_r2f_1|rotating|88,1378943233,33556599,50230057,49534991,49660215,49534991,49660215,49534991,47500,47320,47320,47320,0,0,6047,0,1460675105,1457787108,4096,4096,0,0,47321,47321,944009851,944009848,944009859,944009856,0,0,0,0,0,0,0,0,4096,256,131072,4,15|4,0,67108864,262144,256,0,0,0,0,724,0,712,0,181,178,0,1,724,0|102,1001791228,3,46709056,0,0,0,0,0,49612632,0,178,0,2561929653,0,2561929653,0,2080,2542802929,0,30070943,0,0,0,0,0
1785914855392|1004|stream64_r2f_1|fixed|90,1378943233,16781056,56376254,55595070,639578,0,639578,0,13574,0,6787,0,0,0,53109,53109,43361744,0,4096,0,0,0,6787,0,1278266007,0,1278266015,0,0,0,0,0,0,0,0,0,4096,256,131072,4,15|4,0,67108864,262144,256,0,0,0,0,808,0,796,0,202,199,0,1,808,0|104,2048170306,3,0,0,52166656,0,52166656,0,160035,0,0,199,0,0,0,0,0,0,0,7258295,0,0,0,0,0
1785914855392|1004|stream64_r2f_1|rotating|90,1378943233,33554687,56445854,55663928,55805430,55663928,55805430,55663928,53376,53175,53174,53174,0,0,6796,0,1641392232,1638144584,4096,4096,0,0,53175,53175,1261270487,1261270484,1261270479,1261270468,0,0,0,0,0,0,0,0,4096,256,131072,4,15|4,0,67108864,262144,256,0,0,0,0,812,0,800,0,203,200,0,1,812,0|104,1316910264,3,52444608,0,0,0,0,0,55699841,0,200,0,2875614801,0,2875614801,0,2080,2854754666,0,32935054,0,0,0,0,0
1785914860400|1004|stream64_r2f_1|fixed|92,1378943233,16781056,62655597,61788143,710818,0,710818,0,15086,0,7543,0,0,0,59025,59025,48191760,0,4096,0,0,0,7543,0,1598835866,0,1598835874,0,0,0,0,0,0,0,0,0,4096,256,131072,4,15|5,0,67108864,262144,256,0,0,0,0,900,0,888,0,225,222,0,1,900,0|106,2368812478,3,0,0,58195968,0,58195968,0,177869,0,0,222,0,0,0,0,0,0,0,7304316,0,0,0,0,0
1785914860400|1004|stream64_r2f_1|rotating|92,1378943233,33554687,62730978,61862093,62019217,61862093,62019217,61862093,59320,59096,59096,59096,0,0,7553,0,1824172964,1820549935,4096,4096,0,0,59096,59096,1582246565,1582246898,1582246573,1582246906,0,0,0,0,0,0,0,0,4096,256,131072,4,15|4,0,67108864,262144,256,0,0,0,0,900,0,888,0,225,222,0,1,900,0|106,1638482615,3,58290816,0,0,0,0,0,61912202,0,222,0,3195725600,0,3195725600,0,2080,3173159493,0,35795484,0,0,0,0,0
1785914865405|1004|stream64_r2f_1|fixed|94,1378943233,16781056,68927670,67974172,782059,0,782059,0,16598,0,8299,0,0,0,64933,64933,53021800,0,4096,0,0,0,8299,0,1919213451,0,1919213459,0,0,0,0,0,0,0,0,0,4096,256,131072,4,15|4,0,67108864,262144,256,0,0,0,0,988,0,976,0,247,244,0,1,988,0|108,2689824225,3,0,0,63963136,0,63963136,0,195703,0,0,244,0,0,0,0,0,0,0,7348409,0,0,0,0,0
1785914865405|1004|stream64_r2f_1|rotating|94,1378943233,33554687,69022372,68067891,68239275,68067891,68239275,68067891,65269,65023,65023,65023,0,0,8310,0,2007129500,2003146351,4096,4096,0,0,65023,65023,1903413894,1903414219,1903413902,1903414227,0,0,0,0,0,0,0,0,4096,256,131072,4,15|4,0,67108864,262144,256,0,0,0,0,988,0,976,0,247,244,0,1,988,0|108,1959752299,3,64137024,0,0,0,0,0,68119212,0,244,0,3515533732,0,3515533732,0,2080,3491253213,0,38664354,0,0,0,0,0
1785914873825|1005|stream64_r2f_2|fixed|98,1378943233,16781056,6149008,6065045,69643,0,69643,0,1478,0,739,0,0,0,5793,5793,4721392,0,4096,0,0,0,739,0,2458258996,0,2458259004,0,0,0,0,0,0,0,0,0,4096,256,131072,4,15|4,0,67108864,262144,256,0,0,0,0,96,0,84,0,24,21,0,1,96,0|116,3228768931,3,0,0,5505024,0,5505024,0,17575,0,0,21,0,0,0,0,0,0,0,6882208,0,0,0,0,0
1785914873825|1005|stream64_r2f_2|rotating|98,1378943233,33558272,6242165,6156464,6171394,6156464,6171394,6156464,5904,5881,5881,5881,0,0,751,0,181534008,181176400,4096,4096,0,0,5881,5881,2442584121,2442584462,2442584129,2442584470,0,0,0,0,0,0,0,0,4096,256,131072,4,15|4,0,67108864,262144,256,0,0,0,0,100,0,88,0,25,22,0,1,100,0|116,2498625939,3,5846208,0,0,0,0,0,6203147,0,22,0,324824959,0,324824959,0,2080,317931878,0,9778295,0,0,0,0,0
1785914878849|1005|stream64_r2f_2|fixed|100,1378943233,16781056,12444768,12272991,141165,0,141165,0,2996,0,1498,0,0,0,11722,11722,9570616,0,4096,0,0,0,1498,0,2779916933,0,2779916941,0,0,0,0,0,0,0,0,0,4096,256,131072,4,15|4,0,67108864,262144,256,0,0,0,0,188,0,176,0,47,44,0,1,188,0|118,3550905953,3,0,0,11534336,0,11534336,0,35503,0,0,44,0,0,0,0,0,0,0,6927858,0,0,0,0,0
1785914878849|1005|stream64_r2f_2|rotating|100,1378943233,33554687,12550506,12377454,12408209,12377454,12408209,12377454,11868,11823,11822,11822,0,0,1510,0,364934553,364216724,4096,4096,0,0,11823,11823,2764528475,2764528464,2764528483,2764528472,0,0,0,0,0,0,0,0,4096,256,131072,4,15|4,0,67108864,262144,256,0,0,0,0,188,0,176,0,47,44,0,1,188,0|118,2820515632,3,11700320,0,0,0,0,0,12423248,0,44,0,645251124,0,645251124,0,2080,636655244,0,12637249,0,0,0,0,0
1785914883853|1005|stream64_r2f_2|fixed|102,1378943233,16781056,18717926,18459584,212408,0,212408,0,4508,0,2254,0,0,0,17636,17636,14400704,0,4096,0,0,0,2254,0,3100480762,0,3100480770,0,0,0,0,0,0,0,0,0,4096,256,131072,4,15|4,0,67108864,262144,256,0,0,0,0,276,0,264,0,69,66,0,1,276,0|120,3870219060,3,0,0,17301504,0,17301504,0,53243,0,0,66,0,0,0,0,0,0,0,6972548,0,0,0,0,0
1785914883853|1005|stream64_r2f_2|rotating|102,1378943233,33554687,18784408,18525492,18571340,18525492,18571340,18525492,17766,17700,17699,17699,0,0,2261,0,546331343,545255202,4096,4096,0,0,17699,17699,3082962438,3082962763,3082962446,3082962771,0,0,0,0,0,0,0,0,4096,256,131072,4,15|4,0,67108864,262144,256,0,0,0,0,276,0,264,0,69,66,0,1,276,0|120,3138623040,3,17483296,0,0,0,0,0,18564815,0,66,0,961912788,0,961912788,0,2080,951601420,0,15493619,0,0,0,0,0
1785914888854|1005|stream64_r2f_2|fixed|104,1378943233,16781056,24983490,24638783,283461,0,283461,0,6016,0,3008,0,0,0,23539,23539,19217944,0,4096,0,0,0,3008,0,3420188225,0,3420188233,0,0,0,0,0,0,0,0,0,4096,256,131072,4,15|4,0,67108864,262144,256,0,0,0,0,364,0,352,0,91,88,0,1,364,0|122,4190103160,3,0,0,23068672,0,23068672,0,71007,0,0,88,0,0,0,0,0,0,0,7014146,0,0,0,0,0
1785914888854|1005|stream64_r2f_2|rotating|104,1378943233,33554687,25080087,24734458,24795589,24734458,24795589,24734458,23720,23632,23630,23630,0,0,3019,0,729413501,727979192,4096,4096,0,0,23631,23631,3404356996,3404357017,3404357004,3404356985,0,0,0,0,0,0,0,0,4096,256,131072,4,15|4,0,67108864,262144,256,0,0,0,0,364,0,352,0,92,89,0,1,368,0|122,3460612225,3,23338720,0,0,0,0,0,24782387,0,89,0,1282438117,0,1282438117,0,2080,1270290766,0,18481460,0,0,0,0,0
1785914893876|1005|stream64_r2f_2|fixed|106,1378943233,16781056,31280888,30849243,354893,0,354893,0,7532,0,3766,0,0,0,29471,29471,24060712,0,4096,0,0,0,3766,0,3741616464,0,3741616472,0,0,0,0,0,0,0,0,0,4096,256,131072,4,15|4,0,67108864,262144,256,0,0,0,0,452,0,440,0,113,110,0,1,452,0|124,216442595,4,0,0,28835840,0,28835840,0,88864,0,0,110,0,0,0,0,0,0,0,7057286,0,0,0,0,0
1785914893876|1005|stream64_r2f_2|rotating|106,1378943233,33558272,31352955,30919812,30997216,30919812,30997216,30919812,29651,29541,29539,29539,0,0,3775,0,911809544,910000136,4096,4096,0,0,29539,29539,3724652243,3724652592,3724652251,3724652600,0,0,0,0,0,0,0,0,4096,256,131072,4,15|4,0,67108864,262144,256,0,0,0,0,456,0,444,0,114,111,0,1,456,0|124,3780350555,3,29153312,0,0,0,0,0,30959879,0,111,0,1600722799,0,1600722799,0,2080,1586861164,0,21343414,0,0,0,0,0
1785914898891|1005|stream64_r2f_2|fixed|108,1378943233,16781056,37566811,37046726,426227,0,426227,0,9046,0,4523,0,0,0,35391,35391,28897168,0,4096,0,0,0,4523,0,4062414143,0,4062414151,0,0,0,0,0,0,0,0,0,4096,256,131072,4,15|4,0,67108864,262144,256,0,0,0,0,544,0,532,0,136,133,0,1,544,0|126,537564972,4,0,0,34865152,0,34865152,0,106698,0,0,133,0,0,0,0,0,0,0,7099258,0,0,0,0,0
1785914898891|1005|stream64_r2f_2|rotating|108,1378943233,33554687,37640999,37120086,37213923,37120086,37213923,37120086,35596,35464,35461,35461,0,0,4532,0,1094626907,1092457736,4096,4096,0,0,35462,35462,4045580622,4045580667,4045580630,4045580643,0,0,0,0,0,0,0,0,4096,256,131072,4,15|4,0,67108864,262144,256,0,0,0,0,544,0,532,0,136,133,0,1,544,0|126,4101144446,3,34983712,0,0,0,0,0,37158337,0,133,0,1920059090,0,1920059090,0,2080,1904489903,0,24202030,0,0,0,0,0
1785914903903|1005|stream64_r2f_2|fixed|110,1378943233,16781056,43854431,43247362,497564,0,497564,0,10560,0,5280,0,0,0,41314,41314,33733640,0,4096,0,0,0,5280,0,88438951,0,88438959,0,0,0,0,0,0,0,0,0,4096,256,131072,4,15|4,0,67108864,262144,256,0,0,0,0,632,0,620,0,158,155,0,1,632,0|128,858537964,4,0,0,40632320,0,40632320,0,124532,0,0,155,0,0,0,0,0,0,0,7146103,0,0,0,0,0
1785914903903|1005|stream64_r2f_2|rotating|110,1378943233,33558272,43945045,43336854,43446443,43336854,43446443,43336854,41556,41402,41400,41400,0,0,5291,0,1277935144,1275407864,4096,4096,0,0,41400,41400,72371427,72371744,72371435,72371760,0,0,0,0,0,0,0,0,4096,256,131072,4,15|4,0,67108864,262144,256,0,0,0,0,632,0,620,0,158,155,0,1,632,0|128,127937387,4,40837824,0,0,0,0,0,43374441,0,155,0,2240355799,0,2240355799,0,2080,2223087900,0,27056897,0,0,0,0,0
1785914908912|1005|stream64_r2f_2|fixed|112,1378943233,16781056,50132960,49438171,568807,0,568807,0,12072,0,6036,0,0,0,47228,47228,38563672,0,4096,0,0,0,6036,0,409003523,0,409003531,0,0,0,0,0,0,0,0,0,4096,256,131072,4,15|4,0,67108864,262144,256,0,0,0,0,720,0,708,0,180,177,0,1,720,0|130,1178952350,4,0,0,46399488,0,46399488,0,142343,0,0,177,0,0,0,0,0,0,0,7199659,0,0,0,0,0
1785914908912|1005|stream64_r2f_2|rotating|112,1378943233,33554687,50207844,49512057,49638190,49512057,49638190,49512057,47477,47301,47298,47298,0,0,6045,0,1460011040,1457123424,4096,4096,0,0,47299,47299,392008033,392008030,392008025,392008006,0,0,0,0,0,0,0,0,4096,256,131072,4,15|4,0,67108864,262144,256,0,0,0,0,720,0,708,0,180,177,0,1,720,0|130,447599207,4,46652416,0,0,0,0,0,49550633,0,177,0,2558563971,0,2558563971,0,2054,2539586633,0,29914006,0,0,0,0,0
1785914913920|1005|stream64_r2f_2|fixed|114,1378943233,16781056,56413600,55630512,640049,0,640049,0,13584,0,6792,0,0,0,53143,53143,43393648,0,4096,0,0,0,6792,0,729569980,0,729569988,0,0,0,0,0,0,0,0,0,4096,256,131072,4,15|5,0,67108864,262144,256,0,0,0,0,812,0,800,0,203,200,0,1,812,0|132,1500363903,4,0,0,52428800,0,52428800,0,160223,0,0,200,0,0,0,0,0,0,0,7239408,0,0,0,0,0
1785914913920|1005|stream64_r2f_2|rotating|114,1378943233,33558272,56505481,55720714,55864398,55720714,55864398,55720714,53431,53232,53230,53230,0,0,6803,0,1643103248,1639840736,4096,4096,0,0,53230,53230,713521280,713521621,713521296,713521629,0,0,0,0,0,0,0,0,4096,256,131072,4,15|4,0,67108864,262144,256,0,0,0,0,812,0,800,0,203,200,0,1,812,0|132,769860201,4,52515744,0,0,0,0,0,55774400,0,200,0,2879359133,0,2879359133,0,2080,2858545420,0,32903936,0,0,0,0,0
1785914918922|1005|stream64_r2f_2|fixed|116,1378943233,16781056,62701196,61829956,711383,0,711383,0,15098,0,7549,0,0,0,59066,59066,48230104,0,4096,0,0,0,7549,0,1050363988,0,1050363996,0,0,0,0,0,0,0,0,0,4096,256,131072,4,15|4,0,67108864,262144,256,0,0,0,0,900,0,888,0,225,222,0,1,900,0|134,1820775719,4,0,0,58195968,0,58195968,0,178010,0,0,222,0,0,0,0,0,0,0,7287656,0,0,0,0,0
1785914918922|1005|stream64_r2f_2|rotating|116,1378943233,33557555,62797984,61925815,62085470,61925815,62085470,61925815,59382,59160,59158,59158,0,0,7561,0,1826087688,1822467467,4096,4096,0,0,59159,59159,1034745077,1034745082,1034745085,1034745090,0,0,0,0,0,0,0,0,4096,256,131072,4,15|4,0,67108864,262144,256,0,0,0,0,900,0,888,0,225,222,0,1,900,0|134,1090303835,4,58338240,0,0,0,0,0,61964644,0,222,0,3198347143,0,3198347143,0,2080,3175829793,0,35756940,0,0,0,0,0
1785914923928|1005|stream64_r2f_2|fixed|118,1378943233,16781056,68963414,68007382,782436,0,782436,0,16606,0,8303,0,0,0,64966,64966,53047384,0,4096,0,0,0,8303,0,1370066431,0,1370066439,0,0,0,0,0,0,0,0,0,4096,256,131072,4,15|4,0,67108864,262144,256,0,0,0,0,988,0,976,0,247,244,0,1,988,0|136,2140505162,4,0,0,63963136,0,63963136,0,195774,0,0,244,0,0,0,0,0,0,0,7327878,0,0,0,0,0
1785914923928|1005|stream64_r2f_2|rotating|118,1378943233,33554687,69053690,68096572,68270215,68096572,68270215,68096572,65297,65054,65051,65051,0,0,8314,0,2008010692,2004032840,4096,4096,0,0,65052,65052,1354096670,1354096675,1354096678,1354096651,0,0,0,0,0,0,0,0,4096,256,131072,4,15|4,0,67108864,262144,256,0,0,0,0,988,0,976,0,247,244,0,1,988,0|136,1409464558,4,64144928,0,0,0,0,0,68130629,0,244,0,3516056194,0,3516056194,0,2080,3491830309,0,38611448,0,0,0,0,0
1785914932451|1006|stream64_r2f_3|fixed|122,1378943233,16781056,6141856,6056828,69549,0,69549,0,1476,0,738,0,0,0,5786,5786,4715016,0,4096,0,0,0,738,0,1915564167,0,1915564183,0,0,0,0,0,0,0,0,0,4096,256,131072,4,15|4,0,67108864,262144,256,0,0,0,0,96,0,84,0,24,21,0,1,96,0|144,2684593882,4,0,0,5505024,0,5505024,0,17481,0,0,21,0,0,0,0,0,0,0,6896931,0,0,0,0,0
1785914932451|1006|stream64_r2f_3|rotating|122,1378943233,33554687,6209644,6123980,6139344,6123980,6139344,6123980,5872,5850,5849,5849,0,0,746,0,180574200,180230240,4096,4096,0,0,5850,5850,1898529189,1898529154,1898529165,1898529162,0,0,0,0,0,0,0,0,4096,256,131072,4,15|4,0,67108864,262144,256,0,0,0,0,100,0,88,0,25,22,0,1,100,0|144,1955696852,4,5830400,0,0,0,0,0,6190268,0,22,0,324160125,0,324160125,0,2080,317266597,0,9775404,0,0,0,0,0
1785914937462|1006|stream64_r2f_3|fixed|124,1378943233,16781056,12424207,12251971,140882,0,140882,0,2990,0,1495,0,0,0,11703,11703,9551456,0,4096,0,0,0,1495,0,2236560675,0,2236560683,0,0,0,0,0,0,0,0,0,4096,256,131072,4,15|4,0,67108864,262144,256,0,0,0,0,188,0,176,0,47,44,0,1,188,0|146,3007317240,4,0,0,11534336,0,11534336,0,35409,0,0,44,0,0,0,0,0,0,0,6937394,0,0,0,0,0
1785914937462|1006|stream64_r2f_3|rotating|124,1378943233,33554687,12522106,12348059,12380091,12348059,12380091,12348059,11841,11796,11795,11795,0,0,1507,0,364092824,363375640,4096,4096,0,0,11796,11796,2220804132,2220804129,2220804100,2220804113,0,0,0,0,0,0,0,0,4096,256,131072,4,15|4,0,67108864,262144,256,0,0,0,0,188,0,176,0,47,44,0,1,188,0|146,2277808429,4,11692416,0,0,0,0,0,12414416,0,44,0,644806198,0,644806198,0,2080,636211268,0,12634658,0,0,0,0,0
1785914942464|1006|stream64_r2f_3|fixed|126,1378943233,16781056,18684980,18426385,212030,0,212030,0,4500,0,2250,0,0,0,17604,17604,14375120,0,4096,0,0,0,2250,0,2556501784,0,2556501792,0,0,0,0,0,0,0,0,0,4096,256,131072,4,15|4,0,67108864,262144,256,0,0,0,0,276,0,264,0,69,66,0,1,276,0|148,3326209379,4,0,0,17301504,0,17301504,0,53149,0,0,66,0,0,0,0,0,0,0,6985966,0,0,0,0,0
1785914942464|1006|stream64_r2f_3|rotating|126,1378943233,33554687,18759045,18499685,18546260,18499685,18546260,18499685,17742,17675,17674,17674,0,0,2258,0,545580084,544502528,4096,4096,0,0,17675,17675,2539402854,2539402859,2539402862,2539402827,0,0,0,0,0,0,0,0,4096,256,131072,4,15|4,0,67108864,262144,256,0,0,0,0,276,0,264,0,69,66,0,1,276,0|148,2594959390,4,17459584,0,0,0,0,0,18537444,0,66,0,960515367,0,960515367,0,2080,950197539,0,15495044,0,0,0,0,0
1785914947468|1006|stream64_r2f_3|fixed|128,1378943233,16781056,24962807,24617643,283178,0,283178,0,6010,0,3005,0,0,0,23519,23519,19198776,0,4096,0,0,0,3005,0,2876628921,0,2876628929,0,0,0,0,0,0,0,0,0,4096,256,131072,4,15|4,0,67108864,262144,256,0,0,0,0,364,0,352,0,91,88,0,1,364,0|150,3646663463,4,0,0,23068672,0,23068672,0,70936,0,0,88,0,0,0,0,0,0,0,7025517,0,0,0,0,0
1785914947468|1006|stream64_r2f_3|rotating|128,1378943233,33554687,25045061,24699078,24760937,24699078,24760937,24699078,23686,23597,23596,23596,0,0,3015,0,728379798,726944632,4096,4096,0,0,23597,23597,2860281223,2860281252,2860281231,2860281204,0,0,0,0,0,0,0,0,4096,256,131072,4,15|4,0,67108864,262144,256,0,0,0,0,364,0,352,0,91,88,0,1,364,0|150,2916356395,4,23305792,0,0,0,0,0,24746690,0,88,0,1280450820,0,1280450820,0,2080,1268437997,0,18344497,0,0,0,0,0
1785914952475|1006|stream64_r2f_3|fixed|130,1378943233,16781056,31237933,30805876,354422,0,354422,0,7522,0,3761,0,0,0,29430,29430,24028808,0,4096,0,0,0,3761,0,3197186100,0,3197186108,0,0,0,0,0,0,0,0,0,4096,256,131072,4,15|4,0,67108864,262144,256,0,0,0,0,452,0,440,0,113,110,0,1,452,0|152,3967137282,4,0,0,28835840,0,28835840,0,88746,0,0,110,0,0,0,0,0,0,0,7076051,0,0,0,0,0
1785914952475|1006|stream64_r2f_3|rotating|130,1378943233,33554687,31312598,30879700,30957330,30879700,30957330,30879700,29612,29501,29500,29500,0,0,3770,0,910618772,908823935,4096,4096,0,0,29501,29501,3180186529,3180186534,3180186537,3180186542,0,0,0,0,0,0,0,0,4096,256,131072,4,15|4,0,67108864,262144,256,0,0,0,0,456,0,444,0,114,111,0,1,456,0|152,3235609467,4,29105888,0,0,0,0,0,30911814,0,111,0,1598253868,0,1598253868,0,2080,1584401073,0,21324448,0,0,0,0,0
1785914957490|1006|stream64_r2f_3|fixed|132,1378943233,16781056,37530539,37010290,425756,0,425756,0,9036,0,4518,0,0,0,35357,35357,28865216,0,4096,0,0,0,4518,0,3518183344,0,3518183352,0,0,0,0,0,0,0,0,0,4096,256,131072,4,15|5,0,67108864,262144,256,0,0,0,0,544,0,532,0,136,133,0,1,544,0|154,4288394901,4,0,0,34865152,0,34865152,0,106603,0,0,133,0,0,0,0,0,0,0,7118846,0,0,0,0,0
1785914957490|1006|stream64_r2f_3|rotating|132,1378943233,33558272,37609263,37087366,37182565,37087366,37182565,37087366,35565,35431,35431,35431,0,0,4528,0,1093686624,1091514248,4096,4096,0,0,35431,35431,3501651489,3501651830,3501651497,3501651838,0,0,0,0,0,0,0,0,4096,256,131072,4,15|4,0,67108864,262144,256,0,0,0,0,544,0,532,0,136,133,0,1,544,0|154,3557106401,4,34952096,0,0,0,0,0,37123619,0,133,0,1918289250,0,1918289250,0,2080,1902730594,0,24184767,0,0,0,0,0
1785914962494|1006|stream64_r2f_3|fixed|134,1378943233,16781056,43802472,43194331,496998,0,496998,0,10548,0,5274,0,0,0,41265,41265,33695264,0,4096,0,0,0,5274,0,3838550552,0,3838550560,0,0,0,0,0,0,0,0,0,4096,256,131072,4,15|4,0,67108864,262144,256,0,0,0,0,632,0,620,0,158,155,0,1,632,0|156,313265863,5,0,0,40632320,0,40632320,0,124367,0,0,155,0,0,0,0,0,0,0,7164974,0,0,0,0,0
1785914962494|1006|stream64_r2f_3|rotating|134,1378943233,33554687,43883768,43274710,43385922,43274710,43385922,43274710,41498,41342,41341,41341,0,0,5283,0,1276130341,1273600616,4096,4096,0,0,41342,41342,3821931486,3821931499,3821931494,3821931475,0,0,0,0,0,0,0,0,4096,256,131072,4,15|4,0,67108864,262144,256,0,0,0,0,632,0,620,0,158,155,0,1,632,0|156,3877993290,4,40790400,0,0,0,0,0,43322910,0,155,0,2237716563,0,2237716563,0,2080,2220454341,0,27041094,0,0,0,0,0
1785914967499|1006|stream64_r2f_3|fixed|136,1378943233,16781056,50081854,49385349,568241,0,568241,0,12060,0,6030,0,0,0,47178,47178,38525336,0,4096,0,0,0,6030,0,4159115965,0,4159115973,0,0,0,0,0,0,0,0,0,4096,256,131072,4,15|4,0,67108864,262144,256,0,0,0,0,720,0,708,0,180,177,0,1,720,0|158,633684254,5,0,0,46399488,0,46399488,0,142178,0,0,177,0,0,0,0,0,0,0,7209425,0,0,0,0,0
1785914967499|1006|stream64_r2f_3|rotating|136,1378943233,33558272,50147811,49450598,49578909,49450598,49578909,49450598,47419,47241,47241,47241,0,0,6037,0,1458236264,1455347688,4096,4096,0,0,47241,47241,4141599006,4141599363,4141599022,4141599371,0,0,0,0,0,0,0,0,4096,256,131072,4,15|4,0,67108864,262144,256,0,0,0,0,720,0,708,0,180,177,0,1,720,0|158,4197858265,4,46608516,0,0,0,0,0,49503072,0,177,0,2556127009,0,2556127009,0,2080,2537155078,0,29899075,0,0,0,0,0
1785914972514|1006|stream64_r2f_3|fixed|138,1378943233,16781056,56365544,55580854,639484,0,639484,0,13572,0,6786,0,0,0,53097,53097,43355368,0,4096,0,0,0,6786,0,184709261,0,184709277,0,0,0,0,0,0,0,0,0,4096,256,131072,4,15|4,0,67108864,262144,256,0,0,0,0,808,0,796,0,202,199,0,1,808,0|160,954751558,5,0,0,52166656,0,52166656,0,160012,0,0,199,0,0,0,0,0,0,0,7261090,0,0,0,0,0
1785914972514|1006|stream64_r2f_3|rotating|138,1378943233,33558272,56443017,55657462,55802687,55657462,55802687,55657462,53370,53170,53170,53170,0,0,6795,0,1641253760,1638006456,4096,4096,0,0,53170,53170,167890794,167891127,167890802,167891135,0,0,0,0,0,0,0,0,4096,256,131072,4,15|4,0,67108864,262144,256,0,0,0,0,812,0,800,0,203,200,0,1,812,0|160,224706210,5,52460416,0,0,0,0,0,55718046,0,200,0,2876479275,0,2876479275,0,2080,2855676946,0,32880729,0,0,0,0,0
1785914977515|1006|stream64_r2f_3|fixed|140,1378943233,16781056,62635567,61764130,710630,0,710630,0,15082,0,7541,0,0,0,59004,59004,48178960,0,4096,0,0,0,7541,0,504836962,0,504836970,0,0,0,0,0,0,0,0,0,4096,256,131072,4,15|4,0,67108864,262144,256,0,0,0,0,896,0,884,0,224,221,0,1,900,0|162,1274714475,5,0,0,58195968,0,58195968,0,177822,0,0,222,0,0,0,0,0,0,0,7311821,0,0,0,0,0
1785914977515|1006|stream64_r2f_3|rotating|140,1378943233,33558272,62706671,61833858,61995194,61833858,61995194,61833858,59294,59071,59071,59071,0,0,7550,0,1823405888,1819783600,4096,4096,0,0,59071,59071,487766012,487766329,487766020,487766337,0,0,0,0,0,0,0,0,4096,256,131072,4,15|4,0,67108864,262144,256,0,0,0,0,900,0,888,0,225,222,0,1,900,0|162,543308205,5,58251296,0,0,0,0,0,61872662,0,222,0,3193633550,0,3193633550,0,2080,3171123993,0,35730536,0,0,0,0,0
1785914982525|1006|stream64_r2f_3|fixed|142,1378943233,16781056,68918034,67961054,781965,0,781965,0,16596,0,8298,0,0,0,64922,64922,53015416,0,4096,0,0,0,8298,0,825636829,0,825636837,0,0,0,0,0,0,0,0,0,4096,256,131072,4,15|4,0,67108864,262144,256,0,0,0,0,988,0,976,0,247,244,0,1,988,0|164,1595230288,5,0,0,63963136,0,63963136,0,195609,0,0,244,0,0,0,0,0,0,0,7355792,0,0,0,0,0
1785914982525|1006|stream64_r2f_3|rotating|142,1378943233,33554687,68994561,68036710,68211746,68036710,68211746,68036710,65241,64996,64995,64995,0,0,8307,0,2006266922,2002286045,4096,4096,0,0,64996,64996,808783782,808783779,808783790,808783787,0,0,0,0,0,0,0,0,4096,256,131072,4,15|4,0,67108864,262144,256,0,0,0,0,988,0,976,0,247,244,0,1,988,0|164,864749614,5,64097504,0,0,0,0,0,68083119,0,244,0,3513613407,0,3513613407,0,2080,3489396835,0,38592009,0,0,0,0,0
1785914990929|1007|stream_lane2_unavailable|fixed|146,1378943233,16781056,5985926,5933533,5934772,5933533,5934772,5933533,5672,5655,5656,5655,0,0,542,0,174589472,174557616,4096,4096,0,0,5656,5655,1363725489,1363720173,1363725505,1363720181,0,0,0,0,0,0,0,0,4096,256,131072,4,15|4,0,67108864,262144,256,0,0,0,0,76,0,64,0,19,16,0,1,76,0|172,2133345461,5,4225920,0,0,0,0,0,4481806,0,16,0,320384369,0,320384369,0,2080,313948897,0,9000307,0,0,0,0,0
1785914990929|1007|stream_lane2_unavailable|rotating|146,1378943233,33558272,6047614,5995641,51723,0,51723,0,1096,0,548,0,0,0,5714,5714,3501128,0,4096,0,0,0,548,0,1345804731,0,1345804739,0,0,0,0,0,0,0,0,0,4096,256,131072,4,15|4,0,67108864,262144,256,0,0,0,0,76,0,64,0,19,16,0,1,76,0|172,1401767373,5,0,0,4194304,0,4194304,0,13003,0,0,16,0,0,0,0,0,0,0,6881299,0,0,0,0,0
1785914995938|1007|stream_lane2_unavailable|fixed|148,1378943233,16778427,12097526,11994151,11993986,11994151,11993986,11994151,11464,11431,11429,11429,0,0,1097,0,352803782,352799220,4096,4096,0,0,11430,11430,1684296417,1684296435,1684296425,1684296443,0,0,0,0,0,0,0,0,4096,256,131072,4,15|4,0,67108864,262144,256,0,0,0,0,140,0,128,0,35,32,0,1,140,0|174,2453612089,5,8499264,0,0,0,0,0,9021887,0,32,0,639582661,0,639582661,0,2080,631907529,0,11084201,0,0,0,0,0
1785914995938|1007|stream_lane2_unavailable|rotating|148,1378943233,33558272,12161649,12057835,104108,0,104108,0,2206,0,1103,0,0,0,11490,11490,7047000,0,4096,0,0,0,1103,0,1666644147,0,1666644155,0,0,0,0,0,0,0,0,0,4096,256,131072,4,15|4,0,67108864,262144,256,0,0,0,0,140,0,128,0,35,32,0,1,140,0|174,1722266873,5,0,0,8388608,0,8388608,0,26098,0,0,32,0,0,0,0,0,0,0,6915422,0,0,0,0,0
1785915000953|1007|stream_lane2_unavailable|fixed|150,1378943233,16778427,18219995,18063869,18064071,18063869,18064071,18063869,17264,17214,17213,17212,0,0,1652,0,531346756,531319055,4096,4096,0,0,17214,17213,2005251754,2005251719,2005251762,2005251727,0,0,0,0,0,0,0,0,4096,256,131072,4,15|4,0,67108864,262144,256,0,0,0,0,204,0,192,0,51,48,0,1,204,0|176,2773798485,5,12772608,0,0,0,0,0,13560292,0,48,0,958700721,0,958700721,0,2080,949789161,0,13164863,0,0,0,0,0
1785915000953|1007|stream_lane2_unavailable|rotating|150,1378943233,33558272,18269151,18113427,156395,0,156395,0,3314,0,1657,0,0,0,17260,17260,10586440,0,4096,0,0,0,1657,0,1986894202,0,1986894210,0,0,0,0,0,0,0,0,0,4096,256,131072,4,15|4,0,67108864,262144,256,0,0,0,0,204,0,192,0,51,48,0,1,204,0|176,2042493894,5,0,0,12582912,0,12582912,0,39168,0,0,48,0,0,0,0,0,0,0,6946513,0,0,0,0,0
1785915005961|1007|stream_lane2_unavailable|fixed|152,1378943233,16779144,24326992,24119903,24118691,24119903,24118691,24119903,23054,22989,22988,22988,0,0,2207,0,709594440,709593040,4096,4096,0,0,22988,22988,2325724892,2325725444,2325724900,2325725452,0,0,0,0,0,0,0,0,4096,256,131072,4,15|4,0,67108864,262144,256,0,0,0,0,272,0,260,0,68,65,0,1,272,0|178,3095266452,5,17055168,0,0,0,0,0,18111587,0,65,0,1279098048,0,1279098048,0,2080,1268819495,0,15373490,0,0,0,0,0
1785915005961|1007|stream_lane2_unavailable|rotating|152,1378943233,33558272,24418014,24209879,209059,0,209059,0,4430,0,2215,0,0,0,23074,23073,14151504,0,4096,0,0,0,2215,0,2309142332,0,2309142340,0,0,0,0,0,0,0,0,0,4096,256,131072,4,15|4,0,67108864,262144,256,0,0,0,0,272,0,260,0,68,65,0,1,272,0|178,2366363149,5,0,0,17039360,0,17039360,0,52406,0,0,65,0,0,0,0,0,0,0,6975689,0,0,0,0,0
1785915010975|1007|stream_lane2_unavailable|fixed|154,1378943233,16780817,30442217,30181591,30181531,30181591,30181531,30181591,28849,28767,28766,28765,0,0,2762,0,887948486,887915560,4096,4096,0,0,28766,28765,2646478699,2646473336,2646478707,2646473344,0,0,0,0,0,0,0,0,4096,256,131072,4,15|4,0,67108864,262144,256,0,0,0,0,336,0,324,0,84,81,0,1,336,0|180,3416052499,5,21336416,0,0,0,0,0,22658015,0,81,0,1598813783,0,1598813783,0,2080,1587303161,0,17451490,0,0,0,0,0
1785915010975|1007|stream_lane2_unavailable|rotating|154,1378943233,33558272,30514898,30254660,261349,0,261349,0,5538,0,2769,0,0,0,28834,28834,17690976,0,4096,0,0,0,2769,0,2629389705,0,2629389713,0,0,0,0,0,0,0,0,0,4096,256,131072,4,15|4,0,67108864,262144,256,0,0,0,0,336,0,324,0,84,81,0,1,336,0|180,2685016600,5,0,0,21233664,0,21233664,0,65408,0,0,81,0,0,0,0,0,0,0,7010107,0,0,0,0,0
1785915015987|1007|stream_lane2_unavailable|fixed|156,1378943233,16778427,36561614,36250455,36248543,36250455,36248543,36250455,34646,34550,34546,34546,0,0,3317,0,1066388019,1066385192,4096,4096,0,0,34547,34547,2967308392,2967308418,2967308408,2967308402,0,0,0,0,0,0,0,0,4096,256,131072,4,15|4,0,67108864,262144,256,0,0,0,0,400,0,388,0,100,97,0,1,400,0|182,3738009373,5,25633472,0,0,0,0,0,27222402,0,97,0,1919696393,0,1919696393,0,2067,1906954738,0,19531848,0,0,0,0,0
1785915015987|1007|stream_lane2_unavailable|rotating|156,1378943233,33558272,36651435,36339275,313823,0,313823,0,6650,0,3325,0,0,0,34631,34631,21243184,0,4096,0,0,0,3325,0,2950815983,0,2950815991,0,0,0,0,0,0,0,0,0,4096,256,131072,4,15|4,0,67108864,262144,256,0,0,0,0,400,0,388,0,100,97,0,1,400,0|182,3006631611,5,0,0,25427968,0,25427968,0,78526,0,0,97,0,0,0,0,0,0,0,7042859,0,0,0,0,0
1785915020994|1007|stream_lane2_unavailable|fixed|158,1378943233,16778427,42673755,42308421,42308401,42308421,42308401,42308421,40437,40324,40321,40320,0,0,3871,0,1244631895,1244600291,4096,4096,0,0,40322,40321,3287752131,3287752135,3287752139,3287752143,0,0,0,0,0,0,0,0,4096,256,131072,4,15|4,0,67108864,262144,256,0,0,0,0,468,0,456,0,117,114,0,1,468,0|184,4057591711,5,29900224,0,0,0,0,0,31749763,0,114,0,2238212043,0,2238212043,0,2080,2224094410,0,21746066,0,0,0,0,0
1785915020994|1007|stream_lane2_unavailable|rotating|158,1378943233,33558033,42744470,42379482,366110,0,366110,0,7758,0,3879,0,0,0,40388,40388,24781102,0,4096,0,0,0,3879,0,3270716651,0,3270716659,0,0,0,0,0,0,0,0,0,4096,256,131072,4,15|4,0,67108864,262144,256,0,0,0,0,468,0,456,0,117,114,0,1,468,0|184,3326352591,5,0,0,29884416,0,29884416,0,91598,0,0,114,0,0,0,0,0,0,0,7080978,0,0,0,0,0
1785915026001|1007|stream_lane2_unavailable|fixed|160,1378943233,16778427,48787606,48370233,48369774,48370233,48369774,48370233,46228,46099,46095,46095,0,0,4427,0,1422885229,1422881149,4096,4096,0,0,46096,46096,3608374130,3608374130,3608374138,3608374138,0,0,0,0,0,0,0,0,4096,256,131072,4,15|4,0,67108864,262144,256,0,0,0,0,532,0,520,0,133,130,0,1,532,0|186,82953834,6,34173568,0,0,0,0,0,36290834,0,130,0,2557473126,0,2557473126,0,2080,2542115846,0,23829947,0,0,0,0,0
1785915026001|1007|stream_lane2_unavailable|rotating|160,1378943233,33558272,48853447,48435519,418307,0,418307,0,8864,0,4432,0,0,0,46158,46158,28315808,0,4096,0,0,0,4432,0,3590383766,0,3590383774,0,0,0,0,0,0,0,0,0,4096,256,131072,4,15|4,0,67108864,262144,256,0,0,0,0,532,0,520,0,133,130,0,1,532,0|186,3646553993,5,0,0,34078720,0,34078720,0,104671,0,0,130,0,0,0,0,0,0,0,7117249,0,0,0,0,0
1785915031002|1007|stream_lane2_unavailable|fixed|162,1378943233,16778427,54888656,54419844,54418628,54419844,54418628,54419844,52009,51864,51860,51860,0,0,4980,0,1600823209,1600816104,4096,4096,0,0,51861,51861,3928279311,3928279330,3928279319,3928279298,0,0,0,0,0,0,0,0,4096,256,131072,4,15|4,0,67108864,262144,256,0,0,0,0,596,0,584,0,149,146,0,1,596,0|188,402901811,6,38439008,0,0,0,0,0,40825883,0,146,0,2876354743,0,2876354743,0,2080,2859760854,0,25909093,0,0,0,0,0
1785915031002|1007|stream_lane2_unavailable|rotating|162,1378943233,33558272,54961698,54492046,470596,0,470596,0,9972,0,4986,0,0,0,51929,51929,31855256,0,4096,0,0,0,4986,0,3910632331,0,3910632339,0,0,0,0,0,0,0,0,0,4096,256,131072,4,15|4,0,67108864,262144,256,0,0,0,0,596,0,584,0,149,146,0,1,596,0|188,3966598232,5,0,0,38273024,0,38273024,0,117742,0,0,146,0,0,0,0,0,0,0,7145839,0,0,0,0,0
1785915036013|1007|stream_lane2_unavailable|fixed|164,1378943233,16778427,61009587,60487565,60487179,60487565,60487179,60487565,57807,57646,57642,57642,0,0,5535,0,1779302889,1779295374,4096,4096,0,0,57643,57643,4249170127,4249170098,4249170135,4249170114,0,0,0,0,0,0,0,0,4096,256,131072,4,15|4,0,67108864,262144,256,0,0,0,0,660,0,648,0,165,162,0,1,660,0|190,723789910,6,42720256,0,0,0,0,0,45374426,0,162,0,3196172530,0,3196172530,0,2080,3178342766,0,27990899,0,0,0,0,0
1785915036013|1007|stream_lane2_unavailable|rotating|164,1378943233,33558272,61072756,60550213,523067,0,523067,0,11084,0,5542,0,0,0,57702,57702,35407512,0,4096,0,0,0,5542,0,4231576765,0,4231576773,0,0,0,0,0,0,0,0,0,4096,256,131072,4,15|4,0,67108864,262144,256,0,0,0,0,664,0,652,0,166,163,0,1,664,0|190,4287349158,5,0,0,42729472,0,42729472,0,130837,0,0,163,0,0,0,0,0,0,0,7184463,0,0,0,0,0
1785915041015|1007|stream_lane2_unavailable|fixed|166,1378943233,16778427,67110749,66536612,66536054,66536612,66536054,66536612,63587,63409,63405,63405,0,0,6089,0,1957209308,1957202392,4096,4096,0,0,63406,63406,274176306,274176318,274176314,274176326,0,0,0,0,0,0,0,0,4096,256,131072,4,15|4,0,67108864,262144,256,0,0,0,0,728,0,716,0,182,179,0,1,728,0|192,1043990812,6,46994912,0,0,0,0,0,49911152,0,179,0,3515304768,0,3515304768,0,2080,3496101889,0,30203951,0,0,0,0,0
1785915041015|1007|stream_lane2_unavailable|rotating|166,1378943233,33558272,67183244,66608264,575358,0,575358,0,12192,0,6096,0,0,0,63474,63474,38947016,0,4096,0,0,0,6096,0,256992258,0,256992266,0,0,0,0,0,0,0,0,0,4096,256,131072,4,15|4,0,67108864,262144,256,0,0,0,0,728,0,716,0,182,179,0,1,728,0|192,313445163,6,0,0,46923776,0,46923776,0,143934,0,0,179,0,0,0,0,0,0,0,7215561,0,0,0,0,0
1785915046029|1007|stream_lane2_unavailable|fixed|168,1378943233,16781056,73234002,72606502,72606827,72606502,72606827,72606502,69388,69194,69191,69191,0,0,6645,0,2135786264,2135783600,4096,4096,0,0,69191,69191,595230125,595234904,595230133,595234912,0,0,0,0,0,0,0,0,4096,256,131072,4,15|4,0,67108864,262144,256,0,0,0,0,792,0,780,0,198,195,0,1,792,0|194,1364919462,6,51276160,0,0,0,0,0,54459808,0,195,0,3835163106,0,3835163106,0,2080,3814724419,0,32285690,0,0,0,0,0
1785915046029|1007|stream_lane2_unavailable|rotating|168,1378943233,33558272,73302968,72674806,627742,0,627742,0,13302,0,6651,0,0,0,69256,69256,42492848,0,4096,0,0,0,6651,0,577829536,0,577829544,0,0,0,0,0,0,0,0,0,4096,256,131072,4,15|4,0,67108864,262144,256,0,0,0,0,792,0,780,0,198,195,0,1,792,0|194,633997421,6,0,0,51118080,0,51118080,0,157029,0,0,195,0,0,0,0,0,0,0,7254901,0,0,0,0,0
1785915051042|1007|stream_lane2_unavailable|fixed|170,1378943233,16781056,79344815,78663263,78665353,78663263,78665353,78663263,75183,74973,74970,74970,0,0,7199,0,2314172240,2314168936,4096,4096,0,0,74970,74970,915915552,915916129,915915560,915916137,0,0,0,0,0,0,0,0,4096,256,131072,4,15|4,0,67108864,262144,256,0,0,0,0,860,0,848,0,215,212,0,1,860,0|196,1689349868,6,55606144,0,0,0,0,0,59051472,0,212,0,4158511016,0,4158511016,0,2080,4136714003,0,34495832,0,0,0,0,0
1785915051042|1007|stream_lane2_unavailable|rotating|170,1378943233,33558272,79493889,78810003,680782,0,680782,0,14426,0,7213,0,0,0,75111,75110,46083432,0,4096,0,0,0,7213,0,902432242,0,902432250,0,0,0,0,0,0,0,0,0,4096,256,131072,4,15|4,0,67108864,262144,256,0,0,0,0,860,0,848,0,215,212,0,1,860,0|196,958610771,6,0,0,55574528,0,55574528,0,170290,0,0,212,0,0,0,0,0,0,0,7299885,0,0,0,0,0
1785915056048|1007|stream_lane2_unavailable|fixed|172,1378943233,16778666,85450265,84715382,84718424,84715382,84718424,84715382,80973,80746,80743,80742,0,0,7754,0,2492372272,2492342612,4096,4096,0,0,80743,80743,1236404065,1236420943,1236404073,1236420951,0,0,0,0,0,0,0,0,4096,256,131072,4,15|4,0,67108864,262144,256,0,0,0,0,924,0,912,0,231,228,0,1,924,0|198,2006546224,6,59832064,0,0,0,0,0,63543170,0,228,0,179683596,1,179683596,1,2080,156637976,1,36578491,0,0,0,0,0
1785915056048|1007|stream_lane2_unavailable|rotating|172,1378943233,33558272,85537174,84802324,732599,0,732599,0,15524,0,7762,0,0,0,80825,80825,49590992,0,4096,0,0,0,7762,0,1219745099,0,1219745107,0,0,0,0,0,0,0,0,0,4096,256,131072,4,15|4,0,67108864,262144,256,0,0,0,0,924,0,912,0,231,228,0,1,924,0|198,1275711426,6,0,0,59768832,0,59768832,0,183244,0,0,228,0,0,0,0,0,0,0,7337713,0,0,0,0,0
1785915061057|1007|stream_lane2_unavailable|fixed|174,1378943233,16778427,91556862,90770459,90772635,90770459,90772635,90770459,86765,86521,86517,86517,0,0,8309,0,2670612119,2670609383,4096,4096,0,0,86518,86518,1556892733,1556892709,1556892741,1556892717,0,0,0,0,0,0,0,0,4096,256,131072,4,15|4,0,67108864,262144,256,0,0,0,0,988,0,976,0,247,244,0,1,988,0|200,2327225009,6,64113312,0,0,0,0,0,68084704,0,244,0,499292069,1,499292069,1,2080,475011237,1,38659634,0,0,0,0,0
1785915061057|1007|stream_lane2_unavailable|rotating|174,1378943233,33558272,91678035,90890797,785172,0,785172,0,16638,0,8319,0,0,0,86632,86632,53149592,0,4096,0,0,0,8319,0,1541758327,0,1541758335,0,0,0,0,0,0,0,0,0,4096,256,131072,4,15|4,0,67108864,262144,256,0,0,0,0,988,0,976,0,247,244,0,1,988,0|200,1599896930,6,0,0,63963136,0,63963136,0,196456,0,0,244,0,0,0,0,0,0,0,7366758,0,0,0,0,0
1785915070355|1008|stream_clean_after_lane2|fixed|178,1378943233,16781056,6138331,6053689,6068673,6053689,6068673,6053689,5805,5783,5783,5783,0,0,738,0,178510624,178165960,4096,4096,0,0,5783,5783,2152175886,2152176211,2152175894,2152176219,0,0,0,0,0,0,0,0,4096,256,131072,4,15|4,0,67108864,262144,256,0,0,0,0,96,0,84,0,24,21,0,1,96,0|208,2921670686,6,5750048,0,0,0,0,0,6099680,0,21,0,319396951,0,319396951,0,2080,312631379,0,9634649,0,0,0,0,0
1785915070355|1008|stream_clean_after_lane2|rotating|178,1378943233,33558272,6217579,6131298,70598,0,70598,0,1496,0,748,0,0,0,5857,5857,4778928,0,4096,0,0,0,748,0,2135001514,0,2135001522,0,0,0,0,0,0,0,0,0,4096,256,131072,4,15|4,0,67108864,262144,256,0,0,0,0,100,0,88,0,25,22,0,1,100,0|208,2191446034,6,0,0,5767168,0,5767168,0,17791,0,0,22,0,0,0,0,0,0,0,6899382,0,0,0,0,0
1785915075368|1008|stream_clean_after_lane2|fixed|180,1378943233,16781056,12424414,12252291,12283218,12252291,12283218,12252291,11748,11704,11704,11704,0,0,1496,0,361280176,360559856,4096,4096,0,0,11704,11704,2472984165,2472962730,2472984173,2472962746,0,0,0,0,0,0,0,0,4096,256,131072,4,15|4,0,67108864,262144,256,0,0,0,0,188,0,176,0,47,44,0,1,188,0|210,3243326669,6,11597568,0,0,0,0,0,12312687,0,44,0,639591054,0,639591054,0,2080,631014218,0,12596074,0,0,0,0,0
1785915075368|1008|stream_clean_after_lane2|rotating|180,1378943233,33558272,12526887,12353656,142333,0,142333,0,3016,0,1508,0,0,0,11800,11800,9634544,0,4096,0,0,0,1508,0,2457386302,0,2457386310,0,0,0,0,0,0,0,0,0,4096,256,131072,4,15|4,0,67108864,262144,256,0,0,0,0,188,0,176,0,47,44,0,1,188,0|210,2513250109,6,0,0,11534336,0,11534336,0,35701,0,0,44,0,0,0,0,0,0,0,6941437,0,0,0,0,0
1785915080371|1008|stream_clean_after_lane2|fixed|182,1378943233,16781056,18693526,18433288,18481070,18433288,18481070,18433288,17680,17613,17612,17612,0,0,2251,0,543648216,542568216,4096,4096,0,0,17612,17612,2793223766,2793224099,2793223774,2793224107,0,0,0,0,0,0,0,0,4096,256,131072,4,15|4,0,67108864,262144,256,0,0,0,0,276,0,264,0,69,66,0,1,276,0|212,3562955970,6,17412160,0,0,0,0,0,18484280,0,66,0,957766707,0,957766707,0,2080,947500192,0,15433423,0,0,0,0,0
1785915080371|1008|stream_clean_after_lane2|rotating|182,1378943233,33558272,18761466,18500447,213214,0,213214,0,4518,0,2259,0,0,0,17676,17676,14432616,0,4096,0,0,0,2259,0,2775782445,0,2775782453,0,0,0,0,0,0,0,0,0,4096,256,131072,4,15|4,0,67108864,262144,256,0,0,0,0,276,0,264,0,69,66,0,1,276,0|212,2831273898,6,0,0,17301504,0,17301504,0,53398,0,0,66,0,0,0,0,0,0,0,6989057,0,0,0,0,0
1785915085383|1008|stream_clean_after_lane2|fixed|184,1378943233,16777471,24975194,24628799,24691382,24628799,24691382,24628799,23620,23531,23529,23529,0,0,3007,0,726311660,724872951,4096,4096,0,0,23530,23530,3113866593,3113866582,3113866601,3113866590,0,0,0,0,0,0,0,0,4096,256,131072,4,15|4,0,67108864,262144,256,0,0,0,0,364,0,352,0,91,88,0,1,364,0|214,3883567819,6,23242560,0,0,0,0,0,24678630,0,88,0,1276920956,0,1276920956,0,2080,1264965516,0,18273412,0,0,0,0,0
1785915085383|1008|stream_clean_after_lane2|rotating|184,1378943233,33558272,25049774,24702665,284568,0,284568,0,6030,0,3015,0,0,0,23600,23600,19262648,0,4096,0,0,0,3015,0,3096330062,0,3096330070,0,0,0,0,0,0,0,0,0,4096,256,131072,4,15|4,0,67108864,262144,256,0,0,0,0,364,0,352,0,91,88,0,1,364,0|214,3152099379,6,0,0,23068672,0,23068672,0,71258,0,0,88,0,0,0,0,0,0,0,7032915,0,0,0,0,0
1785915090396|1008|stream_clean_after_lane2|fixed|186,1378943233,16777471,31264083,30831199,30908824,30831199,30908824,30831199,29566,29456,29454,29454,0,0,3764,0,909185610,907388045,4096,4096,0,0,29454,29454,3434847614,3434847955,3434847622,3434847963,0,0,0,0,0,0,0,0,4096,256,131072,4,15|4,0,67108864,262144,256,0,0,0,0,452,0,440,0,113,110,0,1,452,0|216,4204380757,6,29072960,0,0,0,0,0,30877467,0,110,0,1596276294,0,1596276294,0,2080,1582640342,0,21104988,0,0,0,0,0
1785915090396|1008|stream_clean_after_lane2|rotating|186,1378943233,33558033,31329776,30896181,355953,0,355953,0,7543,0,3771,0,0,0,29516,29516,24093619,0,4096,0,0,0,3772,0,3417297215,0,3417297223,0,0,0,0,0,0,0,0,0,4096,256,131072,4,15|5,0,67108864,262144,256,0,0,0,0,456,0,444,0,114,111,0,1,456,0|216,3472820006,6,0,0,29097984,0,29097984,0,89097,0,0,111,0,0,0,0,0,0,0,7078394,0,0,0,0,0
1785915095396|1008|stream_clean_after_lane2|fixed|188,1378943233,16777471,37535532,37015791,37109019,37015791,37109019,37015791,35495,35363,35361,35361,0,0,4519,0,1091521308,1089365487,4096,4096,0,0,35361,35361,3754901453,3754901786,3754901461,3754901794,0,0,0,0,0,0,0,0,4096,256,131072,4,15|4,0,67108864,262144,256,0,0,0,0,544,0,532,0,136,133,0,1,544,0|218,229914262,7,34904672,0,0,0,0,0,37067462,0,133,0,1915319167,0,1915319167,0,2075,1899871391,0,24063579,0,0,0,0,0
1785915095396|1008|stream_clean_after_lane2|rotating|188,1378943233,33558272,37631505,37110123,427649,0,427649,0,9062,0,4531,0,0,0,35451,35451,28948320,0,4096,0,0,0,4531,0,3738927433,0,3738927441,0,0,0,0,0,0,0,0,0,4096,256,131072,4,15|4,0,67108864,262144,256,0,0,0,0,544,0,532,0,136,133,0,1,544,0|218,3795234622,6,0,0,34865152,0,34865152,0,107054,0,0,133,0,0,0,0,0,0,0,7121215,0,0,0,0,0
1785915100397|1008|stream_clean_after_lane2|fixed|190,1378943233,16781056,43804731,43196790,43306957,43196790,43306957,43196790,41424,41269,41267,41267,0,0,5274,0,1273830408,1271298680,4096,4096,0,0,41267,41267,4075027908,4075028249,4075027916,4075028257,0,0,0,0,0,0,0,0,4096,256,131072,4,15|4,0,67108864,262144,256,0,0,0,0,632,0,620,0,158,155,0,1,632,0|220,549412354,7,40711360,0,0,0,0,0,43240007,0,155,0,2233365587,0,2233365587,0,2080,2216231653,0,26895710,0,0,0,0,0
1785915100397|1008|stream_clean_after_lane2|rotating|190,1378943233,33558272,43869712,43260919,498532,0,498532,0,10564,0,5282,0,0,0,41328,41328,33746408,0,4096,0,0,0,5282,0,4057318311,0,4057318319,0,0,0,0,0,0,0,0,0,4096,256,131072,4,15|4,0,67108864,262144,256,0,0,0,0,632,0,620,0,158,155,0,1,632,0|220,4113030510,6,0,0,40632320,0,40632320,0,124727,0,0,155,0,0,0,0,0,0,0,7163766,0,0,0,0,0
1785915105405|1008|stream_clean_after_lane2|fixed|192,1378943233,16777471,50080236,49386151,49511106,49386151,49511106,49386151,47358,47181,47178,47178,0,0,6030,0,1456300288,1453409720,4096,4096,0,0,47179,47179,100366836,100366833,100366812,100366801,0,0,0,0,0,0,0,0,4096,256,131072,4,15|4,0,67108864,262144,256,0,0,0,0,720,0,708,0,180,177,0,1,720,0|222,869951696,7,46541760,0,0,0,0,0,49433730,0,177,0,2552447329,0,2552447329,0,2080,2533628186,0,29731983,0,0,0,0,0
1785915105405|1008|stream_clean_after_lane2|rotating|192,1378943233,33558272,50154878,49459899,569885,0,569885,0,12076,0,6038,0,0,0,47248,47248,38576440,0,4096,0,0,0,6038,0,82894909,0,82894917,0,0,0,0,0,0,0,0,0,4096,256,131072,4,15|4,0,67108864,262144,256,0,0,0,0,720,0,708,0,180,177,0,1,720,0|222,138881368,7,0,0,46399488,0,46399488,0,142589,0,0,177,0,0,0,0,0,0,0,7210459,0,0,0,0,0
1785915110409|1008|stream_clean_after_lane2|fixed|194,1378943233,16777471,56354799,55573531,55714410,55573531,55714410,55573531,53290,53091,53088,53088,0,0,6785,0,1638728355,1635478480,4096,4096,0,0,53089,53089,420582950,420582963,420582958,420582955,0,0,0,0,0,0,0,0,4096,256,131072,4,15|4,0,67108864,262144,256,0,0,0,0,808,0,796,0,202,199,0,1,808,0|224,1190182485,7,52372160,0,0,0,0,0,55621542,0,199,0,2871220518,0,2871220518,0,2080,2850717869,0,32566553,0,0,0,0,0
1785915110409|1008|stream_clean_after_lane2|rotating|194,1378943233,33558272,56429748,55647587,641234,0,641234,0,13588,0,6794,0,0,0,53158,53158,43406432,0,4096,0,0,0,6794,0,403437132,0,403437140,0,0,0,0,0,0,0,0,0,4096,256,131072,4,15|4,0,67108864,262144,256,0,0,0,0,808,0,796,0,202,199,0,1,808,0|224,458897229,7,0,0,52166656,0,52166656,0,160402,0,0,199,0,0,0,0,0,0,0,7261543,0,0,0,0,0
1785915115416|1008|stream_clean_after_lane2|fixed|196,1378943233,16777471,62637844,61770354,61926105,61770354,61926105,61770354,59231,59010,59007,59007,0,0,7541,0,1821454881,1817845124,4096,4096,0,0,59008,59008,741310850,741310847,741310858,741310855,0,0,0,0,0,0,0,0,4096,256,131072,4,15|4,0,67108864,262144,256,0,0,0,0,900,0,888,0,225,222,0,1,900,0|226,1511568796,7,58211776,0,0,0,0,0,61827420,0,222,0,3191146925,0,3191146925,0,2080,3168828312,0,35530981,0,0,0,0,0
1785915115416|1008|stream_clean_after_lane2|rotating|196,1378943233,33558272,62736544,61867338,712966,0,712966,0,15108,0,7554,0,0,0,59100,59100,48262064,0,4096,0,0,0,7554,0,725501109,0,725501117,0,0,0,0,0,0,0,0,0,4096,256,131072,4,15|4,0,67108864,262144,256,0,0,0,0,900,0,888,0,225,222,0,1,900,0|226,781354630,7,0,0,58195968,0,58195968,0,178360,0,0,222,0,0,0,0,0,0,0,7304781,0,0,0,0,0
1785915120420|1008|stream_clean_after_lane2|fixed|198,1378943233,16777471,68909311,67954431,68126221,67954431,68126221,67954431,65161,64917,64915,64915,0,0,8297,0,2003795723,1999810046,4096,4096,0,0,64915,64915,1061494695,1061495036,1061494703,1061495044,0,0,0,0,0,0,0,0,4096,256,131072,4,15|4,0,67108864,262144,256,0,0,0,0,988,0,976,0,247,244,0,1,988,0|228,1831174970,7,64026368,0,0,0,0,0,68002867,0,244,0,3509299451,0,3509299451,0,2080,3485295509,0,38363980,0,0,0,0,0
1785915120420|1008|stream_clean_after_lane2|rotating|198,1378943233,33558272,68977065,68021354,783848,0,783848,0,16610,0,8305,0,0,0,64978,64978,53060184,0,4096,0,0,0,8305,0,1043892904,0,1043892912,0,0,0,0,0,0,0,0,0,4096,256,131072,4,15|4,0,67108864,262144,256,0,0,0,0,988,0,976,0,247,244,0,1,988,0|228,1099540467,7,0,0,63963136,0,63963136,0,196056,0,0,244,0,0,0,0,0,0,0,7351601,0,0,0,0,0
1785915128878|1009|stream_lane3_unavailable|fixed|202,1378943233,16781056,5977518,5926367,50981,0,50981,0,1082,0,541,0,0,0,5648,5648,3456400,0,4096,0,0,0,541,0,1602497048,0,1602497056,0,0,0,0,0,0,0,0,0,4096,256,131072,4,15|5,0,67108864,262144,256,0,0,0,0,76,0,64,0,19,16,0,1,76,0|236,2372522928,7,0,0,4194304,0,4194304,0,12863,0,0,16,0,0,0,0,0,0,0,6876710,0,0,0,0,0
1785915128878|1009|stream_lane3_unavailable|rotating|202,1378943233,33558272,6041171,5989407,5989529,5989407,5989529,5989407,5727,5708,5708,5708,0,0,548,0,176194488,176195344,4096,4096,0,0,5708,5708,1585417492,1585422303,1585417508,1585422311,0,0,0,0,0,0,0,0,4096,256,131072,4,15|4,0,67108864,262144,256,0,0,0,0,76,0,64,0,19,16,0,1,76,0|236,1640845419,7,4257536,0,0,0,0,0,4515119,0,16,0,322697044,0,322697044,0,2080,316268256,0,9000369,0,0,0,0,0
1785915133904|1009|stream_lane3_unavailable|fixed|204,1378943233,16781056,12108807,12003163,103472,0,103472,0,2196,0,1098,0,0,0,11438,11438,7015088,0,4096,0,0,0,1098,0,1924159580,0,1924159588,0,0,0,0,0,0,0,0,0,4096,256,131072,4,15|4,0,67108864,262144,256,0,0,0,0,140,0,128,0,35,32,0,1,140,0|238,2694036756,7,0,0,8388608,0,8388608,0,25962,0,0,32,0,0,0,0,0,0,0,6910486,0,0,0,0,0
1785915133904|1009|stream_lane3_unavailable|rotating|204,1378943233,33556599,12181850,12075739,12077813,12075739,12077813,12075739,11543,11508,11507,11507,0,0,1104,0,355217966,355216107,4096,4096,0,0,11508,11508,1907262802,1907262821,1907262810,1907262829,0,0,0,0,0,0,0,0,4096,256,131072,4,15|4,0,67108864,262144,256,0,0,0,0,140,0,128,0,35,32,0,1,140,0|238,1967806651,7,8617824,0,0,0,0,0,9150524,0,32,0,648568204,0,648568204,0,2080,640924382,0,11078304,0,0,0,0,0
1785915138908|1009|stream_lane3_unavailable|fixed|206,1378943233,16781056,18218341,18059319,155680,0,155680,0,3304,0,1652,0,0,0,17210,17209,10554544,0,4096,0,0,0,1652,0,2244403157,0,2244403173,0,0,0,0,0,0,0,0,0,4096,256,131072,4,15|4,0,67108864,262144,256,0,0,0,0,204,0,192,0,51,48,0,1,204,0|240,3015020606,7,0,0,12582912,0,12582912,0,39037,0,0,48,0,0,0,0,0,0,0,6944838,0,0,0,0,0
1785915138908|1009|stream_lane3_unavailable|rotating|206,1378943233,33556599,18297106,18138143,18140768,18138143,18140768,18138143,17336,17285,17284,17284,0,0,1659,0,533541410,533540239,4096,4096,0,0,17285,17285,2227876807,2227876786,2227876815,2227876794,0,0,0,0,0,0,0,0,4096,256,131072,4,15|4,0,67108864,262144,256,0,0,0,0,208,0,196,0,52,49,0,1,208,0|240,2289900531,7,12916192,0,0,0,0,0,13714238,0,49,0,969587492,0,969587492,0,2080,960582904,0,13284098,0,0,0,0,0
1785915143910|1009|stream_lane3_unavailable|fixed|208,1378943233,16781056,24322282,24112284,207884,0,207884,0,4412,0,2206,0,0,0,22982,22982,14093984,0,4096,0,0,0,2206,0,2564656213,0,2564656221,0,0,0,0,0,0,0,0,0,4096,256,131072,4,15|4,0,67108864,262144,256,0,0,0,0,268,0,256,0,67,64,0,1,268,0|242,3333572684,7,0,0,16777216,0,16777216,0,52041,0,0,64,0,0,0,0,0,0,0,6971658,0,0,0,0,0
1785915143910|1009|stream_lane3_unavailable|rotating|208,1378943233,33557316,24369833,24159458,24161478,24159458,24161478,24159458,23095,23027,23027,23027,0,0,2211,0,710797216,710797600,4096,4096,0,0,23027,23027,2546666096,2546666445,2546666104,2546666453,0,0,0,0,0,0,0,0,4096,256,131072,4,15|4,0,67108864,262144,256,0,0,0,0,272,0,260,0,68,65,0,1,272,0|242,2602177593,7,17078880,0,0,0,0,0,18136264,0,65,0,1280823882,0,1280823882,0,2080,1270558912,0,15364956,0,0,0,0,0
1785915148921|1009|stream_lane3_unavailable|fixed|210,1378943233,16781056,30435966,30173654,260184,0,260184,0,5522,0,2761,0,0,0,28759,28759,17639872,0,4096,0,0,0,2761,0,2885141582,0,2885141590,0,0,0,0,0,0,0,0,0,4096,256,131072,4,15|4,0,67108864,262144,256,0,0,0,0,336,0,324,0,84,81,0,1,336,0|244,3655389893,7,0,0,21233664,0,21233664,0,65164,0,0,81,0,0,0,0,0,0,0,7010648,0,0,0,0,0
1785915148921|1009|stream_lane3_unavailable|rotating|210,1378943233,33556599,30501199,30238391,30240449,30238391,30240449,30238391,28905,28822,28820,28820,0,0,2767,0,889632192,889632912,4096,4096,0,0,28821,28821,2868191029,2868191053,2868191037,2868191061,0,0,0,0,0,0,0,0,4096,256,131072,4,15|4,0,67108864,262144,256,0,0,0,0,336,0,324,0,84,81,0,1,336,0|244,2923740740,7,21368032,0,0,0,0,0,22693695,0,81,0,1601314741,0,1601314741,0,2080,1589813001,0,17449354,0,0,0,0,0
1785915153926|1009|stream_lane3_unavailable|fixed|212,1378943233,16781056,36543878,36227030,312392,0,312392,0,6630,0,3315,0,0,0,34528,34527,21179360,0,4096,0,0,0,3315,0,3205395337,0,3205395345,0,0,0,0,0,0,0,0,0,4096,256,131072,4,15|4,0,67108864,262144,256,0,0,0,0,400,0,388,0,100,97,0,1,400,0|246,3975449263,7,0,0,25427968,0,25427968,0,78192,0,0,97,0,0,0,0,0,0,0,7046365,0,0,0,0,0
1785915153926|1009|stream_lane3_unavailable|rotating|212,1378943233,33556599,36615873,36299494,36302820,36299494,36302820,36299494,34696,34597,34596,34596,0,0,3322,0,1067906457,1067906840,4096,4096,0,0,34596,34596,3188720902,3188721455,3188720910,3188721463,0,0,0,0,0,0,0,0,4096,256,131072,4,15|4,0,67108864,262144,256,0,0,0,0,400,0,388,0,100,97,0,1,400,0|246,3244199284,7,25649280,0,0,0,0,0,27236647,0,97,0,1920702973,0,1920702973,0,2080,1907962675,0,19533843,0,0,0,0,0
1785915158927|1009|stream_lane3_unavailable|fixed|214,1378943233,16781056,42648433,42280356,364598,0,364598,0,7738,0,3869,0,0,0,40295,40295,24718768,0,4096,0,0,0,3869,0,3525638447,0,3525638455,0,0,0,0,0,0,0,0,0,4096,256,131072,4,15|4,0,67108864,262144,256,0,0,0,0,464,0,452,0,116,113,0,1,464,0|248,625973,8,0,0,29622272,0,29622272,0,91243,0,0,113,0,0,0,0,0,0,0,7078729,0,0,0,0,0
1785915158927|1009|stream_lane3_unavailable|rotating|214,1378943233,33558033,42735487,42365762,42370136,42365762,42370136,42365762,40495,40378,40378,40377,0,0,3877,0,1246384805,1246357176,4096,4096,0,0,40378,40377,3509685057,3509631661,3509685065,3509631669,0,0,0,0,0,0,0,0,4096,256,131072,4,15|4,0,67108864,262144,256,0,0,0,0,468,0,456,0,117,114,0,1,468,0|248,3565813898,7,29939744,0,0,0,0,0,31793396,0,114,0,2241244971,0,2241244971,0,2080,2227144643,0,21737204,0,0,0,0,0
1785915163929|1009|stream_lane3_unavailable|fixed|216,1378943233,16781056,48757888,48337894,416898,0,416898,0,8848,0,4424,0,0,0,46066,46066,28264664,0,4096,0,0,0,4424,0,3846121492,0,3846121500,0,0,0,0,0,0,0,0,0,4096,256,131072,4,15|4,0,67108864,262144,256,0,0,0,0,532,0,520,0,133,130,0,1,532,0|250,321712970,8,0,0,34078720,0,34078720,0,104342,0,0,130,0,0,0,0,0,0,0,7111795,0,0,0,0,0
1785915163929|1009|stream_lane3_unavailable|rotating|216,1378943233,33558272,48845131,48424626,48427478,48424626,48427478,48424626,46282,46150,46149,46149,0,0,4432,0,1424527656,1424528040,4096,4096,0,0,46149,46149,3829979613,3829980184,3829979621,3829980192,0,0,0,0,0,0,0,0,4096,256,131072,4,15|4,0,67108864,262144,256,0,0,0,0,532,0,520,0,133,130,0,1,532,0|250,3887023306,7,34220992,0,0,0,0,0,36347422,0,130,0,2561384067,0,2561384067,0,2080,2546052798,0,23814076,0,0,0,0,0
1785915168944|1009|stream_lane3_unavailable|fixed|218,1378943233,16781056,54875250,54401293,469200,0,469200,0,9958,0,4979,0,0,0,51845,51845,31810536,0,4096,0,0,0,4979,0,4166957709,0,4166957717,0,0,0,0,0,0,0,0,0,4096,256,131072,4,15|4,0,67108864,262144,256,0,0,0,0,596,0,584,0,149,146,0,1,596,0|252,641655527,8,0,0,38273024,0,38273024,0,117394,0,0,146,0,0,0,0,0,0,0,7143785,0,0,0,0,0
1785915168944|1009|stream_lane3_unavailable|rotating|218,1378943233,33556599,54947924,54473314,54478158,54473314,54478158,54473314,52063,51915,51913,51913,0,0,4985,0,1602473540,1602469185,4096,4096,0,0,51914,51914,4149902610,4149902645,4149902618,4149902653,0,0,0,0,0,0,0,0,4096,256,131072,4,15|4,0,67108864,262144,256,0,0,0,0,596,0,584,0,149,146,0,1,596,0|252,4205448221,7,38470624,0,0,0,0,0,40860504,0,146,0,2878746574,0,2878746574,0,2080,2862173600,0,25894924,0,0,0,0,0
1785915173955|1009|stream_lane3_unavailable|fixed|220,1378943233,16781056,60994170,60466704,521407,0,521407,0,11066,0,5533,0,0,0,57625,57625,35349976,0,4096,0,0,0,5533,0,192240413,0,192240421,0,0,0,0,0,0,0,0,0,4096,256,131072,4,15|4,0,67108864,262144,256,0,0,0,0,660,0,648,0,165,162,0,1,660,0|254,962680858,8,0,0,42467328,0,42467328,0,130469,0,0,162,0,0,0,0,0,0,0,7167190,0,0,0,0,0
1785915173955|1009|stream_lane3_unavailable|rotating|220,1378943233,33556838,61108845,60580376,60586404,60580376,60586404,60580376,57900,57736,57734,57733,0,0,5544,0,1782134888,1782114417,4096,4096,0,0,57734,57734,178001828,178032394,178001836,178032410,0,0,0,0,0,0,0,0,4096,256,131072,4,15|4,0,67108864,262144,256,0,0,0,0,664,0,652,0,166,163,0,1,664,0|254,233858789,8,42784800,0,0,0,0,0,45442552,0,163,0,3201045894,0,3201045894,0,2080,3183110261,0,28106005,0,0,0,0,0
1785915178971|1009|stream_lane3_unavailable|fixed|222,1378943233,16781056,67115067,66536682,573799,0,573799,0,12178,0,6089,0,0,0,63408,63408,38902240,0,4096,0,0,0,6089,0,513313907,0,513313915,0,0,0,0,0,0,0,0,0,4096,256,131072,4,15|4,0,67108864,262144,256,0,0,0,0,728,0,716,0,182,179,0,1,728,0|256,1286830452,8,0,0,46923776,0,46923776,0,143685,0,0,179,0,0,0,0,0,0,0,7203844,0,0,0,0,0
1785915178971|1009|stream_lane3_unavailable|rotating|222,1378943233,33556599,67293727,66713955,66718417,66713955,66718417,66713955,63759,63579,63576,63576,0,0,6105,0,1962491013,1962487668,4096,4096,0,0,63577,63577,502256607,502256600,502256615,502256608,0,0,0,0,0,0,0,0,4096,256,131072,4,15|4,0,67108864,262144,256,0,0,0,0,728,0,716,0,182,179,0,1,728,0|256,558649857,8,47121376,0,0,0,0,0,50046869,0,179,0,3524752818,0,3524752818,0,2080,3505594640,0,30186360,0,0,0,0,0
1785915183981|1009|stream_lane3_unavailable|fixed|224,1378943233,16781056,73232357,72600493,626101,0,626101,0,13288,0,6644,0,0,0,69186,69185,42448128,0,4096,0,0,0,6644,0,834152413,0,834152421,0,0,0,0,0,0,0,0,0,4096,256,131072,4,15|4,0,67108864,262144,256,0,0,0,0,792,0,780,0,198,195,0,1,792,0|258,1604257208,8,0,0,51118080,0,51118080,0,156643,0,0,195,0,0,0,0,0,0,0,7237371,0,0,0,0,0
1785915183981|1009|stream_lane3_unavailable|rotating|224,1378943233,33558272,73303962,72672333,72677253,72672333,72677253,72672333,69452,69256,69254,69254,0,0,6650,0,2137734040,2137731928,4096,4096,0,0,69254,69254,817323213,817371586,817323221,817371594,0,0,0,0,0,0,0,0,4096,256,131072,4,15|4,0,67108864,262144,256,0,0,0,0,792,0,780,0,198,195,0,1,792,0|258,872714432,8,51307776,0,0,0,0,0,54498299,0,195,0,3837770793,0,3837770793,0,2080,3817359300,0,32265242,0,0,0,0,0
1785915188995|1009|stream_lane3_unavailable|fixed|226,1378943233,16781056,79351808,78668693,678403,0,678403,0,14398,0,7199,0,0,0,74968,74968,45993952,0,4096,0,0,0,7199,0,1154985860,0,1154985868,0,0,0,0,0,0,0,0,0,4096,256,131072,4,15|4,0,67108864,262144,256,0,0,0,0,856,0,844,0,214,211,0,1,856,0|260,1925049645,8,0,0,55312384,0,55312384,0,169718,0,0,211,0,0,0,0,0,0,0,7269376,0,0,0,0,0
1785915188995|1009|stream_lane3_unavailable|rotating|226,1378943233,33558272,79424840,78740230,78745780,78740230,78745780,78740230,75252,75039,75038,75037,0,0,7206,0,2316275328,2316242072,4096,4096,0,0,75038,75037,1138317359,1138312035,1138317367,1138312043,0,0,0,0,0,0,0,0,4096,256,131072,4,15|4,0,67108864,262144,256,0,0,0,0,860,0,848,0,215,212,0,1,860,0|260,1194101143,8,55598240,0,0,0,0,0,59050926,0,212,0,4158084888,0,4158084888,0,2080,4136309062,0,34472906,0,0,0,0,0
1785915193996|1009|stream_lane3_unavailable|fixed|228,1378943233,16781056,85454224,84718070,730701,0,730701,0,15508,0,7754,0,0,0,80734,80733,49539832,0,4096,0,0,0,7754,0,1475470330,0,1475470338,0,0,0,0,0,0,0,0,0,4096,256,131072,4,15|4,0,67108864,262144,256,0,0,0,0,924,0,912,0,231,228,0,1,924,0|262,2245245434,8,0,0,59768832,0,59768832,0,182769,0,0,228,0,0,0,0,0,0,0,7299399,0,0,0,0,0
1785915193996|1009|stream_lane3_unavailable|rotating|228,1378943233,33556599,85527213,84790303,84795946,84790303,84795946,84790303,81034,80804,80802,80802,0,0,7760,0,2494223952,2494195578,4096,4096,0,0,80803,80802,1458370488,1458367348,1458370480,1458367356,0,0,0,0,0,0,0,0,4096,256,131072,4,15|4,0,67108864,262144,256,0,0,0,0,924,0,912,0,231,228,0,1,924,0|262,1514363641,8,59871584,0,0,0,0,0,63590778,0,228,0,182311754,1,182311754,1,2080,159301980,1,36551088,0,0,0,0,0
1785915198999|1009|stream_lane3_unavailable|fixed|230,1378943233,16781056,91561339,90773401,782815,0,782815,0,16614,0,8307,0,0,0,86503,86502,53072968,0,4096,0,0,0,8307,0,1795123374,0,1795123382,0,0,0,0,0,0,0,0,0,4096,256,131072,4,15|4,0,67108864,262144,256,0,0,0,0,988,0,976,0,247,244,0,1,988,0|264,2565274166,8,0,0,63963136,0,63963136,0,195821,0,0,244,0,0,0,0,0,0,0,7338959,0,0,0,0,0
1785915198999|1009|stream_lane3_unavailable|rotating|230,1378943233,33556599,91634569,90846897,90851094,90846897,90851094,90846897,86821,86575,86572,86572,0,0,8314,0,2672331608,2672329008,4096,4096,0,0,86573,86573,1778607433,1778607441,1778607401,1778607417,0,0,0,0,0,0,0,0,4096,256,131072,4,15|4,0,67108864,262144,256,0,0,0,0,988,0,976,0,247,244,0,1,988,0|264,1834948201,8,64152832,0,0,0,0,0,68135387,0,244,0,501826002,1,501826002,1,2080,477588010,1,38625237,0,0,0,0,0
1785915208334|1010|stream_clean_after_lane3|fixed|234,1378943233,16781056,6147250,6062707,69643,0,69643,0,1478,0,739,0,0,0,5791,5791,4721392,0,4096,0,0,0,739,0,2392829813,0,2392829821,0,0,0,0,0,0,0,0,0,4096,256,131072,4,15|4,0,67108864,262144,256,0,0,0,0,96,0,84,0,24,21,0,1,96,0|272,3163533172,8,0,0,5767168,0,5767168,0,17622,0,0,22,0,0,0,0,0,0,0,6889870,0,0,0,0,0
1785915208334|1010|stream_clean_after_lane3|rotating|234,1378943233,33558272,6239089,6152749,6168318,6152749,6168318,6152749,5902,5878,5878,5878,0,0,751,0,181441272,181083200,4096,4096,0,0,5878,5878,2377001534,2377001859,2377001542,2377001867,0,0,0,0,0,0,0,0,4096,256,131072,4,15|4,0,67108864,262144,256,0,0,0,0,100,0,88,0,25,22,0,1,100,0|272,2433211466,8,5846208,0,0,0,0,0,6203152,0,22,0,324836326,0,324836326,0,2080,317938821,0,9782689,0,0,0,0,0
1785915213339|1010|stream_clean_after_lane3|fixed|236,1378943233,16780817,12424302,12252563,140976,0,140976,0,2992,0,1496,0,0,0,11704,11704,9554336,0,4096,0,0,0,1496,0,2713489060,0,2713489068,0,0,0,0,0,0,0,0,0,4096,256,131072,4,15|4,0,67108864,262144,256,0,0,0,0,188,0,176,0,47,44,0,1,188,0|274,3483899453,8,0,0,11534336,0,11534336,0,35409,0,0,44,0,0,0,0,0,0,0,6931276,0,0,0,0,0
1785915213339|1010|stream_clean_after_lane3|rotating|236,1378943233,33558272,12527249,12354352,12385140,12354352,12385140,12354352,11847,11801,11801,11801,0,0,1508,0,364270944,363555432,4096,4096,0,0,11801,11801,2697928488,2697928845,2697928504,2697928853,0,0,0,0,0,0,0,0,4096,256,131072,4,15|4,0,67108864,262144,256,0,0,0,0,188,0,176,0,47,44,0,1,188,0|274,2754106528,8,11684512,0,0,0,0,0,12404277,0,44,0,644271812,0,644271812,0,2080,635683683,0,12626074,0,0,0,0,0
1785915218354|1010|stream_clean_after_lane3|fixed|238,1378943233,16781056,18706388,18447095,212219,0,212219,0,4504,0,2252,0,0,0,17625,17625,14387912,0,4096,0,0,0,2252,0,3034190205,0,3034190213,0,0,0,0,0,0,0,0,0,4096,256,131072,4,15|4,0,67108864,262144,256,0,0,0,0,276,0,264,0,69,66,0,1,276,0|276,3806016783,8,0,0,17301504,0,17301504,0,53290,0,0,66,0,0,0,0,0,0,0,6975034,0,0,0,0,0
1785915218354|1010|stream_clean_after_lane3|rotating|238,1378943233,33554687,18832916,18572263,18619280,18572263,18619280,18572263,17813,17745,17744,17744,0,0,2267,0,547725224,546650507,4096,4096,0,0,17745,17745,3019980721,3019980702,3019980713,3019980710,0,0,0,0,0,0,0,0,4096,256,131072,4,15|4,0,67108864,262144,256,0,0,0,0,276,0,264,0,69,66,0,1,276,0|276,3076862953,8,17554432,0,0,0,0,0,18636127,0,66,0,965560757,0,965560757,0,2048,955264170,0,15494081,0,0,0,0,0
1785915223365|1010|stream_clean_after_lane3|fixed|240,1378943233,16781056,24993314,24647126,283556,0,283556,0,6018,0,3009,0,0,0,23546,23546,19224344,0,4096,0,0,0,3009,0,3355187375,0,3355187383,0,0,0,0,0,0,0,0,0,4096,256,131072,4,15|4,0,67108864,262144,256,0,0,0,0,364,0,352,0,91,88,0,1,364,0|278,4125020044,8,0,0,23068672,0,23068672,0,71031,0,0,88,0,0,0,0,0,0,0,7022046,0,0,0,0,0
1785915223365|1010|stream_clean_after_lane3|rotating|240,1378943233,33558272,25061239,24714366,24776928,24714366,24776928,24714366,23701,23611,23611,23611,0,0,3017,0,728821624,727387784,4096,4096,0,0,23611,23611,3337889675,3337890032,3337889683,3337890040,0,0,0,0,0,0,0,0,4096,256,131072,4,15|4,0,67108864,262144,256,0,0,0,0,364,0,352,0,91,88,0,1,364,0|278,3394148847,8,23321600,0,0,0,0,0,24765127,0,88,0,1281404859,0,1281404859,0,2080,1269385807,0,18354034,0,0,0,0,0
1785915228369|1010|stream_clean_after_lane3|fixed|242,1378943233,16781056,31266668,30835269,354705,0,354705,0,7528,0,3764,0,0,0,29457,29457,24047952,0,4096,0,0,0,3764,0,3675325066,0,3675325082,0,0,0,0,0,0,0,0,0,4096,256,131072,4,15|4,0,67108864,262144,256,0,0,0,0,452,0,440,0,113,110,0,1,452,0|280,150023094,9,0,0,28835840,0,28835840,0,88793,0,0,110,0,0,0,0,0,0,0,7067040,0,0,0,0,0
1785915228369|1010|stream_clean_after_lane3|rotating|242,1378943233,33554687,31341949,30908900,30986305,30908900,30986305,30908900,29641,29528,29527,29527,0,0,3774,0,911464212,909653295,4096,4096,0,0,29528,29528,3658637024,3658637021,3658637032,3658637029,0,0,0,0,0,0,0,0,4096,256,131072,4,15|4,0,67108864,262144,256,0,0,0,0,456,0,444,0,114,111,0,1,456,0|280,3714588356,8,29145408,0,0,0,0,0,30953078,0,111,0,1600388416,0,1600388416,0,2080,1586523409,0,21345059,0,0,0,0,0
1785915233379|1010|stream_clean_after_lane3|fixed|244,1378943233,16780817,37550064,37032428,425989,0,425989,0,9041,0,4520,0,0,0,35376,35376,28879082,0,4096,0,0,0,4521,0,3996325849,0,3996325857,0,0,0,0,0,0,0,0,0,4096,256,131072,4,15|4,0,67108864,262144,256,0,0,0,0,544,0,532,0,136,133,0,1,544,0|282,470806188,9,0,0,34865152,0,34865152,0,106627,0,0,133,0,0,0,0,0,0,0,7116184,0,0,0,0,0
1785915233379|1010|stream_clean_after_lane3|rotating|244,1378943233,33558272,37613853,37094918,37187061,37094918,37187061,37094918,35571,35437,35436,35436,0,0,4529,0,1093835720,1091666224,4096,4096,0,0,35436,35436,3978780471,3978780788,3978780479,3978780796,0,0,0,0,0,0,0,0,4096,256,131072,4,15|4,0,67108864,262144,256,0,0,0,0,544,0,532,0,136,133,0,1,544,0|282,4034266297,8,34960000,0,0,0,0,0,37129709,0,133,0,1918612709,0,1918612709,0,2080,1903029844,0,24210587,0,0,0,0,0
1785915238389|1010|stream_clean_after_lane3|fixed|246,1378943233,16781056,43827861,43222425,497280,0,497280,0,10554,0,5277,0,0,0,41290,41290,33714448,0,4096,0,0,0,5277,0,21737738,0,21737746,0,0,0,0,0,0,0,0,0,4096,256,131072,4,15|4,0,67108864,262144,256,0,0,0,0,632,0,620,0,158,155,0,1,632,0|284,791384345,9,0,0,40632320,0,40632320,0,124438,0,0,155,0,0,0,0,0,0,0,7155764,0,0,0,0,0
1785915238389|1010|stream_clean_after_lane3|rotating|246,1378943233,33558272,43907464,43301135,43409335,43301135,43409335,43301135,41522,41366,41365,41365,0,0,5286,0,1276853432,1274323112,4096,4096,0,0,41365,41365,5084969,5085302,5084977,5085310,0,0,0,0,0,0,0,0,4096,256,131072,4,15|4,0,67108864,262144,256,0,0,0,0,632,0,620,0,158,155,0,1,632,0|284,61251090,9,40814112,0,0,0,0,0,43349411,0,155,0,2239101270,0,2239101270,0,2080,2221808682,0,27076465,0,0,0,0,0
1785915243389|1010|stream_clean_after_lane3|fixed|248,1378943233,16781056,50093196,49401075,568334,0,568334,0,12062,0,6031,0,0,0,47191,47191,38531712,0,4096,0,0,0,6031,0,341449281,0,341449289,0,0,0,0,0,0,0,0,0,4096,256,131072,4,15|4,0,67108864,262144,256,0,0,0,0,720,0,708,0,180,177,0,1,720,0|286,1111451645,9,0,0,46399488,0,46399488,0,142225,0,0,177,0,0,0,0,0,0,0,7199807,0,0,0,0,0
1785915243389|1010|stream_clean_after_lane3|rotating|248,1378943233,33554687,50167547,49474655,49598362,49474655,49598362,49474655,47441,47263,47261,47261,0,0,6040,0,1458867584,1455978689,4096,4096,0,0,47262,47262,324621601,324621574,324621561,324621582,0,0,0,0,0,0,0,0,4096,256,131072,4,15|4,0,67108864,262144,256,0,0,0,0,720,0,708,0,180,177,0,1,720,0|286,380101487,9,46612896,0,0,0,0,0,49509562,0,177,0,2556501971,0,2556501971,0,2080,2537490015,0,29940109,0,0,0,0,0
1785915248405|1010|stream_clean_after_lane3|fixed|250,1378943233,16781056,56383813,55604222,639673,0,639673,0,13576,0,6788,0,0,0,53116,53116,43368128,0,4096,0,0,0,6788,0,662447113,0,662447121,0,0,0,0,0,0,0,0,0,4096,256,131072,4,15|4,0,67108864,262144,256,0,0,0,0,808,0,796,0,202,199,0,1,808,0|288,1432370703,9,0,0,52166656,0,52166656,0,160059,0,0,199,0,0,0,0,0,0,0,7233725,0,0,0,0,0
1785915248405|1010|stream_clean_after_lane3|rotating|250,1378943233,33554687,56458875,55678462,55818358,55678462,55818358,55678462,53389,53189,53187,53187,0,0,6797,0,1641784424,1638536883,4096,4096,0,0,53188,53188,645717916,645717937,645717924,645717945,0,0,0,0,0,0,0,0,4096,256,131072,4,15|4,0,67108864,262144,256,0,0,0,0,812,0,800,0,203,200,0,1,812,0|288,701270159,9,52452512,0,0,0,0,0,55711706,0,200,0,2876210739,0,2876210739,0,2080,2855357215,0,32930141,0,0,0,0,0
1785915253410|1010|stream_clean_after_lane3|fixed|252,1378943233,16781056,62662245,61796278,710912,0,710912,0,15088,0,7544,0,0,0,59031,59031,48198152,0,4096,0,0,0,7544,0,983015083,0,983015091,0,0,0,0,0,0,0,0,0,4096,256,131072,4,15|5,0,67108864,262144,256,0,0,0,0,900,0,888,0,225,222,0,1,900,0|290,1752829800,9,0,0,58195968,0,58195968,0,177869,0,0,222,0,0,0,0,0,0,0,7282539,0,0,0,0,0
1785915253410|1010|stream_clean_after_lane3|rotating|252,1378943233,33554687,62737852,61870430,62025998,61870430,62025998,61870430,59328,59105,59103,59103,0,0,7554,0,1824392717,1820769384,4096,4096,0,0,59104,59104,966403547,966403544,966403555,966403552,0,0,0,0,0,0,0,0,4096,256,131072,4,15|4,0,67108864,262144,256,0,0,0,0,900,0,888,0,225,222,0,1,900,0|290,1021508356,9,58275008,0,0,0,0,0,61897936,0,222,0,3194993312,0,3194993312,0,2080,3172427150,0,35792146,0,0,0,0,0
1785915258425|1010|stream_clean_after_lane3|fixed|254,1378943233,16781056,68945220,67991906,782249,0,782249,0,16602,0,8301,0,0,0,64950,64950,53034600,0,4096,0,0,0,8301,0,1303818205,0,1303818213,0,0,0,0,0,0,0,0,0,4096,256,131072,4,15|4,0,67108864,262144,256,0,0,0,0,988,0,976,0,247,244,0,1,988,0|292,2073733653,9,0,0,63963136,0,63963136,0,195703,0,0,244,0,0,0,0,0,0,0,7328708,0,0,0,0,0
1785915258425|1010|stream_clean_after_lane3|rotating|254,1378943233,33554687,69020226,68066068,68237129,68066068,68237129,68066068,65267,65022,65020,65020,0,0,8310,0,2007054225,2003072084,4096,4096,0,0,65021,65021,1287048496,1287048477,1287048504,1287048485,0,0,0,0,0,0,0,0,4096,256,131072,4,15|4,0,67108864,262144,256,0,0,0,0,988,0,976,0,247,244,0,1,988,0|292,1342485461,9,64113312,0,0,0,0,0,68099429,0,244,0,3514510841,0,3514510841,0,2080,3490235335,0,38654251,0,0,0,0,0
