captured_ms|sequence|label|role|admission_snapshot_words_csv|ps_runtime_words_csv|pl_perf_snapshot_words_csv
1786190170713|1001|lane0_unavailable|fixed|2,1378943233,16780578,0,5989942,0,5938787,0,5938787,0,5674,0,5658,0,0,0,542,0,174649777,0,4096,0,0,0,5658,0,368480464,0,368480472,0,0,0,0,0,0,0,0,4096,256,131072,4,15|4,0,67108864,262144,256,0,0,0,0,76,0,64,0,19,16,0,1,76,0|4,995665906,0,4233824,0,0,0,0,0,4495029,0,16,0,321193290,0,321193290,0,2080,314771492,0,8988226,0,0,0,0,0
1786190170713|1001|lane0_unavailable|rotating|2,1378943233,33558272,0,6092774,0,52101,0,52101,0,1104,0,552,0,0,0,5754,3526696,3526696,4096,4096,0,0,552,552,352694650,352694650,352694658,352694658,0,0,0,0,0,0,0,0,4096,256,131072,4,15|4,0,67108864,262144,256,0,0,0,0,76,0,64,0,19,16,0,1,76,0|4,402340597,0,0,0,4194304,0,4194304,0,13144,0,0,16,0,0,0,0,0,0,0,6884679,0,0,0,0,0
1786190175713|1001|lane0_unavailable|fixed|4,1378943233,16778188,0,12087837,0,11984392,0,11984392,0,11452,0,11419,0,0,0,1096,0,352483152,0,4096,0,0,0,11419,0,688306923,0,688306931,0,0,0,0,0,0,0,0,4096,256,131072,4,15|4,0,67108864,262144,256,0,0,0,0,140,0,128,0,35,32,0,1,140,0|6,1315074085,0,8499264,0,0,0,0,0,9022470,0,32,0,639535109,0,639535109,0,2080,631890926,0,11053148,0,0,0,0,0
1786190175713|1001|lane0_unavailable|rotating|4,1378943233,33558272,0,12181830,0,104205,0,104205,0,2208,0,1104,0,0,0,11507,7053384,7053384,4096,4096,0,0,1104,1104,671752444,671752444,671752452,671752452,0,0,0,0,0,0,0,0,4096,256,131072,4,15|4,0,67108864,262144,256,0,0,0,0,140,0,128,0,35,32,0,1,140,0|6,721913132,0,0,0,8388608,0,8388608,0,26193,0,0,32,0,0,0,0,0,0,0,6920852,0,0,0,0,0
1786190180732|1001|lane0_unavailable|fixed|6,1378943233,16781056,0,18213258,0,18057330,0,18057330,0,17260,0,17211,0,0,0,1652,0,531270352,0,4096,0,0,0,17211,0,1009720266,0,1009720274,0,0,0,0,0,0,0,0,4096,256,131072,4,15|4,0,67108864,262144,256,0,0,0,0,204,0,192,0,51,48,0,1,204,0|8,1637148856,0,12796320,0,0,0,0,0,13584219,0,48,0,960535616,0,960535616,0,2080,951673285,0,13120621,0,0,0,0,0
1786190180732|1001|lane0_unavailable|rotating|6,1378943233,33558272,0,18313704,0,156769,0,156769,0,3322,0,1661,0,0,0,17306,10611984,10611984,4096,4096,0,0,1661,1661,993751996,993751996,993752004,993752004,0,0,0,0,0,0,0,0,4096,256,131072,4,15|5,0,67108864,262144,256,0,0,0,0,208,0,196,0,52,49,0,1,208,0|8,1043236562,0,0,0,12845056,0,12845056,0,39334,0,0,49,0,0,0,0,0,0,0,6953093,0,0,0,0,0
1786190185738|1001|lane0_unavailable|fixed|8,1378943233,16777710,0,24340689,0,24132293,0,24132293,0,23065,0,22999,0,0,0,2208,0,709950873,0,4096,0,0,0,23000,0,1330958767,0,1330958775,0,0,0,0,0,0,0,0,4096,256,131072,4,15|4,0,67108864,262144,256,0,0,0,0,272,0,260,0,68,65,0,1,272,0|10,1958167271,0,17078880,0,0,0,0,0,18132600,0,65,0,1280483391,0,1280483391,0,2080,1270266859,0,15316456,0,0,0,0,0
1786190185738|1001|lane0_unavailable|rotating|8,1378943233,33558272,0,24440459,0,209247,0,209247,0,4434,0,2217,0,0,0,23093,14164280,14164280,4096,4096,0,0,2217,2217,1314810827,1314810827,1314810835,1314810835,0,0,0,0,0,0,0,0,4096,256,131072,4,15|4,0,67108864,262144,256,0,0,0,0,272,0,260,0,68,65,0,1,272,0|10,1365949619,0,0,0,17039360,0,17039360,0,52501,0,0,65,0,0,0,0,0,0,0,6987071,0,0,0,0,0
1786190190740|1001|lane0_unavailable|fixed|10,1378943233,16779622,0,30426331,0,30165834,0,30165834,0,28831,0,28748,0,0,0,2760,0,887410795,0,4096,0,0,0,28749,0,1650147748,0,1650147756,0,0,0,0,0,0,0,0,4096,256,131072,4,15|4,0,67108864,262144,256,0,0,0,0,336,0,324,0,84,81,0,1,336,0|12,2278188633,0,21344320,0,0,0,0,0,22669011,0,81,0,1599438393,0,1599438393,0,2080,1587993100,0,17387754,0,0,0,0,0
1786190190740|1001|lane0_unavailable|rotating|10,1378943233,33558272,0,30573429,0,261730,0,261730,0,5546,0,2773,0,0,0,28887,17716552,17716552,4096,4096,0,0,2773,2773,1636228093,1636228093,1636228101,1636228101,0,0,0,0,0,0,0,0,4096,256,131072,4,15|4,0,67108864,262144,256,0,0,0,0,336,0,324,0,84,81,0,1,336,0|12,1687582951,0,0,0,21233664,0,21233664,0,65619,0,0,81,0,0,0,0,0,0,0,7024718,0,0,0,0,0
1786190195744|1001|lane0_unavailable|fixed|12,1378943233,16778666,0,36534169,0,36221379,0,36221379,0,34618,0,34519,0,0,0,3314,0,1065535900,0,4096,0,0,0,34520,0,1970371795,0,1970371803,0,0,0,0,0,0,0,0,4096,256,131072,4,15|4,0,67108864,262144,256,0,0,0,0,400,0,388,0,100,97,0,1,400,0|14,2598711132,0,25625568,0,0,0,0,0,27212194,0,97,0,1918890580,0,1918890580,0,2080,1906220128,0,19458844,0,0,0,0,0
1786190195744|1001|lane0_unavailable|rotating|12,1378943233,33558272,0,36644137,0,313730,0,313730,0,6648,0,3324,0,0,0,34623,21236800,21236800,4096,4096,0,0,3324,3324,1954705915,1954705915,1954705931,1954705931,0,0,0,0,0,0,0,0,4096,256,131072,4,15|4,0,67108864,262144,256,0,0,0,0,400,0,388,0,100,97,0,1,400,0|14,2004394839,0,0,0,25427968,0,25427968,0,78549,0,0,97,0,0,0,0,0,0,0,7060907,0,0,0,0,0
1786190200753|1001|lane0_unavailable|fixed|14,1378943233,16778188,0,42649511,0,42284344,0,42284344,0,40410,0,40296,0,0,0,3869,0,1243855960,0,4096,0,0,0,40296,0,2290956721,0,2290956729,0,0,0,0,0,0,0,0,4096,256,131072,4,15|4,0,67108864,262144,256,0,0,0,0,468,0,456,0,117,114,0,1,468,0|16,2919062827,0,29900224,0,0,0,0,0,31752260,0,114,0,2238173611,0,2238173611,0,2080,2224144175,0,21657765,0,0,0,0,0
1786190200753|1001|lane0_unavailable|rotating|14,1378943233,33558272,0,42764242,0,366205,0,366205,0,7760,0,3880,0,0,0,40404,24789064,24789064,4096,4096,0,0,3880,3880,2275767862,2275767862,2275767870,2275767870,0,0,0,0,0,0,0,0,4096,256,131072,4,15|4,0,67108864,262144,256,0,0,0,0,468,0,456,0,117,114,0,1,468,0|16,2325077699,0,0,0,29884416,0,29884416,0,91669,0,0,114,0,0,0,0,0,0,0,7093314,0,0,0,0,0
1786190205757|1001|lane0_unavailable|fixed|16,1378943233,16777710,0,48755143,0,48337594,0,48337594,0,46197,0,46065,0,0,0,4424,0,1421942030,0,4096,0,0,0,46066,0,2611244968,0,2611244976,0,0,0,0,0,0,0,0,4096,256,131072,4,15|4,0,67108864,262144,256,0,0,0,0,532,0,520,0,133,130,0,1,532,0|18,3239473943,0,34173568,0,0,0,0,0,36293431,0,130,0,2557516391,0,2557516391,0,2080,2542264464,0,23724490,0,0,0,0,0
1786190205757|1001|lane0_unavailable|rotating|16,1378943233,33558272,0,48884826,0,418592,0,418592,0,8870,0,4435,0,0,0,46187,28334944,28334944,4096,4096,0,0,4435,4435,2596590183,2596590183,2596590191,2596590191,0,0,0,0,0,0,0,0,4096,256,131072,4,15|4,0,67108864,262144,256,0,0,0,0,532,0,520,0,133,130,0,1,532,0|18,2646481043,0,0,0,34078720,0,34078720,0,104790,0,0,130,0,0,0,0,0,0,0,7129826,0,0,0,0,0
1786190210760|1001|lane0_unavailable|fixed|18,1378943233,16777710,0,54866468,0,54396627,0,54396627,0,51986,0,51838,0,0,0,4978,0,1600153034,0,4096,0,0,0,51839,0,2931610860,0,2931610876,0,0,0,0,0,0,0,0,4096,256,131072,4,15|4,0,67108864,262144,256,0,0,0,0,596,0,584,0,149,146,0,1,596,0|20,3559643215,0,38446912,0,0,0,0,0,40832106,0,146,0,2876617327,0,2876617327,0,2080,2860138377,0,25795747,0,0,0,0,0
1786190210760|1001|lane0_unavailable|rotating|18,1378943233,33558272,0,54987448,0,470878,0,470878,0,9978,0,4989,0,0,0,51953,31874400,31874400,4096,4096,0,0,4989,4989,2916830898,2916830898,2916830906,2916830906,0,0,0,0,0,0,0,0,4096,256,131072,4,15|4,0,67108864,262144,256,0,0,0,0,596,0,584,0,149,146,0,1,596,0|20,2967602767,0,0,0,38273024,0,38273024,0,117883,0,0,146,0,0,0,0,0,0,0,7164545,0,0,0,0,0
1786190215765|1001|lane0_unavailable|fixed|20,1378943233,16777710,0,60974206,0,60452077,0,60452077,0,57772,0,57608,0,0,0,5532,0,1778246972,0,4096,0,0,0,57609,0,3251824614,0,3251824622,0,0,0,0,0,0,0,0,4096,256,131072,4,15|4,0,67108864,262144,256,0,0,0,0,660,0,648,0,165,162,0,1,660,0|22,3880127648,0,42720256,0,0,0,0,0,45375337,0,162,0,3196033424,0,3196033424,0,2048,3178330413,0,27864042,0,0,0,0,0
1786190215765|1001|lane0_unavailable|rotating|20,1378943233,33558272,0,61080385,0,523067,0,523067,0,11084,0,5542,0,0,0,57708,35407512,35407512,4096,4096,0,0,5542,5542,3235999190,3235999190,3235999198,3235999198,0,0,0,0,0,0,0,0,4096,256,131072,4,15|4,0,67108864,262144,256,0,0,0,0,664,0,652,0,166,163,0,1,664,0|22,3286425712,0,0,0,42729472,0,42729472,0,130908,0,0,163,0,0,0,0,0,0,0,7196514,0,0,0,0,0
1786190220774|1001|lane0_unavailable|fixed|22,1378943233,16777710,0,67087407,0,66512901,0,66512901,0,63564,0,63383,0,0,0,6087,0,1956515104,0,4096,0,0,0,63384,0,3572414539,0,3572414507,0,0,0,0,0,0,0,0,4096,256,131072,4,15|4,0,67108864,262144,256,0,0,0,0,728,0,716,0,182,179,0,1,728,0|24,4200035051,0,46987008,0,0,0,0,0,49907825,0,179,0,3514874139,0,3514874139,0,2080,3495810994,0,30062416,0,0,0,0,0
1786190220774|1001|lane0_unavailable|rotating|22,1378943233,33558272,0,67176066,0,575263,0,575263,0,12190,0,6095,0,0,0,63467,38940600,38940600,4096,4096,0,0,6095,6095,3555777016,3555777016,3555777024,3555777024,0,0,0,0,0,0,0,0,4096,256,131072,4,15|4,0,67108864,262144,256,0,0,0,0,728,0,716,0,182,179,0,1,728,0|24,3605922492,0,0,0,46923776,0,46923776,0,143958,0,0,179,0,0,0,0,0,0,0,7228882,0,0,0,0,0
1786190225777|1001|lane0_unavailable|fixed|24,1378943233,16780100,0,73190566,0,72563769,0,72563769,0,69352,0,69156,0,0,0,6641,0,2134706456,0,4096,0,0,0,69156,0,3892730970,0,3892730978,0,0,0,0,0,0,0,0,4096,256,131072,4,15|4,0,67108864,262144,256,0,0,0,0,792,0,780,0,198,195,0,1,792,0|26,224660194,1,51252448,0,0,0,0,0,54432999,0,195,0,3833400218,0,3833400218,0,2080,3813110170,0,32131856,0,0,0,0,0
1786190225777|1001|lane0_unavailable|rotating|24,1378943233,33558272,0,73284701,0,627651,0,627651,0,13300,0,6650,0,0,0,69244,42486472,42486472,4096,4096,0,0,6650,6650,3876606288,3876606288,3876606296,3876606296,0,0,0,0,0,0,0,0,4096,256,131072,4,15|4,0,67108864,262144,256,0,0,0,0,792,0,780,0,198,195,0,1,792,0|26,3926300093,0,0,0,51118080,0,51118080,0,157029,0,0,195,0,0,0,0,0,0,0,7263240,0,0,0,0,0
1786190230781|1001|lane0_unavailable|fixed|26,1378943233,16779144,0,79294139,0,78615049,0,78615049,0,75139,0,74927,0,0,0,7195,0,2312845736,0,4096,0,0,0,74927,0,4213015624,0,4213015632,0,0,0,0,0,0,0,0,4096,256,131072,4,15|4,0,67108864,262144,256,0,0,0,0,856,0,844,0,214,211,0,1,856,0|28,545495833,1,55533696,0,0,0,0,0,58977189,0,211,0,4153165545,0,4153165545,0,2080,4131654563,0,34198721,0,0,0,0,0
1786190230781|1001|lane0_unavailable|rotating|26,1378943233,33558272,0,79389155,0,679930,0,679930,0,14408,0,7204,0,0,0,75017,46025896,46025896,4096,4096,0,0,7204,7204,4196842655,4196842655,4196842663,4196842663,0,0,0,0,0,0,0,0,4096,256,131072,4,15|5,0,67108864,262144,256,0,0,0,0,860,0,848,0,215,212,0,1,860,0|28,4246246558,0,0,0,55574528,0,55574528,0,170100,0,0,212,0,0,0,0,0,0,0,7298340,0,0,0,0,0
1786190235792|1001|lane0_unavailable|fixed|28,1378943233,16778188,0,85406141,0,84674678,0,84674678,0,80936,0,80707,0,0,0,7750,0,2491262592,0,4096,0,0,0,80707,0,238773715,0,238773723,0,0,0,0,0,0,0,0,4096,256,131072,4,15|4,0,67108864,262144,256,0,0,0,0,924,0,912,0,231,228,0,1,924,0|30,865578972,1,59808352,0,0,0,0,0,63508173,0,228,0,177212724,1,177212724,1,2080,154345235,1,36395165,0,0,0,0,0
1786190235792|1001|lane0_unavailable|rotating|28,1378943233,33558272,0,85493982,0,732314,0,732314,0,15518,0,7759,0,0,0,80790,49571792,49571792,4096,4096,0,0,7759,7759,222344488,222344488,222344496,222344496,0,0,0,0,0,0,0,0,4096,256,131072,4,15|4,0,67108864,262144,256,0,0,0,0,924,0,912,0,231,228,0,1,924,0|30,272167229,1,0,0,59768832,0,59768832,0,183221,0,0,228,0,0,0,0,0,0,0,7331797,0,0,0,0,0
1786190240798|1001|lane0_unavailable|fixed|30,1378943233,16778188,0,91507910,0,90724062,0,90724062,0,86721,0,86475,0,0,0,8305,0,2669309776,0,4096,0,0,0,86475,0,559023912,0,559023920,0,0,0,0,0,0,0,0,4096,256,131072,4,15|4,0,67108864,262144,256,0,0,0,0,988,0,976,0,247,244,0,1,988,0|32,1186771610,1,64089600,0,0,0,0,0,68058481,0,244,0,497335050,1,497335050,1,2080,473244386,1,38464271,0,0,0,0,0
1786190240798|1001|lane0_unavailable|rotating|30,1378943233,33558272,0,91623535,0,784797,0,784797,0,16630,0,8315,0,0,0,86584,53124064,53124064,4096,4096,0,0,8315,8315,543759604,543759604,543759612,543759612,0,0,0,0,0,0,0,0,4096,256,131072,4,15|4,0,67108864,262144,256,0,0,0,0,988,0,976,0,247,244,0,1,988,0|32,592616901,1,0,0,63963136,0,63963136,0,196293,0,0,244,0,0,0,0,0,0,0,7366249,0,0,0,0,0
1786190250322|1002|lane0_clean64|fixed|34,1378943233,16777471,6152529,6067477,6082683,6067477,6082683,6067477,5817,5795,5794,5794,0,0,740,0,178860871,178517738,4096,4096,0,0,5795,5795,1168575954,1168575959,1168575962,1168575967,0,0,0,0,0,0,0,0,4096,256,131072,4,15|4,0,67108864,262144,256,0,0,0,0,96,0,84,0,24,21,0,1,100,0|40,1795989235,1,5775072,0,0,0,0,0,6131250,0,22,0,321091331,0,321091331,0,2080,314186723,0,9774473,0,0,0,0,0
1786190250322|1002|lane0_clean64|rotating|34,1378943233,33558272,6245400,6158608,70882,0,70882,0,1502,0,751,0,0,0,5881,5881,4798072,4798072,4096,4096,0,0,751,751,1152084133,1152084133,1152084141,1152084141,0,0,0,0,0,0,0,0,4096,256,131072,4,15|4,0,67108864,262144,256,0,0,0,0,100,0,88,0,25,22,0,1,100,0|40,1202304800,1,0,0,5767168,0,5767168,0,17933,0,0,22,0,0,0,0,0,0,0,6898553,0,0,0,0,0
1786190255331|1002|lane0_clean64|fixed|36,1378943233,16777471,12427532,12255361,12286336,12255361,12286336,12255361,11754,11709,11708,11708,0,0,1496,0,361407883,360690014,4096,4096,0,0,11709,11709,1489155711,1489155724,1489155719,1489155732,0,0,0,0,0,0,0,0,4096,256,131072,4,15|4,0,67108864,262144,256,0,0,0,0,188,0,176,0,47,44,0,1,188,0|42,2116867604,1,11613376,0,0,0,0,0,12327743,0,44,0,640510124,0,640510124,0,2080,631896745,0,12636005,0,0,0,0,0
1786190255331|1002|lane0_clean64|rotating|36,1378943233,33558272,12522399,12349180,142238,0,142238,0,3014,0,1507,0,0,0,11797,11797,9628168,9628168,4096,4096,0,0,1507,1507,1472653301,1472653301,1472653309,1472653309,0,0,0,0,0,0,0,0,4096,256,131072,4,15|4,0,67108864,262144,256,0,0,0,0,188,0,176,0,47,44,0,1,188,0|42,1522049102,1,0,0,11534336,0,11534336,0,35725,0,0,44,0,0,0,0,0,0,0,6943898,0,0,0,0,0
1786190260339|1002|lane0_clean64|fixed|38,1378943233,16781056,18710353,18451303,18497802,18451303,18497802,18451303,17694,17628,17627,17627,0,0,2252,0,544110064,543034056,4096,4096,0,0,17627,17627,1809863586,1809863903,1809863594,1809863911,0,0,0,0,0,0,0,0,4096,256,131072,4,15|4,0,67108864,262144,256,0,0,0,0,276,0,264,0,69,66,0,1,276,0|44,2437096377,1,17435872,0,0,0,0,0,18513233,0,66,0,959283273,0,959283273,0,2080,948954309,0,15500957,0,0,0,0,0
1786190260339|1002|lane0_clean64|rotating|38,1378943233,33558272,18829614,18569259,213876,0,213876,0,4532,0,2266,0,0,0,17739,17739,14477336,14477336,4096,4096,0,0,2266,2266,1794515175,1794515175,1794515183,1794515183,0,0,0,0,0,0,0,0,4096,256,131072,4,15|4,0,67108864,262144,256,0,0,0,0,276,0,264,0,69,66,0,1,276,0|44,1844495691,1,0,0,17301504,0,17301504,0,53656,0,0,66,0,0,0,0,0,0,0,6988085,0,0,0,0,0
1786190265345|1002|lane0_clean64|fixed|40,1378943233,16781056,24987991,24641495,24704085,24641495,24704085,24641495,23629,23541,23540,23540,0,0,3008,0,726632336,725197896,4096,4096,0,0,23540,23540,2130267121,2130267462,2130267129,2130267470,0,0,0,0,0,0,0,0,4096,256,131072,4,15|4,0,67108864,262144,256,0,0,0,0,364,0,352,0,91,88,0,1,364,0|46,2757702927,1,23266272,0,0,0,0,0,24706972,0,88,0,1278432223,0,1278432223,0,2080,1266397154,0,18358126,0,0,0,0,0
1786190265345|1002|lane0_clean64|rotating|40,1378943233,33558272,25084810,24737265,284942,0,284942,0,6038,0,3019,0,0,0,23631,23631,19288168,19288168,4096,4096,0,0,3019,3019,2113790669,2113790669,2113790677,2113790677,0,0,0,0,0,0,0,0,4096,256,131072,4,15|4,0,67108864,262144,256,0,0,0,0,368,0,356,0,92,89,0,1,368,0|46,2163348975,1,0,0,23330816,0,23330816,0,71423,0,0,89,0,0,0,0,0,0,0,7033484,0,0,0,0,0
1786190270346|1002|lane0_clean64|fixed|42,1378943233,16777471,31255432,30822753,30900360,30822753,30900360,30822753,29555,29445,29443,29443,0,0,3762,0,908855651,907060238,4096,4096,0,0,29444,29444,2450159728,2450159741,2450159736,2450159749,0,0,0,0,0,0,0,0,4096,256,131072,4,15|4,0,67108864,262144,256,0,0,0,0,452,0,440,0,113,110,0,1,452,0|48,3077833219,1,29088768,0,0,0,0,0,30892632,0,110,0,1597106891,0,1597106891,0,2054,1583366701,0,21212614,0,0,0,0,0
1786190270346|1002|lane0_clean64|rotating|42,1378943233,33558272,31347943,30913354,356199,0,356199,0,7548,0,3774,0,0,0,29530,29530,24111864,24111864,4096,4096,0,0,3774,3774,2433599192,2433599192,2433599200,2433599200,0,0,0,0,0,0,0,0,4096,256,131072,4,15|4,0,67108864,262144,256,0,0,0,0,456,0,444,0,114,111,0,1,456,0|48,2483242887,1,0,0,29097984,0,29097984,0,89215,0,0,111,0,0,0,0,0,0,0,7079724,0,0,0,0,0
1786190275356|1002|lane0_clean64|fixed|44,1378943233,16777471,37541463,37020460,37114950,37020460,37114950,37020460,35499,35367,35364,35364,0,0,4519,0,1091627890,1089472701,4096,4096,0,0,35365,35365,2770997558,2770997539,2770997566,2770997547,0,0,0,0,0,0,0,0,4096,256,131072,4,15|4,0,67108864,262144,256,0,0,0,0,544,0,532,0,136,133,0,1,544,0|50,3398409484,1,34920480,0,0,0,0,0,37082644,0,133,0,1916225228,0,1916225228,0,2080,1900644794,0,24199625,0,0,0,0,0
1786190275356|1002|lane0_clean64|rotating|44,1378943233,33558272,37631229,37108690,427554,0,427554,0,9060,0,4530,0,0,0,35449,35449,28941920,28941920,4096,4096,0,0,4530,4530,2754290516,2754290516,2754290524,2754290524,0,0,0,0,0,0,0,0,4096,256,131072,4,15|4,0,67108864,262144,256,0,0,0,0,544,0,532,0,136,133,0,1,544,0|50,2804229536,1,0,0,34865152,0,34865152,0,107077,0,0,133,0,0,0,0,0,0,0,7128814,0,0,0,0,0
1786190280366|1002|lane0_clean64|fixed|46,1378943233,16777471,43818913,43209885,43321044,43209885,43321044,43209885,41434,41279,41276,41276,0,0,5275,0,1274128831,1271597754,4096,4096,0,0,41277,41277,3091483191,3091483180,3091483199,3091483188,0,0,0,0,0,0,0,0,4096,256,131072,4,15|4,0,67108864,262144,256,0,0,0,0,632,0,620,0,158,155,0,1,632,0|52,3719249001,1,40750880,0,0,0,0,0,43281873,0,155,0,2235607145,0,2235607145,0,2080,2218320680,0,27056720,0,0,0,0,0
1786190280366|1002|lane0_clean64|rotating|46,1378943233,33558272,43917731,43307443,499004,0,499004,0,10574,0,5287,0,0,0,41369,41369,33778352,33778352,4096,4096,0,0,5287,5287,3075284995,3075284995,3075285003,3075285003,0,0,0,0,0,0,0,0,4096,256,131072,4,15|4,0,67108864,262144,256,0,0,0,0,632,0,620,0,158,155,0,1,632,0|52,3125196518,1,0,0,40632320,0,40632320,0,124939,0,0,155,0,0,0,0,0,0,0,7173380,0,0,0,0,0
1786190285373|1002|lane0_clean64|fixed|48,1378943233,16777471,50098211,49402420,49528987,49402420,49528987,49402420,47370,47193,47190,47190,0,0,6031,0,1456677472,1453787155,4096,4096,0,0,47191,47191,3411937046,3411937043,3411937054,3411937051,0,0,0,0,0,0,0,0,4096,256,131072,4,15|4,0,67108864,262144,256,0,0,0,0,720,0,708,0,180,177,0,1,720,0|54,4039560121,1,46581280,0,0,0,0,0,49471134,0,177,0,2554460665,0,2554460665,0,2080,2535465883,0,29916101,0,0,0,0,0
1786190285373|1002|lane0_clean64|rotating|48,1378943233,33558272,50194527,49497652,570262,0,570262,0,12084,0,6042,0,0,0,47281,47281,38601960,38601960,4096,4096,0,0,6042,6042,3395422203,3395422203,3395422211,3395422211,0,0,0,0,0,0,0,0,4096,256,131072,4,15|4,0,67108864,262144,256,0,0,0,0,720,0,708,0,180,177,0,1,720,0|54,3445308632,1,0,0,46399488,0,46399488,0,142753,0,0,177,0,0,0,0,0,0,0,7219266,0,0,0,0,0
1786190290382|1002|lane0_clean64|fixed|50,1378943233,16777471,56379233,55596000,55738655,55596000,55738655,55596000,53309,53111,53107,53107,0,0,6787,0,1639309200,1636060227,4096,4096,0,0,53108,53108,3732530956,3732530937,3732530964,3732530945,0,0,0,0,0,0,0,0,4096,256,131072,4,15|4,0,67108864,262144,256,0,0,0,0,808,0,796,0,202,199,0,1,808,0|56,65188609,2,52411680,0,0,0,0,0,55664657,0,199,0,2873598849,0,2873598849,0,2053,2852903280,0,32767952,0,0,0,0,0
1786190290382|1002|lane0_clean64|rotating|50,1378943233,33558272,56474587,55690224,641610,0,641610,0,13596,0,6798,0,0,0,53196,53196,43432008,43432008,4096,4096,0,0,6798,6798,3715981686,3715981686,3715981694,3715981694,0,0,0,0,0,0,0,0,4096,256,131072,4,15|4,0,67108864,262144,256,0,0,0,0,812,0,800,0,203,200,0,1,812,0|56,3766254511,1,0,0,52428800,0,52428800,0,160615,0,0,200,0,0,0,0,0,0,0,7263245,0,0,0,0,0
1786190295383|1002|lane0_clean64|fixed|52,1378943233,16777471,62651718,61781583,61939886,61781583,61939886,61781583,59238,59018,59014,59014,0,0,7542,0,1821659888,1818053443,4096,4096,0,0,59015,59015,4052631374,4052631387,4052631382,4052631395,0,0,0,0,0,0,0,0,4096,256,131072,4,15|4,0,67108864,262144,256,0,0,0,0,900,0,888,0,225,222,0,1,900,0|58,385360554,2,58227584,0,0,0,0,0,61848150,0,222,0,3192316818,0,3192316818,0,2080,3169779578,0,35752996,0,0,0,0,0
1786190295383|1002|lane0_clean64|rotating|52,1378943233,33558272,62748846,61876905,712966,0,712966,0,15108,0,7554,0,0,0,59106,59106,48262064,48262064,4096,4096,0,0,7554,7554,4036347204,4036347204,4036347212,4036347212,0,0,0,0,0,0,0,0,4096,256,131072,4,15|4,0,67108864,262144,256,0,0,0,0,900,0,888,0,225,222,0,1,900,0|58,4086692073,1,0,0,58195968,0,58195968,0,178454,0,0,222,0,0,0,0,0,0,0,7312095,0,0,0,0,0
1786190300393|1002|lane0_clean64|fixed|54,1378943233,16781056,68934227,67976539,68150947,67976539,68150947,67976539,65178,64936,64932,64932,0,0,8299,0,2004321144,2000339528,4096,4096,0,0,64932,64932,78428227,78428544,78428235,78428552,0,0,0,0,0,0,0,0,4096,256,131072,4,15|4,0,67108864,262144,256,0,0,0,0,988,0,976,0,247,244,0,1,988,0|60,705224304,2,64050080,0,0,0,0,0,68027981,0,244,0,3510724944,0,3510724944,0,2080,3486472266,0,38617801,0,0,0,0,0
1786190300393|1002|lane0_clean64|rotating|54,1378943233,33558272,69010149,68051471,784133,0,784133,0,16616,0,8308,0,0,0,65003,65003,53079344,53079344,4096,4096,0,0,8308,8308,61092773,61092773,61092781,61092781,0,0,0,0,0,0,0,0,4096,256,131072,4,15|4,0,67108864,262144,256,0,0,0,0,988,0,976,0,247,244,0,1,988,0|60,110996190,2,0,0,63963136,0,63963136,0,196222,0,0,244,0,0,0,0,0,0,0,7358461,0,0,0,0,0
1786190309032|1003|lane1_unavailable|fixed|58,1378943233,16781056,5987883,0,51076,0,51076,0,1084,0,542,0,0,0,5656,0,3462792,3462792,4096,4096,0,0,542,542,631202091,631202091,631202099,631202099,0,0,0,0,0,0,0,0,4096,256,131072,4,15|4,0,67108864,262144,256,0,0,0,0,76,0,64,0,19,16,0,1,76,0|68,1258754074,2,0,0,4194304,0,4194304,0,12910,0,0,16,0,0,0,0,0,0,0,6878658,0,0,0,0,0
1786190309032|1003|lane1_unavailable|rotating|58,1378943233,33558272,6091584,0,6039565,0,6039565,0,5771,0,5754,0,0,0,552,0,177615552,0,4096,0,0,0,5754,0,615940884,0,615940892,0,0,0,0,0,0,0,0,0,4096,256,131072,4,15|4,0,67108864,262144,256,0,0,0,0,76,0,64,0,19,16,0,1,76,0|68,666132960,2,4312864,0,0,0,0,0,4582029,0,16,0,327296918,0,327296918,0,2080,320875575,0,9006166,0,0,0,0,0
1786190314042|1003|lane1_unavailable|fixed|60,1378943233,16781056,12097831,0,103378,0,103378,0,2194,0,1097,0,0,0,11427,0,7008696,7008696,4096,4096,0,0,1097,1097,951675207,951675207,951675215,951675215,0,0,0,0,0,0,0,0,4096,256,131072,4,15|4,0,67108864,262144,256,0,0,0,0,140,0,128,0,35,32,0,1,140,0|70,1579416604,2,0,0,8388608,0,8388608,0,25986,0,0,32,0,0,0,0,0,0,0,6910905,0,0,0,0,0
1786190314042|1003|lane1_unavailable|rotating|60,1378943233,33558272,12190880,0,12086748,0,12086748,0,11549,0,11516,0,0,0,1105,0,355476576,0,4096,0,0,0,11516,0,935697115,0,935697123,0,0,0,0,0,0,0,0,0,4096,256,131072,4,15|4,0,67108864,262144,256,0,0,0,0,140,0,128,0,35,32,0,1,140,0|70,985540800,2,8578304,0,0,0,0,0,9109631,0,32,0,645638398,0,645638398,0,2080,637989727,0,11076031,0,0,0,0,0
1786190319043|1003|lane1_unavailable|fixed|62,1378943233,16780339,18197657,0,155586,0,155586,0,3302,0,1651,0,0,0,17195,0,10546796,10546796,4096,4096,0,0,1651,1651,1271931213,1271931213,1271931221,1271931221,0,0,0,0,0,0,0,0,4096,256,131072,4,15|4,0,67108864,262144,256,0,0,0,0,204,0,192,0,51,48,0,1,204,0|72,1899076858,2,0,0,12582912,0,12582912,0,39014,0,0,48,0,0,0,0,0,0,0,6941091,0,0,0,0,0
1786190319043|1003|lane1_unavailable|rotating|62,1378943233,33555165,18292247,0,18135909,0,18135909,0,17334,0,17284,0,0,0,1659,0,533537560,0,4096,0,0,0,17285,0,1255876449,0,1255876457,0,0,0,0,0,0,0,0,0,4096,256,131072,4,15|4,0,67108864,262144,256,0,0,0,0,204,0,192,0,51,48,0,1,204,0|72,1305320626,2,12843744,0,0,0,0,0,13638204,0,48,0,964351864,0,964351864,0,2080,955458958,0,13162803,0,0,0,0,0
1786190324054|1003|lane1_unavailable|fixed|64,1378943233,16781056,24317711,0,207884,0,207884,0,4412,0,2206,0,0,0,22976,0,14093984,14093984,4096,4096,0,0,2206,2206,1592771599,1592771599,1592771607,1592771607,0,0,0,0,0,0,0,0,4096,256,131072,4,15|5,0,67108864,262144,256,0,0,0,0,272,0,260,0,68,65,0,1,272,0|74,2220271119,2,0,0,17039360,0,17039360,0,52112,0,0,65,0,0,0,0,0,0,0,6980875,0,0,0,0,0
1786190324054|1003|lane1_unavailable|rotating|64,1378943233,33556360,24420427,0,24211694,0,24211694,0,23141,0,23074,0,0,0,2215,0,712251192,0,4096,0,0,0,23074,0,1577242575,0,1577242583,0,0,0,0,0,0,0,0,0,4096,256,131072,4,15|4,0,67108864,262144,256,0,0,0,0,272,0,260,0,68,65,0,1,272,0|74,1627682571,2,17142112,0,0,0,0,0,18205534,0,65,0,1285639217,0,1285639217,0,2080,1275379764,0,15374378,0,0,0,0,0
1786190329063|1003|lane1_unavailable|fixed|66,1378943233,16781056,30426342,0,260090,0,260090,0,5520,0,2760,0,0,0,28748,0,17633480,17633480,4096,4096,0,0,2760,2760,1912669193,1912669193,1912669201,1912669201,0,0,0,0,0,0,0,0,4096,256,131072,4,15|4,0,67108864,262144,256,0,0,0,0,336,0,324,0,84,81,0,1,336,0|76,2542162697,2,0,0,21233664,0,21233664,0,65235,0,0,81,0,0,0,0,0,0,0,7012376,0,0,0,0,0
1786190329063|1003|lane1_unavailable|rotating|66,1378943233,33555165,30569106,0,30307788,0,30307788,0,28967,0,28883,0,0,0,2773,0,891575060,0,4096,0,0,0,28884,0,1899663221,0,1899663229,0,0,0,0,0,0,0,0,0,4096,256,131072,4,15|4,0,67108864,262144,256,0,0,0,0,336,0,324,0,84,81,0,1,336,0|76,1948585472,2,21431264,0,0,0,0,0,22754303,0,81,0,1605469830,0,1605469830,0,2080,1593977504,0,17454879,0,0,0,0,0
1786190334065|1003|lane1_unavailable|fixed|68,1378943233,16781056,36533252,0,312297,0,312297,0,6628,0,3314,0,0,0,34518,0,21172960,21172960,4096,4096,0,0,3314,3314,2232925493,2232925493,2232925501,2232925501,0,0,0,0,0,0,0,0,4096,256,131072,4,15|4,0,67108864,262144,256,0,0,0,0,400,0,388,0,100,97,0,1,400,0|78,2860553442,2,0,0,25427968,0,25427968,0,78216,0,0,97,0,0,0,0,0,0,0,7042743,0,0,0,0,0
1786190334065|1003|lane1_unavailable|rotating|68,1378943233,33558033,36638070,0,36324829,0,36324829,0,34717,0,34617,0,0,0,3324,0,1068557942,0,4096,0,0,0,34617,0,2217855662,0,2217855670,0,0,0,0,0,0,0,0,0,4096,256,131072,4,15|4,0,67108864,262144,256,0,0,0,0,400,0,388,0,100,97,0,1,400,0|78,2267073427,2,25680896,0,0,0,0,0,27268418,0,97,0,1922895377,0,1922895377,0,2067,1910155135,0,19541938,0,0,0,0,0
1786190339076|1003|lane1_unavailable|fixed|70,1378943233,16781056,42650567,0,364598,0,364598,0,7738,0,3869,0,0,0,40296,0,24718768,24718768,4096,4096,0,0,3869,3869,2553759515,2553759515,2553759523,2553759523,0,0,0,0,0,0,0,0,4096,256,131072,4,15|4,0,67108864,262144,256,0,0,0,0,464,0,452,0,117,114,0,1,468,0|80,3181657404,2,0,0,29884416,0,29884416,0,91314,0,0,114,0,0,0,0,0,0,0,7077625,0,0,0,0,0
1786190339076|1003|lane1_unavailable|rotating|70,1378943233,33555165,42737672,0,42372227,0,42372227,0,40497,0,40378,0,0,0,3878,0,1246402392,0,4096,0,0,0,40379,0,2537732055,0,2537732063,0,0,0,0,0,0,0,0,0,4096,256,131072,4,15|4,0,67108864,262144,256,0,0,0,0,468,0,456,0,117,114,0,1,468,0|80,2587758311,2,29955552,0,0,0,0,0,31812899,0,114,0,2242511597,0,2242511597,0,2080,2228401775,0,21751455,0,0,0,0,0
1786190344083|1003|lane1_unavailable|fixed|72,1378943233,16781056,48760863,0,416898,0,416898,0,8848,0,4424,0,0,0,46069,0,28264664,28264664,4096,4096,0,0,4424,4424,2874247190,2874247190,2874247198,2874247198,0,0,0,0,0,0,0,0,4096,256,131072,4,15|4,0,67108864,262144,256,0,0,0,0,532,0,520,0,133,130,0,1,532,0|82,3502428654,2,0,0,34078720,0,34078720,0,104389,0,0,130,0,0,0,0,0,0,0,7113043,0,0,0,0,0
1786190344083|1003|lane1_unavailable|rotating|72,1378943233,33555165,48860559,0,48442813,0,48442813,0,46298,0,46163,0,0,0,4433,0,1424979755,0,4096,0,0,0,46164,0,2858787957,0,2858787965,0,0,0,0,0,0,0,0,0,4096,256,131072,4,15|4,0,67108864,262144,256,0,0,0,0,532,0,520,0,133,130,0,1,532,0|82,2908227443,2,34228896,0,0,0,0,0,36354994,0,130,0,2561912393,0,2561912393,0,2080,2546566657,0,23831603,0,0,0,0,0
1786190349083|1003|lane1_unavailable|fixed|74,1378943233,16781056,54867845,0,469105,0,469105,0,9956,0,4978,0,0,0,51839,0,31804152,31804152,4096,4096,0,0,4978,4978,3194496987,3194496987,3194496995,3194496995,0,0,0,0,0,0,0,0,4096,256,131072,4,15|4,0,67108864,262144,256,0,0,0,0,596,0,584,0,149,146,0,1,596,0|84,3822529122,2,0,0,38273024,0,38273024,0,117418,0,0,146,0,0,0,0,0,0,0,7146765,0,0,0,0,0
1786190349083|1003|lane1_unavailable|rotating|74,1378943233,33555165,54981697,0,54511648,0,54511648,0,52098,0,51946,0,0,0,4988,0,1603486944,0,4096,0,0,0,51947,0,3179726530,0,3179726538,0,0,0,0,0,0,0,0,0,4096,256,131072,4,15|4,0,67108864,262144,256,0,0,0,0,596,0,584,0,149,146,0,1,596,0|84,3229914732,2,38525952,0,0,0,0,0,40914888,0,146,0,2882525418,0,2882525418,0,2080,2865948435,0,25912175,0,0,0,0,0
1786190354089|1003|lane1_unavailable|fixed|76,1378943233,16781056,60976136,0,521313,0,521313,0,11064,0,5532,0,0,0,57609,0,35343600,35343600,4096,4096,0,0,5532,5532,3514740848,3514740848,3514740864,3514740864,0,0,0,0,0,0,0,0,4096,256,131072,4,15|4,0,67108864,262144,256,0,0,0,0,660,0,648,0,165,162,0,1,660,0|86,4142930886,2,0,0,42467328,0,42467328,0,130492,0,0,162,0,0,0,0,0,0,0,7185257,0,0,0,0,0
1786190354089|1003|lane1_unavailable|rotating|76,1378943233,33558272,61077065,0,60554813,0,60554813,0,57873,0,57705,0,0,0,5542,0,1781241352,0,4096,0,0,0,57705,0,3499419182,0,3499419190,0,0,0,0,0,0,0,0,0,4096,256,131072,4,15|4,0,67108864,262144,256,0,0,0,0,664,0,652,0,166,163,0,1,664,0|86,3549034025,2,42776896,0,0,0,0,0,45436837,0,163,0,3200581975,0,3200581975,0,2080,3182636526,0,28115487,0,0,0,0,0
1786190359093|1003|lane1_unavailable|fixed|78,1378943233,16781056,67081949,0,573611,0,573611,0,12174,0,6087,0,0,0,63378,0,38889472,38889472,4096,4096,0,0,6087,6087,3835224603,3835224603,3835224611,3835224611,0,0,0,0,0,0,0,0,4096,256,131072,4,15|4,0,67108864,262144,256,0,0,0,0,728,0,716,0,182,179,0,1,728,0|88,168865510,3,0,0,46923776,0,46923776,0,143567,0,0,179,0,0,0,0,0,0,0,7216362,0,0,0,0,0
1786190359093|1003|lane1_unavailable|rotating|78,1378943233,33555165,67220018,0,66645276,0,66645276,0,63693,0,63508,0,0,0,6099,0,1960391743,0,4096,0,0,0,63509,0,3821486289,0,3821486297,0,0,0,0,0,0,0,0,0,4096,256,131072,4,15|4,0,67108864,262144,256,0,0,0,0,728,0,716,0,182,179,0,1,728,0|88,3870260537,2,47066048,0,0,0,0,0,49990410,0,179,0,3520736199,0,3520736199,0,2080,3501555737,0,30198128,0,0,0,0,0
1786190364101|1003|lane1_unavailable|fixed|80,1378943233,16781056,73196387,0,625819,0,625819,0,13282,0,6641,0,0,0,69155,0,42428992,42428992,4096,4096,0,0,6641,6641,4155476352,4155476352,4155476360,4155476360,0,0,0,0,0,0,0,0,4096,256,131072,4,15|4,0,67108864,262144,256,0,0,0,0,792,0,780,0,198,195,0,1,792,0|90,489684814,3,0,0,51118080,0,51118080,0,156643,0,0,195,0,0,0,0,0,0,0,7244939,0,0,0,0,0
1786190364101|1003|lane1_unavailable|rotating|80,1378943233,33558272,73306759,0,72679997,0,72679997,0,69460,0,69260,0,0,0,6651,0,2137922352,0,4096,0,0,0,69260,0,4140670261,0,4140670269,0,0,0,0,0,0,0,0,0,4096,256,131072,4,15|4,0,67108864,262144,256,0,0,0,0,792,0,780,0,198,195,0,1,792,0|90,4190069876,2,51331488,0,0,0,0,0,54522992,0,195,0,3839479178,0,3839479178,0,2080,3819058765,0,32280616,0,0,0,0,0
1786190369107|1003|lane1_unavailable|fixed|82,1378943233,16781056,79308798,0,678121,0,678121,0,14392,0,7196,0,0,0,74930,0,45974816,45974816,4096,4096,0,0,7196,7196,181351076,181351076,181351084,181351084,0,0,0,0,0,0,0,0,4096,256,131072,4,15|4,0,67108864,262144,256,0,0,0,0,856,0,844,0,214,211,0,1,856,0|92,808748012,3,0,0,55312384,0,55312384,0,169647,0,0,211,0,0,0,0,0,0,0,7276586,0,0,0,0,0
1786190369107|1003|lane1_unavailable|rotating|82,1378943233,33555165,79403777,0,78724905,0,78724905,0,75236,0,75019,0,0,0,7204,0,2315715748,0,4096,0,0,0,75020,0,165365277,0,165365285,0,0,0,0,0,0,0,0,0,4096,256,131072,4,15|4,0,67108864,262144,256,0,0,0,0,860,0,848,0,215,212,0,1,860,0|92,216425541,3,55621952,0,0,0,0,0,59076150,0,212,0,4159729523,0,4159729523,0,2080,4137941274,0,34491783,0,0,0,0,0
1786190374117|1003|lane1_unavailable|fixed|84,1378943233,16781056,85425266,0,730324,0,730324,0,15500,0,7750,0,0,0,80708,0,49514280,49514280,4096,4096,0,0,7750,7750,501602815,501602815,501602823,501602823,0,0,0,0,0,0,0,0,4096,256,131072,4,15|4,0,67108864,262144,256,0,0,0,0,924,0,912,0,231,228,0,1,924,0|94,1128476038,3,0,0,59768832,0,59768832,0,182698,0,0,228,0,0,0,0,0,0,0,7314432,0,0,0,0,0
1786190374117|1003|lane1_unavailable|rotating|84,1378943233,33556121,85485539,0,84754649,0,84754649,0,80999,0,80765,0,0,0,7756,0,2493063251,0,4096,0,0,0,80766,0,484331793,0,484331801,0,0,0,0,0,0,0,0,0,4096,256,131072,4,15|4,0,67108864,262144,256,0,0,0,0,924,0,912,0,231,228,0,1,924,0|94,533774012,3,59855776,0,0,0,0,0,63574292,0,228,0,181052242,1,181052242,1,2080,158015212,1,36576313,0,0,0,0,0
1786190379117|1003|lane1_unavailable|fixed|86,1378943233,16781056,91523040,0,782531,0,782531,0,16608,0,8304,0,0,0,86469,0,53053784,53053784,4096,4096,0,0,8304,8304,821502688,821502688,821502696,821502696,0,0,0,0,0,0,0,0,4096,256,131072,4,15|4,0,67108864,262144,256,0,0,0,0,988,0,976,0,247,244,0,1,988,0|96,1449006894,3,0,0,63963136,0,63963136,0,195774,0,0,244,0,0,0,0,0,0,0,7348125,0,0,0,0,0
1786190379117|1003|lane1_unavailable|rotating|86,1378943233,33558033,91599508,0,90816316,0,90816316,0,86792,0,86542,0,0,0,8311,0,2671384296,0,4096,0,0,0,86543,0,804951093,0,804951077,0,0,0,0,0,0,0,0,0,4096,256,131072,4,15|4,0,67108864,262144,256,0,0,0,0,988,0,976,0,247,244,0,1,988,0|96,853743142,3,64121216,0,0,0,0,0,68109065,0,244,0,499955012,1,499955012,1,2080,475677725,1,38659107,0,0,0,0,0
1786190388751|1004|lane1_clean64|fixed|90,1378943233,16781056,6147741,6063506,69737,0,69737,0,1480,0,740,0,0,0,5796,5796,4727776,4727776,4096,4096,0,0,740,740,1438544407,1438544407,1438544415,1438544415,0,0,0,0,0,0,0,0,4096,256,131072,4,15|4,0,67108864,262144,256,0,0,0,0,100,0,88,0,25,22,0,1,100,0|104,2066939580,3,0,0,5767168,0,5767168,0,17669,0,0,22,0,0,0,0,0,0,0,6897901,0,0,0,0,0
1786190388751|1004|lane1_clean64|rotating|90,1378943233,33558272,6265404,6179107,6194350,6179107,6194350,6179107,5930,5907,5907,5907,0,0,754,0,182338184,181978608,4096,4096,0,0,5907,5907,1423732811,1423733176,1423732827,1423733184,0,0,0,0,0,0,0,0,4096,256,131072,4,15|4,0,67108864,262144,256,0,0,0,0,100,0,88,0,25,22,0,1,100,0|104,1472354776,3,5869920,0,0,0,0,0,6224043,0,22,0,326119403,0,326119403,0,2080,319234037,0,9777000,0,0,0,0,0
1786190393760|1004|lane1_clean64|fixed|92,1378943233,16781056,12415206,12243481,140976,0,140976,0,2992,0,1496,0,0,0,11708,11708,9557856,9557856,4096,4096,0,0,1496,1496,1758781104,1758781104,1758781112,1758781112,0,0,0,0,0,0,0,0,4096,256,131072,4,15|4,0,67108864,262144,256,0,0,0,0,188,0,176,0,47,44,0,1,188,0|106,2387668563,3,0,0,11534336,0,11534336,0,35503,0,0,44,0,0,0,0,0,0,0,6945029,0,0,0,0,0
1786190393760|1004|lane1_clean64|rotating|92,1378943233,33558272,12853994,12676606,12708020,12676606,12708020,12676606,12168,12122,12122,12122,0,0,1549,0,374182856,373446632,4096,4096,0,0,12122,12122,1760480625,1760480942,1760480633,1760480950,0,0,0,0,0,0,0,0,4096,256,131072,4,15|4,0,67108864,262144,256,0,0,0,0,192,0,180,0,48,45,0,1,192,0|106,1811954055,3,12049408,0,0,0,0,0,12776769,0,45,0,664173810,0,664173810,0,2080,655527401,0,12759478,0,0,0,0,0
1786190398769|1004|lane1_clean64|fixed|94,1378943233,16781056,18972632,18710655,215423,0,215423,0,4572,0,2286,0,0,0,17891,17891,14605136,14605136,4096,4096,0,0,2286,2286,2093882614,2093882614,2093882622,2093882622,0,0,0,0,0,0,0,0,4096,256,131072,4,15|4,0,67108864,262144,256,0,0,0,0,280,0,268,0,70,67,0,1,280,0|108,2722423358,3,0,0,17563648,0,17563648,0,54091,0,0,67,0,0,0,0,0,0,0,6991859,0,0,0,0,0
1786190398769|1004|lane1_clean64|rotating|94,1378943233,33558272,19088734,18825243,18871989,18825243,18871989,18825243,18069,18001,18001,18001,0,0,2300,0,555656360,554560960,4096,4096,0,0,18001,18001,2079053728,2079054061,2079053736,2079054069,0,0,0,0,0,0,0,0,4096,256,131072,4,15|4,0,67108864,262144,256,0,0,0,0,280,0,268,0,71,68,0,1,284,0|108,2130555609,3,17833696,0,0,0,0,0,18922106,0,68,0,981329292,0,981329292,0,2080,970836519,0,15742427,0,0,0,0,0
1786190403780|1004|lane1_clean64|fixed|96,1378943233,16781056,25232041,24882835,286477,0,286477,0,6080,0,3040,0,0,0,23793,23793,19422384,19422384,4096,4096,0,0,3040,3040,2413583552,2413583552,2413583560,2413583560,0,0,0,0,0,0,0,0,4096,256,131072,4,15|4,0,67108864,262144,256,0,0,0,0,368,0,356,0,92,89,0,1,368,0|110,3043441772,3,0,0,23330816,0,23330816,0,71925,0,0,89,0,0,0,0,0,0,0,7031186,0,0,0,0,0
1786190403780|1004|lane1_clean64|rotating|96,1378943233,33558272,25382219,25031365,25094047,25031365,25094047,25031365,24025,23935,23935,23935,0,0,3058,0,738828112,737373216,4096,4096,0,0,23935,23935,2400581267,2400581576,2400581275,2400581592,0,0,0,0,0,0,0,0,4096,256,131072,4,15|4,0,67108864,262144,256,0,0,0,0,372,0,360,0,93,90,0,1,372,0|110,2451009235,3,23664096,0,0,0,0,0,25107350,0,90,0,1300325318,0,1300325318,0,2080,1288130489,0,18595547,0,0,0,0,0
1786190408782|1004|lane1_clean64|fixed|98,1378943233,16781056,31478612,31042806,357438,0,357438,0,7586,0,3793,0,0,0,29682,29682,24233280,24233280,4096,4096,0,0,3793,3793,2732854991,2732854991,2732854999,2732854999,0,0,0,0,0,0,0,0,4096,256,131072,4,15|4,0,67108864,262144,256,0,0,0,0,456,0,444,0,114,111,0,1,456,0|112,3361280636,3,0,0,29097984,0,29097984,0,89594,0,0,111,0,0,0,0,0,0,0,7080738,0,0,0,0,0
1786190408782|1004|lane1_clean64|rotating|98,1378943233,33558272,31594837,31156846,31235989,31156846,31235989,31156846,29904,29792,29792,29792,0,0,3808,0,919621264,917791824,4096,4096,0,0,29792,29792,2717972526,2717951115,2717972534,2717951123,0,0,0,0,0,0,0,0,4096,256,131072,4,15|4,0,67108864,262144,256,0,0,0,0,460,0,448,0,115,112,0,1,460,0|112,2767086661,3,29415456,0,0,0,0,0,31208082,0,112,0,1614964904,0,1614964904,0,2080,1601051010,0,21448706,0,0,0,0,0
1786190413789|1004|lane1_clean64|fixed|100,1378943233,16781056,37732332,37208383,428491,0,428491,0,9094,0,4547,0,0,0,35579,35579,29050480,29050480,4096,4096,0,0,4547,4547,3052555501,3052555501,3052555509,3052555509,0,0,0,0,0,0,0,0,4096,256,131072,4,15|4,0,67108864,262144,256,0,0,0,0,548,0,536,0,137,134,0,1,548,0|114,3680584613,3,0,0,35127296,0,35127296,0,107334,0,0,134,0,0,0,0,0,0,0,7124097,0,0,0,0,0
1786190413789|1004|lane1_clean64|rotating|100,1378943233,33554687,37858281,37332099,37428379,37332099,37428379,37332099,35833,35698,35697,35697,0,0,4562,0,1101917187,1099728294,4096,4096,0,0,35698,35698,3038110282,3038110295,3038110290,3038110303,0,0,0,0,0,0,0,0,4096,256,131072,4,15|4,0,67108864,262144,256,0,0,0,0,548,0,536,0,137,134,0,1,548,0|114,3087499083,3,35237952,0,0,0,0,0,37392128,0,134,0,1933921702,0,1933921702,0,2080,1918304552,0,24301329,0,0,0,0,0
1786190418790|1004|lane1_clean64|fixed|102,1378943233,16781056,43979285,43368614,499354,0,499354,0,10598,0,5299,0,0,0,41468,41468,33854976,33854976,4096,4096,0,0,5299,5299,3371397390,3371397390,3371397398,3371397398,0,0,0,0,0,0,0,0,4096,256,131072,4,15|5,0,67108864,262144,256,0,0,0,0,636,0,624,0,159,156,0,1,636,0|116,3999574196,3,0,0,40894464,0,40894464,0,125074,0,0,156,0,0,0,0,0,0,0,7170546,0,0,0,0,0
1786190418790|1004|lane1_clean64|rotating|102,1378943233,33554687,44076019,43463590,43575535,43463590,43575535,43463590,41717,41560,41559,41559,0,0,5311,0,1282864297,1280317268,4096,4096,0,0,41560,41560,3355769137,3355769110,3355769145,3355769118,0,0,0,0,0,0,0,0,4096,256,131072,4,15|4,0,67108864,262144,256,0,0,0,0,636,0,624,0,159,156,0,1,636,0|116,3405864542,3,41028832,0,0,0,0,0,43537277,0,156,0,2250839441,0,2250839441,0,2080,2233511479,0,27154720,0,0,0,0,0
1786190423812|1004|lane1_clean64|fixed|104,1378943233,16781056,50251199,49552929,570690,0,570690,0,12112,0,6056,0,0,0,47380,47380,38691416,38691416,4096,4096,0,0,6056,6056,3692190542,3692190542,3692190550,3692190550,0,0,0,0,0,0,0,0,4096,256,131072,4,15|4,0,67108864,262144,256,0,0,0,0,724,0,712,0,181,178,0,1,724,0|118,26043347,4,0,0,46661632,0,46661632,0,142932,0,0,178,0,0,0,0,0,0,0,7210169,0,0,0,0,0
1786190423812|1004|lane1_clean64|rotating|104,1378943233,33554687,50383467,49683792,49811361,49683792,49811361,49683792,47685,47507,47505,47505,0,0,6071,0,1466399996,1463493207,4096,4096,0,0,47506,47506,3677933935,3677933972,3677933951,3677933980,0,0,0,0,0,0,0,0,4096,256,131072,4,15|4,0,67108864,262144,256,0,0,0,0,724,0,712,0,181,178,0,1,724,0|118,3728525834,3,46898752,0,0,0,0,0,49766424,0,178,0,2572033253,0,2572033253,0,2080,2553011450,0,30008110,0,0,0,0,0
1786190428820|1004|lane1_clean64|fixed|106,1378943233,16781056,56506669,55720588,641650,0,641650,0,13618,0,6809,0,0,0,53278,53278,43502328,43502328,4096,4096,0,0,6809,6809,4011461605,4011461605,4011461613,4011461613,0,0,0,0,0,0,0,0,4096,256,131072,4,15|4,0,67108864,262144,256,0,0,0,0,812,0,800,0,203,200,0,1,812,0|120,345363636,4,0,0,52428800,0,52428800,0,160672,0,0,200,0,0,0,0,0,0,0,7255632,0,0,0,0,0
1786190428820|1004|lane1_clean64|rotating|106,1378943233,33554687,56635927,55848269,55992768,55848269,55992768,55848269,53602,53402,53400,53400,0,0,6825,0,1648371361,1645105348,4096,4096,0,0,53401,53401,3997373411,3997373384,3997373419,3997373392,0,0,0,0,0,0,0,0,4096,256,131072,4,15|4,0,67108864,262144,256,0,0,0,0,812,0,800,0,203,200,0,1,816,0|120,4047430040,3,52698848,0,0,0,0,0,55917862,0,201,0,2889487435,0,2889487435,0,2080,2868623088,0,32990633,0,0,0,0,0
1786190433821|1004|lane1_clean64|fixed|108,1378943233,16781056,62755442,61883021,712609,0,712609,0,15124,0,7562,0,0,0,59170,59170,48313176,48313176,4096,4096,0,0,7562,7562,35765366,35765366,35765374,35765374,0,0,0,0,0,0,0,0,4096,256,131072,4,15|4,0,67108864,262144,256,0,0,0,0,900,0,888,0,225,222,0,1,900,0|122,663522990,4,0,0,58195968,0,58195968,0,178341,0,0,222,0,0,0,0,0,0,0,7299865,0,0,0,0,0
1786190433821|1004|lane1_clean64|rotating|108,1378943233,33558272,62864586,61991000,62150752,61991000,62150752,61991000,59496,59275,59273,59273,0,0,7575,0,1829640264,1826015736,4096,4096,0,0,59273,59273,20614654,20614971,20614662,20614979,0,0,0,0,0,0,0,0,4096,256,131072,4,15|4,0,67108864,262144,256,0,0,0,0,904,0,892,0,226,223,0,1,904,0|122,70806013,4,58489728,0,0,0,0,0,62062513,0,223,0,3206382984,0,3206382984,0,2061,3183808247,0,35843602,0,0,0,0,0
1786190438824|1004|lane1_clean64|fixed|110,1378943233,16781056,69002929,68043885,783570,0,783570,0,16630,0,8315,0,0,0,65058,65058,53124072,53124072,4096,4096,0,0,8315,8315,355036593,355036593,355036601,355036601,0,0,0,0,0,0,0,0,4096,256,131072,4,15|4,0,67108864,262144,256,0,0,0,0,988,0,976,0,247,244,0,1,988,0|124,982252116,4,0,0,63963136,0,63963136,0,196057,0,0,244,0,0,0,0,0,0,0,7344576,0,0,0,0,0
1786190438824|1004|lane1_clean64|rotating|110,1378943233,33557555,69120127,68159965,68335241,68159965,68335241,68159965,65415,65172,65169,65169,0,0,8329,0,2011642533,2007660368,4096,4096,0,0,65170,65170,340125397,340125426,340125405,340125434,0,0,0,0,0,0,0,0,4096,256,131072,4,15|4,0,67108864,262144,256,0,0,0,0,992,0,980,0,248,245,0,1,992,0|124,389223672,4,64280608,0,0,0,0,0,68210045,0,245,0,3523352923,0,3523352923,0,2080,3499067662,0,38696705,0,0,0,0,0
1786190447493|1005|lane2_unavailable|fixed|114,1378943233,16778427,5995853,5944212,5944604,5944212,5944604,5944212,5680,5664,5663,5663,0,0,543,0,174821954,174819545,4096,4096,0,0,5664,5664,909558882,909558883,909558890,909558891,0,0,0,0,0,0,0,0,4096,256,131072,4,15|4,0,67108864,262144,256,0,0,0,0,76,0,64,0,19,16,0,1,76,0|132,1539200444,4,4273344,0,0,0,0,0,4534887,0,16,0,323990957,0,323990957,0,2080,317577993,0,8987926,0,0,0,0,0
1786190447493|1005|lane2_unavailable|rotating|114,1378943233,33558272,6149766,6096924,52575,0,52575,0,1114,0,557,0,0,0,5809,5809,3558648,3558648,4096,4096,0,0,557,557,896364541,896364541,896364557,896364557,0,0,0,0,0,0,0,0,4096,256,131072,4,15|4,0,67108864,262144,256,0,0,0,0,76,0,64,0,19,16,0,1,76,0|132,947661845,4,0,0,4194304,0,4194304,0,13332,0,0,16,0,0,0,0,0,0,0,6884702,0,0,0,0,0
1786190452502|1005|lane2_unavailable|fixed|116,1378943233,16778427,12071761,11967052,11968411,11967052,11968411,11967052,11437,11404,11403,11403,0,0,1095,0,351991015,351991736,4096,4096,0,0,11404,11404,1228197206,1228197238,1228197214,1228197214,0,0,0,0,0,0,0,0,4096,256,131072,4,15|4,0,67108864,262144,256,0,0,0,0,140,0,128,0,35,32,0,1,140,0|134,1855557145,4,8491360,0,0,0,0,0,9019273,0,32,0,639293154,0,639293154,0,2080,631646520,0,11053951,0,0,0,0,0
1786190452502|1005|lane2_unavailable|rotating|116,1378943233,33558272,12182084,12076507,104202,0,104202,0,2208,0,1104,0,0,0,11507,11507,7053400,7053400,4096,4096,0,0,1104,1104,1212484254,1212484254,1212484262,1212484262,0,0,0,0,0,0,0,0,4096,256,131072,4,15|4,0,67108864,262144,256,0,0,0,0,140,0,128,0,35,32,0,1,140,0|134,1263837507,4,0,0,8388608,0,8388608,0,26239,0,0,32,0,0,0,0,0,0,0,6918570,0,0,0,0,0
1786190457508|1005|lane2_unavailable|fixed|118,1378943233,16778427,18156023,17999082,18000571,17999082,18000571,17999082,17206,17157,17156,17156,0,0,1647,0,529584144,529580377,4096,4096,0,0,17157,17157,1547477799,1547477769,1547477783,1547477777,0,0,0,0,0,0,0,0,4096,256,131072,4,15|4,0,67108864,262144,256,0,0,0,0,204,0,192,0,51,48,0,1,204,0|136,2175017757,4,12756800,0,0,0,0,0,13543356,0,48,0,957687406,0,957687406,0,2080,948815998,0,13121262,0,0,0,0,0
1786190457508|1005|lane2_unavailable|rotating|118,1378943233,33558272,18268158,18110380,156395,0,156395,0,3314,0,1657,0,0,0,17262,17262,10586440,10586440,4096,4096,0,0,1657,1657,1532130559,1532130559,1532130567,1532130567,0,0,0,0,0,0,0,0,4096,256,131072,4,15|4,0,67108864,262144,256,0,0,0,0,204,0,192,0,51,48,0,1,204,0|136,1582153292,4,0,0,12582912,0,12582912,0,39239,0,0,48,0,0,0,0,0,0,0,6952395,0,0,0,0,0
1786190462513|1005|lane2_unavailable|fixed|120,1378943233,16778666,24247532,24039130,24039980,24039130,24039980,24039130,22977,22912,22912,22911,0,0,2199,0,707248592,707241424,4096,4096,0,0,22912,22912,1866832515,1866877449,1866832523,1866877441,0,0,0,0,0,0,0,0,4096,256,131072,4,15|4,0,67108864,262144,256,0,0,0,0,268,0,256,0,67,64,0,1,268,0|138,2494853107,4,17022240,0,0,0,0,0,18076920,0,64,0,1276456396,0,1276456396,0,2074,1266360787,0,15188000,0,0,0,0,0
1786190462513|1005|lane2_unavailable|rotating|120,1378943233,33558272,24359833,24150311,208585,0,208585,0,4420,0,2210,0,0,0,23018,23018,14119560,14119560,4096,4096,0,0,2210,2210,1851297258,1851297258,1851297266,1851297266,0,0,0,0,0,0,0,0,4096,256,131072,4,15|4,0,67108864,262144,256,0,0,0,0,272,0,260,0,68,65,0,1,272,0|138,1902606821,4,0,0,17039360,0,17039360,0,52335,0,0,65,0,0,0,0,0,0,0,6988356,0,0,0,0,0
1786190467521|1005|lane2_unavailable|fixed|122,1378943233,16778427,30343624,30082018,30083885,30082018,30083885,30082018,28753,28672,28671,28670,0,0,2752,0,885023651,884996352,4096,4096,0,0,28672,28671,2186459715,2186459736,2186459723,2186459712,0,0,0,0,0,0,0,0,4096,256,131072,4,15|4,0,67108864,262144,256,0,0,0,0,336,0,324,0,84,81,0,1,336,0|140,2814241909,4,21281088,0,0,0,0,0,22602084,0,81,0,1594780486,0,1594780486,0,2080,1583320052,0,17389368,0,0,0,0,0
1786190467521|1005|lane2_unavailable|rotating|122,1378943233,33558272,30450084,30188221,260781,0,260781,1,5526,0,2763,0,0,0,28771,28771,17652672,17652672,4096,4096,0,11,2763,2763,2171077998,2171077998,2171078006,2171078006,0,1903661501,0,1903661501,0,0,0,0,4096,256,131072,4,15|4,0,67108864,262144,256,0,0,0,0,336,0,324,0,84,81,0,1,336,0|140,2220153676,4,0,0,21233664,0,21233664,0,65290,0,0,81,0,0,0,0,0,0,0,7023917,0,0,0,0,0
1786190472532|1005|lane2_unavailable|fixed|124,1378943233,16778427,36442328,36129533,36130298,36129533,36130298,36129533,34532,34434,34433,34432,0,0,3306,0,1062882560,1062854785,4096,4096,0,0,34434,34433,2506335784,2506335764,2506335760,2506335772,0,0,0,0,0,0,0,0,4096,256,131072,4,15|4,0,67108864,262144,256,0,0,0,0,400,0,388,0,100,97,0,1,400,0|142,3133924665,4,25549704,0,0,0,0,0,27133377,0,97,0,1913396088,0,1913396088,0,2080,1900713816,0,19454258,0,0,0,0,0
1786190472532|1005|lane2_unavailable|rotating|124,1378943233,33558272,36550172,36237186,312977,0,312977,2,6632,0,3316,0,0,0,34534,34534,21185752,21185752,4096,4096,0,11,3316,3316,2490726131,2490726131,2490726139,2490726139,0,2482488168,0,2482488168,0,0,0,0,4096,256,131072,4,15|4,0,67108864,262144,256,0,0,0,0,400,0,388,0,100,97,0,1,400,0|142,2541078036,4,0,0,25427968,0,25427968,0,78385,0,0,97,0,0,0,0,0,0,0,7059318,0,0,0,0,0
1786190477532|1005|lane2_unavailable|fixed|126,1378943233,16778427,42538011,42173690,42173785,42173690,42173785,42173690,40306,40191,40190,40189,0,0,3859,0,1240598696,1240570026,4096,4096,0,0,40191,40190,2825834071,2825834051,2825834055,2825834059,0,0,0,0,0,0,0,0,4096,256,131072,4,15|4,0,67108864,262144,256,0,0,0,0,464,0,452,0,116,113,0,1,464,0|144,3453195265,4,29811968,0,0,0,0,0,31660083,0,113,0,2231601122,0,2231601122,0,2080,2217690743,0,21524387,0,0,0,0,0
1786190477532|1005|lane2_unavailable|rotating|126,1378943233,33558272,42651147,42286703,365167,0,365167,2,7738,0,3869,0,0,0,40297,40297,24718768,24718768,4096,4096,0,11,3869,3869,2810375264,2810375264,2810375272,2810375272,0,2482488168,0,2482488168,0,0,0,0,4096,256,131072,4,15|4,0,67108864,262144,256,0,0,0,0,464,0,452,0,116,113,0,1,468,0|144,2860463255,4,0,0,29884416,0,29884416,0,91456,0,0,114,0,0,0,0,0,0,0,7093850,0,0,0,0,0
1786190482548|1005|lane2_unavailable|fixed|128,1378943233,16778427,48659437,48244636,48242833,48244636,48242833,48244636,46106,45976,45974,45974,0,0,4414,0,1419154257,1419147638,4096,4096,0,0,45975,45975,3146838836,3146838815,3146838852,3146838831,0,0,0,0,0,0,0,0,4096,256,131072,4,15|4,0,67108864,262144,256,0,0,0,0,532,0,520,0,133,130,0,1,532,0|146,3775151778,4,34102432,0,0,0,0,0,36221491,0,130,0,2552485019,0,2552485019,0,2080,2537221733,0,23720625,0,0,0,0,0
1786190482548|1005|lane2_unavailable|rotating|128,1378943233,33558272,48774948,48358346,417644,0,417644,4,8850,0,4425,0,0,0,46084,46083,28271064,28271064,4096,4096,0,11,4425,4425,3131434463,3131434463,3131434471,3131434471,0,3066376304,0,3066376304,0,0,0,0,4096,256,131072,4,15|4,0,67108864,262144,256,0,0,0,0,532,0,520,0,133,130,0,1,532,0|146,3182963139,4,0,0,34078720,0,34078720,0,104600,0,0,130,0,0,0,0,0,0,0,7127834,0,0,0,0,0
1786190487571|1005|lane2_unavailable|fixed|130,1378943233,16778427,54807391,54339587,54338025,54339587,54338025,54339587,51931,51784,51783,51782,0,0,4973,0,1598439520,1598431805,4096,4096,0,0,51783,51783,3469285768,3469288875,3469285776,3469288883,0,0,0,0,0,0,0,0,4096,256,131072,4,15|4,0,67108864,262144,256,0,0,0,0,596,0,584,0,149,146,0,1,596,0|148,4096304843,4,38391584,0,0,0,0,0,40774038,0,146,0,2872565796,0,2872565796,0,2080,2856081853,0,25788910,0,0,0,0,0
1786190487571|1005|lane2_unavailable|rotating|130,1378943233,33558272,54898820,54429281,470123,0,470123,5,9962,0,4981,0,0,0,51869,51868,31823336,31823336,4096,4096,0,11,4981,4981,3452848640,3452848640,3452848648,3452848648,0,3427316824,0,3427316824,0,0,0,0,4096,256,131072,4,15|4,0,67108864,262144,256,0,0,0,0,596,0,584,0,149,146,0,1,596,0|148,3502393582,4,0,0,38273024,0,38273024,0,117649,0,0,146,0,0,0,0,0,0,0,7162334,0,0,0,0,0
1786190492573|1005|lane2_unavailable|fixed|132,1378943233,16778427,60897920,60376812,60376453,60376812,60376453,60376812,57701,57537,57536,57535,0,0,5525,0,1776034297,1776004552,4096,4096,0,0,57537,57536,3788545783,3788545812,3788545799,3788545780,0,0,0,0,0,0,0,0,4096,256,131072,4,15|4,0,67108864,262144,256,0,0,0,0,660,0,648,0,165,162,0,1,660,0|150,121791489,5,42664928,0,0,0,0,0,45317049,0,162,0,3191951402,0,3191951402,0,2080,3174243561,0,27857042,0,0,0,0,0
1786190492573|1005|lane2_unavailable|rotating|132,1378943233,33558272,61012420,60491349,522408,0,522408,5,11070,0,5535,0,0,0,57644,57644,35362744,35362744,4096,4096,0,11,5535,5535,3773086144,3773086144,3773086152,3773086152,0,3427316824,0,3427316824,0,0,0,0,4096,256,131072,4,15|5,0,67108864,262144,256,0,0,0,0,664,0,652,0,166,163,0,1,664,0|150,3824968810,4,0,0,42729472,0,42729472,0,130837,0,0,163,0,0,0,0,0,0,0,7194292,0,0,0,0,0
1786190497581|1005|lane2_unavailable|fixed|134,1378943233,16778427,67010704,66438155,66436859,66438155,66436859,66438155,63493,63313,63311,63311,0,0,6080,0,1954313117,1954303986,4096,4096,0,0,63312,63312,4109065057,4109065068,4109065065,4109065076,0,0,0,0,0,0,0,0,4096,256,131072,4,15|4,0,67108864,262144,256,0,0,0,0,728,0,716,0,182,179,0,1,728,0|152,443639239,5,46963296,0,0,0,0,0,49876757,0,179,0,3512724560,0,3512724560,0,2080,3493664931,0,30053858,0,0,0,0,0
1786190497581|1005|lane2_unavailable|rotating|134,1378943233,33558272,67155853,66582283,575073,0,575073,7,12186,0,6093,0,0,0,63449,63449,38927824,38927824,4096,4096,0,12,6093,6093,4095322439,4095322439,4095322447,4095322447,0,4080378435,0,4080378435,0,0,0,0,4096,256,131072,4,15|4,0,67108864,262144,256,0,0,0,0,728,0,716,0,182,179,0,1,728,0|152,4147845989,4,0,0,46923776,0,46923776,0,144005,0,0,179,0,0,0,0,0,0,0,7223580,0,0,0,0,0
1786190502602|1005|lane2_unavailable|fixed|136,1378943233,16778427,73131492,72506500,72505169,72506500,72505169,72506500,69299,69102,69100,69100,0,0,6636,0,2133000944,2132994139,4096,4096,0,0,69101,69101,135468485,135468469,135468453,135468477,0,0,0,0,0,0,0,0,4096,256,131072,4,15|4,0,67108864,262144,256,0,0,0,0,792,0,780,0,198,195,0,1,792,0|154,763382730,5,51228736,0,0,0,0,0,54404167,0,195,0,3831401691,0,3831401691,0,2080,3811117627,0,32120830,0,0,0,0,0
1786190502602|1005|lane2_unavailable|rotating|136,1378943233,33558272,73258020,72631254,627364,0,627364,8,13294,0,6647,0,0,0,69220,69219,42467312,42467312,4096,4096,0,12,6647,6647,120591506,120591506,120591514,120591514,0,27059517,0,27059517,0,0,0,0,4096,256,131072,4,15|4,0,67108864,262144,256,0,0,0,0,792,0,780,0,198,195,0,1,792,0|154,172398517,5,0,0,51118080,0,51118080,0,157053,0,0,195,0,0,0,0,0,0,0,7252313,0,0,0,0,0
1786190507615|1005|lane2_unavailable|fixed|138,1378943233,16778427,79262204,78584461,78583307,78584461,78583307,78584461,75112,74899,74897,74897,0,0,7193,0,2311939185,2311931993,4096,4096,0,0,74898,74898,457142793,457142793,457142809,457142801,0,0,0,0,0,0,0,0,4096,256,131072,4,15|4,0,67108864,262144,256,0,0,0,0,856,0,844,0,214,211,0,1,856,0|156,1086478716,5,55541600,0,0,0,0,0,58980527,0,211,0,4153419461,0,4153419461,0,2080,4131922868,0,34186078,0,0,0,0,0
1786190507615|1005|lane2_unavailable|rotating|138,1378943233,33558272,79421163,78742021,680308,0,680308,9,14416,0,7208,0,0,0,75048,75048,46051488,46051488,4096,4096,0,12,7208,7208,444462771,444462771,444462779,444462779,0,208694423,0,208694423,0,0,0,0,4096,256,131072,4,15|4,0,67108864,262144,256,0,0,0,0,860,0,848,0,215,212,0,1,860,0|156,495356290,5,0,0,55574528,0,55574528,0,170242,0,0,212,0,0,0,0,0,0,0,7286344,0,0,0,0,0
1786190512626|1005|lane2_unavailable|fixed|140,1378943233,16778427,85357285,84627420,84626199,84627420,84626199,84627420,80891,80662,80660,80660,0,0,7746,0,2489840592,2489830361,4096,4096,0,0,80661,80661,776962440,776962434,776962400,776962442,0,0,0,0,0,0,0,0,4096,256,131072,4,15|4,0,67108864,262144,256,0,0,0,0,924,0,912,0,231,228,0,1,924,0|158,1404589779,5,59784640,0,0,0,0,0,63483676,0,228,0,175502468,1,175502468,1,2080,152641490,1,36383612,0,0,0,0,0
1786190512626|1005|lane2_unavailable|rotating|140,1378943233,33558272,85458675,84727931,732031,0,732031,11,15512,0,7756,0,0,0,80756,80756,49552616,49552616,4096,4096,0,12,7756,7756,761300466,761300466,761300474,761300474,0,636118259,0,636118259,0,0,0,0,4096,256,131072,4,15|4,0,67108864,262144,256,0,0,0,0,924,0,912,0,231,228,0,1,924,0|158,817103415,5,0,0,59768832,0,59768832,0,183386,0,0,228,0,0,0,0,0,0,0,7314338,0,0,0,0,0
1786190517628|1005|lane2_unavailable|fixed|142,1378943233,16778427,91541747,90759940,90757614,90759940,90757614,90759940,86755,86509,86507,86507,0,0,8308,0,2670318195,2670311570,4096,4096,0,0,86508,86508,1101540610,1101540619,1101540618,1101540627,0,0,0,0,0,0,0,0,4096,256,131072,4,15|4,0,67108864,262144,256,0,0,0,0,988,0,976,0,247,244,0,1,988,0|160,1730374432,5,64129120,0,0,0,0,0,68099470,0,244,0,500201001,1,500201001,1,2080,476132704,1,38450438,0,0,0,0,0
1786190517628|1005|lane2_unavailable|rotating|142,1378943233,33558272,91687251,90904310,785359,0,785359,12,16642,0,8321,0,0,0,86645,86645,53162344,53162344,4096,4096,0,12,8321,8321,1088005434,1088005434,1088005442,1088005442,0,945179805,0,945179805,0,0,0,0,4096,256,131072,4,15|4,0,67108864,262144,256,0,0,0,0,988,0,976,0,247,244,0,1,988,0|160,1138972864,5,0,0,63963136,0,63963136,0,196503,0,0,244,0,0,0,0,0,0,0,7349230,0,0,0,0,0
1786190527335|1006|lane2_clean64|fixed|146,1378943233,16781056,6126881,6043122,6057316,6043122,6057316,6043122,5794,5771,5771,5771,0,0,737,0,178139040,177796104,4096,4096,0,0,5771,5771,1720919831,1720920140,1720919839,1720920148,0,0,0,0,0,0,0,0,4096,256,131072,4,15|4,0,67108864,262144,256,0,0,0,0,96,0,84,0,24,21,0,1,96,0|168,2348984710,5,5765856,0,0,0,0,0,6122264,0,21,0,320473802,0,320473802,0,2080,313704808,0,9641477,0,0,0,0,0
1786190527335|1006|lane2_clean64|rotating|146,1378943233,33558272,6256621,6170684,71072,0,71072,1,1506,0,753,0,0,0,5893,5893,4810872,4810872,4096,4096,0,10,753,753,1706561151,1706561151,1706561159,1706561159,0,1533155385,0,1533155385,0,0,0,0,4096,256,131072,4,15|4,0,67108864,262144,256,0,0,0,0,100,0,88,0,25,22,0,1,100,0|168,1758118830,5,0,0,5767168,0,5767168,0,18051,0,0,22,0,0,0,0,0,0,0,6900087,0,0,0,0,0
1786190532345|1006|lane2_clean64|fixed|148,1378943233,16781056,12387393,12216843,12246669,12216843,12246669,12216843,11716,11672,11671,11671,0,0,1491,0,360259880,359558376,4096,4096,0,0,11671,11671,2040623837,2040624186,2040623845,2040624194,0,0,0,0,0,0,0,0,4096,256,131072,4,15|4,0,67108864,262144,256,0,0,0,0,188,0,176,0,47,44,0,1,188,0|170,2669159759,5,11589664,0,0,0,0,0,12302175,0,44,0,639192899,0,639192899,0,2080,630584587,0,12625865,0,0,0,0,0
1786190532345|1006|lane2_clean64|rotating|148,1378943233,33558272,12524767,12352171,142333,0,142333,1,3016,0,1508,0,0,0,11800,11800,9634544,9634544,4096,4096,0,10,1508,1508,2026692226,2026692226,2026692234,2026692234,0,1533155385,0,1533155385,0,0,0,0,4096,256,131072,4,15|4,0,67108864,262144,256,0,0,0,0,188,0,176,0,47,44,0,1,188,0|170,2077634534,5,0,0,11534336,0,11534336,0,35819,0,0,44,0,0,0,0,0,0,0,6939619,0,0,0,0,0
1786190537350|1006|lane2_clean64|fixed|150,1378943233,16777471,18642178,18384174,18430384,18384174,18430384,18384174,17633,17565,17563,17563,0,0,2244,0,542158265,541080580,4096,4096,0,0,17564,17564,2360074544,2360074549,2360074552,2360074557,0,0,0,0,0,0,0,0,4096,256,131072,4,15|4,0,67108864,262144,256,0,0,0,0,276,0,264,0,69,66,0,1,276,0|172,2988285043,5,17388448,0,0,0,0,0,18466078,0,66,0,956868487,0,956868487,0,2080,946545057,0,15485259,0,0,0,0,0
1786190537350|1006|lane2_clean64|rotating|150,1378943233,33558272,18774062,18514554,213308,0,213308,1,4520,0,2260,0,0,0,17687,17687,14439016,14439016,4096,4096,0,10,2260,2260,2345540170,2345540170,2345540178,2345540178,0,1533155385,0,1533155385,0,0,0,0,4096,256,131072,4,15|4,0,67108864,262144,256,0,0,0,0,276,0,264,0,69,66,0,1,276,0|172,2395171669,5,0,0,17301504,0,17301504,0,53492,0,0,66,0,0,0,0,0,0,0,6978136,0,0,0,0,0
1786190542356|1006|lane2_clean64|fixed|152,1378943233,16777471,24904660,24560624,24621700,24560624,24621700,24560624,23555,23465,23464,23464,0,0,2998,0,724284906,722848093,4096,4096,0,0,23464,23464,2679786536,2679786877,2679786544,2679786885,0,0,0,0,0,0,0,0,4096,256,131072,4,15|4,0,67108864,262144,256,0,0,0,0,364,0,352,0,91,88,0,1,364,0|174,3307068235,5,23187232,0,0,0,0,0,24624266,0,88,0,1274201983,0,1274201983,0,2080,1262163039,0,18345049,0,0,0,0,0
1786190542356|1006|lane2_clean64|rotating|152,1378943233,33558272,25007041,24661644,284190,0,284190,1,6022,0,3011,0,0,0,23560,23560,19237128,19237128,4096,4096,0,10,3011,3011,2663958710,2663958710,2663958718,2663958718,0,1533155385,0,1533155385,0,0,0,0,4096,256,131072,4,15|4,0,67108864,262144,256,0,0,0,0,364,0,352,0,91,88,0,1,364,0|174,2714633584,5,0,0,23068672,0,23068672,0,71282,0,0,88,0,0,0,0,0,0,0,7022345,0,0,0,0,0
1786190547366|1006|lane2_clean64|fixed|154,1378943233,16777471,31186678,30756840,30832268,30756840,30832268,30756840,29496,29384,29381,29381,0,0,3755,0,906938480,905142512,4096,4096,0,0,29382,29382,3000436021,3000436018,3000435989,3000436002,0,0,0,0,0,0,0,0,4096,256,131072,4,15|4,0,67108864,262144,256,0,0,0,0,452,0,440,0,113,110,0,1,452,0|176,3628489972,5,29033440,0,0,0,0,0,30835036,0,110,0,1594162168,0,1594162168,0,2080,1580415637,0,21207094,0,0,0,0,0
1786190547366|1006|lane2_clean64|rotating|154,1378943233,33558272,31317406,30886100,355821,0,355821,1,7540,0,3770,0,0,0,29504,29504,24086288,24086288,4096,4096,0,10,3770,3770,2985817658,2985817658,2985817666,2985817666,0,1533155385,0,1533155385,0,0,0,0,4096,256,131072,4,15|4,0,67108864,262144,256,0,0,0,0,456,0,444,0,114,111,0,1,456,0|176,3037927234,5,0,0,29097984,0,29097984,0,89286,0,0,111,0,0,0,0,0,0,0,7072196,0,0,0,0,0
1786190552378|1006|lane2_clean64|fixed|156,1378943233,16777471,37574101,37055355,37147115,37055355,37147115,37055355,35536,35401,35398,35398,0,0,4524,0,1092681448,1090510113,4096,4096,0,0,35399,35399,3326567149,3326567122,3326567117,3326567130,0,0,0,0,0,0,0,0,4096,256,131072,4,15|4,0,67108864,262144,256,0,0,0,0,544,0,532,0,136,133,0,1,544,0|178,3955162205,5,34975808,0,0,0,0,0,37144273,0,133,0,1919348809,0,1919348809,0,2080,1903784090,0,24195807,0,0,0,0,0
1786190552378|1006|lane2_clean64|rotating|156,1378943233,33557555,37696523,37176554,428406,0,428406,1,9078,0,4539,0,0,0,35514,35514,28996520,28996520,4096,4096,0,10,4539,4539,3311773823,3311773823,3311773831,3311773831,0,1533155385,0,1533155385,0,0,0,0,4096,256,131072,4,15|4,0,67108864,262144,256,0,0,0,0,544,0,532,0,136,133,0,1,544,0|178,3360764009,5,0,0,34865152,0,34865152,0,107243,0,0,133,0,0,0,0,0,0,0,7119831,0,0,0,0,0
1786190557381|1006|lane2_clean64|fixed|158,1378943233,16777471,43829006,43224066,43330949,43224066,43330949,43224066,41450,41293,41290,41290,0,0,5277,0,1274558616,1272028533,4096,4096,0,0,41291,41291,3645863816,3645863805,3645863776,3645863813,0,0,0,0,0,0,0,0,4096,256,131072,4,15|4,0,67108864,262144,256,0,0,0,0,632,0,620,0,158,155,0,1,632,0|180,4273101634,5,40758784,0,0,0,0,0,43286475,0,155,0,2235842494,0,2235842494,0,2080,2218545696,0,27068768,0,0,0,0,0
1786190557381|1006|lane2_clean64|rotating|158,1378943233,33558272,43914517,43308474,499004,0,499004,1,10574,0,5287,0,0,0,41371,41371,33778352,33778352,4096,4096,0,10,5287,5287,3628916234,3628916234,3628916242,3628916242,0,1533155385,0,1533155385,0,0,0,0,4096,256,131072,4,15|4,0,67108864,262144,256,0,0,0,0,632,0,620,0,158,155,0,1,632,0|180,3679690187,5,0,0,40632320,0,40632320,0,124986,0,0,155,0,0,0,0,0,0,0,7165326,0,0,0,0,0
1786190562392|1006|lane2_clean64|fixed|160,1378943233,16777471,50095343,49402561,49526119,49402561,49526119,49402561,47374,47195,47192,47192,0,0,6031,0,1456729892,1453840864,4096,4096,0,0,47193,47193,3965675166,3965675171,3965675174,3965675155,0,0,0,0,0,0,0,0,4096,256,131072,4,15|4,0,67108864,262144,256,0,0,0,0,720,0,708,0,180,177,0,1,720,0|182,298908661,6,46589184,0,0,0,0,0,49484215,0,177,0,2555159217,0,2555159217,0,2080,2536141794,0,29940457,0,0,0,0,0
1786190562392|1006|lane2_clean64|rotating|160,1378943233,33558272,50228047,49533749,570730,0,570730,1,12094,0,6047,0,0,0,47317,47317,38633904,38633904,4096,4096,0,10,6047,6047,3951214582,3951214582,3951214590,3951214590,0,1533155385,0,1533155385,0,0,0,0,4096,256,131072,4,15|4,0,67108864,262144,256,0,0,0,0,724,0,712,0,181,178,0,1,724,0|182,4002559968,5,0,0,46661632,0,46661632,0,142966,0,0,178,0,0,0,0,0,0,0,7208308,0,0,0,0,0
1786190567402|1006|lane2_clean64|fixed|162,1378943233,16777471,56357526,55578702,55717137,55578702,55717137,55578702,53295,53094,53091,53091,0,0,6785,0,1638831042,1635582288,4096,4096,0,0,53092,53092,4285332702,4285332707,4285332710,4285332691,0,0,0,0,0,0,0,0,4096,256,131072,4,15|4,0,67108864,262144,256,0,0,0,0,808,0,796,0,202,199,0,1,808,0|184,617418480,6,52380064,0,0,0,0,0,55637265,0,199,0,2872221316,0,2872221316,0,2080,2851496973,0,32789956,0,0,0,0,0
1786190567402|1006|lane2_clean64|rotating|162,1378943233,33558272,56457298,55677198,641516,0,641516,1,13594,0,6797,0,0,0,53185,53185,43425616,43425616,4096,4096,0,10,6797,6797,4269193066,4269193066,4269193074,4269193074,0,1533155385,0,1533155385,0,0,0,0,4096,256,131072,4,15|4,0,67108864,262144,256,0,0,0,0,812,0,800,0,203,200,0,1,812,0|184,24636221,6,0,0,52428800,0,52428800,0,160615,0,0,200,0,0,0,0,0,0,0,7255320,0,0,0,0,0
1786190572412|1006|lane2_clean64|fixed|164,1378943233,16777471,62624471,61758834,61912825,61758834,61912825,61758834,59220,58997,58994,58994,0,0,7540,0,1821030649,1817423268,4096,4096,0,0,58995,58995,310222943,310222948,310222951,310222956,0,0,0,0,0,0,0,0,4096,256,131072,4,15|4,0,67108864,262144,256,0,0,0,0,896,0,888,0,225,222,0,1,900,0|186,937724794,6,58203872,0,0,0,0,0,61823043,0,222,0,3191071678,0,3191071678,0,2080,3168495478,0,35786883,0,0,0,0,0
1786190572412|1006|lane2_clean64|rotating|164,1378943233,33558272,62717700,61850193,712682,0,712682,1,15102,0,7551,0,0,0,59082,59082,48242872,48242872,4096,4096,0,10,7551,7551,293743618,293743618,293743626,293743626,0,1533155385,0,1533155385,0,0,0,0,4096,256,131072,4,15|4,0,67108864,262144,256,0,0,0,0,900,0,888,0,225,222,0,1,900,0|186,343088865,6,0,0,58195968,0,58195968,0,178336,0,0,222,0,0,0,0,0,0,0,7295804,0,0,0,0,0
1786190577418|1006|lane2_clean64|fixed|166,1378943233,16777471,68884117,67931636,68101405,67931636,68101405,67931636,65137,64892,64889,64889,0,0,8293,0,2003016068,1999048767,4096,4096,0,0,64890,64890,629683748,629683737,629683756,629683745,0,0,0,0,0,0,0,0,4096,256,131072,4,15|4,0,67108864,262144,256,0,0,0,0,988,0,976,0,247,244,0,1,988,0|188,1257343658,6,64018464,0,0,0,0,0,67998212,0,244,0,3509236894,0,3509236894,0,2080,3484954315,0,38640932,0,0,0,0,0
1786190577418|1006|lane2_clean64|rotating|166,1378943233,33558272,68981302,68027167,783848,0,783848,1,16610,0,8305,0,0,0,64981,64981,53060184,53060184,4096,4096,0,10,8305,8305,613445740,613445740,613445748,613445748,0,1533155385,0,1533155385,0,0,0,0,4096,256,131072,4,15|4,0,67108864,262144,256,0,0,0,0,988,0,976,0,247,244,0,1,988,0|188,664111710,6,0,0,63963136,0,63963136,0,196198,0,0,244,0,0,0,0,0,0,0,7336038,0,0,0,0,0
1786190586220|1007|lane3_unavailable|fixed|170,1378943233,16781056,5988137,5936290,51076,0,51076,0,1084,0,542,0,0,0,5657,5656,3462792,3462792,4096,4096,0,0,542,542,1191937253,1191937253,1191937261,1191937261,0,0,0,0,0,0,0,0,4096,256,131072,4,15|4,0,67108864,262144,256,0,0,0,0,76,0,64,0,19,16,0,1,76,0|196,1821100974,6,0,0,4194304,0,4194304,0,12981,0,0,16,0,0,0,0,0,0,0,6889911,0,0,0,0,0
1786190586220|1007|lane3_unavailable|rotating|170,1378943233,33556599,6130951,6077953,6078648,6077953,6078648,6077953,5809,5791,5791,5791,0,0,555,0,178779333,178752368,4096,4096,0,0,5792,5791,1178759001,1178759022,1178759009,1178759030,0,0,0,0,0,0,0,0,4096,256,131072,4,15|4,0,67108864,262144,256,0,0,0,0,76,0,64,0,19,16,0,1,76,0|196,1229898951,6,4360288,0,0,0,0,0,4625258,0,16,0,330315224,0,330315224,0,2080,323901451,0,9008790,0,0,0,0,0
1786190591222|1007|lane3_unavailable|fixed|172,1378943233,16781056,12093427,11991007,103378,0,103378,0,2194,0,1097,0,0,0,11425,11425,7008696,7008696,4096,4096,0,0,1097,1097,1512424725,1512424725,1512424733,1512424733,0,0,0,0,0,0,0,0,4096,256,131072,4,15|4,0,67108864,262144,256,0,0,0,0,140,0,128,0,35,32,0,1,140,0|198,2140147214,6,0,0,8388608,0,8388608,0,25986,0,0,32,0,0,0,0,0,0,0,6921317,0,0,0,0,0
1786190591222|1007|lane3_unavailable|rotating|172,1378943233,33558272,12203448,12100132,12099221,12100132,12099221,12100132,11562,11529,11529,11529,0,0,1106,0,355876448,355877008,4096,4096,0,0,11529,11529,1497196565,1497197143,1497196581,1497197151,0,0,0,0,0,0,0,0,4096,256,131072,4,15|4,0,67108864,262144,256,0,0,0,0,140,0,128,0,35,32,0,1,140,0|198,1546500056,6,8578304,0,0,0,0,0,9112612,0,32,0,645861825,0,645861825,0,2080,638195809,0,11093388,0,0,0,0,0
1786190596222|1007|lane3_unavailable|fixed|174,1378943233,16781056,18199995,18047098,155586,0,155586,0,3302,0,1651,0,0,0,17200,17200,10548168,10548168,4096,4096,0,0,1651,1651,1832678824,1832678824,1832678832,1832678832,0,0,0,0,0,0,0,0,4096,256,131072,4,15|4,0,67108864,262144,256,0,0,0,0,204,0,192,0,51,48,0,1,204,0|200,2461411570,6,0,0,12582912,0,12582912,0,39084,0,0,48,0,0,0,0,0,0,0,6954228,0,0,0,0,0
1786190596222|1007|lane3_unavailable|rotating|174,1378943233,33558272,18318420,18163420,18161894,18163420,18161894,18163420,17361,17311,17312,17311,0,0,1661,0,534385096,534354920,4096,4096,0,0,17312,17311,1818095949,1818090617,1818095957,1818090625,0,0,0,0,0,0,0,0,4096,256,131072,4,15|4,0,67108864,262144,256,0,0,0,0,208,0,196,0,52,49,0,1,208,0|200,1867264423,6,12860864,0,0,0,0,0,13653242,0,49,0,965555552,0,965555552,0,2080,956516133,0,13308425,0,0,0,0,0
1786190601230|1007|lane3_unavailable|fixed|176,1378943233,16781056,24303118,24097364,207790,0,207790,0,4410,0,2205,0,0,0,22966,22965,14087592,14087592,4096,4096,0,0,2205,2205,2152932594,2152932594,2152932602,2152932602,0,0,0,0,0,0,0,0,4096,256,131072,4,15|4,0,67108864,262144,256,0,0,0,0,272,0,260,0,68,65,0,1,272,0|202,2782798698,6,0,0,17039360,0,17039360,0,52183,0,0,65,0,0,0,0,0,0,0,6989571,0,0,0,0,0
1786190601230|1007|lane3_unavailable|rotating|176,1378943233,33556599,24462443,24256005,24253239,24256005,24253239,24256005,23184,23118,23117,23117,0,0,2220,0,713579699,713576032,4096,4096,0,0,23118,23118,2140424184,2140424179,2140424192,2140424187,0,0,0,0,0,0,0,0,4096,256,131072,4,15|4,0,67108864,262144,256,0,0,0,0,272,0,260,0,68,65,0,1,272,0|202,2191500478,6,17189536,0,0,0,0,0,18249300,0,65,0,1288709439,0,1288709439,0,2080,1278441675,0,15392883,0,0,0,0,0
1786190606240|1007|lane3_unavailable|fixed|178,1378943233,16781056,30418396,30161176,260090,0,260090,0,5520,0,2760,0,0,0,28744,28744,17633480,17633480,4096,4096,0,0,2760,2760,2473424845,2473424845,2473424853,2473424853,0,0,0,0,0,0,0,0,4096,256,131072,4,15|4,0,67108864,262144,256,0,0,0,0,336,0,324,0,84,81,0,1,336,0|204,3101028050,6,0,0,21233664,0,21233664,0,65164,0,0,81,0,0,0,0,0,0,0,7016675,0,0,0,0,0
1786190606240|1007|lane3_unavailable|rotating|178,1378943233,33557794,30534751,30276668,30273718,30276668,30273718,30276668,28936,28854,28854,28854,0,0,2770,0,890663720,890662661,4096,4096,0,0,28854,28854,2458783572,2458788366,2458783580,2458788374,0,0,0,0,0,0,0,0,4096,256,131072,4,15|4,0,67108864,262144,256,0,0,0,0,336,0,324,0,84,81,0,1,336,0|204,2508694776,6,21415456,0,0,0,0,0,22745035,0,81,0,1604847257,0,1604847257,0,2080,1593328244,0,17478184,0,0,0,0,0
1786190611242|1007|lane3_unavailable|fixed|180,1378943233,16781056,36521021,36211078,312297,0,312297,0,6628,0,3314,0,0,0,34509,34509,21172960,21172960,4096,4096,0,0,3314,3314,2793679120,2793679120,2793679128,2793679128,0,0,0,0,0,0,0,0,4096,256,131072,4,15|4,0,67108864,262144,256,0,0,0,0,400,0,388,0,100,97,0,1,400,0|206,3421969632,6,0,0,25427968,0,25427968,0,78240,0,0,97,0,0,0,0,0,0,0,7047819,0,0,0,0,0
1786190611242|1007|lane3_unavailable|rotating|180,1378943233,33556599,36650883,36339992,36337549,36339992,36337549,36339992,34730,34633,34632,34631,0,0,3325,0,1069015222,1069011700,4096,4096,0,0,34632,34632,2779462337,2779462619,2779462345,2779462627,0,0,0,0,0,0,0,0,4096,256,131072,4,15|4,0,67108864,262144,256,0,0,0,0,404,0,392,0,101,98,0,1,404,0|206,2830094492,6,25705920,0,0,0,0,0,27298808,0,98,0,1925174357,0,1925174357,0,2062,1912283410,0,19693449,0,0,0,0,0
1786190616258|1007|lane3_unavailable|fixed|182,1378943233,16781056,42649482,42286797,364598,0,364598,0,7738,0,3869,0,0,0,40297,40297,24718768,24718768,4096,4096,0,0,3869,3869,3114519368,3114519368,3114519376,3114519376,0,0,0,0,0,0,0,0,4096,256,131072,4,15|4,0,67108864,262144,256,0,0,0,0,464,0,456,0,117,114,0,1,468,0|208,3743264666,6,0,0,29884416,0,29884416,0,91337,0,0,114,0,0,0,0,0,0,0,7076786,0,0,0,0,0
1786190616258|1007|lane3_unavailable|rotating|182,1378943233,33556599,42764776,42400992,42399142,42400992,42399142,42400992,40523,40409,40406,40406,0,0,3880,0,1247270154,1247266231,4096,4096,0,0,40407,40407,3100050952,3100050971,3100050960,3100050979,0,0,0,0,0,0,0,0,4096,256,131072,4,15|4,0,67108864,262144,256,0,0,0,0,468,0,456,0,117,114,0,1,468,0|208,3149644830,6,29971360,0,0,0,0,0,31828930,0,114,0,2243658335,0,2243658335,0,2080,2229525186,0,21778188,0,0,0,0,0
1786190621265|1007|lane3_unavailable|fixed|184,1378943233,16781056,48754954,48340381,416898,0,416898,0,8848,0,4424,0,0,0,46067,46066,28264664,28264664,4096,4096,0,0,4424,4424,3435003082,3435003082,3435003090,3435003090,0,0,0,0,0,0,0,0,4096,256,131072,4,15|4,0,67108864,262144,256,0,0,0,0,532,0,520,0,133,130,0,1,532,0|210,4064081010,6,0,0,34078720,0,34078720,0,104413,0,0,130,0,0,0,0,0,0,0,7108200,0,0,0,0,0
1786190621265|1007|lane3_unavailable|rotating|184,1378943233,33556599,48894027,48478406,48475998,48478406,48475998,48478406,46331,46202,46198,46198,0,0,4436,0,1426049975,1426046172,4096,4096,0,0,46199,46199,3421463641,3421463620,3421463649,3421463628,0,0,0,0,0,0,0,0,4096,256,131072,4,15|4,0,67108864,262144,256,0,0,0,0,532,0,520,0,133,130,0,1,532,0|210,3471724800,6,34268416,0,0,0,0,0,36394078,0,130,0,2564664041,0,2564664041,0,2080,2549303509,0,23854896,0,0,0,0,0
1786190626267|1007|lane3_unavailable|fixed|186,1378943233,16781056,54983103,54514401,470049,0,470049,0,9976,0,4988,0,0,0,51950,51950,31868016,31868016,4096,4096,0,0,4988,4988,3761135724,3761135724,3761135740,3761135740,0,0,0,0,0,0,0,0,4096,256,131072,4,15|4,0,67108864,262144,256,0,0,0,0,600,0,588,0,150,147,0,1,600,0|212,96563561,7,0,0,38535168,0,38535168,0,117770,0,0,147,0,0,0,0,0,0,0,7144643,0,0,0,0,0
1786190626267|1007|lane3_unavailable|rotating|186,1378943233,33556599,55148245,54677812,54676691,54677812,54676691,54677812,52256,52110,52106,52106,0,0,5004,0,1608411363,1608412331,4096,4096,0,0,52107,52107,3749427829,3749427837,3749427837,3749427845,0,0,0,0,0,0,0,0,4096,256,131072,4,15|4,0,67108864,262144,256,0,0,0,0,600,0,588,0,150,147,0,1,600,0|212,3799490625,6,38637920,0,0,0,0,0,41038856,0,147,0,2891337490,0,2891337490,0,2080,2874625776,0,26066379,0,0,0,0,0
1786190631279|1007|lane3_unavailable|fixed|188,1378943233,16781056,61062591,60540159,522064,0,522064,0,11080,0,5540,0,0,0,57693,57692,35394720,35394720,4096,4096,0,0,5540,5540,4080210764,4080210764,4080210772,4080210772,0,0,0,0,0,0,0,0,4096,256,131072,4,15|4,0,67108864,262144,256,0,0,0,0,664,0,652,0,166,163,0,1,664,0|214,414562273,7,0,0,42729472,0,42729472,0,130728,0,0,163,0,0,0,0,0,0,0,7172570,0,0,0,0,0
1786190631279|1007|lane3_unavailable|rotating|188,1378943233,33556838,61207586,60684706,60684295,60684706,60684295,60684706,57995,57833,57830,57829,0,0,5553,0,1785094656,1785085861,4096,4096,0,0,57830,57830,4067036726,4067077204,4067036734,4067077212,0,0,0,0,0,0,0,0,4096,256,131072,4,15|4,0,67108864,262144,256,0,0,0,0,664,0,652,0,166,163,0,1,664,0|214,4117634717,6,42887552,0,0,0,0,0,45548313,0,163,0,3208419174,0,3208419174,0,2080,3190466362,0,28146620,0,0,0,0,0
1786190636291|1007|lane3_unavailable|fixed|190,1378943233,16781056,67164162,66588006,574271,0,574271,0,12188,0,6094,0,0,0,63456,63455,38934224,38934224,4096,4096,0,0,6094,6094,105147291,105147291,105147299,105147299,0,0,0,0,0,0,0,0,4096,256,131072,4,15|4,0,67108864,262144,256,0,0,0,0,728,0,716,0,182,179,0,1,728,0|216,736343561,7,0,0,46923776,0,46923776,0,143851,0,0,179,0,0,0,0,0,0,0,7211015,0,0,0,0,0
1786190636291|1007|lane3_unavailable|rotating|190,1378943233,33556599,67326543,66750084,66750950,66750084,66750950,66750084,63792,63613,63609,63609,0,0,6108,0,1963494878,1963491621,4096,4096,0,0,63610,63610,92841918,92841911,92841926,92841919,0,0,0,0,0,0,0,0,4096,256,131072,4,15|4,0,67108864,262144,256,0,0,0,0,728,0,716,0,182,179,0,1,728,0|216,143664128,7,47168800,0,0,0,0,0,50098597,0,179,0,3528345569,0,3528345569,0,2080,3509149973,0,30235335,0,0,0,0,0
1786190641292|1007|lane3_unavailable|fixed|192,1378943233,16781056,73247676,72620249,626289,0,626289,0,13292,0,6646,0,0,0,69204,69204,42460912,42460912,4096,4096,0,0,6646,6646,424224671,424224671,424224679,424224679,0,0,0,0,0,0,0,0,4096,256,131072,4,15|4,0,67108864,262144,256,0,0,0,0,792,0,780,0,198,195,0,1,792,0|218,1055350055,7,0,0,51118080,0,51118080,0,156855,0,0,195,0,0,0,0,0,0,0,7241285,0,0,0,0,0
1786190641292|1007|lane3_unavailable|rotating|192,1378943233,33556838,73435365,72805953,72807569,72805953,72807569,72805953,69580,69385,69382,69381,0,0,6662,0,2141680872,2141654554,4096,4096,0,0,69382,69382,413171833,413187655,413171841,413187663,0,0,0,0,0,0,0,0,4096,256,131072,4,15|4,0,67108864,262144,256,0,0,0,0,796,0,784,0,199,196,0,1,796,0|218,464333562,7,51443456,0,0,0,0,0,54641575,0,196,0,3847946339,0,3847946339,0,2080,3827375418,0,32450597,0,0,0,0,0
1786190646294|1007|lane3_unavailable|fixed|194,1378943233,16781056,79334605,78655358,678309,0,678309,0,14396,0,7198,0,0,0,74954,74954,45987576,45987576,4096,4096,0,0,7198,7198,743303870,743303870,743303886,743303886,0,0,0,0,0,0,0,0,4096,256,131072,4,15|4,0,67108864,262144,256,0,0,0,0,856,0,844,0,214,211,0,1,856,0|220,1372541171,7,0,0,55312384,0,55312384,0,169765,0,0,211,0,0,0,0,0,0,0,7271743,0,0,0,0,0
1786190646294|1007|lane3_unavailable|rotating|194,1378943233,33557077,79484637,78804296,78805011,78804296,78805011,78804296,75311,75099,75096,75096,0,0,7212,0,2318061213,2318063112,4096,4096,0,0,75097,75096,730465442,730451764,730465450,730451772,0,0,0,0,0,0,0,0,4096,256,131072,4,15|4,0,67108864,262144,256,0,0,0,0,860,0,848,0,215,212,0,1,860,0|220,781407279,7,55677280,0,0,0,0,0,59135923,0,212,0,4163961600,0,4163961600,0,2080,4142141897,0,34535128,0,0,0,0,0
1786190651323|1007|lane3_unavailable|fixed|196,1378943233,16781056,85453158,84721023,730701,0,730701,0,15508,0,7754,0,0,0,80734,80733,49539832,49539832,4096,4096,0,0,7754,7754,1064374169,1064374169,1064374177,1064374177,0,0,0,0,0,0,0,0,4096,256,131072,4,15|4,0,67108864,262144,256,0,0,0,0,924,0,912,0,231,228,0,1,924,0|222,1692197775,7,0,0,59768832,0,59768832,0,182816,0,0,228,0,0,0,0,0,0,0,7301140,0,0,0,0,0
1786190651323|1007|lane3_unavailable|rotating|196,1378943233,33557794,85555559,84822377,84824008,84822377,84824008,84822377,81062,80834,80831,80830,0,0,7763,0,2495087648,2495062550,4096,4096,0,0,80831,80831,1048718024,1048734893,1048718032,1048734901,0,0,0,0,0,0,0,0,4096,256,131072,4,15|4,0,67108864,262144,256,0,0,0,0,924,0,912,0,231,228,0,1,924,0|222,1099722965,7,59926912,0,0,0,0,0,63648082,0,228,0,186247582,1,186247582,1,2080,163188362,1,36613788,0,0,0,0,0
1786190656332|1007|lane3_unavailable|fixed|198,1378943233,16781056,91579423,90796126,783002,0,783002,0,16618,0,8309,0,0,0,86522,86522,53085720,53085720,4096,4096,0,0,8309,8309,1385212569,1385212569,1385212577,1385212577,0,0,0,0,0,0,0,0,4096,256,131072,4,15|4,0,67108864,262144,256,0,0,0,0,988,0,976,0,247,244,0,1,988,0|224,2014520034,7,0,0,63963136,0,63963136,0,195963,0,0,244,0,0,0,0,0,0,0,7330291,0,0,0,0,0
1786190656332|1007|lane3_unavailable|rotating|198,1378943233,33557077,91718685,90933614,90934550,90933614,90934550,90933614,86901,86656,86653,86653,0,0,8321,0,2674814216,2674803704,4096,4096,0,0,86654,86653,1371841473,1371806873,1371841481,1371806881,0,0,0,0,0,0,0,0,4096,256,131072,4,15|4,0,67108864,262144,256,0,0,0,0,988,0,976,0,247,244,0,1,988,0|224,1421859168,7,64223968,0,0,0,0,0,68214598,0,244,0,507309521,1,507309521,1,2080,483016683,1,38696731,0,0,0,0,0
1786190666082|1008|lane3_clean64|fixed|202,1378943233,16781056,6137645,6053966,69549,0,69549,0,1476,0,738,0,0,0,5781,5781,4715016,4715016,4096,4096,0,0,738,738,2008496003,2008496003,2008496019,2008496019,0,0,0,0,0,0,0,0,4096,256,131072,4,15|4,0,67108864,262144,256,0,0,0,0,96,0,84,0,25,22,0,1,100,0|232,2636650535,7,0,0,5767168,0,5767168,0,17622,0,0,22,0,0,0,0,0,0,0,6894882,0,0,0,0,0
1786190666082|1008|lane3_clean64|rotating|202,1378943233,33558272,6257533,6171700,6186572,6171700,6186572,6171700,5917,5894,5894,5894,0,0,753,0,181935952,181577224,4096,4096,0,0,5894,5894,1993848936,1993849277,1993848944,1993849285,0,0,0,0,0,0,0,0,4096,256,131072,4,15|4,0,67108864,262144,256,0,0,0,0,100,0,88,0,25,22,0,1,100,0|232,2042441592,7,5854112,0,0,0,0,0,6216029,0,22,0,325396664,0,325396664,0,2080,318506935,0,9777958,0,0,0,0,0
1786190671106|1008|lane3_clean64|fixed|204,1378943233,16781056,12433195,12261652,141071,0,141071,0,2994,0,1497,0,0,0,11714,11714,9564232,9564232,4096,4096,0,0,1497,1497,2330148841,2330148841,2330148849,2330148849,0,0,0,0,0,0,0,0,4096,256,131072,4,15|4,0,67108864,262144,256,0,0,0,0,188,0,176,0,47,44,0,1,188,0|234,2959193827,7,0,0,11534336,0,11534336,0,35527,0,0,44,0,0,0,0,0,0,0,6935350,0,0,0,0,0
1786190671106|1008|lane3_clean64|rotating|204,1378943233,33554687,12565367,12392352,12422882,12392352,12422882,12392352,11884,11839,11838,11838,0,0,1512,0,365434562,364717293,4096,4096,0,0,11839,11839,2315958154,2315958143,2315958162,2315958151,0,0,0,0,0,0,0,0,4096,256,131072,4,15|4,0,67108864,262144,256,0,0,0,0,188,0,176,0,47,44,0,1,188,0|234,2365577193,7,11731936,0,0,0,0,0,12456656,0,44,0,647062809,0,647062809,0,2080,638480855,0,12631429,0,0,0,0,0
1786190676118|1008|lane3_clean64|fixed|206,1378943233,16781056,18717424,18459316,212314,0,212314,0,4506,0,2253,0,0,0,17635,17635,14394312,14394312,4096,4096,0,0,2253,2253,2650709530,2650709530,2650709538,2650709538,0,0,0,0,0,0,0,0,4096,256,131072,4,15|4,0,67108864,262144,256,0,0,0,0,276,0,264,0,69,66,0,1,276,0|236,3280127439,7,0,0,17301504,0,17301504,0,53361,0,0,66,0,0,0,0,0,0,0,6981771,0,0,0,0,0
1786190676118|1008|lane3_clean64|rotating|206,1378943233,33554687,18872229,18612516,18658125,18612516,18658125,18612516,17849,17781,17780,17780,0,0,2272,0,548852691,547776838,4096,4096,0,0,17781,17781,2637917443,2637917432,2637917451,2637917440,0,0,0,0,0,0,0,0,4096,256,131072,4,15|4,0,67108864,262144,256,0,0,0,0,280,0,268,0,70,67,0,1,280,0|236,2690664924,7,17642688,0,0,0,0,0,18734178,0,67,0,970672852,0,970672852,0,2080,960271811,0,15614253,0,0,0,0,0
1786190681123|1008|lane3_clean64|fixed|208,1378943233,16781056,24992786,24648767,283556,0,283556,0,6018,0,3009,0,0,0,23547,23547,19224344,19224344,4096,4096,0,0,3009,3009,2971270249,2971270249,2971270257,2971270257,0,0,0,0,0,0,0,0,4096,256,131072,4,15|4,0,67108864,262144,256,0,0,0,0,364,0,352,0,91,88,0,1,364,0|238,3598932829,7,0,0,23068672,0,23068672,0,71077,0,0,88,0,0,0,0,0,0,0,7026837,0,0,0,0,0
1786190681123|1008|lane3_clean64|rotating|208,1378943233,33554687,25104909,24759469,24820129,24759469,24820129,24759469,23744,23653,23652,23652,0,0,3022,0,730104592,728670835,4096,4096,0,0,23653,23653,2956109217,2956109214,2956109225,2956109222,0,0,0,0,0,0,0,0,4096,256,131072,4,15|4,0,67108864,262144,256,0,0,0,0,368,0,356,0,92,89,0,1,368,0|238,3006226105,7,23378240,0,0,0,0,0,24829609,0,89,0,1284800145,0,1284800145,0,2080,1272676422,0,18467635,0,0,0,0,0
1786190686128|1008|lane3_clean64|fixed|210,1378943233,16781056,31305414,30874523,355174,0,355174,0,7538,0,3769,0,0,0,29492,29492,24079896,24079896,4096,4096,0,0,3769,3769,3293549897,3293549897,3293549905,3293549905,0,0,0,0,0,0,0,0,4096,256,131072,4,15|4,0,67108864,262144,256,0,0,0,0,456,0,444,0,114,111,0,1,456,0|240,3923757591,7,0,0,29097984,0,29097984,0,89123,0,0,111,0,0,0,0,0,0,0,7068575,0,0,0,0,0
1786190686128|1008|lane3_clean64|rotating|210,1378943233,33554687,31490614,31056780,31133366,31056780,31133366,31056780,29782,29667,29667,29667,0,0,3791,0,915757467,913946726,4096,4096,0,0,29667,29667,3282072606,3282072947,3282072614,3282072955,0,0,0,0,0,0,0,0,4096,256,131072,4,15|4,0,67108864,262144,256,0,0,0,0,456,0,444,0,114,111,0,1,456,0|240,3334405853,7,29350912,0,0,0,0,0,31172647,0,111,0,1611486725,0,1611486725,0,2080,1597691567,0,21320680,0,0,0,0,0
1786190691134|1008|lane3_clean64|fixed|212,1378943233,16781056,37559147,37040868,426132,0,426132,0,9044,0,4522,0,0,0,35384,35384,28890792,28890792,4096,4096,0,0,4522,4522,3612497710,3612497710,3612497718,3612497718,0,0,0,0,0,0,0,0,4096,256,131072,4,15|4,0,67108864,262144,256,0,0,0,0,544,0,532,0,136,133,0,1,544,0|242,4241661530,7,0,0,34865152,0,34865152,0,106792,0,0,133,0,0,0,0,0,0,0,7114966,0,0,0,0,0
1786190691134|1008|lane3_clean64|rotating|212,1378943233,33554687,37700905,37181400,37273169,37181400,37273169,37181400,35655,35518,35517,35517,0,0,4539,0,1096359688,1094188788,4096,4096,0,0,35518,35518,3599133313,3599133270,3599133281,3599133286,0,0,0,0,0,0,0,0,4096,256,131072,4,15|4,0,67108864,262144,256,0,0,0,0,544,0,532,0,136,133,0,1,544,0|242,3650222711,7,35094368,0,0,0,0,0,37272792,0,133,0,1925867719,0,1925867719,0,2080,1910351584,0,24174054,0,0,0,0,0
1786190696143|1008|lane3_clean64|fixed|214,1378943233,16781056,43821766,43218098,497186,0,497186,0,10552,0,5276,0,0,0,41284,41284,33708056,33708056,4096,4096,0,0,5276,5276,3932325342,3932325342,3932325350,3932325350,0,0,0,0,0,0,0,0,4096,256,131072,4,15|4,0,67108864,262144,256,0,0,0,0,632,0,620,0,158,155,0,1,632,0|244,265998633,8,0,0,40632320,0,40632320,0,124532,0,0,155,0,0,0,0,0,0,0,7155389,0,0,0,0,0
1786190696143|1008|lane3_clean64|rotating|214,1378943233,33554687,43930095,43325176,43431681,43325176,43431681,43325176,41545,41386,41385,41385,0,0,5289,0,1277499200,1274969120,4096,4096,0,0,41386,41386,3917123098,3917123087,3917123074,3917123095,0,0,0,0,0,0,0,0,4096,256,131072,4,15|4,0,67108864,262144,256,0,0,0,0,632,0,620,0,158,155,0,1,632,0|244,3967148487,7,40861536,0,0,0,0,0,43395592,0,155,0,2241351703,0,2241351703,0,2080,2224119668,0,27027442,0,0,0,0,0
1786190701153|1008|lane3_clean64|fixed|216,1378943233,16781056,50107623,49416680,568524,0,568524,0,12066,0,6033,0,0,0,47204,47204,38544480,38544480,4096,4096,0,0,6033,6033,4253314765,4253314765,4253314773,4253314773,0,0,0,0,0,0,0,0,4096,256,131072,4,15|4,0,67108864,262144,256,0,0,0,0,720,0,708,0,180,177,0,1,720,0|246,586586841,8,0,0,46399488,0,46399488,0,142343,0,0,177,0,0,0,0,0,0,0,7197192,0,0,0,0,0
1786190701153|1008|lane3_clean64|rotating|216,1378943233,33554687,50235763,49543423,49665827,49543423,49665827,49543423,47506,47325,47325,47325,0,0,6048,0,1460826623,1457938706,4096,4096,0,0,47325,47325,4238919309,4238919634,4238919317,4238919642,0,0,0,0,0,0,0,0,4096,256,131072,4,15|4,0,67108864,262144,256,0,0,0,0,724,0,712,0,181,178,0,1,724,0|246,4288394185,7,46701152,0,0,0,0,0,49600109,0,178,0,2561137497,0,2561137497,0,2080,2542071528,0,30009840,0,0,0,0,0
1786190706156|1008|lane3_clean64|fixed|218,1378943233,16781056,56377455,55599546,639673,0,639673,0,13576,0,6788,0,0,0,53110,53110,43368128,43368128,4096,4096,0,0,6788,6788,278480849,278480849,278480857,278480857,0,0,0,0,0,0,0,0,4096,256,131072,4,15|4,0,67108864,262144,256,0,0,0,0,808,0,796,0,202,199,0,1,808,0|248,905555671,8,0,0,52166656,0,52166656,0,160082,0,0,199,0,0,0,0,0,0,0,7237801,0,0,0,0,0
1786190706156|1008|lane3_clean64|rotating|218,1378943233,33554687,56485488,55705450,55844593,55705450,55844593,55705450,53417,53213,53212,53212,0,0,6801,0,1642557312,1639293136,4096,4096,0,0,53213,53213,263111086,263111107,263111094,263111083,0,0,0,0,0,0,0,0,4096,256,131072,4,15|4,0,67108864,262144,256,0,0,0,0,812,0,800,0,203,200,0,1,812,0|248,313360858,8,52515744,0,0,0,0,0,55780382,0,200,0,2879617818,0,2879617818,0,2080,2858844555,0,32864804,0,0,0,0,0
1786190711156|1008|lane3_clean64|fixed|220,1378943233,16781056,62739921,61873335,711854,0,711854,0,15108,0,7554,0,0,0,59103,59103,48262064,48262064,4096,4096,0,0,7554,7554,603143967,603143967,603143975,603143975,0,0,0,0,0,0,0,0,4096,256,131072,4,15|4,0,67108864,262144,256,0,0,0,0,900,0,888,0,225,222,0,1,900,0|250,1230947273,8,0,0,58195968,0,58195968,0,178152,0,0,222,0,0,0,0,0,0,0,7278637,0,0,0,0,0
1786190711156|1008|lane3_clean64|rotating|220,1378943233,33554687,62835129,61967275,62122237,61967275,62122237,61967275,59419,59193,59192,59192,0,0,7565,0,1827154908,1823532087,4096,4096,0,0,59193,59193,587121409,587121382,587121417,587121390,0,0,0,0,0,0,0,0,4096,256,131072,4,15|4,0,67108864,262144,256,0,0,0,0,900,0,888,0,225,222,0,1,900,0|250,637027319,8,58401472,0,0,0,0,0,62035160,0,222,0,3201812847,0,3201812847,0,2080,3179346935,0,35720396,0,0,0,0,0
1786190716158|1008|lane3_clean64|fixed|222,1378943233,16781056,68995889,68043764,782815,0,782815,0,16614,0,8307,0,0,0,64996,64996,53072968,53072968,4096,4096,0,0,8307,8307,922418905,922418905,922418913,922418913,0,0,0,0,0,0,0,0,4096,256,131072,4,15|4,0,67108864,262144,256,0,0,0,0,988,0,976,0,247,244,0,1,988,0|252,1550509514,8,0,0,63963136,0,63963136,0,195916,0,0,244,0,0,0,0,0,0,0,7329049,0,0,0,0,0
1786190716158|1008|lane3_clean64|rotating|222,1378943233,33558272,69112593,68159345,68328458,68159345,68328458,68159345,65354,65106,65106,65106,0,0,8321,0,2009693720,2005712032,4096,4096,0,0,65106,65106,907540140,907540449,907540148,907540457,0,0,0,0,0,0,0,0,4096,256,131072,4,15|4,0,67108864,262144,256,0,0,0,0,988,0,976,0,247,244,0,1,992,0|252,957571271,8,64233184,0,0,0,0,0,68225078,0,245,0,3520898871,0,3520898871,0,2080,3496593536,0,38706586,0,0,0,0,0
