captured_ms|sequence|label|role|admission_snapshot_words_csv|ps_runtime_words_csv|pl_perf_snapshot_words_csv
1786193593960|1001|dma_reset_fixed_1_clean64|fixed|2,1378943233,16781056,6139785,6055878,6070033,6055878,6070033,6055878,5811,5789,5789,5789,0,0,739,0,178694992,178352176,4096,4096,0,0,5789,5789,368853945,368854294,368853953,368854302,0,0,0,0,0,0,0,0,4096,256,131072,4,15|4,0,67108864,262144,256,0,0,0,0,96,0,88,0,25,22,0,1,100,0|4,1005059646,0,5775072,0,0,0,0,0,6127049,0,22,0,321158918,0,321158918,0,2080,314269244,0,9759582,0,0,0,0,0
1786193593960|1001|dma_reset_fixed_1_clean64|rotating|2,1378943233,33558272,6235127,6149486,70882,0,70882,0,1502,0,751,0,0,0,5879,5879,4798072,4798072,4096,4096,0,0,751,751,353091107,353091107,353091115,353091115,0,0,0,0,0,0,0,0,4096,256,131072,4,15|4,0,67108864,262144,256,0,0,0,0,100,0,88,0,25,22,0,1,100,0|4,404434837,0,0,0,5767168,0,5767168,0,17886,0,0,22,0,0,0,0,0,0,0,6905667,0,0,0,0,0
1786193598963|1001|dma_reset_fixed_1_clean64|fixed|4,1378943233,16777471,12404243,12233267,12263237,12233267,12263237,12233267,11744,11699,11698,11698,0,0,1494,0,361120993,360417956,4096,4096,0,0,11699,11699,689090264,689090277,689090272,689090285,0,0,0,0,0,0,0,0,4096,256,131072,4,15|4,0,67108864,262144,256,0,0,0,0,188,0,176,0,47,44,0,1,188,0|6,1325569750,0,11605472,0,0,0,0,0,12309832,0,44,0,640211422,0,640211422,0,2080,631618315,0,12614079,0,0,0,0,0
1786193598963|1001|dma_reset_fixed_1_clean64|rotating|4,1378943233,33558272,12510829,12337865,142238,0,142238,0,3014,0,1507,0,0,0,11799,11799,9628168,9628168,4096,4096,0,0,1507,1507,673653189,673653189,673653197,673653197,0,0,0,0,0,0,0,0,4096,256,131072,4,15|4,0,67108864,262144,256,0,0,0,0,188,0,176,0,47,44,0,1,188,0|6,725848488,0,0,0,11534336,0,11534336,0,35772,0,0,44,0,0,0,0,0,0,0,6955667,0,0,0,0,0
1786193603964|1001|dma_reset_fixed_1_clean64|fixed|6,1378943233,16777471,18666757,18408233,18454489,18408233,18454489,18408233,17672,17604,17603,17603,0,0,2249,0,543388626,542309365,4096,4096,0,0,17604,17604,1009178050,1009178047,1009178058,1009178055,0,0,0,0,0,0,0,0,4096,256,131072,4,15|4,0,67108864,262144,256,0,0,0,0,276,0,264,0,69,66,0,1,276,0|8,1645958445,0,17435872,0,0,0,0,0,18493711,0,66,0,959142517,0,959142517,0,2080,948844025,0,15470528,0,0,0,0,0
1786193603964|1001|dma_reset_fixed_1_clean64|rotating|6,1378943233,33558272,18780729,18520838,213592,0,213592,0,4526,0,2263,0,0,0,17711,17711,14458200,14458200,4096,4096,0,0,2263,2263,994217228,994217228,994217236,994217236,0,0,0,0,0,0,0,0,4096,256,131072,4,15|4,0,67108864,262144,256,0,0,0,0,276,0,264,0,69,66,0,1,276,0|8,1046159819,0,0,0,17301504,0,17301504,0,53586,0,0,66,0,0,0,0,0,0,0,7002142,0,0,0,0,0
1786193608964|1001|dma_reset_fixed_1_clean64|fixed|8,1378943233,16781056,24933489,24587651,24649866,24587651,24649866,24587651,23602,23512,23512,23512,0,0,3005,0,725770688,724332480,4096,4096,0,0,23512,23512,1329330794,1329331143,1329330802,1329331151,0,0,0,0,0,0,0,0,4096,256,131072,4,15|4,0,67108864,262144,256,0,0,0,0,364,0,352,0,91,88,0,1,364,0|10,1965158879,0,23238072,0,0,0,0,0,24654186,0,88,0,1276892401,0,1276892401,0,2080,1264875962,0,18333326,0,0,0,0,0
1786193608964|1001|dma_reset_fixed_1_clean64|rotating|8,1378943233,33558272,25041335,24694393,284755,0,284755,0,6034,0,3017,0,0,0,23613,23613,19275400,19275400,4096,4096,0,0,3017,3017,1313928080,1313928080,1313928088,1313928088,0,0,0,0,0,0,0,0,4096,256,131072,4,15|4,0,67108864,262144,256,0,0,0,0,364,0,352,0,91,88,0,1,364,0|10,1364628694,0,0,0,23068672,0,23068672,0,71305,0,0,88,0,0,0,0,0,0,0,7051815,0,0,0,0,0
1786193613972|1001|dma_reset_fixed_1_clean64|fixed|10,1378943233,16781056,31204977,30772753,30850095,30772753,30850095,30772753,29536,29424,29424,29424,0,0,3760,0,908261024,906465616,4096,4096,0,0,29424,29424,1649682876,1649683185,1649682884,1649683193,0,0,0,0,0,0,0,0,4096,256,131072,4,15|4,0,67108864,262144,256,0,0,0,0,452,0,440,0,113,110,0,1,452,0|12,2286335104,0,29080864,0,0,0,0,0,30854509,0,110,0,1596607928,0,1596607928,0,2080,1582885960,0,21192738,0,0,0,0,0
1786193613972|1001|dma_reset_fixed_1_clean64|rotating|10,1378943233,33558272,31313638,30879440,356199,0,356199,0,7548,0,3774,0,0,0,29526,29526,24111864,24111864,4096,4096,0,0,3774,3774,1634601064,1634601064,1634601072,1634601072,0,0,0,0,0,0,0,0,4096,256,131072,4,15|4,0,67108864,262144,256,0,0,0,0,456,0,444,0,114,111,0,1,456,0|12,1686381013,0,0,0,29097984,0,29097984,0,89239,0,0,111,0,0,0,0,0,0,0,7099284,0,0,0,0,0
1786193618983|1001|dma_reset_fixed_1_clean64|fixed|12,1378943233,16777471,37482805,36963880,37056574,36963880,37056574,36963880,35478,35344,35343,35343,0,0,4516,0,1090974354,1088820200,4096,4096,0,0,35344,35344,1970428612,1970428625,1970428620,1970428601,0,0,0,0,0,0,0,0,4096,256,131072,4,15|4,0,67108864,262144,256,0,0,0,0,544,0,532,0,136,133,0,1,544,0|14,2606423757,0,34896768,0,0,0,0,0,37029416,0,133,0,1915242605,0,1915242605,0,2080,1899681333,0,24175415,0,0,0,0,0
1786193618983|1001|dma_reset_fixed_1_clean64|rotating|12,1378943233,33558272,37575310,37054473,427365,0,427365,0,9056,0,4528,0,0,0,35430,35430,28929128,28929128,4096,4096,0,0,4528,4528,1954428499,1954428499,1954428507,1954428507,0,0,0,0,0,0,0,0,4096,256,131072,4,15|4,0,67108864,262144,256,0,0,0,0,544,0,532,0,136,133,0,1,544,0|14,2006437252,0,0,0,34865152,0,34865152,0,107030,0,0,133,0,0,0,0,0,0,0,7139446,0,0,0,0,0
1786193623984|1001|dma_reset_fixed_1_clean64|fixed|14,1378943233,16777471,43748944,43142799,43251360,43142799,43251360,43142799,41409,41254,41251,41251,0,0,5272,0,1273338288,1270808736,4096,4096,0,0,41252,41252,2290690945,2290690958,2290690953,2290690942,0,0,0,0,0,0,0,0,4096,256,131072,4,15|4,0,67108864,262144,256,0,0,0,0,632,0,620,0,158,155,0,1,632,0|16,2926773037,0,40727168,0,0,0,0,0,43212497,0,155,0,2234134285,0,2234134285,0,2080,2216859348,0,27040144,0,0,0,0,0
1786193623984|1001|dma_reset_fixed_1_clean64|rotating|14,1378943233,33558272,43858133,43250618,498815,0,498815,0,10570,0,5285,0,0,0,41353,41353,33765552,33765552,4096,4096,0,0,5285,5285,2275430602,2275430602,2275430610,2275430610,0,0,0,0,0,0,0,0,4096,256,131072,4,15|4,0,67108864,262144,256,0,0,0,0,632,0,620,0,158,155,0,1,632,0|16,2326590604,0,0,0,40632320,0,40632320,0,124845,0,0,155,0,0,0,0,0,0,0,7182049,0,0,0,0,0
1786193628995|1001|dma_reset_fixed_1_clean64|fixed|16,1378943233,16781056,50022628,49329264,49453688,49329264,49453688,49329264,47345,47168,47166,47166,0,0,6028,0,1455920992,1453032384,4096,4096,0,0,47166,47166,2611179916,2611180265,2611179932,2611180273,0,0,0,0,0,0,0,0,4096,256,131072,4,15|4,0,67108864,262144,256,0,0,0,0,720,0,708,0,180,177,0,1,720,0|18,3247460017,0,46557568,0,0,0,0,0,49402807,0,177,0,2553363665,0,2553363665,0,2080,2534385596,0,29894340,0,0,0,0,0
1786193628995|1001|dma_reset_fixed_1_clean64|rotating|16,1378943233,33558272,50137862,49443174,570262,0,570262,0,12084,0,6042,0,0,0,47274,47274,38601960,38601960,4096,4096,0,0,6042,6042,2596422183,2596422183,2596422191,2596422191,0,0,0,0,0,0,0,0,4096,256,131072,4,15|4,0,67108864,262144,256,0,0,0,0,720,0,708,0,180,177,0,1,720,0|18,2647450595,0,0,0,46399488,0,46399488,0,142706,0,0,177,0,0,0,0,0,0,0,7228971,0,0,0,0,0
1786193634006|1001|dma_reset_fixed_1_clean64|fixed|18,1378943233,16777471,56300635,55520675,55660340,55520675,55660340,55520675,53286,53087,53084,53084,0,0,6784,0,1638624638,1635376320,4096,4096,0,0,53085,53085,2931909146,2931909159,2931909154,2931909143,0,0,0,0,0,0,0,0,4096,256,131072,4,15|4,0,67108864,262144,256,0,0,0,0,808,0,796,0,202,199,0,1,808,0|20,3568103936,0,52387968,0,0,0,0,0,55591927,0,199,0,2872549984,0,2872549984,0,2080,2851861022,0,32756297,0,0,0,0,0
1786193634006|1001|dma_reset_fixed_1_clean64|rotating|18,1378943233,33558272,56395131,55614003,641422,0,641422,0,13592,0,6796,0,0,0,53174,53174,43419224,43419224,4096,4096,0,0,6796,6796,2916132243,2916132243,2916132251,2916132251,0,0,0,0,0,0,0,0,4096,256,131072,4,15|4,0,67108864,262144,256,0,0,0,0,812,0,800,0,203,200,0,1,812,0|20,2968563429,0,0,0,52428800,0,52428800,0,160592,0,0,200,0,0,0,0,0,0,0,7277214,0,0,0,0,0
1786193639009|1001|dma_reset_fixed_1_clean64|fixed|20,1378943233,16777471,62568555,61700830,61856909,61700830,61856909,61700830,59218,58998,58994,58994,0,0,7540,0,1821035416,1817428503,4096,4096,0,0,58995,58995,3252126077,3252126066,3252126053,3252126074,0,0,0,0,0,0,0,0,4096,256,131072,4,15|4,0,67108864,262144,256,0,0,0,0,896,0,884,0,224,221,0,1,896,0|22,3887516263,0,58195968,0,0,0,0,0,61757085,0,222,0,3190510311,0,3190510311,0,2080,3168110544,0,35613124,0,0,0,0,0
1786193639009|1001|dma_reset_fixed_1_clean64|rotating|20,1378943233,33558272,62645469,61776390,712492,0,712492,0,15098,0,7549,0,0,0,59066,59066,48230104,48230104,4096,4096,0,0,7549,7549,3235208647,3235208647,3235208663,3235208663,0,0,0,0,0,0,0,0,4096,256,131072,4,15|4,0,67108864,262144,256,0,0,0,0,900,0,888,0,225,222,0,1,900,0|22,3286680523,0,0,0,58195968,0,58195968,0,178288,0,0,222,0,0,0,0,0,0,0,7316943,0,0,0,0,0
1786193644010|1001|dma_reset_fixed_1_clean64|fixed|22,1378943233,16781056,68831415,67877026,68048419,67877026,68048419,67877026,65149,64907,64904,64904,0,0,8296,0,2003457512,1999476016,4096,4096,0,0,64904,64904,3572343772,3572322337,3572343780,3572322345,0,0,0,0,0,0,0,0,4096,256,131072,4,15|4,0,67108864,262144,256,0,0,0,0,988,0,976,0,247,244,0,1,988,0|24,4208121192,0,64026368,0,0,0,0,0,67937808,0,244,0,3509657640,0,3509657640,0,2080,3485414005,0,38603710,0,0,0,0,0
1786193644010|1001|dma_reset_fixed_1_clean64|rotating|22,1378943233,33558272,68925812,67970426,784038,0,784038,0,16614,0,8307,0,0,0,64993,64993,53072968,53072968,4096,4096,0,0,8307,8307,3556637995,3556637995,3556638003,3556638003,0,0,0,0,0,0,0,0,4096,256,131072,4,15|4,0,67108864,262144,256,0,0,0,0,988,0,976,0,247,244,0,1,988,0|24,3607414094,0,0,0,63963136,0,63963136,0,196151,0,0,244,0,0,0,0,0,0,0,7363106,0,0,0,0,0
