captured_ms|sequence|label|role|admission_snapshot_words_csv|ps_runtime_words_csv|pl_perf_snapshot_words_csv
1785956350600|1002|ps_reset_fixed_1_clean64|fixed|4,1378943233,16777710,6140193,6056197,6070535,6056197,6070535,6056197,5805,5783,5783,5783,0,0,738,0,178509960,178166323,4096,4096,0,0,5783,5783,375732936,375733261,375732944,375733269,0,0,0,0,0,0,0,0,4096,256,131072,4,15|4,0,67108864,262144,256,0,0,0,0,96,0,84,0,24,21,0,1,96,0|6,1235096418,0,5750048,0,0,0,0,0,6107575,0,21,0,319751175,0,319751175,0,2080,312951061,0,9669404,0,0,0,0,0
1785956350600|1002|ps_reset_fixed_1_clean64|rotating|4,1378943233,33558272,6217647,6132000,70598,0,70598,0,1496,0,748,0,0,0,5855,5855,4778928,0,4096,0,0,0,748,0,348149613,0,348149621,0,0,0,0,0,0,0,0,0,4096,256,131072,4,15|4,0,67108864,262144,256,0,0,0,0,100,0,88,0,25,22,0,1,100,0|6,521032360,0,0,0,5767168,0,5767168,0,17791,0,0,22,0,0,0,0,0,0,0,6895283,0,0,0,0,0
1785956355608|1002|ps_reset_fixed_1_clean64|fixed|6,1378943233,16777471,12433529,12261143,12292239,12261143,12292239,12261143,11759,11715,11713,11713,0,0,1497,0,361573745,360854484,4096,4096,0,0,11714,11714,697242138,697242143,697242146,697242159,0,0,0,0,0,0,0,0,4096,256,131072,4,15|4,0,67108864,262144,256,0,0,0,0,188,0,176,0,47,44,0,1,188,0|8,1556444498,0,11597568,0,0,0,0,0,12309850,0,44,0,639637375,0,639637375,0,2080,630973137,0,12683689,0,0,0,0,0
1785956355608|1002|ps_reset_fixed_1_clean64|rotating|6,1378943233,33558272,12510330,12336948,142143,0,142143,0,3012,0,1506,0,0,0,11786,11786,9621776,0,4096,0,0,0,1506,0,669727705,0,669727713,0,0,0,0,0,0,0,0,0,4096,256,131072,4,15|4,0,67108864,262144,256,0,0,0,0,188,0,176,0,47,44,0,1,188,0|8,842402358,0,0,0,11534336,0,11534336,0,35677,0,0,44,0,0,0,0,0,0,0,6946351,0,0,0,0,0
1785956360610|1002|ps_reset_fixed_1_clean64|fixed|8,1378943233,16781056,18684841,18425375,18472573,18425375,18472573,18425375,17670,17604,17603,17603,0,0,2249,0,543370888,542291568,4096,4096,0,0,17603,17603,1016382057,1016382374,1016382065,1016382382,0,0,0,0,0,0,0,0,4096,256,131072,4,15|4,0,67108864,262144,256,0,0,0,0,276,0,264,0,69,66,0,1,276,0|10,1875806561,0,17404256,0,0,0,0,0,18478054,0,66,0,957547766,0,957547766,0,2080,947160278,0,15552912,0,0,0,0,0
1785956360610|1002|ps_reset_fixed_1_clean64|rotating|8,1378943233,33558272,18775902,18515349,213308,0,213308,0,4520,0,2260,0,0,0,17688,17688,14439016,0,4096,0,0,0,2260,0,989445001,0,989445009,0,0,0,0,0,0,0,0,0,4096,256,131072,4,15|4,0,67108864,262144,256,0,0,0,0,276,0,264,0,69,66,0,1,276,0|10,1161704983,0,0,0,17301504,0,17301504,0,53445,0,0,66,0,0,0,0,0,0,0,6983760,0,0,0,0,0
1785956365623|1002|ps_reset_fixed_1_clean64|fixed|10,1378943233,16777471,24971326,24624607,24687608,24624607,24687608,24624607,23615,23527,23524,23524,0,0,3006,0,726143940,724704688,4096,4096,0,0,23525,23525,1337239457,1337239486,1337239473,1337239462,0,0,0,0,0,0,0,0,4096,256,131072,4,15|4,0,67108864,262144,256,0,0,0,0,364,0,352,0,91,88,0,1,364,0|12,2196355513,0,23234656,0,0,0,0,0,24671236,0,88,0,1276639118,0,1276639118,0,2080,1264544759,0,18410847,0,0,0,0,0
1785956365623|1002|ps_reset_fixed_1_clean64|rotating|10,1378943233,33558272,25040177,24692605,284474,0,284474,0,6028,0,3014,0,0,0,23588,23588,19256264,0,4096,0,0,0,3014,0,1309150986,0,1309150994,0,0,0,0,0,0,0,0,0,4096,256,131072,4,15|4,0,67108864,262144,256,0,0,0,0,364,0,352,0,91,88,0,1,364,0|12,1481237519,0,0,0,23068672,0,23068672,0,71212,0,0,88,0,0,0,0,0,0,0,7021421,0,0,0,0,0
1785956370631|1002|ps_reset_fixed_1_clean64|fixed|12,1378943233,16781056,31252451,30818872,30897379,30818872,30897379,30818872,29552,29442,29440,29440,0,0,3762,0,908755160,906957064,4096,4096,0,0,29440,29440,1657786058,1657786399,1657786066,1657786407,0,0,0,0,0,0,0,0,4096,256,131072,4,15|4,0,67108864,262144,256,0,0,0,0,452,0,440,0,113,110,0,1,452,0|14,2517705638,0,29080864,0,0,0,0,0,30880573,0,110,0,1596527691,0,1596527691,0,2080,1582725377,0,21273260,0,0,0,0,0
1785956370631|1002|ps_reset_fixed_1_clean64|rotating|12,1378943233,33558272,31343885,30908486,356199,0,356199,0,7548,0,3774,0,0,0,29526,29526,24111864,0,4096,0,0,0,3774,0,1631116256,0,1631116264,0,0,0,0,0,0,0,0,0,4096,256,131072,4,15|4,0,67108864,262144,256,0,0,0,0,456,0,444,0,114,111,0,1,456,0|14,1803086792,0,0,0,29097984,0,29097984,0,89144,0,0,111,0,0,0,0,0,0,0,7064895,0,0,0,0,0
1785956375632|1002|ps_reset_fixed_1_clean64|fixed|14,1378943233,16777471,37518112,36998286,37091881,36998286,37091881,36998286,35477,35345,35342,35342,0,0,4516,0,1090951177,1088793548,4096,4096,0,0,35343,35343,1977640422,1977640427,1977640430,1977640443,0,0,0,0,0,0,0,0,4096,256,131072,4,15|4,0,67108864,262144,256,0,0,0,0,540,0,528,0,135,132,0,1,540,0|16,2836091129,0,34863840,0,0,0,0,0,37030920,0,132,0,1913467438,0,1913467438,0,2080,1897941350,0,24137916,0,0,0,0,0
1785956375632|1002|ps_reset_fixed_1_clean64|rotating|14,1378943233,33558272,37566864,37045710,426891,0,426891,0,9046,0,4523,0,0,0,35388,35388,28897168,0,4096,0,0,0,4523,0,1948808073,0,1948808089,0,0,0,0,0,0,0,0,0,4096,256,131072,4,15|4,0,67108864,262144,256,0,0,0,0,544,0,532,0,136,133,0,1,544,0|16,2120942276,0,0,0,34865152,0,34865152,0,106817,0,0,133,0,0,0,0,0,0,0,7100530,0,0,0,0,0
1785956380638|1002|ps_reset_fixed_1_clean64|fixed|16,1378943233,16777471,43795225,43189788,43297546,43189788,43297546,43189788,41413,41258,41255,41255,0,0,5273,0,1273483615,1270951320,4096,4096,0,0,41256,41256,2298188339,2298188368,2298188347,2298188352,0,0,0,0,0,0,0,0,4096,256,131072,4,15|4,0,67108864,262144,256,0,0,0,0,632,0,620,0,158,155,0,1,632,0|18,3157461474,0,40711360,0,0,0,0,0,43237078,0,155,0,2233375903,0,2233375903,0,2080,2216007087,0,27130805,0,0,0,0,0
1785956380638|1002|ps_reset_fixed_1_clean64|rotating|16,1378943233,33558272,43863609,43257414,498437,0,498437,0,10562,0,5281,0,0,0,41320,41320,33740032,0,4096,0,0,0,5281,0,2270236845,0,2270236853,0,0,0,0,0,0,0,0,0,4096,256,131072,4,15|4,0,67108864,262144,256,0,0,0,0,632,0,620,0,158,155,0,1,632,0|18,2442388873,0,0,0,40632320,0,40632320,0,124703,0,0,155,0,0,0,0,0,0,0,7151905,0,0,0,0,0
1785956385645|1002|ps_reset_fixed_1_clean64|fixed|18,1378943233,16781056,50073722,49382179,49504782,49382179,49504782,49382179,47350,47173,47170,47170,0,0,6028,0,1456046496,1453154536,4096,4096,0,0,47170,47170,2618676416,2618676725,2618676424,2618676733,0,0,0,0,0,0,0,0,4096,256,131072,4,15|4,0,67108864,262144,256,0,0,0,0,720,0,708,0,180,177,0,1,720,0|20,3477987374,0,46541760,0,0,0,0,0,49429331,0,177,0,2552444203,0,2552444203,0,2080,2533344476,0,30012780,0,0,0,0,0
1785956385645|1002|ps_reset_fixed_1_clean64|rotating|18,1378943233,33558272,50142965,49450563,569791,0,569791,0,12074,0,6037,0,0,0,47235,47235,38570064,0,4096,0,0,0,6037,0,2590826430,0,2590826438,0,0,0,0,0,0,0,0,0,4096,256,131072,4,15|4,0,67108864,262144,256,0,0,0,0,720,0,708,0,180,177,0,1,720,0|20,2763007700,0,0,0,46399488,0,46399488,0,142542,0,0,177,0,0,0,0,0,0,0,7182731,0,0,0,0,0
1785956390656|1002|ps_reset_fixed_1_clean64|fixed|20,1378943233,16777471,56354085,55575788,55713696,55575788,55713696,55575788,53294,53095,53091,53091,0,0,6785,0,1638842762,1635591061,4096,4096,0,0,53092,53092,2939565144,2939565125,2939565152,2939565133,0,0,0,0,0,0,0,0,4096,256,131072,4,15|4,0,67108864,262144,256,0,0,0,0,808,0,796,0,202,199,0,1,808,0|22,3800938999,0,52411680,0,0,0,0,0,55663088,0,199,0,2873928348,0,2873928348,0,2080,2853129057,0,32871893,0,0,0,0,0
1785956390656|1002|ps_reset_fixed_1_clean64|rotating|20,1378943233,33558272,56478241,55697819,641894,0,641894,0,13602,0,6801,0,0,0,53209,53209,43451176,0,4096,0,0,0,6801,0,2914635439,0,2914635455,0,0,0,0,0,0,0,0,0,4096,256,131072,4,15|4,0,67108864,262144,256,0,0,0,0,812,0,800,0,203,200,0,1,812,0|22,3086932611,0,0,0,52428800,0,52428800,0,160592,0,0,200,0,0,0,0,0,0,0,7230560,0,0,0,0,0
1785956395672|1002|ps_reset_fixed_1_clean64|fixed|22,1378943233,16781056,62631148,61765792,61919395,61765792,61919395,61765792,59234,59013,59010,59010,0,0,7541,0,1821523520,1817913464,4096,4096,0,0,59010,59010,3260247838,3260248163,3260247846,3260248171,0,0,0,0,0,0,0,0,4096,256,131072,4,15|4,0,67108864,262144,256,0,0,0,0,896,0,884,0,224,221,0,1,900,0|24,4119372336,0,58203872,0,0,0,0,0,61806041,0,222,0,3190913637,0,3190913637,0,2080,3168253949,0,35870572,0,0,0,0,0
1785956395672|1002|ps_reset_fixed_1_clean64|rotating|22,1378943233,33558272,62701511,61834582,712682,0,712682,0,15102,0,7551,0,0,0,59076,59076,48242872,0,4096,0,0,0,7551,0,3232631832,0,3232631840,0,0,0,0,0,0,0,0,0,4096,256,131072,4,15|4,0,67108864,262144,256,0,0,0,0,900,0,888,0,225,222,0,1,900,0|24,3404484797,0,0,0,58195968,0,58195968,0,178265,0,0,222,0,0,0,0,0,0,0,7279766,0,0,0,0,0
1785956400683|1002|ps_reset_fixed_1_clean64|fixed|24,1378943233,16777471,68912293,67958823,68129013,67958823,68129013,67958823,65177,64933,64930,64930,0,0,8299,0,2004262471,2000275514,4096,4096,0,0,64930,64930,3581159227,3581159552,3581159235,3581159560,0,0,0,0,0,0,0,0,4096,256,131072,4,15|4,0,67108864,262144,256,0,0,0,0,988,0,976,0,247,244,0,1,988,0|26,145315650,1,64034272,0,0,0,0,0,68002242,0,244,0,3510366647,0,3510366647,0,2080,3485995438,0,38733157,0,0,0,0,0
1785956400683|1002|ps_reset_fixed_1_clean64|rotating|24,1378943233,33558272,68993554,68039320,784133,0,784133,0,16616,0,8308,0,0,0,65006,65006,53079344,0,4096,0,0,0,8308,0,3553631787,0,3553631795,0,0,0,0,0,0,0,0,0,4096,256,131072,4,15|4,0,67108864,262144,256,0,0,0,0,988,0,976,0,247,244,0,1,988,0|26,3726491794,0,0,0,63963136,0,63963136,0,196175,0,0,244,0,0,0,0,0,0,0,7325632,0,0,0,0,0
1785956410886|1004|ps_reset_fixed_2_clean64|fixed|30,1378943233,16777471,6146572,6061630,6076820,6061630,6076820,6061630,5811,5790,5788,5788,0,0,739,0,178687552,178346843,4096,4096,0,0,5789,5789,370012602,370012607,370012618,370012615,0,0,0,0,0,0,0,0,4096,256,131072,4,15|4,0,67108864,262144,256,0,0,0,0,96,0,84,0,24,21,0,1,96,0|36,798363974,1,5757952,0,0,0,0,0,6110442,0,21,0,319889565,0,319889565,0,2080,313090475,0,9669894,0,0,0,0,0
1785956410886|1004|ps_reset_fixed_2_clean64|rotating|30,1378943233,33558272,6213612,6127176,70598,0,70598,0,1496,0,748,0,0,0,5852,5852,4778928,0,4096,0,0,0,748,0,343560953,0,343560961,0,0,0,0,0,0,0,0,0,4096,256,131072,4,15|4,0,67108864,262144,256,0,0,0,0,100,0,88,0,25,22,0,1,100,0|36,83282583,1,0,0,5767168,0,5767168,0,17744,0,0,22,0,0,0,0,0,0,0,6885920,0,0,0,0,0
1785956415889|1004|ps_reset_fixed_2_clean64|fixed|32,1378943233,16777471,12412519,12241244,12271513,12241244,12271513,12241244,11739,11696,11694,11694,0,0,1494,0,360990041,360291180,4096,4096,0,0,11695,11695,690061583,690061580,690061591,690061588,0,0,0,0,0,0,0,0,4096,256,131072,4,15|4,0,67108864,262144,256,0,0,0,0,188,0,176,0,47,44,0,1,188,0|38,1117728683,1,11558048,0,0,0,0,0,12273086,0,44,0,637804250,0,637804250,0,2080,629131505,0,12683528,0,0,0,0,0
1785956415889|1004|ps_reset_fixed_2_clean64|rotating|32,1378943233,33558272,12461121,12288595,141575,0,141575,0,3000,0,1500,0,0,0,11740,11740,9583400,0,4096,0,0,0,1500,0,662559815,0,662559823,0,0,0,0,0,0,0,0,0,4096,256,131072,4,15|4,0,67108864,262144,256,0,0,0,0,188,0,176,0,47,44,0,1,188,0|38,402544137,1,0,0,11534336,0,11534336,0,35512,0,0,44,0,0,0,0,0,0,0,6925490,0,0,0,0,0
1785956420898|1004|ps_reset_fixed_2_clean64|fixed|34,1378943233,16781056,18689023,18430054,18476661,18430054,18476661,18430054,17675,17610,17608,17608,0,0,2250,0,543520888,542448312,4096,4096,0,0,17608,17608,1010623922,1010624247,1010623930,1010624255,0,0,0,0,0,0,0,0,4096,256,131072,4,15|4,0,67108864,262144,256,0,0,0,0,276,0,264,0,69,66,0,1,276,0|40,1438315405,1,17388448,0,0,0,0,0,18465201,0,66,0,956933372,0,956933372,0,2080,946528497,0,15566722,0,0,0,0,0
1785956420898|1004|ps_reset_fixed_2_clean64|rotating|34,1378943233,33558272,18742108,18482527,212931,0,212931,0,4512,0,2256,0,0,0,17657,17657,14413472,0,4096,0,0,0,2256,0,983150590,0,983150598,0,0,0,0,0,0,0,0,0,4096,256,131072,4,15|4,0,67108864,262144,256,0,0,0,0,276,0,264,0,69,66,0,1,276,0|40,723127607,1,0,0,17301504,0,17301504,0,53350,0,0,66,0,0,0,0,0,0,0,6965444,0,0,0,0,0
1785956425903|1004|ps_reset_fixed_2_clean64|fixed|36,1378943233,16777471,24966104,24620139,24682481,24620139,24682481,24620139,23609,23522,23519,23519,0,0,3005,0,726002270,724571320,4096,4096,0,0,23520,23520,1330992738,1330992775,1330992746,1330992727,0,0,0,0,0,0,0,0,4096,256,131072,4,15|4,0,67108864,262144,256,0,0,0,0,364,0,352,0,91,88,0,1,364,0|42,1759498797,1,23234656,0,0,0,0,0,24670343,0,88,0,1276655212,0,1276655212,0,2080,1264521647,0,18449870,0,0,0,0,0
1785956425903|1004|ps_reset_fixed_2_clean64|rotating|36,1378943233,33558272,25041443,24694548,284474,0,284474,0,6028,0,3014,0,0,0,23590,23590,19256264,0,4096,0,0,0,3014,0,1304600879,0,1304600887,0,0,0,0,0,0,0,0,0,4096,256,131072,4,15|4,0,67108864,262144,256,0,0,0,0,364,0,352,0,91,88,0,1,364,0|42,1046137738,1,0,0,23068672,0,23068672,0,71305,0,0,88,0,0,0,0,0,0,0,7022980,0,0,0,0,0
1785956430918|1004|ps_reset_fixed_2_clean64|fixed|38,1378943233,16777471,31258190,30825077,30903024,30825077,30903024,30825077,29557,29448,29445,29445,0,0,3763,0,908927679,907136634,4096,4096,0,0,29446,29446,1652122026,1652122031,1652122034,1652122039,0,0,0,0,0,0,0,0,4096,256,131072,4,15|4,0,67108864,262144,256,0,0,0,0,452,0,440,0,113,110,0,1,452,0|44,2080321161,1,29065056,0,0,0,0,0,30869235,0,110,0,1596019976,0,1596019976,0,2080,1582153963,0,21333382,0,0,0,0,0
1785956430918|1004|ps_reset_fixed_2_clean64|rotating|38,1378943233,33558272,31332426,30898581,355915,0,355915,0,7542,0,3771,0,0,0,29515,29515,24092680,0,4096,0,0,0,3771,0,1625621772,0,1625621780,0,0,0,0,0,0,0,0,0,4096,256,131072,4,15|5,0,67108864,262144,256,0,0,0,0,456,0,444,0,114,111,0,1,456,0|44,1365569130,1,0,0,29097984,0,29097984,0,89097,0,0,111,0,0,0,0,0,0,0,7066527,0,0,0,0,0
1785956435919|1004|ps_reset_fixed_2_clean64|fixed|40,1378943233,16777471,37525589,37006515,37099264,37006515,37099264,37006515,35483,35352,35350,35350,0,0,4517,0,1091176785,1089026364,4096,4096,0,0,35350,35350,1972065906,1972066255,1972065922,1972066263,0,0,0,0,0,0,0,0,4096,256,131072,4,15|4,0,67108864,262144,256,0,0,0,0,544,0,532,0,136,133,0,1,544,0|46,2400467352,1,34888864,0,0,0,0,0,37050233,0,133,0,1914710215,0,1914710215,0,2080,1898983078,0,24339576,0,0,0,0,0
1785956435919|1004|ps_reset_fixed_2_clean64|rotating|40,1378943233,33558272,37600930,37080259,427271,0,427271,0,9054,0,4527,0,0,0,35420,35420,28922736,0,4096,0,0,0,4527,0,1946008443,0,1946008451,0,0,0,0,0,0,0,0,0,4096,256,131072,4,15|4,0,67108864,262144,256,0,0,0,0,544,0,532,0,136,133,0,1,544,0|46,1686530136,1,0,0,34865152,0,34865152,0,106959,0,0,133,0,0,0,0,0,0,0,7105249,0,0,0,0,0
1785956440925|1004|ps_reset_fixed_2_clean64|fixed|42,1378943233,16781056,43799161,43194209,43301482,43194209,43301482,43194209,41416,41262,41260,41260,0,0,5273,0,1273610312,1271084256,4096,4096,0,0,41260,41260,2292436160,2292436501,2292436168,2292436509,0,0,0,0,0,0,0,0,4096,256,131072,4,15|4,0,67108864,262144,256,0,0,0,0,632,0,620,0,158,155,0,1,632,0|48,2720799871,1,40711360,0,0,0,0,0,43239580,0,155,0,2233587110,0,2233587110,0,2080,2216150630,0,27198286,0,0,0,0,0
1785956440925|1004|ps_reset_fixed_2_clean64|rotating|42,1378943233,33558272,43874915,43269143,498532,0,498532,0,10564,0,5282,0,0,0,41331,41331,33746408,0,4096,0,0,0,5282,0,2266144968,0,2266144976,0,0,0,0,0,0,0,0,0,4096,256,131072,4,15|4,0,67108864,262144,256,0,0,0,0,632,0,620,0,158,155,0,1,632,0|48,2006120449,1,0,0,40632320,0,40632320,0,124751,0,0,155,0,0,0,0,0,0,0,7157185,0,0,0,0,0
1785956445928|1004|ps_reset_fixed_2_clean64|fixed|44,1378943233,16777471,50077881,49385838,49508846,49385838,49508846,49385838,47352,47176,47173,47173,0,0,6029,0,1456141528,1453255819,4096,4096,0,0,47174,47174,2612867521,2612867510,2612867481,2612867518,0,0,0,0,0,0,0,0,4096,256,131072,4,15|4,0,67108864,262144,256,0,0,0,0,720,0,708,0,180,177,0,1,720,0|50,3040174973,1,46518048,0,0,0,0,0,49410665,0,177,0,2551510540,0,2551510540,0,2080,2532363665,0,30054654,0,0,0,0,0
1785956445928|1004|ps_reset_fixed_2_clean64|rotating|44,1378943233,33558272,50130859,49438291,569602,0,569602,0,12070,0,6035,0,0,0,47223,47223,38557280,0,4096,0,0,0,6035,0,2585419661,0,2585419669,0,0,0,0,0,0,0,0,0,4096,256,131072,4,15|4,0,67108864,262144,256,0,0,0,0,720,0,708,0,180,177,0,1,720,0|50,2325462821,1,0,0,46399488,0,46399488,0,142518,0,0,177,0,0,0,0,0,0,0,7200920,0,0,0,0,0
1785956450936|1004|ps_reset_fixed_2_clean64|fixed|46,1378943233,16777471,56356473,55577983,55716084,55577983,55716084,55577983,53289,53091,53088,53088,0,0,6785,0,1638723108,1635475423,4096,4096,0,0,53089,53089,2933382244,2933382209,2933382252,2933382217,0,0,0,0,0,0,0,0,4096,256,131072,4,15|4,0,67108864,262144,256,0,0,0,0,808,0,796,0,202,199,0,1,808,0|52,3362419428,1,52380064,0,0,0,0,0,55636367,0,199,0,2872289491,0,2872289491,0,2080,2851432743,0,32922379,0,0,0,0,0
1785956450936|1004|ps_reset_fixed_2_clean64|rotating|46,1378943233,33558272,56466623,55687024,641610,0,641610,0,13596,0,6798,0,0,0,53192,53192,43432008,0,4096,0,0,0,6798,0,2909003367,0,2909003375,0,0,0,0,0,0,0,0,0,4096,256,131072,4,15|4,0,67108864,262144,256,0,0,0,0,812,0,800,0,203,200,0,1,812,0|52,2649120828,1,0,0,52428800,0,52428800,0,160521,0,0,200,0,0,0,0,0,0,0,7249320,0,0,0,0,0
1785956455943|1004|ps_reset_fixed_2_clean64|fixed|48,1378943233,16777471,62637112,61770862,61925373,61770862,61925373,61770862,59226,59006,59003,59003,0,0,7541,0,1821316800,1817709816,4096,4096,0,0,59004,59004,3253910518,3253910539,3253910526,3253910515,0,0,0,0,0,0,0,0,4096,256,131072,4,15|4,0,67108864,262144,256,0,0,0,0,900,0,888,0,225,222,0,1,900,0|54,3682766267,1,58203872,0,0,0,0,0,61822597,0,222,0,3191180378,0,3191180378,0,2080,3168474742,0,35916337,0,0,0,0,0
1785956455943|1004|ps_reset_fixed_2_clean64|rotating|48,1378943233,33558272,62736073,61868149,712872,0,712872,0,15106,0,7553,0,0,0,59096,59096,48255672,0,4096,0,0,0,7553,0,3228948034,0,3228948042,0,0,0,0,0,0,0,0,0,4096,256,131072,4,15|4,0,67108864,262144,256,0,0,0,0,900,0,888,0,225,222,0,1,900,0|54,2968934790,1,0,0,58195968,0,58195968,0,178336,0,0,222,0,0,0,0,0,0,0,7302451,0,0,0,0,0
1785956460973|1004|ps_reset_fixed_2_clean64|fixed|50,1378943233,16777471,68937514,67983872,68154139,67983872,68154139,67983872,65183,64940,64937,64937,0,0,8300,0,2004500094,2000518537,4096,4096,0,0,64938,64938,3575599523,3575599544,3575599531,3575599552,0,0,0,0,0,0,0,0,4096,256,131072,4,15|4,0,67108864,262144,256,0,0,0,0,988,0,976,0,247,244,0,1,988,0|56,4004093404,1,64050080,0,0,0,0,0,68031190,0,244,0,3511045963,0,3511045963,0,2080,3486624694,0,38786428,0,0,0,0,0
1785956460973|1004|ps_reset_fixed_2_clean64|rotating|50,1378943233,33558272,69015542,68061106,784227,0,784227,0,16618,0,8309,0,0,0,65011,65011,53085720,0,4096,0,0,0,8309,0,3549525699,0,3549525715,0,0,0,0,0,0,0,0,0,4096,256,131072,4,15|4,0,67108864,262144,256,0,0,0,0,988,0,976,0,247,244,0,1,988,0|56,3290162048,1,0,0,63963136,0,63963136,0,196198,0,0,244,0,0,0,0,0,0,0,7356098,0,0,0,0,0
1785956471154|1006|ps_reset_fixed_3_clean64|fixed|56,1378943233,16781056,6147838,6062833,6078086,6062833,6078086,6062833,5812,5790,5790,5790,0,0,739,0,178725192,178382512,4096,4096,0,0,5790,5790,368915930,368916255,368915938,368916263,0,0,0,0,0,0,0,0,4096,256,131072,4,15|4,0,67108864,262144,256,0,0,0,0,96,0,84,0,24,21,0,1,96,0|66,360583731,2,5750048,0,0,0,0,0,6108069,0,21,0,319764613,0,319764613,0,2054,312973679,0,9660012,0,0,0,0,0
1785956471154|1006|ps_reset_fixed_3_clean64|rotating|56,1378943233,33558272,6226608,6139986,70692,0,70692,0,1498,0,749,0,0,0,5864,5864,4785304,0,4096,0,0,0,749,0,344164703,0,344164719,0,0,0,0,0,0,0,0,0,4096,256,131072,4,15|4,0,67108864,262144,256,0,0,0,0,100,0,88,0,25,22,0,1,100,0|66,3941810679,1,0,0,5767168,0,5767168,0,17815,0,0,22,0,0,0,0,0,0,0,6892478,0,0,0,0,0
1785956476154|1006|ps_reset_fixed_3_clean64|fixed|58,1378943233,16781056,12528788,12354931,12386455,12354931,12386455,12354931,11849,11804,11804,11804,0,0,1508,0,364365440,363647824,4096,4096,0,0,11804,11804,694876141,694876482,694876149,694876490,0,0,0,0,0,0,0,0,4096,256,131072,4,15|4,0,67108864,262144,256,0,0,0,0,188,0,176,0,47,44,0,1,188,0|68,689670940,2,11739840,0,0,0,0,0,12461276,0,44,0,647354374,0,647354374,0,2080,638751315,0,12652844,0,0,0,0,0
1785956476154|1006|ps_reset_fixed_3_clean64|rotating|58,1378943233,33558272,12678261,12502751,144027,0,144027,0,3052,0,1526,0,0,0,11945,11945,9749504,0,4096,0,0,0,1526,0,673761857,0,673761865,0,0,0,0,0,0,0,0,0,4096,256,131072,4,15|4,0,67108864,262144,256,0,0,0,0,192,0,180,0,48,45,0,1,192,0|68,4273128581,1,0,0,11796480,0,11796480,0,36243,0,0,45,0,0,0,0,0,0,0,6938472,0,0,0,0,0
1785956481156|1006|ps_reset_fixed_3_clean64|fixed|60,1378943233,16777471,18789292,18529498,18575794,18529498,18575794,18529498,17769,17702,17702,17702,0,0,2262,0,546424402,545348341,4096,4096,0,0,17702,17702,1014481741,1014482058,1014481749,1014482066,0,0,0,0,0,0,0,0,4096,256,131072,4,15|4,0,67108864,262144,256,0,0,0,0,276,0,264,0,69,66,0,1,276,0|70,1007722661,2,17522816,0,0,0,0,0,18604855,0,66,0,963960351,0,963960351,0,2080,953633142,0,15517876,0,0,0,0,0
1785956481156|1006|ps_reset_fixed_3_clean64|rotating|60,1378943233,33558272,18895320,18634371,214625,0,214625,0,4548,0,2274,0,0,0,17802,17802,14528432,0,4096,0,0,0,2274,0,990896350,0,990896358,0,0,0,0,0,0,0,0,0,4096,256,131072,4,15|5,0,67108864,262144,256,0,0,0,0,280,0,268,0,70,67,0,1,280,0|70,293354033,2,0,0,17563648,0,17563648,0,53798,0,0,67,0,0,0,0,0,0,0,6989700,0,0,0,0,0
1785956486164|1006|ps_reset_fixed_3_clean64|fixed|62,1378943233,16777471,25044828,24698845,24760260,24698845,24760260,24698845,23684,23595,23594,23594,0,0,3015,0,728300600,726865657,4096,4096,0,0,23595,23595,1333781426,1333781407,1333781418,1333781415,0,0,0,0,0,0,0,0,4096,256,131072,4,15|4,0,67108864,262144,256,0,0,0,0,364,0,352,0,91,88,0,1,364,0|72,1325534201,2,23297888,0,0,0,0,0,24744301,0,88,0,1280328123,0,1280328123,0,2080,1268278368,0,18379607,0,0,0,0,0
1785956486164|1006|ps_reset_fixed_3_clean64|rotating|62,1378943233,33558272,25125644,24778797,285411,0,285411,0,6048,0,3024,0,0,0,23670,23670,19320144,0,4096,0,0,0,3024,0,1308887084,0,1308887092,0,0,0,0,0,0,0,0,0,4096,256,131072,4,15|5,0,67108864,262144,256,0,0,0,0,368,0,356,0,92,89,0,1,368,0|72,611262849,2,0,0,23330816,0,23330816,0,71471,0,0,89,0,0,0,0,0,0,0,7036253,0,0,0,0,0
1785956491166|1006|ps_reset_fixed_3_clean64|fixed|64,1378943233,16778188,31300847,30867872,30945214,30867872,30945214,30867872,29597,29486,29486,29486,0,0,3768,0,910174392,908381272,4096,4096,0,0,29486,29486,1653050645,1653050994,1653050653,1653051002,0,0,0,0,0,0,0,0,4096,256,131072,4,15|4,0,67108864,262144,256,0,0,0,0,452,0,440,0,114,111,0,1,456,0|74,1644833604,2,29105888,0,0,0,0,0,30910424,0,111,0,1598175526,0,1598175526,0,2080,1584268378,0,21378676,0,0,0,0,0
1785956491166|1006|ps_reset_fixed_3_clean64|rotating|64,1378943233,33558272,31364063,30929609,356388,0,356388,0,7552,0,3776,0,0,0,29545,29545,24124624,0,4096,0,0,0,3776,0,1627547542,0,1627547550,0,0,0,0,0,0,0,0,0,4096,256,131072,4,15|4,0,67108864,262144,256,0,0,0,0,456,0,444,0,114,111,0,1,456,0|74,929447032,2,0,0,29097984,0,29097984,0,89191,0,0,111,0,0,0,0,0,0,0,7078240,0,0,0,0,0
1785956496174|1006|ps_reset_fixed_3_clean64|fixed|66,1378943233,16779144,37557478,37037915,37130681,37037915,37130681,37037915,35514,35381,35380,35380,0,0,4522,0,1092111088,1089941744,4096,4096,0,0,35380,35380,1972561635,1972561952,1972561643,1972561960,0,0,0,0,0,0,0,0,4096,256,131072,4,15|4,0,67108864,262144,256,0,0,0,0,544,0,532,0,136,133,0,1,544,0|76,1964283323,2,34912576,0,0,0,0,0,37081497,0,133,0,1916173573,0,1916173573,0,2080,1900550634,0,24240440,0,0,0,0,0
1785956496174|1006|ps_reset_fixed_3_clean64|rotating|66,1378943233,33558272,37636341,37115889,427649,0,427649,0,9062,0,4531,0,0,0,35454,35454,28948320,0,4096,0,0,0,4531,0,1947687164,0,1947687172,0,0,0,0,0,0,0,0,0,4096,256,131072,4,15|4,0,67108864,262144,256,0,0,0,0,544,0,532,0,136,133,0,1,544,0|76,1250295627,2,0,0,34865152,0,34865152,0,107030,0,0,133,0,0,0,0,0,0,0,7124500,0,0,0,0,0
1785956501186|1006|ps_reset_fixed_3_clean64|fixed|68,1378943233,16777471,43823169,43218183,43325206,43218183,43325206,43218183,41439,41284,41282,41282,0,0,5276,0,1274297921,1271770572,4096,4096,0,0,41283,41283,2292405605,2292405602,2292405613,2292405610,0,0,0,0,0,0,0,0,4096,256,131072,4,15|4,0,67108864,262144,256,0,0,0,0,632,0,620,0,158,155,0,1,632,0|78,2285032129,2,40750880,0,0,0,0,0,43278906,0,155,0,2235462803,0,2235462803,0,2080,2218127995,0,27105070,0,0,0,0,0
1785956501186|1006|ps_reset_fixed_3_clean64|rotating|68,1378943233,33558272,43905761,43299919,498909,0,498909,0,10572,0,5286,0,0,0,41360,41360,33771952,0,4096,0,0,0,5286,0,2267829634,0,2267829642,0,0,0,0,0,0,0,0,0,4096,256,131072,4,15|4,0,67108864,262144,256,0,0,0,0,632,0,620,0,158,155,0,1,632,0|78,1569871876,2,0,0,40632320,0,40632320,0,124821,0,0,155,0,0,0,0,0,0,0,7163356,0,0,0,0,0
1785956506187|1006|ps_reset_fixed_3_clean64|fixed|70,1378943233,16777471,50074000,49382412,49505060,49382412,49505060,49382412,47348,47171,47169,47169,0,0,6028,0,1456034448,1453148796,4096,4096,0,0,47170,47170,2611437341,2611437322,2611437317,2611437330,0,0,0,0,0,0,0,0,4096,256,131072,4,15|4,0,67108864,262144,256,0,0,0,0,720,0,708,0,180,177,0,1,720,0|80,2603125770,2,46533856,0,0,0,0,0,49424336,0,177,0,2552110700,0,2552110700,0,2080,2533057810,0,29964034,0,0,0,0,0
1785956506187|1006|ps_reset_fixed_3_clean64|rotating|70,1378943233,33558272,50146444,49454087,569791,0,569791,0,12074,0,6037,0,0,0,47238,47238,38570064,0,4096,0,0,0,6037,0,2586247362,0,2586247370,0,0,0,0,0,0,0,0,0,4096,256,131072,4,15|4,0,67108864,262144,256,0,0,0,0,720,0,708,0,180,177,0,1,720,0|80,1889127063,2,0,0,46399488,0,46399488,0,142589,0,0,177,0,0,0,0,0,0,0,7211415,0,0,0,0,0
1785956511187|1006|ps_reset_fixed_3_clean64|fixed|72,1378943233,16777471,56334564,55556285,55694459,55556285,55694459,55556285,53268,53070,53067,53067,0,0,6782,0,1638079180,1634833447,4096,4096,0,0,53068,53068,2931010156,2931010153,2931010164,2931010161,0,0,0,0,0,0,0,0,4096,256,131072,4,15|4,0,67108864,262144,256,0,0,0,0,808,0,796,0,202,199,0,1,808,0|82,2922838820,2,52348448,0,0,0,0,0,55600771,0,199,0,2870370102,0,2870370102,0,2080,2849611611,0,32817305,0,0,0,0,0
1785956511187|1006|ps_reset_fixed_3_clean64|rotating|72,1378943233,33558272,56409624,55630597,640954,0,640954,0,13582,0,6791,0,0,0,53138,53138,43387264,0,4096,0,0,0,6791,0,2905948692,0,2905948700,0,0,0,0,0,0,0,0,0,4096,256,131072,4,15|4,0,67108864,262144,256,0,0,0,0,808,0,796,0,202,199,0,1,808,0|82,2208888643,2,0,0,52166656,0,52166656,0,160379,0,0,199,0,0,0,0,0,0,0,7254374,0,0,0,0,0
1785956516198|1006|ps_reset_fixed_3_clean64|fixed|74,1378943233,16781056,62616503,61752306,61905045,61752306,61905045,61752306,59207,58987,58985,58985,0,0,7538,0,1820749792,1817145992,4096,4096,0,0,58985,58985,3251669711,3251670068,3251669719,3251670076,0,0,0,0,0,0,0,0,4096,256,131072,4,15|4,0,67108864,262144,256,0,0,0,0,896,0,884,0,224,221,0,1,896,0|84,3244688458,2,58195968,0,0,0,0,0,61816906,0,222,0,3190757860,0,3190757860,0,2080,3168193172,0,35773694,0,0,0,0,0
1785956516198|1006|ps_reset_fixed_3_clean64|rotating|74,1378943233,33558272,62709070,61843164,712587,0,712587,0,15100,0,7550,0,0,0,59072,59072,48236488,0,4096,0,0,0,7550,0,3227620391,0,3227620399,0,0,0,0,0,0,0,0,0,4096,256,131072,4,15|4,0,67108864,262144,256,0,0,0,0,900,0,888,0,225,222,0,1,900,0|84,2529858057,2,0,0,58195968,0,58195968,0,178265,0,0,222,0,0,0,0,0,0,0,7301401,0,0,0,0,0
1785956521200|1006|ps_reset_fixed_3_clean64|fixed|76,1378943233,16777471,68890486,67938602,68107680,67938602,68107680,67938602,65139,64897,64894,64894,0,0,8294,0,2003153768,1999192708,4096,4096,0,0,64895,64895,3571890084,3571890073,3571890052,3571890081,0,0,0,0,0,0,0,0,4096,256,131072,4,15|4,0,67108864,262144,256,0,0,0,0,988,0,976,0,247,244,0,1,988,0|86,3562841735,2,63986848,0,0,0,0,0,67962837,0,244,0,3507463417,0,3507463417,0,2080,3483136183,0,38678788,0,0,0,0,0
1785956521200|1006|ps_reset_fixed_3_clean64|rotating|76,1378943233,33558272,68947799,67994600,783470,0,783470,0,16602,0,8301,0,0,0,64948,64948,53034600,0,4096,0,0,0,8301,0,3546038742,0,3546038750,0,0,0,0,0,0,0,0,0,4096,256,131072,4,15|4,0,67108864,262144,256,0,0,0,0,988,0,976,0,247,244,0,1,988,0|86,2849018272,2,0,0,63963136,0,63963136,0,196009,0,0,244,0,0,0,0,0,0,0,7349925,0,0,0,0,0
1785956531355|1008|ps_reset_fixed_4_clean64|fixed|82,1378943233,16777471,6136729,6051829,6067071,6051829,6067071,6051829,5802,5780,5779,5779,0,0,738,0,178391048,178049251,4096,4096,0,0,5780,5780,365145441,365145438,365145449,365145454,0,0,0,0,0,0,0,0,4096,256,131072,4,15|4,0,67108864,262144,256,0,0,0,0,96,0,84,0,24,21,0,1,96,0|96,4213562605,2,5742144,0,0,0,0,0,6100527,0,21,0,319360883,0,319360883,0,2080,312558850,0,9669444,0,0,0,0,0
1785956531355|1008|ps_reset_fixed_4_clean64|rotating|82,1378943233,33558272,6213787,6127542,70503,0,70503,0,1494,0,747,0,0,0,5851,5852,4772528,0,4096,0,0,0,747,0,341734003,0,341734011,0,0,0,0,0,0,0,0,0,4096,256,131072,4,15|4,0,67108864,262144,256,0,0,0,0,100,0,88,0,25,22,0,1,100,0|96,3499629358,2,0,0,5767168,0,5767168,0,17768,0,0,22,0,0,0,0,0,0,0,6892198,0,0,0,0,0
1785956536365|1008|ps_reset_fixed_4_clean64|fixed|84,1378943233,16777471,12415990,12244605,12274984,12244605,12274984,12244605,11743,11699,11698,11698,0,0,1494,0,361096605,360395168,4096,4096,0,0,11699,11699,685894415,685894404,685894423,685894412,0,0,0,0,0,0,0,0,4096,256,131072,4,15|4,0,67108864,262144,256,0,0,0,0,188,0,176,0,47,44,0,1,188,0|98,240381840,3,11597568,0,0,0,0,0,12310117,0,44,0,639683558,0,639683558,0,2080,631018959,0,12683868,0,0,0,0,0
1785956536365|1008|ps_reset_fixed_4_clean64|rotating|84,1378943233,33558272,12506684,12333538,142048,0,142048,0,3010,0,1505,0,0,0,11783,11783,9615384,0,4096,0,0,0,1505,0,662988449,0,662988457,0,0,0,0,0,0,0,0,0,4096,256,131072,4,15|4,0,67108864,262144,256,0,0,0,0,188,0,176,0,47,44,0,1,188,0|98,3820382510,2,0,0,11534336,0,11534336,0,35630,0,0,44,0,0,0,0,0,0,0,6937558,0,0,0,0,0
1785956541373|1008|ps_reset_fixed_4_clean64|fixed|86,1378943233,16777471,18691413,18432889,18479051,18432889,18479051,18432889,17677,17610,17609,17609,0,0,2250,0,543579662,542501977,4096,4096,0,0,17610,17610,1006372659,1006372672,1006372667,1006372680,0,0,0,0,0,0,0,0,4096,256,131072,4,15|4,0,67108864,262144,256,0,0,0,0,276,0,264,0,69,66,0,1,276,0|100,559833290,3,17404256,0,0,0,0,0,18480630,0,66,0,957683336,0,957683336,0,2080,947281166,0,15567412,0,0,0,0,0
1785956541373|1008|ps_reset_fixed_4_clean64|rotating|86,1378943233,33558272,18763764,18504419,213214,0,213214,0,4518,0,2259,0,0,0,17678,17678,14432616,0,4096,0,0,0,2259,0,982720061,0,982720069,0,0,0,0,0,0,0,0,0,4096,256,131072,4,15|4,0,67108864,262144,256,0,0,0,0,276,0,264,0,69,66,0,1,276,0|100,4141552575,2,0,0,17301504,0,17301504,0,53492,0,0,66,0,0,0,0,0,0,0,6984007,0,0,0,0,0
1785956546375|1008|ps_reset_fixed_4_clean64|fixed|88,1378943233,16777471,24962357,24617687,24678734,24617687,24678734,24617687,23607,23517,23516,23516,0,0,3005,0,725906136,724469722,4096,4096,0,0,23517,23517,1326464839,1326464836,1326464799,1326464844,0,0,0,0,0,0,0,0,4096,256,131072,4,15|4,0,67108864,262144,256,0,0,0,0,364,0,352,0,91,88,0,1,364,0|102,879999237,3,23226752,0,0,0,0,0,24665938,0,88,0,1276393659,0,1276393659,0,2080,1264257228,0,18451040,0,0,0,0,0
1785956546375|1008|ps_reset_fixed_4_clean64|rotating|88,1378943233,33558272,25038341,24692637,284474,0,284474,0,6028,0,3014,0,0,0,23588,23588,19256264,0,4096,0,0,0,3014,0,1302881529,0,1302881537,0,0,0,0,0,0,0,0,0,4096,256,131072,4,15|4,0,67108864,262144,256,0,0,0,0,364,0,352,0,91,88,0,1,364,0|102,165248527,3,0,0,23068672,0,23068672,0,71212,0,0,88,0,0,0,0,0,0,0,7031478,0,0,0,0,0
1785956551377|1008|ps_reset_fixed_4_clean64|fixed|90,1378943233,16777471,31238858,30807127,30883881,30807127,30883881,30807127,29541,29429,29428,29428,0,0,3761,0,908386493,906590584,4096,4096,0,0,29429,29429,1646826245,1646826266,1646826253,1646826258,0,0,0,0,0,0,0,0,4096,256,131072,4,15|4,0,67108864,262144,256,0,0,0,0,452,0,440,0,113,110,0,1,452,0|104,1200472461,3,29057152,0,0,0,0,0,30857779,0,110,0,1595409283,0,1595409283,0,2080,1581540192,0,21334764,0,0,0,0,0
1785956551377|1008|ps_reset_fixed_4_clean64|rotating|90,1378943233,33558272,31338494,30905661,356009,0,356009,0,7544,0,3772,0,0,0,29522,29522,24099072,0,4096,0,0,0,3772,0,1624332401,0,1624332409,0,0,0,0,0,0,0,0,0,4096,256,131072,4,15|4,0,67108864,262144,256,0,0,0,0,456,0,444,0,114,111,0,1,456,0|104,488838634,3,0,0,29097984,0,29097984,0,89239,0,0,111,0,0,0,0,0,0,0,7070650,0,0,0,0,0
1785956556380|1008|ps_reset_fixed_4_clean64|fixed|92,1378943233,16777471,37513795,36996561,37087564,36996561,37087564,36996561,35474,35340,35339,35339,0,0,4516,0,1090859128,1088705448,4096,4096,0,0,35340,35340,1967151963,1967151960,1967151955,1967151936,0,0,0,0,0,0,0,0,4096,256,131072,4,15|4,0,67108864,262144,256,0,0,0,0,544,0,532,0,136,133,0,1,544,0|106,1521078662,3,34880960,0,0,0,0,0,37048064,0,133,0,1914559532,0,1914559532,0,2080,1898833868,0,24336407,0,0,0,0,0
1785956556380|1008|ps_reset_fixed_4_clean64|rotating|92,1378943233,33558272,37600336,37081398,427271,0,427271,0,9054,0,4527,0,0,0,35421,35421,28922736,0,4096,0,0,0,4527,0,1944284755,0,1944284763,0,0,0,0,0,0,0,0,0,4096,256,131072,4,15|4,0,67108864,262144,256,0,0,0,0,544,0,532,0,136,133,0,1,544,0|106,806906862,3,0,0,34865152,0,34865152,0,106936,0,0,133,0,0,0,0,0,0,0,7113215,0,0,0,0,0
1785956561386|1008|ps_reset_fixed_4_clean64|fixed|94,1378943233,16781056,43784942,43181428,43287358,43181428,43287358,43181428,41404,41249,41247,41247,0,0,5272,0,1273212128,1270682968,4096,4096,0,0,41247,41247,2287381600,2287381949,2287381608,2287381957,0,0,0,0,0,0,0,0,4096,256,131072,4,15|4,0,67108864,262144,256,0,0,0,0,632,0,620,0,158,155,0,1,632,0|108,1841044370,3,40703456,0,0,0,0,0,43229812,0,155,0,2233069616,0,2233069616,0,2080,2215630284,0,27199442,0,0,0,0,0
1785956561386|1008|ps_reset_fixed_4_clean64|rotating|94,1378943233,33558272,43853776,43249556,498342,0,498342,0,10560,0,5280,0,0,0,41311,41311,33733640,0,4096,0,0,0,5280,0,2263566089,0,2263566097,0,0,0,0,0,0,0,0,0,4096,256,131072,4,15|4,0,67108864,262144,256,0,0,0,0,632,0,620,0,158,155,0,1,632,0|108,1126839936,3,0,0,40632320,0,40632320,0,124751,0,0,155,0,0,0,0,0,0,0,7160130,0,0,0,0,0
1785956566388|1008|ps_reset_fixed_4_clean64|fixed|96,1378943233,16777471,50059820,49369472,49490975,49369472,49490975,49369472,47337,47160,47157,47157,0,0,6027,0,1455646019,1452757222,4096,4096,0,0,47158,47158,2607655718,2607655707,2607655726,2607655723,0,0,0,0,0,0,0,0,4096,256,131072,4,15|4,0,67108864,262144,256,0,0,0,0,720,0,708,0,180,177,0,1,720,0|110,2161162034,3,46525952,0,0,0,0,0,49415021,0,177,0,2551731656,0,2551731656,0,2080,2532576314,0,30064819,0,0,0,0,0
1785956566388|1008|ps_reset_fixed_4_clean64|rotating|96,1378943233,33558272,50126598,49435538,569602,0,569602,0,12070,0,6035,0,0,0,47220,47220,38557280,0,4096,0,0,0,6035,0,2583709320,0,2583709328,0,0,0,0,0,0,0,0,0,4096,256,131072,4,15|4,0,67108864,262144,256,0,0,0,0,720,0,708,0,180,177,0,1,720,0|110,1446709084,3,0,0,46399488,0,46399488,0,142542,0,0,177,0,0,0,0,0,0,0,7199221,0,0,0,0,0
1785956571392|1008|ps_reset_fixed_4_clean64|fixed|98,1378943233,16780817,56329282,55552066,55689177,55552066,55689177,55552066,53264,53065,53063,53063,0,0,6782,0,1637948620,1634700648,4096,4096,0,0,53064,53063,2927671548,2927653688,2927671556,2927653696,0,0,0,0,0,0,0,0,4096,256,131072,4,15|4,0,67108864,262144,256,0,0,0,0,808,0,796,0,202,199,0,1,808,0|112,2481366032,3,52348448,0,0,0,0,0,55600972,0,199,0,2870480030,0,2870480030,0,2080,2849623223,0,32915651,0,0,0,0,0
1785956571392|1008|ps_reset_fixed_4_clean64|rotating|98,1378943233,33558272,56421531,55643377,641048,0,641048,0,13584,0,6792,0,0,0,53150,53150,43393648,0,4096,0,0,0,6792,0,2904697524,0,2904697532,0,0,0,0,0,0,0,0,0,4096,256,131072,4,15|4,0,67108864,262144,256,0,0,0,0,808,0,796,0,202,199,0,1,808,0|112,1767542484,3,0,0,52166656,0,52166656,0,160402,0,0,199,0,0,0,0,0,0,0,7249221,0,0,0,0,0
1785956576415|1008|ps_reset_fixed_4_clean64|fixed|100,1378943233,16777471,62627535,61764192,61915889,61764192,61915889,61764192,59220,58999,58996,58996,0,0,7540,0,1821092424,1817484536,4096,4096,0,0,58997,58997,3249162027,3249162032,3249162003,3249162000,0,0,0,0,0,0,0,0,4096,256,131072,4,15|4,0,67108864,262144,256,0,0,0,0,896,0,884,0,224,221,0,1,896,0|114,2802753340,3,58194656,0,0,0,0,0,61810715,0,221,0,3190405786,0,3190405786,0,2080,3167837832,0,35781256,0,0,0,0,0
1785956576415|1008|ps_reset_fixed_4_clean64|rotating|100,1378943233,33558272,62700621,61835955,712492,0,712492,0,15098,0,7549,0,0,0,59065,59065,48230104,0,4096,0,0,0,7549,0,3225501790,0,3225501806,0,0,0,0,0,0,0,0,0,4096,256,131072,4,15|4,0,67108864,262144,256,0,0,0,0,900,0,888,0,225,222,0,1,900,0|114,2087936643,3,0,0,58195968,0,58195968,0,178241,0,0,222,0,0,0,0,0,0,0,7292750,0,0,0,0,0
1785956581419|1008|ps_reset_fixed_4_clean64|fixed|102,1378943233,16777471,68902827,67951546,68119831,67951546,68119831,67951546,65153,64912,64907,64907,0,0,8296,0,2003547233,1999563836,4096,4096,0,0,64907,64907,3569567120,3569567429,3569567128,3569567437,0,0,0,0,0,0,0,0,4096,256,131072,4,15|4,0,67108864,262144,256,0,0,0,0,988,0,976,0,247,244,0,1,988,0|116,3123097331,3,64018464,0,0,0,0,0,67997190,0,244,0,3509293825,0,3509293825,0,2080,3484877709,0,38774488,0,0,0,0,0
1785956581419|1008|ps_reset_fixed_4_clean64|rotating|102,1378943233,33558272,68971591,68019526,783753,0,783753,0,16608,0,8304,0,0,0,64971,64971,53053784,0,4096,0,0,0,8304,0,3545644472,0,3545644480,0,0,0,0,0,0,0,0,0,4096,256,131072,4,15|4,0,67108864,262144,256,0,0,0,0,988,0,976,0,247,244,0,1,988,0|116,2408108452,3,0,0,63963136,0,63963136,0,196056,0,0,244,0,0,0,0,0,0,0,7333549,0,0,0,0,0
1785956591637|1010|ps_reset_fixed_5_clean64|fixed|108,1378943233,16777471,6155427,6071930,6085581,6071930,6085581,6071930,5821,5799,5798,5798,0,0,740,0,178974728,178634491,4096,4096,0,0,5799,5799,369444183,369444196,369444191,369444204,0,0,0,0,0,0,0,0,4096,256,131072,4,15|4,0,67108864,262144,256,0,0,0,0,96,0,84,0,24,21,0,1,96,0|126,3777094098,3,5765856,0,0,0,0,0,6124620,0,21,0,320582342,0,320582342,0,2080,313803366,0,9651561,0,0,0,0,0
1785956591637|1010|ps_reset_fixed_5_clean64|rotating|108,1378943233,33558272,6228560,6143461,70692,0,70692,0,1498,0,749,0,0,0,5866,5866,4785304,0,4096,0,0,0,749,0,343867389,0,343867405,0,0,0,0,0,0,0,0,0,4096,256,131072,4,15|4,0,67108864,262144,256,0,0,0,0,100,0,88,0,25,22,0,1,100,0|126,3062076124,3,0,0,5767168,0,5767168,0,17791,0,0,22,0,0,0,0,0,0,0,6892590,0,0,0,0,0
1785956596650|1010|ps_reset_fixed_5_clean64|fixed|110,1378943233,16777471,12436398,12265221,12295108,12265221,12295108,12265221,11763,11718,11718,11718,0,0,1497,0,361708878,360993217,4096,4096,0,0,11718,11718,690344442,690344783,690344450,690344791,0,0,0,0,0,0,0,0,4096,256,131072,4,15|4,0,67108864,262144,256,0,0,0,0,188,0,176,0,47,44,0,1,188,0|128,4097749007,3,11597568,0,0,0,0,0,12312519,0,44,0,639779323,0,639779323,0,2080,631141549,0,12657126,0,0,0,0,0
1785956596650|1010|ps_reset_fixed_5_clean64|rotating|110,1378943233,33558272,12510758,12338639,142143,0,142143,0,3012,0,1506,0,0,0,11788,11788,9621776,0,4096,0,0,0,1506,0,664878998,0,664879006,0,0,0,0,0,0,0,0,0,4096,256,131072,4,15|4,0,67108864,262144,256,0,0,0,0,188,0,176,0,47,44,0,1,188,0|128,3383118153,3,0,0,11534336,0,11534336,0,35654,0,0,44,0,0,0,0,0,0,0,6938033,0,0,0,0,0
1785956601651|1010|ps_reset_fixed_5_clean64|fixed|112,1378943233,16777471,18708703,18450179,18496152,18450179,18496152,18450179,17694,17627,17626,17626,0,0,2252,0,544090008,543015515,4096,4096,0,0,17627,17627,1010518985,1010519014,1010518993,1010519022,0,0,0,0,0,0,0,0,4096,256,131072,4,15|4,0,67108864,262144,256,0,0,0,0,276,0,264,0,69,66,0,1,276,0|130,123138884,4,17420580,0,0,0,0,0,18501168,0,66,0,958680743,0,958680743,0,2080,948330310,0,15519002,0,0,0,0,0
1785956601651|1010|ps_reset_fixed_5_clean64|rotating|112,1378943233,33558272,18776190,18516895,213308,0,213308,0,4520,0,2260,0,0,0,17690,17690,14439016,0,4096,0,0,0,2260,0,984588976,0,984588984,0,0,0,0,0,0,0,0,0,4096,256,131072,4,15|4,0,67108864,262144,256,0,0,0,0,276,0,264,0,69,66,0,1,276,0|130,3702843324,3,0,0,17301504,0,17301504,0,53445,0,0,66,0,0,0,0,0,0,0,6975049,0,0,0,0,0
1785956606661|1010|ps_reset_fixed_5_clean64|fixed|114,1378943233,16777471,24988160,24641481,24704254,24641481,24704254,24641481,23630,23541,23540,23540,0,0,3008,0,726640656,725208372,4096,4096,0,0,23541,23541,1330983609,1330983598,1330983593,1330983606,0,0,0,0,0,0,0,0,4096,256,131072,4,15|4,0,67108864,262144,256,0,0,0,0,364,0,352,0,91,88,0,1,364,0|132,443359535,4,23250464,0,0,0,0,0,24687741,0,88,0,1277443923,0,1277443923,0,2080,1265376948,0,18386758,0,0,0,0,0
1785956606661|1010|ps_reset_fixed_5_clean64|rotating|114,1378943233,33558272,25065132,24717747,284755,0,284755,0,6034,0,3017,0,0,0,23613,23613,19275400,0,4096,0,0,0,3017,0,1305594094,0,1305594102,0,0,0,0,0,0,0,0,0,4096,256,131072,4,15|4,0,67108864,262144,256,0,0,0,0,364,0,352,0,91,88,0,1,364,0|132,4024505308,3,0,0,23068672,0,23068672,0,71329,0,0,88,0,0,0,0,0,0,0,7021945,0,0,0,0,0
1785956611670|1010|ps_reset_fixed_5_clean64|fixed|116,1378943233,16777471,31272748,30839590,30917489,30839590,30917489,30839590,29571,29461,29459,29459,0,0,3764,0,909362925,907571920,4096,4096,0,0,29460,29460,1651732536,1651732541,1651732552,1651732549,0,0,0,0,0,0,0,0,4096,256,131072,4,15|4,0,67108864,262144,256,0,0,0,0,452,0,440,0,113,110,0,1,452,0|134,764384898,4,29088768,0,0,0,0,0,30890742,0,110,0,1597009710,0,1597009710,0,2080,1583233134,0,21249120,0,0,0,0,0
1785956611670|1010|ps_reset_fixed_5_clean64|rotating|116,1378943233,33558272,31341739,30907671,356104,0,356104,0,7546,0,3773,0,0,0,29524,29524,24105464,0,4096,0,0,0,3773,0,1626164099,0,1626164107,0,0,0,0,0,0,0,0,0,4096,256,131072,4,15|4,0,67108864,262144,256,0,0,0,0,456,0,444,0,114,111,0,1,456,0|134,49331835,4,0,0,29097984,0,29097984,0,89144,0,0,111,0,0,0,0,0,0,0,7072589,0,0,0,0,0
1785956616670|1010|ps_reset_fixed_5_clean64|fixed|118,1378943233,16781056,37544260,37024342,37117653,37024342,37117653,37024342,35501,35369,35368,35368,0,0,4520,0,1091739624,1089588488,4096,4096,0,0,35368,35368,1971863769,1971864102,1971863777,1971864110,0,0,0,0,0,0,0,0,4096,256,131072,4,15|4,0,67108864,262144,256,0,0,0,0,544,0,532,0,136,133,0,1,544,0|136,1084276694,4,34904672,0,0,0,0,0,37067435,0,133,0,1915447530,0,1915447530,0,2080,1899833681,0,24229766,0,0,0,0,0
1785956616670|1010|ps_reset_fixed_5_clean64|rotating|118,1378943233,33558272,37609027,37087663,427365,0,427365,0,9056,0,4528,0,0,0,35428,35428,28929128,0,4096,0,0,0,4528,0,1946095460,0,1946095468,0,0,0,0,0,0,0,0,0,4096,256,131072,4,15|4,0,67108864,262144,256,0,0,0,0,544,0,532,0,136,133,0,1,544,0|136,369236013,4,0,0,34865152,0,34865152,0,106936,0,0,133,0,0,0,0,0,0,0,7115527,0,0,0,0,0
1785956621673|1010|ps_reset_fixed_5_clean64|fixed|120,1378943233,16777471,43810161,43203161,43312292,43203161,43312292,43203161,41427,41272,41270,41270,0,0,5275,0,1273922577,1271397400,4096,4096,0,0,41271,41271,2291817730,2291817743,2291817738,2291817727,0,0,0,0,0,0,0,0,4096,256,131072,4,15|4,0,67108864,262144,256,0,0,0,0,632,0,620,0,158,155,0,1,632,0|138,1404924249,4,40735072,0,0,0,0,0,43263309,0,155,0,2234637485,0,2234637485,0,2080,2217321755,0,27082711,0,0,0,0,0
1785956621673|1010|ps_reset_fixed_5_clean64|rotating|120,1378943233,33558272,43902977,43295064,498815,0,498815,0,10570,0,5285,0,0,0,41357,41357,33765552,0,4096,0,0,0,5285,0,2267085779,0,2267085787,0,0,0,0,0,0,0,0,0,4096,256,131072,4,15|4,0,67108864,262144,256,0,0,0,0,632,0,620,0,158,155,0,1,632,0|138,690568639,4,0,0,40632320,0,40632320,0,124821,0,0,155,0,0,0,0,0,0,0,7165965,0,0,0,0,0
1785956626675|1010|ps_reset_fixed_5_clean64|fixed|122,1378943233,16777471,50086296,49393841,49517166,49393841,49517166,49393841,47362,47186,47183,47183,0,0,6030,0,1456461656,1453576860,4096,4096,0,0,47184,47184,2612244441,2612244414,2612244409,2612244422,0,0,0,0,0,0,0,0,4096,256,131072,4,15|4,0,67108864,262144,256,0,0,0,0,720,0,708,0,180,177,0,1,720,0|140,1724598734,4,46549664,0,0,0,0,0,49437775,0,177,0,2552858322,0,2552858322,0,2080,2533831574,0,29941399,0,0,0,0,0
1785956626675|1010|ps_reset_fixed_5_clean64|rotating|122,1378943233,33558272,50153808,49460669,569885,0,569885,0,12076,0,6038,0,0,0,47247,47247,38576440,0,4096,0,0,0,6038,0,2586362769,0,2586362777,0,0,0,0,0,0,0,0,0,4096,256,131072,4,15|4,0,67108864,262144,256,0,0,0,0,720,0,708,0,180,177,0,1,720,0|140,1009619220,4,0,0,46399488,0,46399488,0,142589,0,0,177,0,0,0,0,0,0,0,7211572,0,0,0,0,0
1785956631702|1010|ps_reset_fixed_5_clean64|fixed|124,1378943233,16777471,56378781,55599615,55738108,55599615,55738108,55599615,53317,53119,53117,53117,0,0,6788,0,1639613081,1636369812,4096,4096,0,0,53117,53117,2933729319,2933729628,2933729327,2933729644,0,0,0,0,0,0,0,0,4096,256,131072,4,15|4,0,67108864,262144,256,0,0,0,0,808,0,796,0,202,199,0,1,808,0|142,2047469688,4,52419584,0,0,0,0,0,55670125,0,199,0,2874261796,0,2874261796,0,2080,2853543566,0,32792430,0,0,0,0,0
1785956631702|1010|ps_reset_fixed_5_clean64|rotating|124,1378943233,33558272,56476375,55695290,641894,0,641894,0,13602,0,6801,0,0,0,53209,53209,43451176,0,4096,0,0,0,6801,0,2909733689,0,2909733705,0,0,0,0,0,0,0,0,0,4096,256,131072,4,15|4,0,67108864,262144,256,0,0,0,0,812,0,800,0,203,200,0,1,812,0|142,1334257880,4,0,0,52428800,0,52428800,0,160663,0,0,200,0,0,0,0,0,0,0,7259054,0,0,0,0,0
1785956636705|1010|ps_reset_fixed_5_clean64|fixed|126,1378943233,16777471,62648705,61782798,61936685,61782798,61936685,61782798,59251,59031,59028,59028,0,0,7544,0,1822083124,1818482392,4096,4096,0,0,59029,59029,3254067159,3254067164,3254067167,3254067156,0,0,0,0,0,0,0,0,4096,256,131072,4,15|4,0,67108864,262144,256,0,0,0,0,900,0,888,0,225,222,0,1,900,0|144,2366482277,4,58219680,0,0,0,0,0,61824688,0,222,0,3191824361,0,3191824361,0,2080,3169243890,0,35794650,0,0,0,0,0
1785956636705|1010|ps_reset_fixed_5_clean64|rotating|126,1378943233,33558272,62713343,61846176,712777,0,712777,0,15104,0,7552,0,0,0,59089,59089,48249272,0,4096,0,0,0,7552,0,3228163674,0,3228163682,0,0,0,0,0,0,0,0,0,4096,256,131072,4,15|4,0,67108864,262144,256,0,0,0,0,900,0,888,0,225,222,0,1,900,0|144,1651448061,4,0,0,58195968,0,58195968,0,178312,0,0,222,0,0,0,0,0,0,0,7301590,0,0,0,0,0
1785956641712|1010|ps_reset_fixed_5_clean64|fixed|128,1378943233,16777471,68920059,67965730,68136684,67965730,68136684,67965730,65183,64940,64938,64938,0,0,8300,0,2004504055,2000525810,4096,4096,0,0,64938,64938,3574408694,3574409019,3574408702,3574409027,0,0,0,0,0,0,0,0,4096,256,131072,4,15|4,0,67108864,262144,256,0,0,0,0,988,0,976,0,247,244,0,1,988,0|146,2686904769,4,64050080,0,0,0,0,0,68012129,0,244,0,3510789253,0,3510789253,0,2080,3486502033,0,38652463,0,0,0,0,0
1785956641712|1010|ps_reset_fixed_5_clean64|rotating|128,1378943233,33558272,68994258,68039144,784133,0,784133,0,16616,0,8308,0,0,0,65008,65008,53079344,0,4096,0,0,0,8308,0,3548729094,0,3548729102,0,0,0,0,0,0,0,0,0,4096,256,131072,4,15|4,0,67108864,262144,256,0,0,0,0,988,0,976,0,247,244,0,1,988,0|146,1971992905,4,0,0,63963136,0,63963136,0,196151,0,0,244,0,0,0,0,0,0,0,7346910,0,0,0,0,0
