captured_ms|sequence|label|role|admission_snapshot_words_csv|ps_runtime_words_csv|pl_perf_snapshot_words_csv
1785899548178|1001|regression64_f2r|fixed|2,1378943233,16780339,6153459,6111090,6118350,6111090,6118350,6111090,6371,6360,5829,5829,0,0,372,0,179930341,179766728,4096,4096,0,0,5829,5829,362459694,362460051,362459702,362460059,0,0,0,0,0,0,0,0,4096,256,131072,4,15|4,0,67108864,262144,256,0,0,0,0,56,0,44,0,14,11,0,1,56,0|4,1083937858,0,2899392,0,0,0,0,0,3078240,0,11,0,321140261,0,321140261,0,2080,315085888,0,8357292,0,0,0,0,0
1785899548178|1001|regression64_f2r|rotating|2,1378943233,33558272,6230537,6187089,35583,0,35583,0,754,0,377,0,0,0,5902,5902,2408608,0,4096,0,0,0,377,0,346130215,0,346130223,0,0,0,0,0,0,0,0,0,4096,256,131072,4,15|4,0,67108864,262144,256,0,0,0,0,56,0,44,0,14,11,0,1,56,0|4,396460230,0,0,0,2883584,0,2883584,0,8966,0,0,11,0,0,0,0,0,0,0,6874036,0,0,0,0,0
1785899553180|1001|regression64_f2r|fixed|4,1378943233,16780339,12389389,12302356,12318507,12302356,12318507,12302356,12293,12270,11739,11739,0,0,751,0,362356953,361998644,4096,4096,0,0,11739,11739,681462088,681462429,681462104,681462437,0,0,0,0,0,0,0,0,4096,256,131072,4,15|4,0,67108864,262144,256,0,0,0,0,100,0,88,0,25,22,0,1,100,0|6,1403175145,0,5822496,0,0,0,0,0,6179933,0,22,0,639646772,0,639646772,0,2080,632731910,0,9795010,0,0,0,0,0
1785899553180|1001|regression64_f2r|rotating|4,1378943233,33558272,12462310,12374829,71260,0,71260,0,1510,0,755,0,0,0,11808,11808,4823656,0,4096,0,0,0,755,0,664737570,0,664737578,0,0,0,0,0,0,0,0,0,4096,256,131072,4,15|4,0,67108864,262144,256,0,0,0,0,100,0,88,0,25,22,0,1,100,0|6,714415416,0,0,0,5767168,0,5767168,0,17886,0,0,22,0,0,0,0,0,0,0,6897703,0,0,0,0,0
1785899558192|1001|regression64_f2r|fixed|6,1378943233,16781056,18667370,18535364,18560526,18535364,18560526,18535364,18250,18216,17685,17685,0,0,1132,0,545900584,545363984,4096,4096,0,0,17685,17685,1002274382,1002274723,1002274390,1002274731,0,0,0,0,0,0,0,0,4096,256,131072,4,15|4,0,67108864,262144,256,0,0,0,0,144,0,132,0,36,33,0,1,144,0|8,1723996745,0,8761408,0,0,0,0,0,9298631,0,33,0,959733644,0,959733644,0,2080,951959252,0,11235163,0,0,0,0,0
1785899558192|1001|regression64_f2r|rotating|6,1378943233,33558272,18743332,18610950,107223,0,107223,0,2272,0,1136,0,0,0,17756,17756,7257840,0,4096,0,0,0,1136,0,985925951,0,985925959,0,0,0,0,0,0,0,0,0,4096,256,131072,4,15|4,0,67108864,262144,256,0,0,0,0,144,0,132,0,36,33,0,1,144,0|8,1035397941,0,0,0,8650752,0,8650752,0,26852,0,0,33,0,0,0,0,0,0,0,6916146,0,0,0,0,0
1785899563196|1001|regression64_f2r|fixed|8,1378943233,16781056,24935458,24759701,24792748,24759701,24792748,24759701,24199,24154,23623,23623,0,0,1512,0,729195144,728477384,4096,4096,0,0,23623,23623,1322656894,1322657219,1322656902,1322657227,0,0,0,0,0,0,0,0,4096,256,131072,4,15|4,0,67108864,262144,256,0,0,0,0,188,0,176,0,47,44,0,1,188,0|10,2044308107,0,11692416,0,0,0,0,0,12412216,0,44,0,1279312254,0,1279312254,0,2080,1270676632,0,12675319,0,0,0,0,0
1785899563196|1001|regression64_f2r|rotating|8,1378943233,33558272,25007179,24831082,143088,0,143088,0,3032,0,1516,0,0,0,23691,23691,9685648,0,4096,0,0,0,1516,0,1306254793,0,1306254801,0,0,0,0,0,0,0,0,0,4096,256,131072,4,15|4,0,67108864,262144,256,0,0,0,0,188,0,176,0,47,44,0,1,188,0|10,1356089420,0,0,0,11534336,0,11534336,0,35843,0,0,44,0,0,0,0,0,0,0,6941725,0,0,0,0,0
1785899568198|1001|regression64_f2r|fixed|10,1378943233,16780339,31193102,30972350,31014620,30972350,31014620,30972350,30142,30086,29554,29554,0,0,1891,0,912288944,911389930,4096,4096,0,0,29555,29555,1642699273,1642699254,1642699257,1642699262,0,0,0,0,0,0,0,0,4096,256,131072,4,15|4,0,67108864,262144,256,0,0,0,0,232,0,220,0,58,55,0,1,232,0|12,2364413828,0,14615520,0,0,0,0,0,15521506,0,55,0,1598687199,0,1598687199,0,2080,1589190298,0,14113827,0,0,0,0,0
1785899568198|1001|regression64_f2r|rotating|10,1378943233,33558272,31266349,31045150,178952,0,178952,0,3792,0,1896,0,0,0,29624,29624,12113392,0,4096,0,0,0,1896,0,1626582012,0,1626582020,0,0,0,0,0,0,0,0,0,4096,256,131072,4,15|4,0,67108864,262144,256,0,0,0,0,232,0,220,0,58,55,0,1,232,0|12,1676306614,0,0,0,14417920,0,14417920,0,44808,0,0,55,0,0,0,0,0,0,0,6961282,0,0,0,0,0
1785899573198|1001|regression64_f2r|fixed|12,1378943233,16780339,37450080,37185553,37235736,37185553,37235736,37185553,36084,36018,35486,35485,0,0,2271,0,1095379833,1094301268,4096,4096,0,0,35486,35486,1962717715,1962717816,1962717723,1962717832,0,0,0,0,0,0,0,0,4096,256,131072,4,15|4,0,67108864,262144,256,0,0,0,0,276,0,264,0,69,66,0,1,276,0|14,2684423120,0,17546528,0,0,0,0,0,18629948,0,66,0,1917963739,0,1917963739,0,2080,1907609750,0,15549841,0,0,0,0,0
1785899573198|1001|regression64_f2r|rotating|12,1378943233,33558272,37524427,37259454,214719,0,214719,0,4550,0,2275,0,0,0,35556,35556,14534824,0,4096,0,0,0,2275,0,1946047191,0,1946047199,0,0,0,0,0,0,0,0,0,4096,256,131072,4,15|5,0,67108864,262144,256,0,0,0,0,280,0,268,0,70,67,0,1,280,0|14,1996482710,0,0,0,17563648,0,17563648,0,53774,0,0,67,0,0,0,0,0,0,0,6987497,0,0,0,0,0
1785899578201|1001|regression64_f2r|fixed|14,1378943233,16781056,43712147,43400963,43461845,43400963,43461845,43400963,42027,41950,41418,41418,0,0,2652,0,1278492704,1277218944,4096,4096,0,0,41418,41418,2282778847,2282757420,2282778855,2282757428,0,0,0,0,0,0,0,0,4096,256,131072,4,15|4,0,67108864,262144,256,0,0,0,0,324,0,312,0,81,78,0,1,324,0|16,3005274099,0,20478848,0,0,0,0,0,21746660,0,78,0,2238081638,0,2238081638,0,2080,2226729925,0,17122194,0,0,0,0,0
1785899578201|1001|regression64_f2r|rotating|14,1378943233,33558272,43799938,43488235,250776,0,250776,0,5314,0,2657,0,0,0,41501,41501,16975416,0,4096,0,0,0,2657,0,2267524137,0,2267524145,0,0,0,0,0,0,0,0,0,4096,256,131072,4,15|4,0,67108864,262144,256,0,0,0,0,324,0,312,0,81,78,0,1,324,0|16,2317202127,0,0,0,20447232,0,20447232,0,62764,0,0,78,0,0,0,0,0,0,0,7005773,0,0,0,0,0
1785899583213|1001|regression64_f2r|fixed|16,1378943233,16780339,49927380,49569981,49641240,49569981,49641240,49569981,47929,47836,47307,47303,0,0,3032,0,1460261454,1458715673,4096,4096,0,0,47308,47304,2603855075,2603855072,2603855083,2603855080,0,0,0,0,0,0,0,0,4096,256,131072,4,15|4,0,67108864,262144,256,0,0,0,0,368,0,356,0,92,89,0,1,368,0|18,3325667766,0,23378240,0,0,0,0,0,24828507,0,89,0,2557750457,0,2557750457,0,2080,2545531733,0,18561582,0,0,0,0,0
1785899583213|1001|regression64_f2r|rotating|16,1378943233,33558272,49995045,49637227,286519,0,286519,0,6068,0,3036,0,0,0,47371,47363,19396824,0,4096,0,0,0,3036,0,2586948268,0,2586948276,0,0,0,0,0,0,0,0,0,4096,256,131072,4,15|4,0,67108864,262144,256,0,0,0,0,368,0,356,0,92,89,0,1,368,0|18,2637262284,0,0,0,23330816,0,23330816,0,71700,0,0,89,0,0,0,0,0,0,0,7029237,0,0,0,0,0
1785899588242|1001|regression64_f2r|fixed|18,1378943233,16781056,56224003,55821990,55901806,55821990,55901806,55821990,53904,53800,53272,53268,0,0,3414,0,1644386352,1642660872,4096,4096,0,0,53272,53268,2925669839,2925670156,2925669847,2925670164,0,0,0,0,0,0,0,0,4096,256,131072,4,15|4,0,67108864,262144,256,0,0,0,0,412,0,400,0,103,100,0,1,412,0|20,3647410147,0,26325056,0,0,0,0,0,27955851,0,100,0,2878756134,0,2878756134,0,2080,2865676262,0,20005050,0,0,0,0,0
1785899588242|1001|regression64_f2r|rotating|18,1378943233,33558272,56296423,55894071,322576,0,322576,0,6832,0,3418,0,0,0,53340,53332,21837400,0,4096,0,0,0,3418,0,2908999504,0,2908999512,0,0,0,0,0,0,0,0,0,4096,256,131072,4,15|4,0,67108864,262144,256,0,0,0,0,412,0,400,0,103,100,0,1,412,0|20,2958651797,0,0,0,26214400,0,26214400,0,80714,0,0,100,0,0,0,0,0,0,0,7048778,0,0,0,0,0
1785899593246|1001|regression64_f2r|fixed|20,1378943233,16781056,62491209,62045137,62133146,62045137,62133146,62045137,59852,59737,59209,59205,0,0,3794,0,1827650056,1825744000,4096,4096,0,0,59209,59205,3245998682,3245999039,3245998690,3245999047,0,0,0,0,0,0,0,0,4096,256,131072,4,15|4,0,67108864,262144,256,0,0,0,0,456,0,444,0,114,111,0,1,456,0|22,3967776912,0,29256064,0,0,0,0,0,31069747,0,111,0,3198390147,0,3198390147,0,2080,3184448960,0,21445291,0,0,0,0,0
1785899593246|1001|regression64_f2r|rotating|20,1378943233,33558272,62558761,62112301,358441,0,358441,0,7592,0,3798,0,0,0,59272,59264,24265208,0,4096,0,0,0,3798,0,3229328436,0,3229328444,0,0,0,0,0,0,0,0,0,4096,256,131072,4,15|4,0,67108864,262144,256,0,0,0,0,456,0,444,0,114,111,0,1,456,0|22,3278912838,0,0,0,29097984,0,29097984,0,89657,0,0,111,0,0,0,0,0,0,0,7070492,0,0,0,0,0
1785899598259|1001|regression64_f2r|fixed|22,1378943233,16780339,68769115,68278636,68375091,68278636,68375091,68278636,65811,65684,65156,65152,0,0,4175,0,2011220482,2009134653,4096,4096,0,0,65156,65152,3566862959,3566863292,3566862967,3566863300,0,0,0,0,0,0,0,0,4096,256,131072,4,15|4,0,67108864,262144,256,0,0,0,0,500,0,488,0,125,122,0,1,500,0|24,4288395184,0,32187072,0,0,0,0,0,34186312,0,122,0,3518275667,0,3518275667,0,2080,3503474976,0,22883721,0,0,0,0,0
1785899598259|1001|regression64_f2r|rotating|22,1378943233,33558272,68846907,68356037,394398,0,394398,0,8354,0,4179,0,0,0,65229,65221,26699336,0,4096,0,0,0,4179,0,3550515109,0,3550515117,0,0,0,0,0,0,0,0,0,4096,256,131072,4,15|4,0,67108864,262144,256,0,0,0,0,500,0,488,0,125,122,0,1,500,0|24,3601073499,0,0,0,31981568,0,31981568,0,98693,0,0,122,0,0,0,0,0,0,0,7098772,0,0,0,0,0
1785899603272|1001|regression64_f2r|fixed|24,1378943233,16780339,75046752,74511607,74616868,74511607,74616868,74511607,71768,71630,71102,71098,0,0,4555,0,2194761669,2192494784,4096,4096,0,0,71102,71098,3887680237,3887680570,3887680245,3887680578,0,0,0,0,0,0,0,0,4096,256,131072,4,15|4,0,67108864,262144,256,0,0,0,0,544,0,532,0,136,133,0,1,544,0|26,315024191,1,35127296,0,0,0,0,0,37311310,0,134,0,3839136914,0,3839136914,0,2080,3823359492,0,24436809,0,0,0,0,0
1785899603272|1001|regression64_f2r|rotating|24,1378943233,33558272,75127716,74591475,430450,0,430450,0,9118,0,4561,0,0,0,71178,71170,29139944,0,4096,0,0,0,4561,0,3871996246,0,3871996262,0,0,0,0,0,0,0,0,0,4096,256,131072,4,15|4,0,67108864,262144,256,0,0,0,0,548,0,536,0,137,134,0,1,548,0|26,3921198368,0,0,0,35127296,0,35127296,0,107660,0,0,134,0,0,0,0,0,0,0,7125075,0,0,0,0,0
1785899608285|1001|regression64_f2r|fixed|26,1378943233,16780339,81316479,80736636,80850635,80736636,80850635,80736636,77721,77571,77042,77038,0,0,4936,0,2378135140,2375672271,4096,4096,0,0,77043,77039,4208339857,4208339862,4208339865,4208339870,0,0,0,0,0,0,0,0,4096,256,131072,4,15|4,0,67108864,262144,256,0,0,0,0,592,0,580,0,148,145,0,1,592,0|28,635293436,1,38058304,0,0,0,0,0,40423604,0,145,0,4158673407,0,4158673407,0,2080,4142007927,0,25903762,0,0,0,0,0
1785899608285|1001|regression64_f2r|rotating|26,1378943233,33558272,81395143,80814744,466317,0,466317,0,9878,0,4941,0,0,0,77117,77109,31567760,0,4096,0,0,0,4941,0,4192328448,0,4192328456,0,0,0,0,0,0,0,0,0,4096,256,131072,4,15|4,0,67108864,262144,256,0,0,0,0,592,0,580,0,148,145,0,1,592,0|28,4241539290,0,0,0,38010880,0,38010880,0,116626,0,0,145,0,0,0,0,0,0,0,7148532,0,0,0,0,0
1785899613285|1001|regression64_f2r|fixed|28,1378943233,16780339,87577704,86953608,87075993,86953608,87075993,86953608,83663,83502,82974,82970,0,0,5316,0,2561227911,2558584714,4096,4096,0,0,82974,82970,233395491,233395824,233395499,233395832,0,0,0,0,0,0,0,0,4096,256,131072,4,15|4,0,67108864,262144,256,0,0,0,0,636,0,624,0,159,156,0,1,636,0|30,955025634,1,40989312,0,0,0,0,0,43531236,0,156,0,182705557,1,182705557,1,2080,165176352,1,27346413,0,0,0,0,0
1785899613285|1001|regression64_f2r|rotating|28,1378943233,33558272,87651755,87027178,502091,0,502091,0,10636,0,5320,0,0,0,83044,83036,33989184,0,4096,0,0,0,5320,0,216832958,0,216832966,0,0,0,0,0,0,0,0,0,4096,256,131072,4,15|4,0,67108864,262144,256,0,0,0,0,636,0,624,0,159,156,0,1,636,0|30,266229723,1,0,0,40894464,0,40894464,0,125570,0,0,156,0,0,0,0,0,0,0,7170594,0,0,0,0,0
1785899618290|1001|regression64_f2r|fixed|30,1378943233,16781056,93847539,93179654,93309960,93179654,93309960,93179654,89614,89442,88914,88910,0,0,5696,0,2744583544,2741761392,4096,4096,0,0,88914,88910,553888782,553889115,553888790,553889123,0,0,0,0,0,0,0,0,4096,256,131072,4,15|4,0,67108864,262144,256,0,0,0,0,680,0,668,0,170,167,0,1,680,0|32,1276461457,1,43928224,0,0,0,0,0,46655488,0,167,0,503406652,1,503406652,1,2080,485014571,1,28789912,0,0,0,0,0
1785899618290|1001|regression64_f2r|rotating|30,1378943233,33558272,93949078,93280687,538145,0,538145,0,11400,0,5702,0,0,0,89010,89002,36429752,0,4096,0,0,0,5702,0,538884233,0,538884241,0,0,0,0,0,0,0,0,0,4096,256,131072,4,15|4,0,67108864,262144,256,0,0,0,0,680,0,668,0,170,167,0,1,680,0|32,589036434,1,0,0,43778048,0,43778048,0,134607,0,0,167,0,0,0,0,0,0,0,7190757,0,0,0,0,0
1785899623314|1001|regression64_f2r|fixed|32,1378943233,16781056,100136455,99425103,99562916,99425103,99562916,99425103,95582,95399,94871,94867,0,0,6077,0,2928464296,2925462392,4096,4096,0,0,94871,94867,875294551,875294868,875294559,875294876,0,0,0,0,0,0,0,0,4096,256,131072,4,15|4,0,67108864,262144,256,0,0,0,0,724,0,712,0,181,178,0,1,724,0|34,1597139368,1,46859232,0,0,0,0,0,49772890,0,178,0,823351811,1,823351811,1,2080,804095926,1,30232642,0,0,0,0,0
1785899623314|1001|regression64_f2r|rotating|32,1378943233,33558272,100214218,99502311,574009,0,574009,0,12160,0,6082,0,0,0,94944,94936,38857496,0,4096,0,0,0,6082,0,859215674,0,859215682,0,0,0,0,0,0,0,0,0,4096,256,131072,4,15|4,0,67108864,262144,256,0,0,0,0,724,0,712,0,181,178,0,1,724,0|34,909249938,1,0,0,46661632,0,46661632,0,143572,0,0,178,0,0,0,0,0,0,0,7213799,0,0,0,0,0
1785899628324|1001|regression64_f2r|fixed|34,1378943233,16781056,106413129,105657711,105803635,105657711,105803635,105657711,101539,101345,100817,100813,0,0,6458,0,3112005008,3108824128,4096,4096,0,0,100817,100813,1196108443,1196108784,1196108451,1196108792,0,0,0,0,0,0,0,0,4096,256,131072,4,15|4,0,67108864,262144,256,0,0,0,0,768,0,756,0,192,189,0,1,768,0|36,1917698341,1,49798144,0,0,0,0,0,52888759,0,189,0,1143176056,1,1143176056,1,2080,1123059017,1,31674419,0,0,0,0,0
1785899628324|1001|regression64_f2r|rotating|34,1378943233,33558272,106480148,105724424,609870,0,609870,0,12920,0,6462,0,0,0,100880,100872,41285320,0,4096,0,0,0,6462,0,1179546162,0,1179546170,0,0,0,0,0,0,0,0,0,4096,256,131072,4,15|5,0,67108864,262144,256,0,0,0,0,772,0,760,0,193,190,0,1,772,0|36,1228743903,1,0,0,49807360,0,49807360,0,152538,0,0,190,0,0,0,0,0,0,0,7238172,0,0,0,0,0
1785899633329|1001|regression64_f2r|fixed|36,1378943233,16780339,112671204,111870523,112025845,111870523,112025845,111870523,107484,107278,106749,106745,0,0,6838,0,3295130143,3291753394,4096,4096,0,0,106750,106746,1516335116,1516335137,1516335124,1516335145,0,0,0,0,0,0,0,0,4096,256,131072,4,15|4,0,67108864,262144,256,0,0,0,0,816,0,804,0,204,201,0,1,816,0|38,2238209627,1,52730464,0,0,0,0,0,56000398,0,201,0,1462954262,1,1462954262,1,2080,1441840304,1,33245967,0,0,0,0,0
1785899633329|1001|regression64_f2r|rotating|36,1378943233,33558272,112746487,111945383,645833,0,645833,0,13682,0,6843,0,0,0,106821,106813,43719520,0,4096,0,0,0,6843,0,1500162771,0,1500162779,0,0,0,0,0,0,0,0,0,4096,256,131072,4,15|4,0,67108864,262144,256,0,0,0,0,816,0,804,0,204,201,0,1,816,0|38,1550276575,1,0,0,52690944,0,52690944,0,161529,0,0,201,0,0,0,0,0,0,0,7261170,0,0,0,0,0
1785899638342|1001|regression64_f2r|fixed|38,1378943233,16780339,118878078,118028008,118196777,118028008,118196777,118028008,113382,113161,112636,112628,0,0,7219,0,3476843581,3473163896,4096,4096,0,0,112637,112629,1837103292,1837103297,1837103300,1837103305,0,0,0,0,0,0,0,0,4096,256,131072,4,15|4,0,67108864,262144,256,0,0,0,0,860,0,848,0,215,212,0,1,860,0|40,2558762880,1,55629856,0,0,0,0,0,59080399,0,212,0,1782782667,1,1782782667,1,2080,1760797462,1,34689605,0,0,0,0,0
1785899638342|1001|regression64_f2r|rotating|38,1378943233,33558272,118951376,118100925,681679,0,681679,0,14438,0,7223,0,0,0,112706,112690,46147368,0,4096,0,0,0,7223,0,1820402310,0,1820402318,0,0,0,0,0,0,0,0,0,4096,256,131072,4,15|4,0,67108864,262144,256,0,0,0,0,860,0,848,0,215,212,0,1,860,0|40,1870134176,1,0,0,55574528,0,55574528,0,170491,0,0,212,0,0,0,0,0,0,0,7284774,0,0,0,0,0
1785899643369|1001|regression64_f2r|fixed|40,1378943233,16781056,125168479,124272807,124451121,124272807,124451121,124272807,119356,119124,118600,118592,0,0,7601,0,3660931448,3657070768,4096,4096,0,0,118600,118592,2158856133,2158856442,2158856141,2158856450,0,0,0,0,0,0,0,0,4096,256,131072,4,15|4,0,67108864,262144,256,0,0,0,0,904,0,892,0,226,223,0,1,904,0|42,2881689641,1,58584576,0,0,0,0,0,62216623,0,223,0,2104970748,1,2104970748,1,2080,2082124414,1,36134751,0,0,0,0,0
1785899643369|1001|regression64_f2r|rotating|40,1378943233,33558272,125263284,124367273,717830,0,717830,0,15204,0,7606,0,0,0,118690,118674,48594336,0,4096,0,0,0,7606,0,2143314776,0,2143314784,0,0,0,0,0,0,0,0,0,4096,256,131072,4,15|4,0,67108864,262144,256,0,0,0,0,904,0,892,0,226,223,0,1,904,0|42,2192971137,1,0,0,58458112,0,58458112,0,179528,0,0,223,0,0,0,0,0,0,0,7306989,0,0,0,0,0
1785899648370|1001|regression64_f2r|fixed|42,1378943233,16780339,131369350,130428260,130616132,130428260,130616132,130428260,125247,125002,124479,124469,0,0,7981,0,3842421793,3838320308,4096,4096,0,0,124480,124470,2479261585,2479261622,2479261593,2479261630,0,0,0,0,0,0,0,0,4096,256,131072,4,15|4,0,67108864,262144,256,0,0,0,0,948,0,936,0,237,234,0,1,948,0|44,3200874843,1,61476064,0,0,0,0,0,65284878,0,234,0,2423433078,1,2423433078,1,2048,2399718175,1,37573972,0,0,0,0,0
1785899648370|1001|regression64_f2r|rotating|42,1378943233,33558272,131435030,130493740,753596,0,753596,0,15958,0,7985,0,0,0,124542,124520,51015704,0,4096,0,0,0,7985,0,2462658216,0,2462658224,0,0,0,0,0,0,0,0,0,4096,256,131072,4,15|4,0,67108864,262144,256,0,0,0,0,948,0,936,0,237,234,0,1,948,0|44,2511921390,1,0,0,61341696,0,61341696,0,188446,0,0,234,0,0,0,0,0,0,0,7329391,0,0,0,0,0
1785899653384|1001|regression64_f2r|fixed|44,1378943233,16780339,137639019,136652716,136849935,136652716,136849935,136652716,131203,130947,130424,130414,0,0,8361,0,4025917200,4021635478,4096,4096,0,0,130425,130415,2800005588,2800005561,2800005564,2800005569,0,0,0,0,0,0,0,0,4096,256,131072,4,15|4,0,67108864,262144,256,0,0,0,0,992,0,980,0,248,245,0,1,992,0|46,3521929737,1,64414976,0,0,0,0,0,68402477,0,245,0,2743753244,1,2743753244,1,2080,2719173846,1,39019090,0,0,0,0,0
1785899653384|1001|regression64_f2r|rotating|44,1378943233,33558272,137730604,136743734,789649,0,789649,0,16722,0,8367,0,0,0,130510,130488,53456224,0,4096,0,0,0,8367,0,2784711089,0,2784711097,0,0,0,0,0,0,0,0,0,4096,256,131072,4,15|4,0,67108864,262144,256,0,0,0,0,992,0,980,0,248,245,0,1,992,0|46,2834051552,1,0,0,64225280,0,64225280,0,197459,0,0,245,0,0,0,0,0,0,0,7350151,0,0,0,0,0
1785899663785|1002|regression64_r2f|fixed|48,1378943233,16781056,6133406,6090721,34961,0,34961,0,742,0,371,0,0,0,5809,5809,2370280,0,4096,0,0,0,371,0,3465527409,0,3465527417,0,0,0,0,0,0,0,0,0,4096,256,131072,4,15|5,0,67108864,262144,256,0,0,0,0,56,0,44,0,14,11,0,1,56,0|54,4188196067,1,0,0,2883584,0,2883584,0,8834,0,0,11,0,0,0,0,0,0,0,6873696,0,0,0,0,0
1785899663785|1002|regression64_r2f|rotating|48,1378943233,33557555,6241753,6197801,6206131,6197801,6206131,6197801,5925,5913,5912,5912,0,0,378,0,182503028,182323551,4096,4096,0,0,5913,5913,3451685587,3451685584,3451685595,3451685592,0,0,0,0,0,0,0,0,4096,256,131072,4,15|4,0,67108864,262144,256,0,0,0,0,56,0,44,0,14,11,0,1,56,0|54,3500975533,1,2946816,0,0,0,0,0,3122801,0,11,0,325681163,0,325681163,0,2080,319646633,0,8347630,0,0,0,0,0
1785899668800|1002|regression64_r2f|fixed|50,1378943233,16781056,12408508,12320836,70866,0,70866,0,1504,0,752,0,0,0,11757,11757,4804472,0,4096,0,0,0,752,0,3786133255,0,3786133263,0,0,0,0,0,0,0,0,0,4096,256,131072,4,15|4,0,67108864,262144,256,0,0,0,0,100,0,88,0,25,22,0,1,100,0|56,213587702,2,0,0,5767168,0,5767168,0,17787,0,0,22,0,0,0,0,0,0,0,6898367,0,0,0,0,0
1785899668800|1002|regression64_r2f|rotating|50,1378943233,33558272,12479317,12391210,12408074,12391210,12408074,12391210,11847,11824,11824,11824,0,0,756,0,364983024,364624136,4096,4096,0,0,11824,11824,3770628305,3770628662,3770628313,3770628670,0,0,0,0,0,0,0,0,4096,256,131072,4,15|4,0,67108864,262144,256,0,0,0,0,100,0,88,0,25,22,0,1,100,0|56,3819503456,1,5854112,0,0,0,0,0,6217636,0,22,0,643482262,0,643482262,0,2080,636590978,0,9778219,0,0,0,0,0
1785899673802|1002|regression64_r2f|fixed|52,1378943233,16781056,18669081,18537895,106676,0,106676,0,2264,0,1132,0,0,0,17687,17687,7232312,0,4096,0,0,0,1132,0,4106452670,0,4106452678,0,0,0,0,0,0,0,0,0,4096,256,131072,4,15|4,0,67108864,262144,256,0,0,0,0,144,0,132,0,36,33,0,1,144,0|58,533409442,2,0,0,8650752,0,8650752,0,26739,0,0,33,0,0,0,0,0,0,0,6915188,0,0,0,0,0
1785899673802|1002|regression64_r2f|rotating|52,1378943233,33557555,18740951,18609364,18633898,18609364,18633898,18609364,17790,17756,17755,17755,0,0,1136,0,548067760,547528848,4096,4096,0,0,17756,17756,4090651742,4090651731,4090651718,4090651739,0,0,0,0,0,0,0,0,4096,256,131072,4,15|4,0,67108864,262144,256,0,0,0,0,144,0,132,0,36,33,0,1,144,0|58,4139732004,1,8785120,0,0,0,0,0,9330652,0,33,0,962978058,0,962978058,0,2080,955234826,0,11209093,0,0,0,0,0
1785899678816|1002|regression64_r2f|fixed|54,1378943233,16781056,24950900,24775542,142580,0,142580,0,3026,0,1513,0,0,0,23638,23638,9666488,0,4096,0,0,0,1513,0,132652876,0,132652884,0,0,0,0,0,0,0,0,0,4096,256,131072,4,15|4,0,67108864,262144,256,0,0,0,0,188,0,176,0,47,44,0,1,188,0|60,854326414,2,0,0,11534336,0,11534336,0,35692,0,0,44,0,0,0,0,0,0,0,6938376,0,0,0,0,0
1785899678816|1002|regression64_r2f|rotating|54,1378943233,33558033,25034308,24858473,24891255,24858473,24891255,24858473,23762,23718,23717,23717,0,0,1518,0,732097813,731377992,4096,4096,0,0,23718,23717,117327419,117309591,117327427,117309599,0,0,0,0,0,0,0,0,4096,256,131072,4,15|4,0,67108864,262144,256,0,0,0,0,188,0,176,0,47,44,0,1,188,0|60,166881714,2,11731936,0,0,0,0,0,12462044,0,44,0,1284358360,0,1284358360,0,2080,1275778041,0,12628500,0,0,0,0,0
1785899683826|1002|regression64_r2f|fixed|56,1378943233,16781056,31218515,30998363,178392,0,178392,0,3786,0,1893,0,0,0,29579,29579,12094256,0,4096,0,0,0,1893,0,452963991,0,452963999,0,0,0,0,0,0,0,0,0,4096,256,131072,4,15|4,0,67108864,262144,256,0,0,0,0,232,0,220,0,58,55,0,1,232,0|62,1175010732,2,0,0,14417920,0,14417920,0,44668,0,0,55,0,0,0,0,0,0,0,6961049,0,0,0,0,0
1785899683826|1002|regression64_r2f|rotating|56,1378943233,33557555,31292157,31071689,31113391,31071689,31113391,31071689,29705,29650,29648,29648,0,0,1897,0,915202176,914302740,4096,4096,0,0,29649,29649,437350954,437350935,437350930,437350951,0,0,0,0,0,0,0,0,4096,256,131072,4,15|4,0,67108864,262144,256,0,0,0,0,232,0,220,0,58,55,0,1,232,0|62,486493158,2,14662944,0,0,0,0,0,15566676,0,55,0,1603237052,0,1603237052,0,2080,1593813073,0,14051086,0,0,0,0,0
1785899688841|1002|regression64_r2f|fixed|58,1378943233,16781056,37494202,37229260,214292,0,214292,0,4548,0,2274,0,0,0,35527,35527,14528432,0,4096,0,0,0,2274,0,774143908,0,774143916,0,0,0,0,0,0,0,0,0,4096,256,131072,4,15|4,0,67108864,262144,256,0,0,0,0,276,0,264,0,69,66,0,1,276,0|64,1496050578,2,0,0,17301504,0,17301504,0,53643,0,0,66,0,0,0,0,0,0,0,6984240,0,0,0,0,0
1785899688841|1002|regression64_r2f|rotating|58,1378943233,33557555,37567001,37300997,37352238,37300997,37352238,37300997,35665,35598,35596,35596,0,0,2279,0,1098797221,1097702904,4096,4096,0,0,35597,35597,758379352,758379325,758379360,758379333,0,0,0,0,0,0,0,0,4096,256,131072,4,15|4,0,67108864,262144,256,0,0,0,0,280,0,268,0,70,67,0,1,280,0|64,807184627,2,17595264,0,0,0,0,0,18680346,0,67,0,1923195441,0,1923195441,0,2080,1912783306,0,15613871,0,0,0,0,0
1785899693845|1002|regression64_r2f|fixed|60,1378943233,16781056,43756993,43446662,250101,0,250101,0,5308,0,2654,0,0,0,41461,41461,16956232,0,4096,0,0,0,2654,0,1093881699,0,1093881707,0,0,0,0,0,0,0,0,0,4096,256,131072,4,15|4,0,67108864,262144,256,0,0,0,0,324,0,312,0,81,78,0,1,324,0|66,1816321710,2,0,0,20447232,0,20447232,0,62596,0,0,78,0,0,0,0,0,0,0,7011994,0,0,0,0,0
1785899693845|1002|regression64_r2f|rotating|60,1378943233,33558033,43852034,43540991,43601367,43540991,43601367,43540991,41631,41553,41551,41551,0,0,2660,0,1282596770,1281323240,4096,4096,0,0,41552,41551,1079631069,1079613089,1079631077,1079613097,0,0,0,0,0,0,0,0,4096,256,131072,4,15|4,0,67108864,262144,256,0,0,0,0,324,0,312,0,81,78,0,1,324,0|66,1129119041,2,20542080,0,0,0,0,0,21809459,0,78,0,2244393151,0,2244393151,0,2080,2233141873,0,17035334,0,0,0,0,0
1785899698852|1002|regression64_r2f|fixed|62,1378943233,16781056,50026745,49672352,285911,0,285911,0,6068,0,3034,0,0,0,47401,47401,19384064,0,4096,0,0,0,3034,0,1414201412,0,1414201420,0,0,0,0,0,0,0,0,0,4096,256,131072,4,15|4,0,67108864,262144,256,0,0,0,0,368,0,356,0,92,89,0,1,368,0|68,2136695404,2,0,0,23330816,0,23330816,0,71548,0,0,89,0,0,0,0,0,0,0,7031913,0,0,0,0,0
1785899698852|1002|regression64_r2f|rotating|62,1378943233,33557555,50118200,49763154,49831723,49763154,49831723,49763154,47579,47490,47487,47487,0,0,3040,0,1465841015,1464386480,4096,4096,0,0,47488,47488,1399912705,1399912726,1399912713,1399912718,0,0,0,0,0,0,0,0,4096,256,131072,4,15|4,0,67108864,262144,256,0,0,0,0,368,0,356,0,92,89,0,1,368,0|68,1450529069,2,23480992,0,0,0,0,0,24933719,0,89,0,2565068451,0,2565068451,0,2080,2552966643,0,18466487,0,0,0,0,0
1785899703862|1002|regression64_r2f|fixed|64,1378943233,16781056,56320503,55923100,321909,0,321909,0,6832,0,3416,0,0,0,53364,53364,21824632,0,4096,0,0,0,3416,0,1736231513,0,1736231521,0,0,0,0,0,0,0,0,0,4096,256,131072,4,15|4,0,67108864,262144,256,0,0,0,0,412,0,400,0,103,100,0,1,412,0|70,2459010564,2,0,0,26214400,0,26214400,0,80572,0,0,100,0,0,0,0,0,0,0,7049600,0,0,0,0,0
1785899703862|1002|regression64_r2f|rotating|64,1378943233,33557555,56417768,56019872,56095291,56019872,56095291,56019872,53559,53459,53456,53456,0,0,3422,0,1650084737,1648452380,4096,4096,0,0,53457,53457,1721933677,1721933682,1721933685,1721933690,0,0,0,0,0,0,0,0,4096,256,131072,4,15|4,0,67108864,262144,256,0,0,0,0,412,0,400,0,103,100,0,1,412,0|70,1771789496,2,26419904,0,0,0,0,0,28056260,0,100,0,2885594150,0,2885594150,0,2080,2872650484,0,19888968,0,0,0,0,0
1785899708875|1002|regression64_r2f|fixed|66,1378943233,16781056,62577243,62135678,357626,0,357626,0,7590,0,3795,0,0,0,59291,59291,24246032,0,4096,0,0,0,3795,0,2055692018,0,2055692026,0,0,0,0,0,0,0,0,0,4096,256,131072,4,15|4,0,67108864,262144,256,0,0,0,0,456,0,444,0,114,111,0,1,456,0|72,2778318390,2,0,0,29097984,0,29097984,0,89500,0,0,111,0,0,0,0,0,0,0,7077283,0,0,0,0,0
1785899708875|1002|regression64_r2f|rotating|66,1378943233,33557555,62652287,62210171,62294190,62210171,62294190,62210171,59475,59364,59362,59362,0,0,3800,0,1832386731,1830574198,4096,4096,0,0,59362,59362,2040563772,2040564121,2040563780,2040564129,0,0,0,0,0,0,0,0,4096,256,131072,4,15|4,0,67108864,262144,256,0,0,0,0,456,0,444,0,114,111,0,1,456,0|72,2089407410,2,29327200,0,0,0,0,0,31143388,0,111,0,3202485240,0,3202485240,0,2080,3188683893,0,21320484,0,0,0,0,0
1785899713889|1002|regression64_r2f|fixed|68,1378943233,16781056,68856268,68370055,393528,0,393528,0,8352,0,4176,0,0,0,65239,65239,26680184,0,4096,0,0,0,4176,0,2376873269,0,2376873277,0,0,0,0,0,0,0,0,0,4096,256,131072,4,15|4,0,67108864,262144,256,0,0,0,0,500,0,488,0,125,122,0,1,500,0|74,3098199076,2,0,0,31981568,0,31981568,0,98429,0,0,122,0,0,0,0,0,0,0,7104018,0,0,0,0,0
1785899713889|1002|regression64_r2f|rotating|68,1378943233,33557555,68920576,68433904,68526672,68433904,68526672,68433904,65424,65303,65299,65299,0,0,4180,0,2015674456,2013683115,4096,4096,0,0,65300,65300,2360937127,2360937124,2360937135,2360937140,0,0,0,0,0,0,0,0,4096,256,131072,4,15|4,0,67108864,262144,256,0,0,0,0,504,0,492,0,126,123,0,1,504,0|74,2410490833,2,32259520,0,0,0,0,0,34263148,0,123,0,3522835583,0,3522835583,0,2080,3508046948,0,22882401,0,0,0,0,0
1785899718895|1002|regression64_r2f|fixed|70,1378943233,16781056,75127583,74596000,429431,0,429431,0,9114,0,4557,0,0,0,71179,71179,29114392,0,4096,0,0,0,4557,0,2697472519,0,2697472527,0,0,0,0,0,0,0,0,0,4096,256,131072,4,15|4,0,67108864,262144,256,0,0,0,0,548,0,536,0,137,134,0,1,548,0|76,3419482640,2,0,0,35127296,0,35127296,0,107428,0,0,134,0,0,0,0,0,0,0,7129754,0,0,0,0,0
1785899718895|1002|regression64_r2f|rotating|70,1378943233,33558272,75215231,74683086,74785329,74683086,74785329,74683086,71398,71266,71262,71262,0,0,4562,0,2199716224,2197527768,4096,4096,0,0,71262,71262,2682720490,2682720839,2682720498,2682720847,0,0,0,0,0,0,0,0,4096,256,131072,4,15|4,0,67108864,262144,256,0,0,0,0,548,0,536,0,137,134,0,1,548,0|76,2731754639,2,35206336,0,0,0,0,0,37386466,0,134,0,3843362685,0,3843362685,0,2080,3827730764,0,24308007,0,0,0,0,0
1785899723895|1002|regression64_r2f|fixed|72,1378943233,16781056,81384165,80808374,465146,0,465146,0,9872,0,4936,0,0,0,77107,77107,31535816,0,4096,0,0,0,4936,0,3016933501,0,3016933509,0,0,0,0,0,0,0,0,0,4096,256,131072,4,15|4,0,67108864,262144,256,0,0,0,0,592,0,580,0,148,145,0,1,592,0|78,3739541512,2,0,0,38010880,0,38010880,0,116357,0,0,145,0,0,0,0,0,0,0,7151237,0,0,0,0,0
1785899723895|1002|regression64_r2f|rotating|72,1378943233,33557555,81459249,80882925,80993630,80882925,80993630,80882925,77325,77182,77178,77178,0,0,4941,0,2382331872,2379962595,4096,4096,0,0,77179,77179,3001931393,3001931374,3001931369,3001931382,0,0,0,0,0,0,0,0,4096,256,131072,4,15|4,0,67108864,262144,256,0,0,0,0,592,0,580,0,148,145,0,1,592,0|78,3051062188,2,38121536,0,0,0,0,0,40489618,0,145,0,4161941434,0,4161941434,0,2080,4145453078,0,25739974,0,0,0,0,0
1785899728902|1002|regression64_r2f|fixed|74,1378943233,16781056,87657402,87037735,501050,0,501050,0,10634,0,5317,0,0,0,83050,83050,33970008,0,4096,0,0,0,5317,0,3338115205,0,3338115213,0,0,0,0,0,0,0,0,0,4096,256,131072,4,15|4,0,67108864,262144,256,0,0,0,0,636,0,624,0,159,156,0,1,636,0|80,4060022841,2,0,0,40894464,0,40894464,0,125333,0,0,156,0,0,0,0,0,0,0,7177986,0,0,0,0,0
1785899728902|1002|regression64_r2f|rotating|74,1378943233,33558272,87735479,87115430,87233956,87115430,87233956,87115430,83282,83128,83124,83124,0,0,5322,0,2565873672,2563324680,4096,4096,0,0,83124,83124,3322718691,3322719040,3322718699,3322719048,0,0,0,0,0,0,0,0,4096,256,131072,4,15|4,0,67108864,262144,256,0,0,0,0,636,0,624,0,159,156,0,1,636,0|80,3373096732,2,41068352,0,0,0,0,0,43619852,0,156,0,188271978,1,188271978,1,2080,170932305,1,27173611,0,0,0,0,0
1785899733914|1002|regression64_r2f|fixed|76,1378943233,16781056,93932567,93269543,536862,0,536862,0,11394,0,5697,0,0,0,88995,88995,36397824,0,4096,0,0,0,5697,0,3658433299,0,3658433307,0,0,0,0,0,0,0,0,0,4096,256,131072,4,15|4,0,67108864,262144,256,0,0,0,0,680,0,668,0,170,167,0,1,680,0|82,86629833,3,0,0,43778048,0,43778048,0,134310,0,0,167,0,0,0,0,0,0,0,7204069,0,0,0,0,0
1785899733914|1002|regression64_r2f|rotating|76,1378943233,33557555,94034924,93371178,93497497,93371178,93497497,93371178,89262,89097,89092,89092,0,0,5703,0,2750096875,2747368830,4096,4096,0,0,89093,89093,3644724341,3644724322,3644724349,3644724330,0,0,0,0,0,0,0,0,4096,256,131072,4,15|4,0,67108864,262144,256,0,0,0,0,680,0,668,0,170,167,0,1,680,0|82,3694305829,2,44007264,0,0,0,0,0,46741904,0,167,0,508746347,1,508746347,1,2080,490557770,1,28603138,0,0,0,0,0
1785899738928|1002|regression64_r2f|fixed|78,1378943233,16781056,100209693,99502194,572765,0,572765,0,12156,0,6078,0,0,0,94940,94940,38831944,0,4096,0,0,0,6078,0,3979609400,0,3979609408,0,0,0,0,0,0,0,0,0,4096,256,131072,4,15|4,0,67108864,262144,256,0,0,0,0,724,0,712,0,181,178,0,1,724,0|84,406770835,3,0,0,46661632,0,46661632,0,143261,0,0,178,0,0,0,0,0,0,0,7225232,0,0,0,0,0
1785899738928|1002|regression64_r2f|rotating|78,1378943233,33557555,100283491,99575627,99710351,99575627,99710351,99575627,95191,95015,95010,95010,0,0,6082,0,2932790809,2929882452,4096,4096,0,0,95011,95011,3964043563,3964043544,3964043571,3964043552,0,0,0,0,0,0,0,0,4096,256,131072,4,15|4,0,67108864,262144,256,0,0,0,0,724,0,712,0,181,178,0,1,724,0|84,4012988493,2,46922464,0,0,0,0,0,49839986,0,178,0,826700211,1,826700211,1,2080,807659146,1,30031158,0,0,0,0,0
1785899743932|1002|regression64_r2f|fixed|80,1378943233,16781056,106477760,105727158,608572,0,608572,0,12916,0,6458,0,0,0,100879,100879,41259768,0,4096,0,0,0,6458,0,4955195,0,4955203,0,0,0,0,0,0,0,0,0,4096,256,131072,4,15|4,0,67108864,262144,256,0,0,0,0,772,0,760,0,193,190,0,1,772,0|86,727946619,3,0,0,49807360,0,49807360,0,152260,0,0,190,0,0,0,0,0,0,0,7247834,0,0,0,0,0
1785899743932|1002|regression64_r2f|rotating|80,1378943233,33557555,106564070,105812431,105954932,105812431,105954932,105812431,101154,100966,100961,100961,0,0,6464,0,3116467871,3113362682,4096,4096,0,0,100962,100962,4285210136,4285210117,4285210144,4285210125,0,0,0,0,0,0,0,0,4096,256,131072,4,15|4,0,67108864,262144,256,0,0,0,0,772,0,760,0,193,190,0,1,772,0|86,39220318,3,49862688,0,0,0,0,0,52960703,0,190,0,1147164276,1,1147164276,1,2080,1127143610,1,31587085,0,0,0,0,0
1785899748941|1002|regression64_r2f|fixed|82,1378943233,16781056,112749823,111953796,644477,0,644477,0,13678,0,6839,0,0,0,106820,106820,43693968,0,4096,0,0,0,6839,0,325559366,0,325559374,0,0,0,0,0,0,0,0,0,4096,256,131072,4,15|4,0,67108864,262144,256,0,0,0,0,816,0,804,0,204,201,0,1,816,0|88,1046682873,3,0,0,52690944,0,52690944,0,161166,0,0,201,0,0,0,0,0,0,0,7268347,0,0,0,0,0
1785899748941|1002|regression64_r2f|rotating|82,1378943233,33557555,112800151,112003759,112155392,112003759,112155392,112003759,107071,106872,106868,106867,0,0,6842,0,3298799988,3295514071,4096,4096,0,0,106868,106868,308927568,308927885,308927576,308927893,0,0,0,0,0,0,0,0,4096,256,131072,4,15|4,0,67108864,262144,256,0,0,0,0,816,0,804,0,204,201,0,1,816,0|88,358628641,3,52785792,0,0,0,0,0,56065515,0,201,0,1465841823,1,1465841823,1,2080,1444970509,1,33014962,0,0,0,0,0
1785899753951|1002|regression64_r2f|fixed|84,1378943233,16781056,119017410,118175677,680287,0,680287,0,14438,0,7219,0,0,0,112759,112759,46121800,0,4096,0,0,0,7219,0,645876221,0,645876229,0,0,0,0,0,0,0,0,0,4096,256,131072,4,15|4,0,67108864,262144,256,0,0,0,0,860,0,848,0,215,212,0,1,860,0|90,1368374266,3,0,0,55574528,0,55574528,0,170142,0,0,212,0,0,0,0,0,0,0,7292496,0,0,0,0,0
1785899753951|1002|regression64_r2f|rotating|84,1378943233,33558272,119094214,118252122,118413457,118252122,118413457,118252122,113046,112836,112832,112832,0,0,7224,0,3482901264,3479434912,4096,4096,0,0,112832,112832,630694984,630695333,630694992,630695341,0,0,0,0,0,0,0,0,4096,256,131072,4,15|4,0,67108864,262144,256,0,0,0,0,860,0,848,0,215,212,0,1,860,0|90,679747727,3,55724704,0,0,0,0,0,59185780,0,212,0,1786226181,1,1786226181,1,2080,1764507169,1,34443283,0,0,0,0,0
1785899758964|1002|regression64_r2f|fixed|86,1378943233,16781056,125296769,124410182,716191,0,716191,0,15200,0,7600,0,0,0,118706,118706,48555976,0,4096,0,0,0,7600,0,967051038,0,967051046,0,0,0,0,0,0,0,0,0,4096,256,131072,4,15|4,0,67108864,262144,256,0,0,0,0,904,0,892,0,226,223,0,1,904,0|92,1689063670,3,0,0,58458112,0,58458112,0,179118,0,0,223,0,0,0,0,0,0,0,7315734,0,0,0,0,0
1785899758964|1002|regression64_r2f|rotating|86,1378943233,33557555,125370662,124483734,124654093,124483734,124654093,124483734,119002,118781,118776,118776,0,0,7604,0,3666405527,3662759322,4096,4096,0,0,118777,118777,951439008,951439005,951439016,951439013,0,0,0,0,0,0,0,0,4096,256,131072,4,15|4,0,67108864,262144,256,0,0,0,0,904,0,892,0,226,223,0,1,904,0|92,1000431647,3,58655712,0,0,0,0,0,62303367,0,223,0,2106177349,1,2106177349,1,2080,2083610535,1,35870011,0,0,0,0,0
1785899763970|1002|regression64_r2f|fixed|88,1378943233,16781056,131564869,130634614,752001,0,752001,0,15960,0,7980,0,0,0,124645,124645,50983728,0,4096,0,0,0,7980,0,1287361894,0,1287361910,0,0,0,0,0,0,0,0,0,4096,256,131072,4,15|4,0,67108864,262144,256,0,0,0,0,948,0,936,0,237,234,0,1,948,0|94,2009420493,3,0,0,61341696,0,61341696,0,188070,0,0,234,0,0,0,0,0,0,0,7336663,0,0,0,0,0
1785899763970|1002|regression64_r2f|rotating|88,1378943233,33557555,131638033,130707400,130885657,130707400,130885657,130707400,124951,124719,124714,124714,0,0,7984,0,3849689480,3845863720,4096,4096,0,0,124715,124715,1271789518,1271789547,1271789526,1271789507,0,0,0,0,0,0,0,0,4096,256,131072,4,15|4,0,67108864,262144,256,0,0,0,0,948,0,936,0,237,234,0,1,948,0|94,1320591727,3,61586720,0,0,0,0,0,65415272,0,234,0,2425604677,1,2425604677,1,2080,2402194459,1,37292341,0,0,0,0,0
1785899768985|1002|regression64_r2f|fixed|90,1378943233,16781056,137845135,136869788,787901,0,787901,0,16722,0,8361,0,0,0,130594,130594,53417920,0,4096,0,0,0,8361,0,1608540726,0,1608540734,0,0,0,0,0,0,0,0,0,4096,256,131072,4,15|5,0,67108864,262144,256,0,0,0,0,996,0,984,0,249,246,0,1,996,0|96,2330427839,3,0,0,64487424,0,64487424,0,197046,0,0,246,0,0,0,0,0,0,0,7356116,0,0,0,0,0
1785899768985|1002|regression64_r2f|rotating|90,1378943233,33557555,137934122,136957595,137145655,136957595,137145655,136957595,130928,130683,130678,130678,0,0,8367,0,4033778835,4029757790,4096,4096,0,0,130679,130679,1593675483,1593675488,1593675491,1593675496,0,0,0,0,0,0,0,0,4096,256,131072,4,15|4,0,67108864,262144,256,0,0,0,0,996,0,984,0,249,246,0,1,996,0|96,1643272225,3,64542752,0,0,0,0,0,68550787,0,246,0,2747546167,1,2747546167,1,2080,2723154249,1,38853761,0,0,0,0,0
